82930769.7318700999 267907.5101273060
81483338.3719382435 174114.4045690298
84550082.8242638409 335389.7427978516
82510247.9749737978 247234.6131434441
83817523.4115142375 306196.0449242592
81762707.0321934670 202254.6771326065
85072129.6646867990 348925.3330078125
82311685.3762734532 235945.5074760914
82417938.3608817458 242464.3951714039
82719971.1118099391 258113.0074570179
81789969.8125708997 205706.5847171545
84475061.1097155660 330835.7564697266
82360033.7765538990 240499.4938042164
82443424.6832146794 243651.0335536003
82971861.7284077257 269820.3867907524
81807086.9427912980 208295.6696780920
81722466.5136523396 200538.6400232315
82757515.0109565556 259396.1306717396
82147491.4339377582 227269.7281390429
84707279.2918659598 338547.9927978516
83464380.5188469738 292648.9191036224
82965523.7767909169 268812.4990954399
83398986.3511802852 288881.2373307943
81705349.3834319413 197949.4381434619
83661690.2310853302 300587.0341720581
83848434.1440024972 308344.5849533081
84372827.5158402771 328957.4926757812
82518446.3977629393 248205.0198817253
85365242.4800459743 351482.0527343750
86424244.6053301543 357607.5976562500
81847327.4613324255 210011.7067874670
83447807.8451571912 290821.7590065002
81577030.5312934369 185349.2401801720
82763704.7612923980 260149.9593460560
83295372.7048492283 283906.5094661713
85804283.5157785863 354846.5610351562
83093059.8631484061 275613.0362048149
83884871.2494966388 308806.1643600464
85564177.3886046261 353262.5307617188
82389640.4218157977 240973.4463303089
83389358.8042987287 288094.9327754974
82398798.9887258857 241076.0817255974
83025920.4112383276 272880.6319769621
82813633.0930135548 262659.1744189262
82990906.1447118223 272461.4964554310
83081655.4623279721 275605.8207478523
82789333.4811437428 260335.9876484871
83075039.3463707715 275510.6474080086
83179591.7059167176 280318.5823661089
84257926.6145825833 323458.4389648438
84391034.5090101659 329142.9536132812
82064100.5272769481 224118.1883896589
81502444.5911847055 179581.3643052951
82528353.7151787281 248730.9971115589
82510823.1494614929 248184.3850548267
84019316.6660549641 314846.8176193237
84890892.8503768891 343895.4606933594
82600324.5724946260 251594.1197617054
83138906.1832831055 279094.2269978523
84416789.9989348650 330150.8413085938
84711757.5763550401 339334.8328857422
82570779.9036688805 250521.2483665943
84213964.1314880401 322265.0903320312
81746803.8306540847 200761.6960452795
84066519.6905368716 316323.0332336426
82122005.1116048098 226083.0897568464
83171393.2831275612 279348.1756278276
84594045.3073583990 336583.0914306641
85697383.4820877016 353627.5727539062
83643483.2379154712 300401.5732345581
82703272.9934010804 257234.8119921684
82913957.1440798789 267855.4854235649
82813449.1071986854 262114.8607132435
82477998.8960653394 244975.2995865345
83687445.7210100293 301594.9218673706
81630577.7567367703 189903.2265082970
84568289.8174337298 335575.2037353516
84933140.1902545393 345952.5439453125
83065744.9399071634 274502.7597126961
84341768.2843865901 325596.8549804688
82062462.0523127913 221529.1034287214
82427258.4120040238 243632.3091858625
82988978.8586281389 272409.4717516899
83060329.4329575300 274426.3978226185
82980780.4358389974 271439.0650134087
81494336.7094453573 176743.4150865451
82314618.7072675377 236419.4600021839
83295381.1189103127 284270.0078816414
82256561.2024785280 234215.6786161661
82830566.2374190837 264703.9456741810
83104569.9913684577 275764.5960379839
83651124.4317641407 300503.5811004639
83283672.7104369402 283522.1468192339
84753258.4449934661 341821.9929199219
83119025.3891370147 277837.7577595711
83840908.7664020658 307612.8157272339
86763633.2002053261 359514.6206054688
82888470.8217469305 266668.8470413685
83358694.4249852002 288076.1331473589
85381539.6717706323 351859.1616210938
81542685.1097258031 181297.4014146701
81674917.0264286250 190742.1432406604
83038685.0201668441 273403.9663805962
82475987.7833233774 244124.9860796928
81594147.6615138501 187938.3251411095
84910454.9125955999 344980.2429199219
81678417.1779391915 195984.1325687170
84960756.1513515562 346922.9506835938
83229297.8674554229 281313.0769950151
82324823.0890391618 237839.6597718000
85438878.3461876512 352043.5424804688
84914933.1970846802 345767.0830078125
82544860.3721920252 249529.2859146595
81461238.3497725874 169916.9319526330
82628251.2788528204 252680.8256640434
84797116.8718355298 342447.2468261719
82006045.2118225098 218865.6013108492
85742868.0515409261 354544.0483398438
82046285.7303636223 220581.6384202242
82343867.5053432137 240480.7694364786
83329526.1120307893 286814.2968220711
85187349.2869294435 349958.8603515625
84797220.9280880243 343015.3415527344
82295519.1050627679 235926.7831083536
82650894.5294857621 254566.0810059309
81988381.1460357755 218616.7370530367
82642696.1066966206 253595.6742676497
84771465.4381633401 342007.4538574219
82401772.0896710753 242445.6708036661
84976203.9229013622 346960.4316406250
82870668.0349107087 265782.5965682268
82053623.6215078682 220605.1574872732
82056387.9564680457 221408.3784040213
82695074.5706119537 256264.4052538872
81931023.4972742498 214311.6149827242
81478355.4799929857 172506.0169135705
82188037.0817598999 230134.1336942911
82263058.7963081449 234688.1200224161
85204478.7445610166 350327.5053710938
83253722.0571626276 282049.2099080086
83414188.3906593472 288919.0679430962
82250941.5833516866 233011.1442298889
86098790.7077982128 356330.7041015625
82193470.8101884574 231139.1470197439
84461279.6437880248 330545.1259765625
84501311.4504944980 331196.9739990234
83418057.3250307739 289070.6277762651
83775580.7529794872 303512.4379959106
82947064.6634201854 268173.5213577747
82288545.1186411083 235874.7584046125
83797595.9951131046 304714.4890747070
86694861.7715352029 358749.1069335938
82671215.1619281769 255961.5360367298
83809702.6049547791 304974.8139648438
87194762.8106106371 360261.5937500000
82503362.7577479184 245595.3000938892
82156805.8116998523 228169.2323271036
82251375.3945163041 233104.0483869314
82205154.2119802982 232723.2186552286
83717528.0351079702 302600.9212570190
83238766.4656147063 281543.7360945940
81948140.6274946630 216900.6999436617
84320100.4449118376 325159.0085449219
86167262.8989532888 357572.8686523438
84660348.3178278357 337629.2241210938
82598955.3195184916 251494.1872818470
82742101.1205249578 258271.6955521107
81665210.7778561562 190184.6137763634
83037312.7547203302 272931.5249743462
82091563.3362277746 225598.5271867514
82767963.1335162669 260236.5969192982
85554783.8739420176 352829.4448242188
82033585.3690734059 220381.5803388357
82963876.5705595464 268649.0357620716
83791527.2943017334 304553.1235752106
81820049.8714495450 209093.8779138923
84642141.3246579766 337443.7631835938
82139711.8048474491 226623.1520920992
84893315.6392915547 344052.3376464844
83889530.9238239825 309389.8338088989
84067938.8234768361 317024.1350097656
85717645.1104762107 354484.9877929688
84109097.6271031350 318243.1232910156
84638534.9522116035 336977.3760986328
84287567.6735786945 324579.2629394531
84832053.8344343901 343409.6262207031
82081807.2205196023 224658.2507249117
84141692.5452589691 318466.6062011719
81902132.3303897530 211284.1009210944
84483104.4573246390 331011.5130615234
85303788.1901113987 350686.8403320312
84011908.3724443763 314109.7684097290
81873683.9446977228 210809.9150232673
81974372.0799631178 217276.8084165454
81944242.6822136939 214509.3185960054
84026793.6741509140 315105.1328125000
84038325.5706865788 315165.1109924316
81910010.0526586622 212574.7583090663
85277766.7253513336 350432.0756835938
82006580.3236020505 220317.4445966482
82062762.8042155057 222066.9763730764
81927977.6468274444 212971.6863462329
84853877.7084602416 343786.8942871094
85835284.5961806327 356069.0180664062
86436272.5021369010 358175.6923828125
82169960.5123998523 228290.0763219595
82218308.9126802981 232873.0196813345
81958358.4529391378 217128.7446371913
85540614.0409347415 352520.0864257812
86512211.9520742148 358475.3657226562
81785780.5222840309 203741.6833499670
84549291.8792850971 334461.8613586426
84169364.4583283216 320336.3242492676
82081933.7693538666 224935.5666669607
85452750.0731822252 352295.5927734375
81945094.7770478576 215560.7713071704
84048794.2232711017 315697.4749755859
84169275.9861237407 320290.0038452148
81896746.3767674118 211006.7849790454
84053210.8723931313 315832.8402099609
83597569.6557082385 297199.7777709961
82139838.3536817133 226900.4680341482
83559813.0091140121 295778.0100021362
84491091.4619516581 331115.9367675781
83619584.8978418857 298401.8288497925
84480608.1163536608 330915.7627258301
83564827.6984669864 296068.6404953003
83280661.3160535544 282894.1587624550
86575774.6472088248 358730.7573242188
84511915.0474515110 332046.9251708984
83797904.9358247966 304862.8649263382
83428443.1480367780 290533.5515060425
83448244.2986263186 290855.3786544800
83607281.1659596711 297287.6287765503
83632563.6354978979 299361.5899581909
83426503.0333078951 289636.3903732300
85032860.7032735497 347731.9843750000
81906475.0259023458 212065.3263474703
83744851.4672005922 303057.8467378616
83962126.4403522909 312470.1486816406
83432840.9849247187 290644.2780685425
84197362.4380199164 321597.3611145020
83809030.3951180130 304935.0080590248
84510165.4846748561 331583.4919433594
83761980.9248321503 303426.4917573929
82739017.7754331529 258241.5943450928
82619695.5909821689 251596.4098523855
84158415.4272619337 318979.1439208984
84227099.1901933849 322525.2425537109
86738695.4715966433 358973.3212890625
83460456.9460217506 291614.6848068237
86441701.9633591473 358189.4580078125
83813127.7917404771 305011.5599098206
83587042.6605568677 296417.2526779175
83865302.4798163772 308642.4338989258
84024339.3471497297 315074.6840209961
83542683.5514824539 295409.3649826050
84741247.7487233430 340809.5480957031
84189656.0392955840 320499.0464477539
83888301.6367018968 309218.5983886719
83825260.6060481668 306336.8605690002
83301428.9825316221 285272.5271301270
83610518.7134394199 297318.2729225159
83984911.6255426705 314069.5451049805
83473945.3169441372 294772.7947387695
82118065.9852255881 225971.2887275815
83304937.5029463470 286030.3851013184
84689268.2037433535 338275.8942871094
83675446.9168960452 300745.8764038086
82752016.7998259962 258320.0405878425
84548781.8456784189 333341.3996887207
83886060.0424242169 308961.4330139160
84366974.3819512874 326931.2965698242
83527280.2377808839 295198.2643966675
83394583.5933842957 288233.5058622360
84726173.8743681014 339617.2795410156
83542165.5394873917 295321.5139770508
83447726.2866312712 290767.5276489258
84274021.1188538820 323865.3201904297
84625950.5601190478 336729.8204345703
84702842.4405266047 338317.4537353516
83351974.9621382356 287448.1450905800
83716590.0433422923 302122.9156045914
84236689.2045393884 323137.6127929688
84146513.0957842618 318652.0583496094
83905017.8573204279 310065.6242675781
83775991.6493288577 303815.2787170410
83910490.1056890786 310273.1125488281
83956709.6859357953 311243.5192871094
84451058.6152334064 330297.5703125000
