30241813.7555722371 205002.6719417572
30181843.0678902343 201276.3254241943
30199588.7822357491 202089.5882110596
30218508.8559108526 202336.7782192230
30851784.5852732360 218299.0246582031
30137116.9140849151 201094.1901607513
30258938.2322553545 205184.8072052002
30412887.3728498369 210147.8708190918
30076830.0261735208 197511.5387687683
30460308.0078119822 212431.2085571289
30290012.2918511443 205251.2236328125
30182464.3055526391 201907.4529476166
30585078.2409716770 216041.3618774414
30541809.4857199155 212545.2782287598
30321760.0647485331 208522.7267761230
30421295.2705203742 212132.8800964355
30554545.4165243879 214752.9692993164
30686367.1645329073 216155.4315490723
30134487.5210278518 201043.3501396179
30821546.8959269077 218184.9549865723
30397486.1753187925 209093.2889862061
30384092.0813512467 209037.6611022949
30945563.2934190407 220063.9133300781
33868371.8352067173 223858.3254394531
33306692.8887703903 221862.8713378906
30934742.6880889684 219949.8436584473
29962312.7813718319 189004.4742908478
30310349.0045791417 208224.3983154297
30017308.3424991630 196516.1407184601
30391918.8195114136 209048.7350463867
30162755.3857746907 201271.9942531586
30084407.6177465245 197998.9711666107
30075443.5705133416 197433.1968193054
30036430.8332217373 197003.5731163025
30197512.2898167372 202038.7481899261
29993672.8915926181 193044.2513141632
30081778.2246894576 197948.1311454773
30054943.2886428088 197134.8683586121
30066661.9034010209 197185.7083797455
29973723.8415412232 189434.0979938507
30250999.5545595363 205129.1793212891
29979498.5993859768 192607.6589374542
30297038.2686671987 205320.5747528076
30117968.0574316904 198130.2664089203
30001385.3369166888 193420.9217243195
30407984.5346084349 209229.0565338135
32775023.7355171777 220667.4091796875
33128488.8137143217 221468.0373535156
32533736.1854271777 220386.6520996094
32869581.2425144948 221336.7270507812
