133195354.5685233921 231877.9108127072
133461259.6978194714 268852.6680657510
133598158.7486793697 281540.1442642659
134638778.7059819400 352606.8458702415
133690506.5284780264 288275.8663083762
133347639.2636814266 256001.0572988242
133653148.5313247293 287800.0590879768
133577870.5142967850 279234.7595084161
133573762.5903218240 278412.3581009358
133803683.8895546347 298092.0144102424
133748836.1226567477 294554.9030515999
133862475.2997090220 303611.5636892170
135399558.8965474069 391832.8349275589
133354743.3845306486 256106.4453908652
133876569.8059266955 305155.1560371965
134358077.9658846855 337971.5486038178
133788108.7228064686 297682.6957037705
135836575.7655718625 405702.9086247974
134902895.6646505594 368137.6127896309
135939674.7883276641 407237.2796879702
135645375.4783727825 399404.1475658708
135585235.4173021913 396987.2484428734
134948496.3356433809 368563.5988823175
133707093.7726818025 291077.0080119818
133165402.6959368289 224428.1316533401
133902379.6927515119 305564.4812325090
134925378.8485203981 368163.9565056413
133473250.3677602708 270170.2993337363
133833437.4196359813 300483.7775258869
133547813.9025460929 276191.1339165810
134579026.0745462775 349372.3820999116
153956660.1413916349 624145.5708007812
133150818.4400246441 223032.0454869582
133557458.2534369081 277583.8139821738
133414566.7368164659 263975.0121536702
133471063.3413860649 269975.3413144201
136390921.8891714215 425123.6317170961
133777874.0027297884 297682.6892149299
138898278.9437575638 500225.0154730491
138681821.7800023556 498326.1769561768
135094905.5944197774 376321.1496635675
134444137.9342337847 342938.0305374116
135947196.1935541928 407472.2332111292
136392851.6782324314 425291.0058015687
133606908.3943698257 282362.5456717461
135851696.2517941296 406839.4982395463
135624068.7224872410 399033.3921747499
135970745.1252800226 409975.6014347964
133121941.3303777575 214692.2537626936
140000067.1613129377 515694.8651865963
133399771.6143780500 263146.4680349082
135275028.4523776770 384078.4297561646
133478067.5167302936 270828.9700185508
134456530.3386343122 343584.8088577241
134522431.2568258941 346584.2604210228
135214814.9449402690 381029.2774901241
133439434.3076099753 265203.8174001426
136246442.4194560051 417533.4550203187
134308338.8087157905 334255.4358108491
154398466.8510336280 625664.7817382812
133210966.5690018535 237754.4475100948
134106419.6836648583 320884.6247756928
133134634.8233077377 221441.5980990841
139017097.0415245295 506025.6223144531
133770836.4963116497 295981.4543516487
135785723.6181818843 402754.7327088409
135151790.6160825193 378237.7288958877
133210078.0419951975 237566.9645083859
134518108.2449026704 345656.2693069428
136609225.4606716335 432396.4355766177
135571357.6547837555 396526.8290757232
133489972.5766358376 271224.6519829873
140517082.8566530645 536696.9479788784
133199650.7994364798 232178.3636174514
140809960.6729283035 538474.5046195034
133149219.0792198926 222837.6842654659
139925414.2680407763 515182.4322566036
134189680.5251104385 325851.1067092866
139911204.0046932399 514968.2050971035
137975351.9609537721 474213.9371051788
137648401.9297205508 465386.0374469757
135516130.6763171554 393445.5451941185
138587536.1688949168 493536.3297882080
133369660.8482126445 256464.0911113471
135051381.1052552164 373941.5762405396
133229602.6720230132 239628.1427768185
139247459.5748242140 513525.3344206810
133191646.1541673839 231870.5919955685
133227150.1857187897 239344.8948979690
133728787.9602051228 291357.9657670707
141065282.5302679241 544767.6870764736
133157398.0506677479 224120.3600314572
133330068.8066385537 254235.6928729266
134959871.5292429626 369653.6447327137
137801679.0452936292 471820.3890094757
134331891.1269489527 335827.2580764741
133142813.7947555184 222724.2738650753
135356038.4457053244 388311.4799907499
139122061.7492191792 509285.8676738143
133377355.9405446947 258936.3107047323
141122073.9189838171 546414.3312671259
133308119.3184437305 252314.4761405233
134334697.5573343933 336915.4450881928
153862593.8133343458 623991.7353515625
135215647.5059255362 382320.5249163955
138585179.4117995799 492559.9236602783
134712666.8618741632 356580.7385148853
133234268.7176593989 239778.0900527551
143153474.5600585938 561235.6608085632
133337182.1321080625 255410.0377980918
134487120.7253308594 343971.7293080091
135548043.9903382659 396444.9967574172
147600918.8591291904 588321.5445251465
135169709.3677649796 380503.9091022306
135370149.6545906067 388687.4459761672
133320109.9883844703 253632.1074085087
138883629.1764107347 499502.2669677734
135064461.1519246697 374594.4461810440
141026717.8260346055 543622.1313895229
133219145.5404496640 239037.1232760861
133454229.4300483763 266032.3615189046
135134651.0482032001 377382.5678599328
134615635.3126836419 352197.5206749290
133173010.0511462390 229996.8967288448
133189193.6678631455 231587.3441167190
133330731.5021652728 254947.8316096514
134212857.4725525379 329157.8943069428
133152760.0752220899 223646.6232455685
133181189.0225940347 231279.5724948361
136340354.7659038603 423012.2296511037
133702978.0733802766 290948.6405717582
139015850.4579623342 505936.6185302734
140154312.3491090238 521282.8852019310
138922941.5899313092 501780.1595458984
136997079.6629142463 447535.6400551796
133265351.3651137948 246212.4416152551
135179944.0878416598 380511.5283078246
134085774.9909047484 319828.5212600678
133104982.5479502976 201847.9210576727
134303435.3224050999 333616.2766961306
135004417.3946121335 371693.3798358291
141030810.3085836768 544562.4009512905
134706882.2432754040 356428.6663197279
140499316.9485562444 535959.3394583706
133110959.3055195659 207871.9307128745
133099489.2525512576 196648.3782164766
140954810.8509671390 543376.7431448940
133100283.0709656775 201091.5059660035
139278352.5187299550 514032.4459137619
135341049.6598603427 387785.2734570354
134046443.3879241049 315305.4342491478
134849437.0581310093 364345.9085017294
140665700.4507269859 537354.1576956753
133943437.7434445471 307034.0151070207
135015759.5138134062 373523.2093534470
133097953.1574360579 196376.5469312384
133762471.2574839741 295503.3563920707
141224359.1905750036 549179.1066397671
133765818.2714693695 295578.4051896781
134741551.5595750809 358148.1644890159
134781215.9118594825 359970.7368130684
134693243.3213341832 356178.1869499534
141249109.2471273541 552565.4565413389
141177240.0315454602 547463.0400374327
133112755.2874282897 208623.6297392561
133923949.3664481938 306692.7224319428
133758777.1452271193 295293.7808633298
140018276.1724933088 516105.3210410122
133108215.4127198160 202743.9679215862
140036003.9631882906 516197.4938010219
133097779.3956801742 196007.8741614534
133100109.3092098087 200722.8331962186
144595041.1014970541 575779.0278930664
133172121.5241395384 229809.4137271359
134126590.3335375935 321739.7858116478
134005628.0452913046 313394.1696975678
140754272.7274788916 537873.4355277065
135009923.8809848428 372102.7050311416
134103209.9249873012 320683.6822960228
140840651.2277975380 541434.4506644253
133934184.0865248740 306700.3416375369
134654516.6546435356 354268.9811241478
137180476.0732040405 449591.9385142429
133969427.0337503552 311016.5139358491
133673940.1933072209 287820.8544084281
140197003.7700300217 521316.0468253139
133556063.5307863355 277196.3029853553
136777472.7576586306 436682.9314799411
152832856.9249388576 620048.9375000000
134583811.6302950680 350005.9271894544
133630851.9376521856 283948.6846978310
134995150.1348430514 369958.4145037979
133327089.5340118706 254215.6518916339
133650427.0939086527 285674.6790216807
133384980.4975328296 260058.9839534014
133859991.6615386009 302932.1575630754
134804093.6257643104 361791.4472038597
133133044.2069708854 216133.1230606749
133648131.6912431270 285599.6302240733
134002274.4269933105 313127.0739944428
147154776.6982010007 581917.9771423340
134415913.4505958259 340043.0090530366
152551513.6919414401 609610.6781005859
133102233.1453509629 201096.2220312911
137395177.8295936584 462981.8440678120
136240648.0875129402 417171.4793123249
134558677.0690470636 348655.7208702415
134192040.8701095879 327586.0720413178
142718877.0700878799 559933.2937736511
134802266.7742326260 361283.4006806612
133089930.2059951723 189328.6276026680
133742058.9966240227 293852.4108658284
153030975.0241072178 620884.9692382812
134435964.2207796872 342221.3693077415
152397086.5293608904 608092.1601562500
134873691.7413697541 365758.3100552559
152648855.1866914034 614205.1740722656
133139272.7987533510 222448.5784610226
152786030.9791865349 616970.1508483887
134293200.6023284495 333608.6574905366
136602586.5048711598 431377.8828507168
133103942.5302928686 201136.7363173323
137359754.0599440634 457050.6028971775
137785966.4293532968 469795.0466793943
137378063.0405063927 457170.8428593380
137079744.5690186620 449328.1443803413
137130054.4350370467 449444.8293070896
133954862.8258961886 310494.7503250092
153197599.2699334025 622635.5703125000
138739833.0794239044 498986.2098846436
138346284.9542825818 491652.2375640869
134064945.4831738174 318252.3011062592
144084588.5100353956 572483.0767745972
147673803.9910441935 598693.9118652344
134289820.5406287611 332080.7318270653
134175487.2423959821 324457.8448160720
138165748.7228274643 484020.6456451416
133127941.5772891492 215647.4905093624
137677647.8430688977 466690.0196685791
136357687.4521518648 424367.7199443327
133127941.5772891641 215647.4905093624
133987411.2979103625 312476.9429433793
136367391.0866799951 424781.8589025838
138146538.5383172035 479605.8498969078
133123891.4047630876 214696.9698279812
133114705.3618136346 208628.3458045437
136857354.8312220573 441698.4736979948
136474468.8304495513 430486.6540771127
137919327.4439062476 473756.4012417793
136116650.0658516288 415321.4370485647
133539571.3248417675 275878.6717173699
136873848.5385651290 445516.7894165516
136780229.0177319348 441547.0675722463
133569957.9732097536 278337.3093033284
152261712.2453600764 604312.0524291992
153090702.7517817318 621472.9453125000
137267406.3790585101 456662.1167008979
136364146.8080773950 424475.3262905173
133872313.4433497041 303663.2886465043
147206657.0433062911 585701.4639434814
143486523.1893903017 567683.1609268188
136099993.5436041057 413377.6237160556
147071217.6950249076 577560.6734161377
138976199.1594720185 502375.7777578178
146956274.3016403615 575868.1282653809
137543729.6608996093 464395.5105628371
140269022.1165754497 525741.7529255692
138239235.4939928055 484578.8680005074
138014148.7221145928 478407.3853912354
135750317.9711051583 400406.5186537905
135758751.8632432222 400676.6272304552
136577780.6850040555 431259.8270480037
137197895.0267852843 451199.1257540584
136139164.6960595548 416185.8908392293
136137736.9144068956 415512.1252047420
136139005.5129333436 415744.7254855037
136272136.2760853767 421668.8757540584
136460937.8000231087 427691.4612032771
138057894.3743416369 478778.1578216553
136320693.1698201895 422313.2131564021
138093977.2738316059 479214.4058532715
137250054.7547923923 453936.2441501617
136074661.9007258117 411904.2666602731
137999456.5915710628 478061.7098770142
137227336.7078315616 453019.5493259430
136760711.1962068975 436472.9081026912
137864346.2752310932 471848.4510650635
137386382.0979147553 458397.7973728180
136663928.4989157319 435158.3558816910
136757870.3899675310 436217.1207542419
152705708.3070789576 616374.8024902344
137773239.0567746758 468321.4815652370
138012474.4299608171 478092.3937911987
137800229.3960760236 470334.8430099487
133239826.6872722208 244502.5179091338
136066605.7818960547 410357.5640625730
133125198.8061136752 215490.4027903988
133125198.8061136603 215490.4027903988
136770598.5402029455 436604.2091760635
136070184.7464572787 411320.0293086767
