133234396.3990335017 238599.5060935332
137119568.9718897939 445736.1323503330
138836245.7330176830 488671.6603164673
134767402.3799589872 351394.2493684604
137396035.1446233690 452790.8397277594
137183157.3974124193 450329.3918749094
137330419.2629041672 452708.6946092844
133313610.5252894461 248155.2729095533
133348906.8311679512 249640.6558786631
135628227.7875487804 391896.7029754166
134377451.3796744943 335426.3947535008
134056274.1623461246 312461.9046326131
133801153.1321612895 296361.7683079094
137678449.5886898041 464956.5949630737
133363337.5472879261 255145.2337604407
133897573.0797505826 303582.7929354161
134797493.1600990295 356842.4374624342
134827393.5235250592 357423.6875727624
133231315.8671600819 238574.2175448849
133819038.7684329748 296746.6535398811
136210236.1159287393 414377.3714174534
138012474.4299608171 478092.3937911987
133776083.7435774952 294500.4452193230
134374944.3205933273 334263.7999659032
134406316.6485486627 335461.7634009719
141118828.4151589274 541211.7903659418
140799723.3668188453 530718.3450534418
140916146.0829237998 536096.5931003168
133187130.1348621547 230846.6458896114
136330169.0889033079 421503.5350837708
134611791.8408042490 343899.8834956139
133222336.3476219475 237647.7338412716
133197076.4153286815 231503.8556064083
134194177.8239546418 324532.3152485341
138877363.0385861397 489602.8647153974
135418763.6426985860 383998.7252058983
134008036.6003120989 311252.6691828221
133503840.3192339689 269539.3914953116
134620750.2324049175 343927.6653944850
134317589.9245741367 328336.9422388524
136147286.5904926360 413331.5568323135
134457116.1895616055 336129.8616675735
138783074.4350511730 485424.6893518567
134747228.1154723465 351163.9227006286
133135951.4561746418 215920.6808266952
139191130.9797827601 502689.4273129106
133120933.9535961449 209056.4259932949
134028649.3473147154 311917.5627767891
134364079.2019291818 334166.7382135838
134573956.1971018910 343767.1538407654
134547224.8873725832 343099.0555741638
137613852.2705312669 461451.1266098022
134772419.3896541893 352325.8824729919
133205081.0605977923 231811.6272282912
133966882.0949439406 308786.2533376664
136371323.1824199259 421683.0499836802
137546308.6836000383 458363.7560958862
134703365.1791277528 350201.5054032654
137087609.0479855239 444951.1438280344
136206279.8938447535 414357.2035969738
137060620.7302234471 443907.0924364328
136355392.8776540160 421512.6860742569
133863144.0752122104 300985.7039406747
136999659.0980303586 438516.7922655344
136757895.7733162642 435359.6228446960
135811027.0504216850 399230.6752959732
133230340.9928910434 237955.5054631545
136461775.4118192196 423468.4103479385
133780740.8713013828 295506.6072719544
134492034.0954553783 341479.6211124510
137312586.9653798640 450564.4040819407
136984288.1648329198 437629.2501940727
140535319.2023450732 513568.2672660425
137800229.3960760236 470334.8430099487
136029408.2140006125 406091.2666760925
133239320.5124291480 238881.9891667678
137084410.5267201066 444950.8684608936
133756960.0923994035 289040.7762443870
134361892.1755550206 334016.3359891027
153561322.1168697476 617129.9611816406
137668008.1145243943 463900.4914474487
136563351.7599866986 428846.6583948135
136996460.5767649412 438516.5168983936
133239826.6872722208 244502.5179091338
134544717.8282913566 341936.4607865661
135111025.7523295283 368612.0452585220
133798626.5075730532 295891.4925039262
133932156.9231382608 304494.8771202415
134411726.3444982767 335699.8452449888
134509784.4783435762 341839.3990342468
139184267.9297313094 501123.7571790814
133723286.4077219516 288262.3091628999
134025922.2365837693 311637.5544147938
135127025.5430408716 368746.4270648956
134330393.8142856359 332094.9080104679
134347554.6257399619 333772.0904384702
134086627.8484447151 317687.9077969044
139643056.1722295284 504143.5985031128
140911943.8992106616 531343.6873385981
135215403.8048560321 374565.9315949678
139121926.3967626989 497838.0857923627
133303664.2448228896 247498.0631927564
133578558.6454404444 274772.5153276175
134222055.0431340337 326014.5396572202
146193196.0905004144 556373.6459121704
136066605.7818960547 410357.5640625730
133522704.5381441712 271169.4849625081
136301828.2432716787 419735.4516438488
136666616.3949353695 429872.3051594738
135248741.8040132225 375841.5205855370
135227755.7247114182 375443.7526569366
135406555.0952901542 383743.2097270265
135352303.8603928387 381210.0059528351
134477454.8350288868 340566.4777828306
133509659.4753616452 269951.1576085929
133973710.1798820943 309749.4167745560
140601756.0278930068 525840.3797214106
135095449.0103102922 367637.1607400179
137899632.3824184537 470751.6896896362
133751812.6495571434 288807.8148458451
135243194.5828589797 375542.5581060648
134258680.6453606188 326849.9200398177
134861051.5675345957 357595.6713838577
134252309.5003975630 326654.9620205015
135383583.3077762425 383355.2044780031
133867801.2029360831 301991.8659933060
141258608.5603077114 541228.6824634150
133612035.5402607173 277494.5512779206
141285582.0943517983 544166.6006088257
135041460.5813467503 366360.6015095711
134932795.0017150640 360616.7967014760
135245399.1471328735 375569.6973400116
134948438.8380157650 360738.8960008621
139266212.9417256415 502738.6635435224
138995612.7405634522 494981.1127622724
133160886.6766316295 223672.2894597366
133107530.9121730030 201159.1324914056
133851054.7005867660 296841.1049864143
134143334.4939808398 319292.0590143651
134921203.7934095562 360486.0061001778
137965898.2376558781 471531.7645492554
139545383.1791990697 502765.7085356712
134928764.2355831265 360616.2131743878
141477823.5519744456 548018.4059410095
135955012.6784492433 405622.0064453855
139787726.1320577860 512706.1654396057
143366253.0458305478 552631.1621704102
151358131.7640501261 592305.7955474854
135771954.7758951485 398944.7191740051
134339051.8183237612 332816.5137501806
135775446.3249375224 399040.2159525156
135504459.2922519147 386464.9151018858
133597313.7003529221 275071.0377800912
135918602.9853728414 403666.2821717039
135032984.4532644451 365233.7193762511
135605481.6095201075 391695.1952576414
136883797.6491992772 436927.6588144302
135593985.5197594762 390564.9299029112
133639477.0527758598 280577.9812700003
137391873.7630592585 452710.7228072980
134993147.8976799846 363997.4948617667
137487321.3470497131 454697.0201230049
133542491.1894274354 271983.4907150716
135594357.2712009251 390601.4197980762
133326533.8022663593 248672.4271148755
133683251.4450548142 281903.6171037406
133658664.2364414483 280760.7170876116
150769340.0894624591 584406.3166046143
138725090.7089338005 482822.9915237427
133112188.0398969054 201840.4256218034
133195134.7801312804 231154.4175114944
134003766.3464909792 310758.4941273183
133559486.4777979255 273634.4362413138
133204266.9208876342 231594.4206754877
135284242.7479894459 376145.6267412901
133690167.4047617465 285617.8417485207
134103125.4605980664 318057.0129195899
135103134.3674082458 368124.0540925711
140717694.0397621989 529315.3924167231
133630653.8893776089 279434.1865579337
134966176.7143473625 360898.9169049263
135051893.7633853555 367316.1542245001
135078024.4439506233 367596.2424969673
135033166.5084768534 366181.3022356480
135097653.5745841861 367712.4245004654
133332118.5088187158 248896.2396862223
136979388.0892733335 437569.6875390932
133115224.1580371410 208418.5322983819
134202206.3526059389 324851.4002639502
133878901.4417783022 302627.5977792591
140165985.6730595231 513210.4552898407
133114604.1013785601 203663.9583421661
134095096.9319467843 317737.9279041737
137912050.2519377768 471298.0064468384
133119419.9167980105 208755.2083948566
147073233.9645575881 566885.5002136230
147352942.5483053923 571388.0068054199
133565779.2691814005 274146.0663224906
133738975.6084921360 288518.2678688616
138501179.4315885305 481529.0420718670
152981467.7555702329 614436.5183105469
133117966.9292126000 208575.6200173455
134899065.3539431393 359213.0240297765
133620244.7718537748 279238.3118551224
138054881.1834233403 478238.4010238647
133690511.2472732067 287117.1867940873
153110896.8864976168 615352.8283691406
134177195.6751420647 323461.7136677355
135519127.4405458272 389503.0870700926
136948090.3609998524 437118.4933919907
133186504.7216302752 224690.6266081049
153356462.8184923828 617103.4294433594
133125198.8061136752 215490.4027903988
133215612.5794675946 232372.9231779291
134207607.7642464489 325008.9428616613
134734151.3578417599 350821.1429310292
137519316.1458404660 456862.3136367798
135012640.3504313231 364247.2047248334
134693147.4762861431 349260.8822433753
133117966.9292126298 208575.6200173455
133152256.6181306094 217208.4985563471
135551695.1999556124 390386.3449833393
138911801.4983992577 492435.6175086380
133125198.8061136603 215490.4027903988
134334256.5241298079 332758.9068943113
134115586.6589916050 318313.3325992674
133152256.6181306243 217208.4985563471
134191402.4520064890 324491.6223421544
133322461.2113407552 248239.0299694254
140599093.5996167064 516170.5301158503
136770598.5402029455 436604.2091760635
152968829.6715726256 609826.5629272461
133360157.9730710387 249822.7233898356
134694330.8041638732 349695.2665992230
134793142.3457559645 354586.9211134166
143149542.6921641231 550722.8955049515
133127941.5772891641 215647.4905093624
136310353.3353472948 419990.8732248545
138834253.5093155205 486304.0946001292
134874590.2050936520 358688.4583678693
134187195.5033865273 324287.3371219486
133991616.7153014094 310385.1485605091
134679211.0649247468 348973.6608595103
136224678.4313316941 415469.3591803554
152810567.1048433185 608675.6428222656
133171418.1955013871 224233.5854093744
133168675.4243259132 224076.4976904108
136681379.8608092070 434224.9064416885
136401787.6146996319 422173.4590189457
146404308.7498408854 560777.6450195312
152602287.2227185667 602764.7036132812
137775319.6652527153 466524.3139877319
133444898.8928236961 263441.9133072346
136477272.6227249205 426890.9341211319
136286210.3939790726 419279.8882025722
136133797.1887243688 413006.1083729267
133485867.9221284837 265146.8995132893
136144206.3062482774 413253.5472975373
136659338.6130596101 428925.2712821960
136644942.1841718554 428916.6459436417
133634189.4940017909 279439.9233636707
136806427.8831644356 436751.8951272964
136172897.7374798059 413901.6401556972
136085175.3879238963 411375.8325586319
133372188.2333392352 255805.6553116292
133331402.8321552426 248705.3142471761
139055510.2608103156 497765.7352251292
138980443.7299906313 492459.4827837229
135852147.7489531338 401949.2145770639
133528523.6942718476 271581.2510757893
133398443.7882275581 257032.1585197896
135728024.0294888914 397720.3173038960
133482426.9847716242 264907.7250272483
136545225.0986407995 428058.4347891808
133374492.6394166201 256081.0780411214
136070184.7464572787 411320.0293086767
133409884.9950695187 257389.3487320393
135929059.0355440676 405518.2028011084
135980486.9636844397 405941.7812618017
135332695.4152216911 379547.1173397154
134773973.6542298198 352349.7541352957
134905715.6200584769 359466.8825532645
133344326.1091321707 249222.4684524983
133149513.8469551504 217051.4108373835
137980432.2787199318 471587.1590499878
133983597.0083326399 310003.5465097278
133558840.2251906246 273284.3358880728
133210895.5457502007 232101.2966407849
135882451.5266256630 403599.3804066181
135209478.4698575735 372795.7286110967
133662551.4313079119 281001.2562572211
135665007.8564548790 395764.5930302143
135497232.0953400731 385083.3326747417
135190256.5011197925 372368.3026197404
133757216.9968405217 289265.7614991312
135184811.9076892138 371384.8365846127
133389137.6625038534 256667.5570345372
133345330.7687842250 249413.3938915445
133362720.6824898422 254481.8432979896
133448520.2645981759 263563.2060928792
