263946907.2349407077 291.9864732046
263867856.2186132073 291.3638939911
261402146.2988400459 253.6590322166
271505413.8274883032 359.4834071100
267075845.6111792028 327.2077829789
267917137.5297417045 334.3792433610
261346505.0029512048 252.7450279503
261673432.0517511070 257.7801439970
261352393.4943209291 252.8250650077
261926063.7092888057 261.7520867744
260803050.2691528797 236.4018104724
264832774.7677141130 304.3053715110
264750515.2578573227 303.9415328384
261275568.1596541107 250.3028759791
260572063.4827718139 230.2525131400
266879109.9585145414 324.9738082646
270016674.5061857104 351.2382366275
261742758.3943423629 258.2392279068
267591333.5775302947 332.7063917296
263968905.2100687623 292.3141610425
268181675.3546961546 337.0838074165
265827287.8845220506 315.5064572971
264349551.1409416795 296.1685923201
268160112.8740546405 336.8512114959
268160112.8740546405 336.9068388419
261574360.5865790546 256.3857468872
269357728.6628547311 347.1560113346
264293971.7636517286 296.0431483567
264553332.2278388441 300.1378022868
265279547.3924976587 309.3495611094
264599313.0608235002 301.1479503352
265288849.8861843050 310.0577044152
261497518.4827645719 254.8977893203
265684833.3743707240 313.3088960927
263968905.2100687623 292.2756531041
265068052.1652508676 308.0264942863
266791383.4327385128 324.0749644599
261748458.7614287734 258.4513773182
263545468.1518464088 285.8521516149
261225815.3551349938 249.6771490409
261201752.9907263815 248.4441411330
260049493.9669551253 214.9335244461
269357728.6628547311 347.1214111364
263660544.9140866399 286.7324412196
265082241.1568483710 308.1057460525
262441622.7709155679 269.1806688319
266636401.3667503595 322.8535273387
262496191.6888287067 269.5534948776
266433887.3868456781 321.8655731715
267337039.7326440513 330.2869398372
260815986.1007384658 236.4074792019
262511011.1893777549 269.7269557486
265291654.6296625435 310.1371930111
260761498.8637450635 236.2718708935
267337039.7326440513 330.2782087104
263252900.5575625002 281.4941626920
263694091.5673260391 287.5736860923
261814902.4835315049 260.4435612460
267186511.9545234740 329.0797194915
278234678.4343475103 377.5776606202
260693262.1853077114 235.2490894931
269357728.6628547311 347.2553058183
260572063.4827717841 230.2008893187
263459370.5000276566 284.8938339514
260496784.9017262459 227.8294524006
271357035.2559944391 359.3563856483
261045999.5713132322 246.3479506507
260577871.8825838864 231.7421281418
260643573.6855430305 233.9650574221
269111979.1473891139 344.8645801162
277453355.3128030896 377.4423845410
262439847.0428480804 269.0519613845
260436113.5820143223 227.5142955236
277016471.7381759286 377.3977879286
262466797.6993567646 269.3717950134
264371109.4540467560 298.5442584803
263791460.8833749294 289.4632311978
265063451.0228857994 307.5335164492
261034782.1976461709 242.6277027263
260465159.0488040447 227.8163861003
260825593.8558887839 237.7030980780
265588910.0260234177 313.1610334236
261053601.0673959553 246.9504343702
264106765.1015437841 293.0786007242
262113284.8952626586 264.4746835387
266949306.2207693160 326.3243843626
265942662.4937660992 316.7033065185
268074841.2347802818 336.6103124099
266903628.2322267592 325.3119728679
267016855.9078536630 327.0253645538
267145736.5401768684 327.4938604843
265942662.4937660992 316.9051266536
268069140.8676938713 336.6002742427
260728985.2391951084 235.4609873360
260415863.7632873058 227.4104387514
266436692.1303239167 322.0041871909
266686781.9508792758 323.7084061263
267180811.5874370635 328.9899653571
261218213.8590522408 249.0746823652
268074841.2347802818 336.8263248878
260894087.1897986233 240.5745058319
260362189.1636590362 220.3408640684
260955694.5139422119 242.4221370718
265777179.1556557119 315.3814808708
266692482.3179655671 323.9344567714
260304106.0174601972 216.5786150159
266918616.6776224375 326.1368211342
267180811.5874370635 329.0604282992
261214434.5212254822 248.9139195763
260844812.3286830783 238.0570149093
267180811.5874370635 328.9843198435
260844812.3286830783 238.0482787757
265063451.0228858292 307.7360330645
266903628.2322268188 325.3353319282
267492737.9425727129 331.0189051705
260884240.8931747973 240.4300496336
260442412.9812181592 227.7747513108
261799716.2127666771 258.8614753152
263968267.1125456393 292.1612545073
260312342.5568732321 217.7534661948
261833294.1129086912 260.9199131278
264188259.8394097984 295.6027641180
264188259.8394098282 295.6844146135
261219831.2575818002 249.4243626064
264703373.2438037694 301.9556777694
261343589.0439937413 251.0525915110
265499995.8004454076 311.7507231552
265782879.5227420330 315.4774110001
264013200.3678900301 292.6002333406
266004214.9057894647 317.8657013159
263002557.8769722879 277.3247864927
262026266.1703255177 264.1695244757
262176474.2481408715 266.4558704593
262353362.6194535494 267.6933959411
264838278.1757705808 304.9214213849
262251362.4571387470 267.6698072525
263960556.5120910704 292.0917983116
263017520.5903356373 278.9340001727
261694350.9832306802 258.1755118128
262229650.4564918578 266.9187266361
269321286.6562336683 347.0246703243
264822889.5325160325 304.1754288890
265897753.8349762857 315.6563834827
264519169.8787560463 299.6562006236
264577235.6347225606 300.3715020618
265240095.1773694754 308.5948660988
271619111.7741246819 360.7326685786
261730905.0152063966 258.1922304109
264121347.5341649652 293.4258142186
264146671.2182720006 295.1901875730
262582202.3914465010 271.9326472725
262844023.1882196367 275.8738550273
263276104.0255066156 282.5131131319
267949144.9892298579 335.2973011602
264569948.5884760022 300.2075054110
262371511.6327414215 268.4400445083
261174019.3861380816 247.0721584232
264574430.8912442327 300.2903609867
260283817.2621523440 215.5084075444
264569948.5884760022 300.2194842757
262023231.2857522666 263.5883217850
269738320.5000078678 349.4028446889
269342323.6534800529 347.0626438772
262641232.4167653024 272.8097063389
260283817.2621523440 215.4631187432
263067071.9925536215 279.1791925153
266262035.1111316383 319.7611337882
262830408.9096829593 274.8584045080
262001414.7766210437 263.3099332908
261650214.3847211897 256.6827358762
263407442.9706170857 283.6575111550
267714526.6198464036 333.3637799697
263535828.1065269411 285.1721475927
266142363.4347022474 318.5293124299
267452331.7100317180 330.5162812604
271536136.0391050577 360.2879225612
266634166.1850913167 322.6152886956
276396152.6241470575 376.4404820204
267992474.6887952983 335.4018880676
264609617.1124298275 301.7669238928
267685279.5295643508 333.1003324503
269389555.7653944492 347.5079280352
267763683.4144285917 333.3810247837
265044657.0456621349 306.7789543751
271536136.0391051173 360.3220364451
269136651.9655791521 345.3286566352
263401738.7122560441 283.5663457421
262153406.5447444916 264.9557260507
270843326.5811709762 355.6864919066
269890442.4917216897 350.1364030223
262610573.5904509127 271.9501328384
265186689.1604840755 308.2935030134
276239288.2541302443 376.3395455480
270792616.8649783731 355.5609354079
270288736.9387332201 353.4255840993
269903396.2860946059 350.8157155728
265766890.2889966071 314.9320170898
265230065.2975554168 308.5192600759
262572176.7217123508 270.7838655381
270220946.1781409979 351.9431175962
276586254.4662212133 376.5486859381
271750421.1807790995 362.1709969044
269534706.0912588239 349.1451319670
267685279.5295642614 333.0433537478
268205787.1448149979 339.0156645255
268441108.6973910332 339.8906794116
263144965.1803150177 279.5922948478
263144965.1803150177 279.6519689916
276651904.5693851709 376.5594377220
271049261.0300719142 357.9114844203
262940855.9915933013 276.5901023280
268873721.2342759967 344.1095161270
273720398.0702578425 372.2445077896
269006639.6999297738 344.6564229559
266316209.2464696169 320.7759435158
271936209.4143571258 363.2673249841
268605076.4919387698 341.2582784463
268501764.1580642462 340.4897580612
268637393.6883732677 341.9725164045
274875917.0076124668 375.1103742719
269171311.2973546982 346.4726708513
268885701.4211298227 344.2149296831
268793273.2011572123 343.7209217381
269822542.7316223979 349.4262490189
266154343.6215561330 318.7325960975
266154343.6215561032 318.5475062709
270525389.5493674278 354.5842723846
263144965.1803150177 279.5939473269
268353676.0476478934 339.5206901263
263617397.0574014783 286.4470587281
272637369.5650643110 367.3777519464
270993272.2703149915 357.8326813579
272317868.6421863437 365.3339126110
265490130.5843329132 311.3251216970
275722843.4882086515 375.6307255626
262673740.0238355100 273.1427411826
268885701.4211298823 344.2337256502
263433778.9753302634 283.7489890812
263006056.8217184544 277.3699052050
262746128.3338109553 273.6534050463
275827340.6772291064 376.1826130748
275827340.6772290468 376.1649684310
275827340.6772291064 376.3084470630
270843570.5760896206 356.0514088422
273720398.0702577829 371.9362752438
271969540.1789678931 363.2694949508
271995548.0998939276 363.6175538301
270431343.3120280504 353.5053967983
273668659.0428203940 371.8224497437
276758804.5584036708 376.6462115049
276978053.3468891382 376.9546331167
270503409.1132223606 354.0758345872
271106177.0723708272 358.1884642988
275810356.3262004256 375.8489159942
272096915.3125037551 363.8315230608
275827340.6772291064 376.1843742728
271867085.3118810058 362.5272651911
272151355.1893550754 364.6605371237
276758804.5584036708 376.6244224310
270658763.9483442307 355.1001410633
271226624.7571294904 358.8070983291
272430517.3139534593 366.3628652096
271567588.0018675327 360.7141643167
271196650.5832139254 358.6398488879
276362034.3758088350 376.3778033257
273537123.0241832733 371.7518005967
270946784.8558772802 356.7081700563
273580281.4418771863 371.8024109006
272353100.5243398547 365.4155232906
271843638.1705939174 362.2754450440
273672061.8394621611 371.8331885934
273997541.6836571693 372.8165121675
271669481.5518942475 361.5586572289
272766254.1943776011 367.5862629414
273055930.8476421237 369.0858814716
273529350.9869223833 371.2973502874
272935073.8946732283 368.5898423195
273941600.6389812827 372.7782469988
272303238.6457553506 365.1162616611
273296840.4327226281 370.9880385995
271669481.5518942475 361.6910260320
274378160.8170470595 373.7464414835
273055930.8476421237 369.0230765343
273137548.8344835043 369.6804608703
270216894.2602915168 351.7901440500
272605249.1549627185 366.6619298458
272877128.0933346748 367.9006875157
274250864.5603092909 373.2558761835
274983757.1698048115 375.1366089582
275164389.3810668588 375.3653784096
275164389.3810667992 375.2560885251
274436616.6146840453 374.0859695673
274072187.3757199645 373.1253610849
272790902.4120346904 367.6435790658
274436616.6146840453 374.2365921736
274386277.3440979719 373.7547305822
274983757.1698047519 375.1255599260
274469253.0791175961 374.2402487993
