47373748.7347839996 39550.6299074249
47521065.5619175956 45872.3728826046
47418084.4537328556 42815.3985794143
47559315.2355164662 46832.5668430328
47557645.6925035417 46788.0067996979
47519523.8325892538 45858.1639592648
47522591.6269978136 45935.9452397823
47382842.9476640224 40357.0166566924
47829925.0755416155 48609.6975984573
47496568.9588456526 45190.4977557168
47498356.4068961069 45201.4074694620
47519264.0774541870 45335.1453385701
56570655.2005762309 53132.7290344238
47486869.0396135226 44449.1582371698
47517606.1162329391 45286.6012864460
47417973.0816787258 42129.8592880325
47635362.0600409508 47665.5475091934
47517722.3481258377 45320.9354081501
47493501.1644370928 45169.7152544961
47386175.0314163417 40362.7762849883
47387613.6803857535 41174.5673463897
47379986.2112193033 40279.9362676696
47371114.5688004494 38717.9534490661
49826400.0652143881 51118.2792396545
47372411.8453751057 39511.8128088073
47445824.0650600269 43729.5869856433
47516064.3869045898 45272.3923631062
47436030.9842549115 43484.3666546357
47721084.8100151792 47722.2903833389
47432582.0538787171 42861.5236099319
47372099.8030394167 39510.7467077331
47727821.2046783343 47768.8528413773
47456777.5559184551 44273.0926441656
47409040.5134746507 42121.5889022903
47461749.0302703530 44339.1199879156
47524495.3069411740 45981.1890752316
47379674.1688836142 40278.8701665954
56507861.3899299502 53105.7965698242
47458303.6209986582 44279.6662220464
47638675.5731716082 47683.0308008194
47499882.4719763175 45207.9810473428
47640217.3024999499 47697.2407312393
47417957.4174305946 42122.3720748977
47370973.1964056939 38700.0217474059
47395864.3716820553 41296.3394142253
47562628.7486471310 46850.0501346588
47370431.6547954828 37898.3882787780
47387301.6380500644 41173.5012453155
47498340.7426479682 45193.7711169229
47469471.6542626247 44355.3514744745
47429416.4137438908 42852.8635254459
47479457.0102788433 44410.1038744797
47427890.3486636728 42846.1408081607
47400477.7798426598 42026.4840983472
47517590.4519848078 45278.9649339070
48781153.7433068454 50241.7490673065
56132655.4757912606 53103.3522644043
47420167.7246714085 42829.9093216018
47427874.6844155416 42838.6535950259
47480998.7396071926 44424.3138048996
47418625.9953430668 42815.7003982619
47503327.8812480196 45267.4348132120
47493413.0688145012 44455.9280932297
47474163.3594776690 44370.7342762456
47420152.0604232773 42822.4221084670
47467929.9249342754 44341.1415440546
47432566.3896305934 42854.0363967971
47398824.6784601808 41326.7358836255
47386316.4038110971 40380.7079866485
47566074.1579188332 46909.5039005280
47501786.1519196704 45253.2248827920
47455235.8265900984 44258.8837208257
47472621.6301493272 44356.5243458257
47456761.8916703090 44265.4562916265
47460207.3009420112 44324.9100574956
47421693.7897516266 42836.6320388869
47434108.1189589351 42868.2463272170
47995079.5088726431 49940.6956081390
49133611.9921261072 50254.9113597870
47803438.5353149399 48471.6811847687
51735562.5865121037 52121.9322738647
50084271.9479524642 51182.7277565002
47764784.9146501422 48407.6155328751
47633445.6283649355 46977.3689813614
47916885.5964011475 49202.7421894073
50298040.8924382180 51847.2615356445
48185483.7417687997 50130.4140663147
48233476.2702604234 50196.6476173401
49148040.6337198094 50264.4232921600
48158960.7744464129 50083.6358089447
47920199.1095318124 49220.2254810333
49689774.8837025166 50445.6144294739
55913138.4505485818 52228.5358734131
55967491.6852463409 52754.9807434082
55916577.2645154521 52435.8136291504
54770446.4106869400 52144.2633361816
