30517722.3639210872 6153.5257120132
29774964.5634010956 5524.5332923681
29936356.7130251154 5738.5386175662
29923784.8737923130 5730.0232609808
29661175.7337328456 5382.3785586506
29573447.5712982789 5186.2672046721
30391808.0799922645 6061.3983011246
29901269.7276845463 5710.4285275936
30205047.2098613903 5941.3305242658
29748042.4814753719 5506.5364801884
29938105.3943362944 5741.4245694373
31059984.9072274417 6362.7367858887
30777292.6096956208 6264.9733791351
29857185.5814694129 5631.9597779456
30042276.3360932283 5831.8703805152
29993597.2610586323 5762.2949491739
30357177.2694249153 6041.4302847981
30214945.0160275400 5956.8024158776
29844193.4813320488 5618.8945334277
30209193.5380804166 5941.6137035158
29594089.9332309626 5187.4838374481
29924270.0871794298 5734.5038526058
29522384.2312948555 4871.5006275699
30195176.7467545718 5937.5997223407
29953363.5707816817 5741.4649121761
30119994.5842117816 5871.3668515384
30064159.6811417043 5850.8800657392
29743604.2166320346 5502.4131943306
29904501.8179064691 5715.4941865618
29646518.2811163962 5310.5834852776
29928626.4560259506 5737.1981722862
30540388.4096839763 6168.0220317841
29524732.5658767894 4882.2490663677
29898028.6098513454 5707.3519799514
30224878.4672468677 5960.3402097821
29670715.4132390954 5391.6412979683
29916222.0492878184 5722.4102364722
29816778.4673029631 5595.1726801693
30700048.6170536131 6241.5880386829
30517391.7987967730 6149.4750413895
30151243.0900070369 5882.3927322626
30067074.6872189716 5850.8847134802
30372800.1911961883 6052.6659479439
30306134.4526021965 5983.0557317734
29902485.0184045509 5711.5741926730
31395640.9873938896 6386.6209335327
31023591.4592866600 6361.4951934814
30569481.8932862319 6174.9830913544
29566695.2329543568 5176.1323274672
29726109.6735766567 5421.7122128308
29733340.0730940439 5490.9853210768
30023332.2428893931 5826.6153578311
29821439.1171366833 5616.8998835406
29604133.7665647157 5274.1921218634
30117320.6641206294 5865.8332184851
30057595.7489086278 5846.6583163291
30373251.3174570873 6061.0192327499
30994512.7810159847 6358.8926620483
30178145.6412808374 5934.7350565940
30043100.5121623501 5845.4871881903
29964224.9813759625 5749.2113612387
29920179.1306945719 5728.0286110938
30099849.8884655312 5863.4823484421
30511186.5556399338 6141.3071661592
30212167.3950127140 5946.7482455466
29564828.4432144426 5100.1340721399
29626963.3769336529 5296.9342362008
30810733.8502058499 6266.2149715424
30699985.6289410926 6240.6527614594
31226150.5564216897 6375.2875976562
30070124.5583281294 5850.9684903324
29895033.4941761121 5650.7403296651
29678574.4401841499 5401.7370078377
29738483.8262039609 5497.5918357372
29694796.3389567509 5406.3943802437
30015601.9858902283 5825.2749125510
30146114.1712514460 5881.8860597610
30089260.6495157257 5858.6715052817
30260905.5695953071 5969.9628000259
30626415.1542788856 6181.4839801788
30748910.3699288331 6264.4138908386
30413691.4250407368 6077.2443523407
30371674.2053584978 6050.4517645505
30174018.3928909265 5925.2133092880
31186572.0610587783 6373.3161087036
30256003.2032926418 5967.3896939456
30278189.1655893922 5977.9089021683
30353031.9219232351 6033.4632544070
30267820.7455845699 5972.9424924850
30471843.4614945240 6092.0531806946
29728660.7133775465 5479.9460835904
30601290.2261702679 6176.3371505737
30539251.6871814057 6159.9080190659
30278831.8332370296 5980.3957777023
30352447.7305015400 6030.3461635709
29801616.6619955786 5585.9032351375
30877751.4003915116 6347.9032897949
30866779.2546072453 6271.6092262268
30370178.4071815833 6048.8871631622
30317250.3818722069 5990.8835086823
29718809.1894777864 5421.4587710649
29639934.2219103016 5307.5940639786
30398739.0579616018 6065.9856424332
31658089.4993379414 6394.9227752686
31005053.0663586371 6359.6859664917
29849542.3952724002 5627.8892557940
29684838.5296275169 5403.4623043351
30122566.5539413020 5871.7550932169
29993326.0813565701 5759.6846833938
29595389.7850114629 5199.2005346641
29888317.1470258012 5638.6962854182
30812715.4255844280 6269.3970718384
29792334.2702396512 5532.2063664729
29811756.6051608101 5588.0398557782
29727922.9620566443 5475.4957409501
30207078.4623048976 5941.4189488590
30346343.8654744588 5997.8445682526
30353747.9417167790 6040.0148973465
30267384.6385978051 5971.3954076767
29749655.1600141078 5517.5521074980
29625224.7964381464 5292.7167930238
31047629.0454161353 6362.4306106567
30096244.1453677900 5861.4876985550
30885051.3647300377 6348.6965942383
29964287.9694884866 5749.4860032208
29790036.2444937676 5527.9198839664
30240210.4912226796 5960.6194995046
31045317.4403860793 6362.2884979248
29712573.2643470988 5421.0793389215
29991266.3773152269 5756.3730744421
29968133.2922613285 5753.5977644920
30461509.9722404294 6086.1484928131
30916646.6516516469 6349.1448822021
30432416.4886381701 6079.2390022278
30242222.3618540764 5965.8517682552
31655128.7273434736 6386.6838455200
29733146.4913875163 5487.4618381634
29988613.8817997575 5754.9681279957
29971921.6809585616 5754.7283373168
30111556.7875314914 5864.2094879244
30723243.5626641400 6259.7044544220
30268341.9488937445 5973.6385600567
29546441.8188812472 4993.8808309659
31177326.8030034676 6373.2778701782
30707348.5813921392 6242.3813431263
30085957.0825583488 5856.4016895583
30141825.3431724831 5872.5509821121
29535818.2168646567 4989.9704774105
29863432.8801550791 5638.2832873187
30082351.3394606113 5854.4070396712
29894108.1280203164 5649.2726595721
30296536.8277033307 5981.9989547729
30264215.0024868324 5970.9478425980
29990243.3112164661 5756.1909807026
29967337.8405976407 5752.6496375203
29890865.4459548965 5644.9051494896
30738093.6605412327 6260.6198539734
31231258.7195460126 6375.4297103882
29563549.4450493343 5089.8904167786
29535354.1134756543 4979.4765973911
30863721.2932196707 6270.8159217834
29961964.6610900126 5747.7435096048
30709105.6865613833 6256.5648555756
29554877.7427704446 5089.8254429847
30014299.0299843550 5766.9008887133
29960335.2316733003 5746.5026057504
29848683.4782870896 5620.0669844888
30369790.8414895050 6041.8188052475
30345230.5996357314 5995.1436290741
30316137.1160334796 5988.1825695038
30457904.2291426845 6084.2054119110
31374933.1493241973 6386.2769699097
31042125.7507931404 6362.1877365112
