161459461.1692313254 307983.3208356909
163554615.0612236857 349782.2196655273
162607546.6267910004 332637.4383969307
164481073.4240308404 364375.6573486328
162569434.0309038758 331846.9943628311
159699158.4030241668 265304.5767177947
164293496.2523612678 360091.4601440430
163268069.9688279629 344541.0825500488
163561474.3940718174 350200.8668823242
160384299.0449742079 283835.1993581154
164038467.6926158965 357983.4630737305
162753628.5879617333 335269.4446702003
159128867.1706326008 249819.6433521649
163969999.6100583971 357231.2975463867
160377439.7121260464 283416.5521413186
158772021.6427484453 233405.5722769341
162896572.9015944898 337074.1775341034
163070870.1131304502 341278.1591186523
159005221.5864978135 242951.5825117668
159044033.3944966495 247152.0493580243
159941700.4380819798 271108.1568488386
159486763.4952852130 257734.4617615857
162460877.6551017165 327621.7970329987
163832194.8155063987 353895.0363159180
163886467.3841015697 354501.6148071289
163007717.9073631167 339681.6045360565
163708724.2770620883 351798.9251098633
164327771.5653374195 360955.8978271484
163215714.4225188196 343644.6165924072
163917028.5916423500 356562.6303100586
164233410.2537302077 359871.3817138672
162182698.3936738670 322994.1932894455
163117684.2306201458 341297.5185852051
164387375.6121932268 361624.5650634766
165846282.2833547890 377088.9201660156
163301962.8496756554 345135.9253234863
159720275.4496929944 265975.0319985058
164581149.1380683482 365044.3245849609
163541330.5816527307 348537.6893920898
161592339.8329591453 312028.3221387267
162151718.4177724421 322744.1732699143
159390018.6815737188 254607.1760673926
158762590.0306175351 222745.0742004730
161466320.5020794868 308401.9680524878
162196467.9682896137 323502.5699984299
164390052.3420590162 362093.1473388672
162877841.4945348501 337026.5490417480
163295103.5168274641 344717.2781066895
163053985.6635719836 340654.8389396667
161578570.2583433986 311519.9454297423
159477899.4595835507 257650.9634705700
158894765.6639562547 240567.6448896965
159393065.6834475994 254983.3694764294
164217369.6538379788 359561.0526542664
163459517.5174612105 347305.1902770996
164832362.6168082952 367671.8360595703
164737588.8445862532 367219.4468994141
159793747.5138133466 269044.1736934325
165134160.1734067202 370830.4808349609
159780945.8160083294 266928.3818630530
163810813.0412719846 352626.1161499023
165002653.3502478004 369701.8033447266
159410888.3140437901 255381.0283929922
162537764.1310929656 329937.7970972061
163642269.2446769476 351205.2833862305
167967042.0105246902 383803.6630859375
163418460.3233823478 345841.0240173340
159034004.1194375455 244004.9605024895
159216230.6411935985 250143.7349659344
164412605.3414733410 363623.4918212891
164642933.8388209045 367000.9244384766
163772498.7692655325 352025.3675231934
158975218.8927495480 241560.4037397942
159128380.5614014566 248300.4722451784
164143503.2890830636 359302.8932495117
164871327.5484333932 367711.9185791016
167177185.1292682290 382401.0871582031
165592960.5985849500 375426.4428710938
164394956.6527172625 362673.0749359131
163780017.7567139268 352465.9268188477
159234107.8039453328 250738.8199014284
165553001.0520881712 374753.7485351562
159842948.5345785618 269311.2932289746
164710555.2965866923 367043.2513427734
161547590.2824419737 311269.9254102111
159457827.1677749157 257299.1340481855
163452658.1846131086 346886.5430603027
161540982.7242633998 310808.9512891173
164298154.6699046493 360653.5664672852
161541685.5971215069 310813.6795606017
159350809.2910098135 253890.8898096301
159320440.2225579917 252142.0179425695
162819217.9846367836 336037.4158639908
159326298.8529892564 252213.3196264126
166592770.7016773820 381019.0329589844
165590441.4283604622 375170.5439453125
163811391.7433655262 353288.4751586914
160103263.8213060796 277099.1592772743
166062368.2300622165 378648.7016601562
159697557.2575469315 265189.0599521007
159286300.5331853926 251432.1801845350
158864578.2659048438 234037.1552510776
159240967.1367934942 251157.4671182253
159995498.1062361598 273044.9671936175
161585429.5911916196 311938.5926465392
159773517.5935449004 266721.4553078320
160131016.6266322434 278533.6578035261
166641793.8668331206 381108.1345214844
160221258.3578139842 280479.1067646649
159106829.1363170147 247319.4623081007
160956903.6197154820 298323.0953825116
164744448.1774344444 367638.0941162109
160950296.0615369081 297862.1212614179
160950998.9343950152 297866.8495329022
159544917.4214339554 259589.2522122480
159713365.2079254091 265885.3025063183
161044898.3519017696 299887.9505991247
160994742.9284650683 298991.7626188397
164896229.9868076742 368405.5762939453
159525746.9486862719 258711.2111029467
160414283.4359123409 284811.1582173612
159494242.9803239703 258600.7446031787
163497356.8262109160 347973.8575134277
159610580.7248222232 261378.8050970873
159545620.2942920625 259593.9804837324
160832486.1644581556 295649.8040708806
160412955.8001324832 284195.1091380026
165436595.2845489681 373414.2736816406
161105071.2439118624 301123.2740473747
158847949.2809930146 233944.0419791259
163812094.6162236333 353293.2034301758
163817999.3015440702 353749.4492797852
160778013.4968255162 294435.1614927556
161930121.0157321692 320060.7168240547
165642411.5308869481 375651.1154785156
159287670.4812448323 251909.6326455690
160321659.7743349373 283235.5118708517
160613571.0113215446 290483.6210584547
159551524.9796125293 260050.2263333418
164379825.0678823888 361070.4070129395
159589364.2883621156 260718.8935696699
163169928.5900667608 341360.8540453911
160384902.9226230085 284052.7614888456
164370709.2575111091 361029.2356262207
160825575.9226905704 295560.0745786931
159969430.3311749399 272478.8042178061
159984114.3294947743 272615.8484825995
164294201.1385848522 360645.2919921875
166112422.2383053899 379403.7133789062
159621617.5499011576 264582.6056731846
160787736.6139409840 294891.4073423650
159338482.5693829358 252698.3502008535
160893431.7951460481 297163.9236430973
159385421.4231140614 254498.9379053332
160612868.1384634376 290478.8927869704
160025969.2510625422 275734.1797203925
159957670.8478391767 272314.4201989081
159790484.7374152839 268137.5896689189
160432787.5491574109 285191.1614703219
161362070.9791499376 306196.4736536145
159950002.9767642617 271598.4075344801
166761815.4966570735 381597.2138671875
166488226.6311033964 380253.6914062500
165488817.1617450416 373852.5183105469
160619475.6966420114 290939.8669080641
162041009.8991517425 321137.6827543080
159872861.2062453330 270954.2964662220
160145493.0373989940 278723.8035282996
160051543.4508917928 276015.0381474402
160283820.4655853212 282566.8446345236
160277212.9074067473 282105.8705134299
165641708.6580288410 375646.3872070312
166275513.2423185110 380114.7075195312
165677076.0837047696 376667.6384277344
160256416.0461112261 280504.0386629011
160453372.1401435733 285405.5263407733
161169376.4796264768 302546.6686549187
161635809.8797748387 313316.5499215126
160725525.1506385803 293865.1251916792
162812699.7420363426 335489.4956283569
160627034.9552467465 292656.7138147261
160441903.3595286608 285232.3328570407
160157062.5365706980 280233.0579571575
160474125.3809159398 289005.7027282566
160632687.8658976555 293155.2865686323
160538959.0741921663 289617.4030029923
161764939.7636429071 316002.1660256386
160468220.6955955029 288549.4568786472
160457372.0055527389 286345.4231469259
160712668.8322584927 293353.3393448815
161668240.4261456132 313414.3602700233
160566710.8909873366 289757.8682556003
160767754.5373165011 293982.6436542496
164895110.5726438165 368191.3345947266
164871519.7507101297 367759.3211669922
160413329.8477371633 284348.8651517481
165700617.1550999582 376709.9653320312
159427546.1016582549 255403.1013773896
160370503.2359304130 283329.8546537012
160848064.6818014383 296276.5064164251
161771547.3218214512 316463.1401467323
165541086.8669885397 374000.0444335938
161681055.3532336354 313960.3356118202
161801000.0628900528 316980.3741458654
165821074.9574978054 377034.1169433594
162811560.8018554151 335365.0557971001
162589718.7598513067 331869.7444872856
161160260.6692552269 302505.4972681999
161305365.6963427365 305953.1906123161
162977825.8478012085 338830.0492728949
167201611.9504931569 382457.7119140625
166324070.8440928459 380155.8789062500
161253512.7297648787 304381.7661009878
165911958.4483046532 377750.1867675781
161259417.4150853455 304838.0119505972
161468646.7987101376 309314.3299380448
161722838.8850043118 314316.6020321846
161850735.6206317842 317619.1646542549
161058469.8874158859 300406.2198210806
161735911.9741615653 315074.9987607002
168591206.8546856046 383880.0095214844
162316664.8556728661 326360.4082455635
162198294.3727037311 324445.6892046928
165354597.2717354000 373155.2008056641
161409012.0715985894 307458.7675924301
165458128.0491118729 373593.4454345703
167597547.3737702966 383136.3027343750
166563246.4012914002 380845.0483398438
161390061.5264034271 306896.0029439926
162242793.8117356002 325367.3199765980
162200941.2775414586 324901.9350543022
162372684.1049994826 327549.4255948067
161384091.8621445596 306439.7570943832
161527339.7049704790 309925.5735929012
162672620.4884861708 333946.6740450859
162266945.0902781188 325452.1503863335
162313648.4347293675 326204.3159136772
165106109.4644746482 370495.5411376953
162465896.5742243528 329608.3363070488
165666157.9040441513 375984.3007812500
163419498.3368720710 346072.1493148804
162929616.2779973149 337252.3493456841
162922454.2615601420 337204.9467577934
162002429.1960143149 321100.8686184883
162538516.9390593767 330353.2527728081
161199505.8138980567 303187.2720627785
165953318.1690830290 378207.0720214844
163170693.8247173727 342106.0798754692
165156345.9002951384 370933.7857666016
165151616.5440702438 370909.2552490234
162983730.5331217051 339286.2951225042
162661691.3755342364 332647.9351458549
161824936.6153097749 317423.5325741768
165048610.8847051263 369819.0047607422
163737095.6975449026 351966.6655883789
166556194.6716504097 380718.6435546875
161372110.0363731384 306360.0531617310
161965450.5123575926 320496.3955129385
161887740.3364664912 318007.3457992673
163200237.4291660488 342544.3245043755
162052731.5911986828 321542.7596087456
161987898.8803834021 320979.9949603081
161597773.0348055959 312262.9162376300
162473684.2282440662 329790.4881243706
160993217.6468628645 298915.0739718582
162279077.3215928674 325649.4141049385
161924163.3520957530 318304.8206415176
161097755.0944529176 301061.5268527176
161120072.5982868075 302024.8419980910
162075025.4399178326 321732.1604876518
165535257.9181867838 373952.9685058594
165406497.6689420938 373200.8029785156
164953614.7659109831 369345.9334716797
160955630.1127828360 298204.0798312332
165350719.3332840800 372685.8190917969
165190408.5934227705 372328.3439941406
165003851.2017314434 369784.1781005859
166589467.6971942186 380866.8730468750
167334574.5830129683 383021.4343261719
166481655.2505994439 380185.9204101562
166177864.6625489593 379528.2333984375
166542696.9583756924 380624.1650390625
166205617.4618049860 379717.6342773438
166076857.2125603557 378965.4687500000
168779883.1382257342 383983.8010253906
163150468.9079834521 341321.9422082901
163391586.7612389326 345711.9819869995
165871136.1121107638 377643.7829589844
165797533.8861026168 376991.7900390625
168697692.4503314197 383909.5651855469
166041731.4172099531 378598.2407226562
166905720.8968214989 381619.5134277344
162953080.2649400234 337485.7124896049
167043438.9387072325 382371.6789550781
166757359.9608209729 381355.3435058594
166909627.9667950869 382107.5090332031
167722788.6427784860 383381.2678222656
167221347.7513565421 382492.3559570312
168615036.9628351927 383891.6911621094
