125879.5528783190 126957.5513845198
125469.9478922778 126555.3096601839
124650.7379201954 126153.0679358480
111952.9833529181 114488.0579301057
121783.5030179070 121326.1672438167

133252.4426270607 117303.7500004573
111952.9833529181 114488.0579301057
124650.7379201954 126153.0679358480
125469.9478922778 126555.3096601839
125879.5528783190 126957.5513845198

125879.5528783190 126957.5513845198
125469.9478922778 126555.3096601839
124650.7379201954 126153.0679358480
134071.6525991431 117303.7500004573
122193.1080039482 121728.4089681526

113181.7983110417 114085.8162057697
111952.9833529181 114488.0579301057
134890.8625712255 117705.9917247932
125469.9478922778 126555.3096601839
125879.5528783190 126957.5513845198

123831.5279481130 121326.1672438167
125469.9478922778 126555.3096601839
124650.7379201954 126153.0679358480
121783.5030179070 121326.1672438167
122193.1080039482 121728.4089681526

134481.2575851843 117705.9917247932
111952.9833529181 114488.0579301057
124650.7379201954 126153.0679358480
125469.9478922778 126555.3096601839
125879.5528783190 126957.5513845198

125879.5528783190 126957.5513845198
125469.9478922778 126555.3096601839
124650.7379201954 126153.0679358480
111952.9833529181 114085.8162057697
122193.1080039482 121728.4089681526

125879.5528783190 126957.5513845198
125469.9478922778 126555.3096601839
124650.7379201954 126153.0679358480
134890.8625712255 117303.7500004573
122193.1080039482 121728.4089681526

125879.5528783190 126957.5513845198
125469.9478922778 126555.3096601839
111952.9833529181 114890.2996544416
123012.3179760306 121728.4089681526
121783.5030179070 121728.4089681526

125879.5528783190 126957.5513845198
125469.9478922778 126555.3096601839
125469.9478922778 118510.4751734651
121783.5030179070 121326.1672438167
122193.1080039482 121728.4089681526

122193.1080039482 122532.8924168245
121783.5030179070 122130.6506924885
125469.9478922778 126555.3096601839
111952.9833529181 114488.0579301057
124650.7379201954 126153.0679358480

125879.5528783190 126957.5513845198
125469.9478922778 126555.3096601839
135300.4675572667 117303.7500004573
123012.3179760306 121728.4089681526
121783.5030179070 121728.4089681526

111952.9833529181 114488.0579301057
121373.8980318658 122130.6506924885
124650.7379201954 126153.0679358480
125469.9478922778 126555.3096601839
125879.5528783190 126957.5513845198

125879.5528783190 126957.5513845198
125469.9478922778 126555.3096601839
124650.7379201954 121326.1672438167
123012.3179760306 121728.4089681526
122193.1080039482 121728.4089681526

113181.7983110417 114085.8162057697
124241.1329341542 121326.1672438167
125469.9478922778 126555.3096601839
125879.5528783190 126957.5513845198
126698.7628504014 127762.0348331917

122193.1080039482 122532.8924168245
123012.3179760306 121728.4089681526
134481.2575851843 116901.5082761213
121783.5030179070 121728.4089681526
121783.5030179070 122130.6506924885

126698.7628504014 127762.0348331917
125879.5528783190 126957.5513845198
125469.9478922778 126555.3096601839
125469.9478922778 119314.9586221370
123012.3179760306 121728.4089681526

126698.7628504014 127762.0348331917
125879.5528783190 126957.5513845198
125469.9478922778 126555.3096601839
125060.3429062366 126153.0679358480
123012.3179760306 121728.4089681526

126698.7628504014 127762.0348331917
125879.5528783190 126957.5513845198
125469.9478922778 126555.3096601839
123012.3179760306 121326.1672438167
123012.3179760306 121728.4089681526

122193.1080039482 122532.8924168245
121783.5030179070 122130.6506924885
125469.9478922778 126555.3096601839
121783.5030179070 121728.4089681526
123012.3179760306 121728.4089681526

122193.1080039482 122532.8924168245
121783.5030179070 122130.6506924885
134071.6525991431 116901.5082761213
121783.5030179070 121728.4089681526
123012.3179760306 121728.4089681526

121373.8980318658 122532.8924168245
125469.9478922778 126555.3096601839
124650.7379201954 126153.0679358480
121783.5030179070 121326.1672438167
122193.1080039482 121728.4089681526

127108.3678364426 128164.2765575277
125469.9478922778 126555.3096601839
122193.1080039482 122935.1341411604
123012.3179760306 121728.4089681526
122193.1080039482 121728.4089681526

126289.1578643602 127359.7931088558
125469.9478922778 126555.3096601839
134481.2575851843 117705.9917247932
123012.3179760306 121728.4089681526
122193.1080039482 121728.4089681526

126289.1578643602 127359.7931088558
125469.9478922778 126555.3096601839
124650.7379201954 126153.0679358480
126289.1578643602 118912.7168978010
122193.1080039482 121728.4089681526

126289.1578643602 127359.7931088558
125469.9478922778 126555.3096601839
124650.7379201954 126153.0679358480
121783.5030179070 121326.1672438167
134071.6525991431 116901.5082761213

126289.1578643602 127359.7931088558
125469.9478922778 126555.3096601839
132842.8376410195 116901.5082761213
123012.3179760306 121728.4089681526
121783.5030179070 121728.4089681526

122193.1080039482 122532.8924168245
122193.1080039482 122935.1341411604
121783.5030179070 122130.6506924885
121783.5030179070 121728.4089681526
123012.3179760306 121728.4089681526

126289.1578643602 127359.7931088558
125469.9478922778 126555.3096601839
124650.7379201954 126153.0679358480
121783.5030179070 121326.1672438167
134890.8625712255 116901.5082761213

126289.1578643602 127359.7931088558
125469.9478922778 126555.3096601839
121373.8980318658 121728.4089681526
123012.3179760306 121728.4089681526
122193.1080039482 121728.4089681526

125879.5528783190 126957.5513845198
121783.5030179070 122130.6506924885
120964.2930458246 121728.4089681526
121783.5030179070 121728.4089681526
123012.3179760306 121728.4089681526

126698.7628504014 127762.0348331917
126289.1578643602 127359.7931088558
125469.9478922778 126555.3096601839
123012.3179760306 121728.4089681526
122193.1080039482 121728.4089681526

126698.7628504014 127762.0348331917
125879.5528783190 126957.5513845198
125469.9478922778 126555.3096601839
124650.7379201954 126153.0679358480
125469.9478922778 118912.7168978010

112772.1933250005 114085.8162057697
122193.1080039482 122532.8924168245
125469.9478922778 126555.3096601839
125879.5528783190 126957.5513845198
126698.7628504014 127762.0348331917

125879.5528783190 126957.5513845198
112772.1933250005 114085.8162057697
124650.7379201954 126153.0679358480
125469.9478922778 126555.3096601839
126698.7628504014 127762.0348331917

121783.5030179070 122130.6506924885
121783.5030179070 121728.4089681526
122193.1080039482 121728.4089681526
121783.5030179070 122532.8924168245
121783.5030179070 121326.1672438167

134071.6525991431 116901.5082761213
121783.5030179070 122130.6506924885
120964.2930458246 121728.4089681526
121783.5030179070 121728.4089681526
123012.3179760306 121728.4089681526

121783.5030179070 122130.6506924885
134071.6525991431 116901.5082761213
121783.5030179070 121728.4089681526
123012.3179760306 121728.4089681526
121783.5030179070 121326.1672438167

121783.5030179070 122130.6506924885
121783.5030179070 121728.4089681526
124241.1329341542 121326.1672438167
123012.3179760306 121728.4089681526
121783.5030179070 121326.1672438167

121783.5030179070 122130.6506924885
121783.5030179070 121728.4089681526
120554.6880597834 122130.6506924885
123012.3179760306 121728.4089681526
121783.5030179070 121326.1672438167

126698.7628504014 127762.0348331917
125469.9478922778 126555.3096601839
120554.6880597834 122130.6506924885
123012.3179760306 121728.4089681526
122193.1080039482 121728.4089681526

123012.3179760306 121728.4089681526
121783.5030179070 121728.4089681526
121783.5030179070 122130.6506924885
124650.7379201954 118912.7168978010
122193.1080039482 122532.8924168245

123012.3179760306 121728.4089681526
122193.1080039482 122532.8924168245
121783.5030179070 121728.4089681526
120964.2930458246 121728.4089681526
121783.5030179070 122130.6506924885

121783.5030179070 122532.8924168245
122193.1080039482 122935.1341411604
121783.5030179070 122130.6506924885
121783.5030179070 121728.4089681526
121783.5030179070 121326.1672438167

121783.5030179070 122532.8924168245
121783.5030179070 122130.6506924885
121783.5030179070 121728.4089681526
123012.3179760306 121728.4089681526
121783.5030179070 121326.1672438167

121783.5030179070 122130.6506924885
121783.5030179070 121728.4089681526
122193.1080039482 121728.4089681526
123012.3179760306 121728.4089681526
120964.2930458246 121728.4089681526

121783.5030179070 121326.1672438167
123012.3179760306 121728.4089681526
122193.1080039482 122935.1341411604
121783.5030179070 121728.4089681526
121783.5030179070 122130.6506924885

120964.2930458246 122130.6506924885
121783.5030179070 122130.6506924885
121783.5030179070 121728.4089681526
121783.5030179070 122532.8924168245
121783.5030179070 121326.1672438167

121783.5030179070 122130.6506924885
121783.5030179070 121728.4089681526
134481.2575851843 116901.5082761213
123012.3179760306 121728.4089681526
121783.5030179070 121326.1672438167

121373.8980318658 122130.6506924885
121783.5030179070 122130.6506924885
121783.5030179070 121326.1672438167
122193.1080039482 121728.4089681526
121783.5030179070 121728.4089681526

121783.5030179070 122130.6506924885
121783.5030179070 121728.4089681526
122193.1080039482 122532.8924168245
123012.3179760306 121728.4089681526
121783.5030179070 121326.1672438167

121783.5030179070 122130.6506924885
121373.8980318658 121728.4089681526
121783.5030179070 121728.4089681526
121783.5030179070 121326.1672438167
122193.1080039482 121728.4089681526

121373.8980318658 122130.6506924885
121783.5030179070 122130.6506924885
123012.3179760306 121728.4089681526
122193.1080039482 121728.4089681526
121783.5030179070 121728.4089681526

121783.5030179070 122130.6506924885
121783.5030179070 121728.4089681526
125879.5528783190 126957.5513845198
123012.3179760306 121728.4089681526
121783.5030179070 121326.1672438167

121783.5030179070 122130.6506924885
121783.5030179070 121728.4089681526
122193.1080039482 121728.4089681526
123012.3179760306 121728.4089681526
121783.5030179070 121326.1672438167

121783.5030179070 122130.6506924885
123012.3179760306 121728.4089681526
122193.1080039482 121728.4089681526
121783.5030179070 121728.4089681526
121373.8980318658 121728.4089681526

121373.8980318658 122130.6506924885
121783.5030179070 122130.6506924885
122193.1080039482 121728.4089681526
121783.5030179070 121728.4089681526
121373.8980318658 121728.4089681526

120964.2930458246 122130.6506924885
121783.5030179070 122130.6506924885
122193.1080039482 121728.4089681526
121783.5030179070 121728.4089681526
121373.8980318658 121728.4089681526

120964.2930458246 121728.4089681526
121373.8980318658 122130.6506924885
121783.5030179070 122130.6506924885
121783.5030179070 121728.4089681526
122193.1080039482 121728.4089681526

120964.2930458246 122130.6506924885
121783.5030179070 122130.6506924885
121783.5030179070 121728.4089681526
121783.5030179070 121326.1672438167
123012.3179760306 121728.4089681526

120964.2930458246 122130.6506924885
120964.2930458246 121728.4089681526
121783.5030179070 122130.6506924885
121783.5030179070 121728.4089681526
122193.1080039482 121728.4089681526

120964.2930458246 122130.6506924885
121783.5030179070 121326.1672438167
121783.5030179070 122130.6506924885
121783.5030179070 121728.4089681526
122193.1080039482 121728.4089681526

120964.2930458246 122130.6506924885
123012.3179760306 121728.4089681526
121783.5030179070 122130.6506924885
121783.5030179070 121728.4089681526
122193.1080039482 121728.4089681526

120964.2930458246 122130.6506924885
121783.5030179070 122130.6506924885
121783.5030179070 121728.4089681526
120964.2930458246 121728.4089681526
123012.3179760306 121728.4089681526

