139408549.0492974520 144.3091544035
141133339.4091452956 164.0516251414
136826333.1399904490 102.6495387417
141354589.8354503810 167.5732297376
141589608.0147826076 170.4154173806
142533122.3868111968 179.5959366560
137282056.2790512741 113.6528530847
146472652.6175677478 200.5242167115
141847632.4731299579 173.3360501602
139898647.3244261444 150.5923188678
137450396.9618550241 116.2782261779
140653451.4498184323 159.2384541696
136981907.9542789459 105.5579819542
136714560.8992509246 101.7007037156
141394103.0851074159 168.2811964229
136675341.5724096000 100.6730103264
136561163.4214327335 98.0858783403
140468518.8090099096 157.1674687905
137753708.4438443184 120.7167865598
137930132.6088951826 122.8519503050
140892919.6295812130 161.7539518476
137243317.2933195531 112.4610122987
137965455.6956300735 124.3890170552
139654118.5479751825 146.9601087203
142171680.3416373730 176.1257775202
142413328.9774391949 178.3031703234
138903306.9121832848 137.2026319067
138430878.9661322832 131.3024825296
147777963.9110804796 203.0630691648
140449839.3949155509 156.9133850634
136556347.3566809595 96.7800663965
137602733.2661319673 118.6397422960
142003106.8532792628 175.2827419415
137237914.5844029486 110.6604432322
141887145.7227870226 173.8085606471
140481690.0468748808 157.2009848705
140509493.7712169886 157.8263135068
140597873.3569779992 158.7046060665
136456059.8420385122 95.5332959736
149091707.1408530176 205.7290032506
138802661.2541741431 136.4760042435
140664506.7081373930 160.0767699443
141327486.1064598262 166.8457360268
137900123.9740436375 121.9134011955
146137055.5817178488 199.6426730752
137134803.6321928203 109.1366510340
137598278.2603790760 117.8596646619
140070643.6182573140 152.9081437266
136337435.8452553451 92.1682683376
137189284.4192826152 110.4396235196
139053010.8394960165 139.3933870476
143434523.5623887181 186.5635406375
144009048.1623522639 189.7668805718
140408221.0633537769 156.8833015154
136271431.1120868623 80.3141577917
138090536.0154730380 126.4751058315
148814985.2990483344 205.2518637776
148121996.9509066343 204.4477234483
136945073.3246575892 104.6544990923
146650730.3421156406 200.9343774915
136668965.0533886850 100.0079760158
139829609.0545083880 150.4270290021
137946774.0688023269 123.5047276223
137668942.6326072514 118.8142496465
139489013.6676139235 145.5616590928
137702728.6923519373 119.7303020588
138702606.5864358246 135.0347814885
140220159.3075769544 154.8292948734
143609923.7262876034 188.0577494502
138682556.9501701891 134.9191504438
145933522.2560191154 198.6980109811
140589078.3196928203 158.3846055543
137388569.5276698172 114.3511453219
139673157.1306107938 147.4297329906
139771061.9702990949 149.0711708787
142357722.2229124010 178.1017278433
142195077.5442391932 176.7627470493
140168913.1273800731 153.1954486126
139042281.8530553877 139.3048116267
144472190.0710128844 192.1868644357
144002174.8133638203 189.6280135512
136521248.3837057352 96.3637668115
139070128.1873689294 139.6708925869
140001509.8786614835 151.8366185162
136599842.4394487143 99.3535853379
141941689.3139675260 174.0456722081
146968054.9836484492 201.1709485650
137856234.8654079139 121.8906173035
140584555.0043477714 158.3190921461
137011423.8838612139 107.3522473108
140044642.0321429074 152.5263102180
138475993.9220303297 132.8240012578
138943698.2473438382 138.7055389023
137498739.5586810708 116.6418308703
137572276.6742646396 117.4778311533
136674107.2809830606 100.5380212289
142178922.4378513992 176.7448211908
140313430.8623465300 156.1149286662
141501707.3106796741 168.7686967254
138415101.7599959075 130.5583852850
147251476.7046116292 202.2968857884
139730515.0441313982 148.9009604220
151282025.7827052772 205.7477341294
140177344.7352292538 154.1556503959
138301862.9566082656 129.8262647046
142232770.7230070233 176.8443515897
136245318.6824859381 80.3126304183
144352010.1241266429 191.3549583554
143985333.4916262031 189.5149690509
137691753.2261258066 119.1205687394
137507867.6305992007 116.7980515126
138590402.8004472554 133.6341168164
140221015.3025891483 155.1221417612
137444273.5891644061 115.7826203981
141752134.2905632854 171.7926948071
140376212.3140117228 156.4623671506
139924970.3403236866 151.7685484771
146602473.2677599788 200.8026769757
138103334.6705383062 126.7505331732
140014998.6211387813 152.0853316818
139922812.0145997405 151.2133685682
138133675.1922675371 127.4837531453
139046805.1684004962 139.3331407402
139669027.9056780934 147.0099613402
139761363.8368786871 148.9946170575
140797987.3580467105 160.2754951362
138362832.1431384087 130.3802474242
138234902.2611223161 129.1532438440
136300486.8355713189 83.3157827813
136886981.8885744512 104.2742290249
137052324.5602690876 107.4874544447
140397297.5864256024 156.5616156496
141638065.4276422262 170.6740244031
143497948.0515438914 186.7881724238
145127915.5237953961 195.8206544518
137511538.2137463391 116.8532575261
138432861.7685489357 132.3802044712
140108739.9133339226 153.1068079001
138270150.2587401569 129.5228254784
137401912.1167108715 115.3751751431
139238636.8928236365 142.2042272313
136761782.1232952774 102.1926881898
137849333.5814796686 121.7947598682
143265801.2122888565 185.0107463598
139139487.0527987480 140.1905626860
136454931.4433482289 95.1550140378
137811769.3405133486 121.4676871171
143447687.8523748815 186.6581597328
138500684.0710363388 133.1367756805
136868575.2635905445 103.7347574619
138223350.7849258482 129.0976515509
137692654.7481670380 119.3248398723
144716264.9132792354 193.3395786881
144748001.7080352008 193.4254255891
145504902.3158016503 196.8161107898
145261716.3916650116 196.0449991822
139129263.7699166238 140.0646505142
137380915.1911411583 113.7615503029
137566268.5785463452 117.4530523285
139154698.6316106915 140.4725213057
138013706.4913755655 125.5064061841
142153112.2858960330 175.8790912032
139698510.7587845922 147.9253598810
137723698.8999419808 119.9366953301
144528815.7405374944 192.5534791350
144754818.5159276128 193.8183582425
143699750.3956664503 188.3584365249
144070719.1440735459 190.4926574826
143568176.7735344172 187.2860376239
138210924.8316313624 128.7666228222
137954027.7587804198 124.3323752103
136857188.2805182934 102.8714407518
146742029.7887883484 201.1487856507
136471157.2267498970 95.9764217694
143955835.0331612527 189.4823254943
138025391.2774992287 125.8706909237
138117972.5256229043 126.8345569042
136349931.4326519966 92.3931666713
145987709.2746954858 199.6257660985
140538896.7029388547 157.8308251277
136319529.4145039320 85.0697331388
139584320.1809694171 146.1088157557
140300846.9036259949 155.2917578556
145756192.8955571949 198.1890031695
137378580.2450571358 113.7019104000
138357329.1392199993 129.8939860596
141548937.7484031320 169.9134863913
139782340.3345884979 149.3892263953
143798738.0025883615 188.9223933816
142702493.9620912075 180.9862495065
140107301.1276558340 153.1028921343
139584380.8271618485 146.1622657681
147186914.0415160358 201.6984298825
139468159.4188814163 144.5846069120
142548066.3488134742 179.6790708899
136452474.1611908972 93.3686711686
141544553.4472183585 169.2952979505
145994002.5075837970 199.6370213628
144814658.8483747244 194.3453517556
146742177.8386380970 201.1621811986
142926161.1776441932 182.2652187943
142691208.3899474442 180.7710099816
141470353.8742015064 168.6184182465
145873364.2233709693 198.3222383857
136406109.3211507797 92.7960245222
141782467.1237264574 172.1119031906
145504193.9694139659 196.7905495763
139320884.9065778255 142.9821301959
136968293.2935128510 105.4748555959
138646501.0869865417 133.8749936552
145876004.7656575739 198.4590327144
141705163.6937244236 171.4794752002
141691703.8682425022 171.3837384731
141548739.1482125521 169.9092110991
136417532.9165540338 93.0557753441
147907611.0255984068 203.1574953198
148032078.0841018260 203.5762110353
141460791.7673657238 168.3767923564
138943065.7550740242 137.5179654414
144043703.2114253640 189.9913333058
144799088.0929530859 194.0484387279
139640885.7939913571 146.8042931462
139261063.3726041317 142.4458462317
141792865.7285026014 172.8578392267
143089462.9331150651 183.3325721622
144863687.9958333671 194.8911020160
143119076.3267439604 184.5723581612
140569967.2933742106 157.9744980186
144761124.3366477489 193.8692798018
146270724.3493885398 200.0166941285
138768258.1194788814 135.9492886379
147526364.5264975429 202.4075179696
145047057.8790557086 195.3892036080
144376888.0134897232 191.5144425333
140936718.3388310969 162.1845233142
141833993.7247067690 172.9570621550
142947110.2119554579 183.3048505187
140011893.4092722535 151.8856886066
147716390.2597960830 202.8420258164
145312816.4321949780 196.6434550881
145698441.5788826644 197.8605768085
142338084.3588284850 177.6669588983
144380880.5861455798 191.9434968829
142662362.0292299390 179.9648212492
139585194.6044346094 146.4071083106
139534356.4030466974 145.9598644916
147685376.9680225253 202.6664360166
144435641.4331618845 192.1841759086
144158265.9143362641 190.8038975596
142759857.9928358495 181.7842804492
145029070.6794683635 194.9917222857
147066073.2649957240 201.5163236260
144994080.8173629045 194.9284082055
144472624.3081714511 192.4951353669
143800455.2315056622 189.2174568772
145920266.9971569180 198.6346225142
144170278.9114160836 191.3516778350
139621821.2556251884 146.7990295477
142079723.1460508704 175.6125757843
144589693.5317829549 193.1646291614
140799854.2460827231 160.8348483592
142923785.7813535333 181.8500770926
142238574.6749658883 177.2229234278
139642777.1926544011 146.8957496956
139379341.9182627499 143.7690641358
142519007.7960286438 179.2533818781
141283470.0222574770 166.5803804249
141180071.0083122253 165.0763705224
141655247.8447215855 170.7194021642
139560933.1722283065 146.0693625286
138671030.8149738014 133.8757949063
141170861.9213101566 164.8332801908
143523792.8058602512 187.0639200807
139111525.2836416364 139.8094637073
138616447.2000680864 133.6445156882
145464691.8365140855 196.6647076011
143786848.4718935490 188.4770939946
139339443.6083637774 143.0113901037
138723068.7854149938 135.2196216188
145482524.6599022150 196.7677170634
141546905.2966489792 169.7070659846
141064183.1487123370 163.8905623704
145727931.6202541590 198.1589164138
145275391.6409190595 196.1826596856
145538631.4246591926 197.6768684983
143304391.7262133360 185.7774366140
141144775.3681084514 164.6242168993
140932480.9126360416 161.9708081484
142532221.1738072038 179.4984468818
140877394.7828157544 161.6432420164
141184021.1757330298 165.1341728419
141156633.4534251988 164.7525861710
142581138.3859393597 179.8341750056
142918519.7188596725 181.8044796139
142461579.8861207366 179.0515062958
143223187.5585465133 184.6771525145
140954644.5299153328 162.4486900643
141153915.9772080779 164.6552227587
141154688.9596481323 164.6662471443
141018444.0692223907 163.2178418748
