9831238.9833762087 889963.1748046875
9840668.8408583011 911350.9443359375
10136212.8472698629 928505.8710937500
9919856.1341982353 928081.8369140625
9852963.2665720563 913494.8085937500
9838299.4499144461 904088.2041015625
9868307.8191311378 921506.7001953125
9857926.8679782525 914546.0771484375
9849837.1438730638 913145.8750000000
9854129.7913517505 913672.5917968750
9889795.4735475481 921528.1845703125
9877012.9973288663 921510.9433593750
9924253.2805989757 928082.7802734375
9860896.3368743900 914804.2607421875
9912903.6138733383 921983.3613281250
9895759.2062952295 921763.1572265625
9834131.2585328370 895922.3144531250
9834246.0818132982 900623.1513671875
9937041.2282766029 928101.1044921875
9864162.5656532999 920509.9531250000
9861527.3369273953 914984.9521484375
9932650.5604084246 928089.4707031250
9845534.7228680328 912161.5419921875
9983505.2920023389 928349.9394531250
9896920.2596159782 921938.7900390625
9958085.9211210683 928135.3505859375
9844368.1980883367 911920.1503906250
9966952.0421052203 928146.7939453125
