156906258.4454584718 329780.5725212691
157804885.9369054735 388461.8650562288
157993105.1645867527 398770.5860976549
158635671.3272582293 430603.7601521388
158874923.6893998682 437869.5395703941
159164496.4457116127 452520.7605224033
157408904.8718195558 364708.4554708004
160238619.1120893657 483381.0280360342
157224436.0081312060 351096.8939932657
157660914.3770492971 381761.8371791551
158189453.4695712626 403905.7107882025
160835604.2097298205 509538.4235339388
162003986.3954957426 526667.8133225664
156586827.3447977304 299266.8527989909
157110255.4707938731 344463.4055801106
157229788.9044459164 351935.6998813224
157600927.7186153531 379868.6537074754
157293217.4081588387 353498.7508936373
160171007.3165229559 483035.4954286988
163068632.6780033112 557152.3383966762
162987338.2361892164 549178.7717462856
161785974.4933115542 515743.3880219683
156740199.3798938394 312931.3294436932
156827446.3340712190 317137.2162193581
156736795.5020979047 312435.1207111254
158761370.8057777882 436366.4776814356
156825858.0469911397 313921.5021731853
156711571.6967588365 311387.0414874926
157290743.3982771039 353111.1000125480
157526466.0316631496 373923.2129204273
157579443.1370339692 374906.7075187713
157889787.8040373623 389074.3169261273
157491421.6414588988 372137.7599734971
158415768.4757191241 415561.6861078301
156870225.8218233883 322288.5858269332
156996611.6275156438 337493.8979390932
160665103.0033010840 498888.1618390977
161245037.7916934192 513819.7574916109
160326569.6505853832 485603.9320411757
159101170.6878523827 446758.0429931065
161278510.0972124338 515737.5962290987
158399503.7154544294 415088.6585896388
157262250.0674143136 352860.6247470451
157430640.6414688528 366894.0505890930
157961027.2968214452 396001.6443073275
156884132.0678016543 323526.3275261519
158106952.3370030522 400082.3781824652
158628567.7459863424 424439.4703171626
157031956.0371024311 337586.9332413150
157748209.8406033814 382986.1044361116
159231448.0146993995 453761.1421427773
161797667.0784267187 516002.4178059101
161241510.4346238971 512981.1983142123
157140977.4183802009 345353.5492312980
157771704.5796057880 383850.1085886480
160740549.4364785552 506012.5765562057
159378104.0534882247 460204.0682787895
159766296.7817738950 474733.2022751948
156649112.7698671222 305435.8902606145
156783113.0321622193 312975.5548071191
156784776.5724780262 313876.9556389449
157091031.5850203931 339099.3042361808
159114154.6156662107 447067.3737396002
185706905.2606038749 689445.9106445312
162328099.4191720784 535315.8883958086
158711162.8940691352 432441.5349013805
163472482.8136379123 562871.5952803306
174409800.2382974625 626510.1797790527
156845002.0164843500 321240.5066033003
157713398.0609355271 382982.1362031754
160291246.1826930344 485375.8556608334
180215688.0966423154 663004.7185058594
161882272.4789306521 518997.5684591755
157204405.9220930934 346916.6002436129
157305160.9351807535 358566.5765496565
159265975.0118060410 454318.3658276796
157082475.1235652864 338035.7370082212
160057929.8438813090 477178.9669918200
165629887.8344365358 580832.3203086853
156904935.7529517710 324017.8549919722
160583125.7110349834 493542.1513476595
160622890.5092221797 493770.2277280018
158172310.8144004941 402922.7997373762
159100109.0145205855 444986.2033169651
157376129.8883497715 359724.2223165035
157488538.1431343555 367937.9682035400
162600312.5308076441 544143.5539307818
157481888.4815772474 367651.0112943603
157701639.5352558494 382582.3571796371
157760486.1311877370 383046.2658952791
172345010.9020858407 599756.9279785156
185209064.4465653896 688682.3002929688
157388097.2816332281 360190.0782124996
157381447.6200761199 359903.1213033199
157544251.6223133206 374392.8930873582
160483943.8515200913 492626.5931110457
157385341.3375434279 360063.2330121994
177126779.5771106184 639516.2788728774
157352228.7755174339 359232.6948506832
158317820.7970551252 409798.9685785333
159541530.0659945905 465530.1797761103
166846058.2905049026 593408.1052856445
157898295.8097219765 390525.8836872103
167026514.3079680204 598782.2161254883
166823724.1732667983 591805.3002891541
179195421.9680730999 654029.6824340820
179400206.6550592780 660708.6414184570
159317724.1292556524 459720.7118414012
158534499.6536154151 422948.3056418896
159844299.1510574818 475368.8982905527
161886097.4385327101 522847.0668606982
159663913.2784045041 471589.9795807978
158493311.3021610379 419022.4335715771
158930449.1773467064 438937.2977843662
162079795.5446486771 531559.3116135821
159785484.7046717107 474752.1883563358
158145484.8149108887 400664.4757085722
158992109.5148273706 444931.4450742006
160627191.4512428939 498181.5814376771
159546587.9106267691 466978.4185456415
160392664.8273764551 491095.2173813395
177928289.1467866898 643330.5472106934
157090728.3530794978 338117.1971903217
156961075.1282797754 331235.5160646809
157345579.1139603257 358945.7379415035
158477463.8985572159 417010.8541676188
158927330.3446204960 438674.3598290682
185380227.3217938244 689352.3940429688
158256780.9648146033 408336.7907259688
160390527.6086633801 486241.6448097304
158930973.4753271639 440215.3940087557
157537601.9607561529 374105.9361781785
160163952.3879490495 481343.4635738512
157201084.1102281213 345565.1749887911
157891646.1481647789 390238.9267780306
166608090.9739446342 586595.0378379822
184549298.5778417885 683576.8051757812
158092877.6845346987 398847.2186077517
163375141.5137379467 561316.5554745886
160427046.7815349102 492555.6327166855
158470749.7732988894 416945.0825556898
184472266.5352164507 681458.0283203125
157942791.7154161632 391307.4393566530
157593865.9097793698 374994.9149227096
158599767.4761200547 423893.8051249981
158224122.8205195665 405753.5464883726
162756419.5762535632 544154.4051755164
165971259.9040729403 582315.5429944992
158220479.6898128390 404212.5123086851
158347102.1663031876 411226.7893605456
184961876.2856485844 684917.8496093750
166869219.4580028653 594110.4650726318
185018484.2570809126 687521.6250000000
158162992.9153928459 401060.9275362715
159935486.0143002272 476572.2851189753
158240704.4224373996 406795.7565462813
160357491.9525572360 485705.1667223839
160086474.3171051741 480635.6868906883
163646082.7131000161 564048.2793204989
159100486.6565218568 445048.0160406200
159987982.6747157574 476861.0679942039
163045454.9409239888 555097.8671552446
163367436.9172829092 558496.4614804480
163374687.7351647913 560427.8711484168
160274004.2226628661 484244.9386133552
163538059.0193711519 563523.4405106830
163400180.7309567034 561667.8291825580
163460879.1968961656 562316.0969132709
179124501.4256878793 650050.2876031101
166089167.4678715765 585417.1855726242
178813251.1060868800 644996.5554253757
184952243.2940936983 684160.5408935547
166430019.7189761698 586230.3896741867
184781117.0391269028 683796.4154052734
181759958.4619027376 665198.6414794922
166620545.1541322470 590869.8642835617
164681872.2149062157 570651.1386976242
184302194.2467361093 680493.3007812500
164035451.3289082646 565318.4577907848
184097698.9690677524 679597.6542968750
173922736.7620171010 608333.1282653809
162566054.1521171927 540711.2161433697
183693678.5347301066 677963.9802246094
163712040.9327301681 564364.1866573619
183422291.1658712327 677765.0200195312
183210030.4575329125 673919.0737304688
183232640.8896770775 676134.9167480469
176797295.4992355704 629359.6634330750
162484150.9841229916 535606.6910769939
162846819.6268051267 548313.9677989483
166052124.7158800662 582918.4881544113
165958899.5769449174 580940.0129346848
164345665.5777816772 566525.8112149239
183207033.9710381329 666138.1572265625
163859165.2342827320 564640.2266861200
162440324.0844776630 535393.1856257915
163929155.8973715007 565247.6806365252
162786652.0495822132 545579.5269409418
162764222.4539808631 544361.9329773188
