121601.2287991187 121996.1625779689
121786.9163927907 121972.9328127337
121949.3930372537 121972.9328127337
121856.5492404177 121949.7030474985
121926.1820880447 121949.7030474985
121972.6039864627 121787.0946908521
121902.9711388357 121787.0946908521
121879.7601896267 121787.0946908521
121879.7601896267 121856.7839865577
121694.0725959547 121880.0137517929
122158.2915801347 121903.2435170281
121902.9711388357 121903.2435170281
121856.5492404177 121903.2435170281
122251.1353769707 121926.4732822633
122019.0258848807 121926.4732822633

121601.2287991187 121996.1625779689
121786.9163927907 121972.9328127337
121949.3930372537 121972.9328127337
121856.5492404177 121949.7030474985
121926.1820880447 121949.7030474985
121578.0178499097 121926.4732822633
121647.6506975367 121926.4732822633
121902.9711388357 121926.4732822633
121833.3382912087 121787.0946908521
122158.2915801347 121810.3244560873
121856.5492404177 121810.3244560873
121879.7601896267 121856.7839865577
121694.0725959547 121880.0137517929
122158.2915801347 121903.2435170281
122135.0806309257 121903.2435170281

120719.2127291766 122182.0006998506
121624.4397483277 122182.0006998506
121299.4864594016 122019.3923432041
122181.5025293437 122019.3923432041
121020.9550688936 121972.9328127337
121299.4864594016 121972.9328127337
121902.9711388357 121972.9328127337
121044.1660181026 121926.4732822633
122436.8229706427 121856.7839865577
122483.2448690607 121833.5542213225
122181.5025293437 121810.3244560873
121554.8069007007 121763.8649256169
121879.7601896267 121763.8649256169
122158.2915801347 121694.1756299112
122808.1981579867 121670.9458646760

121299.4864594016 122112.3114041450
121601.2287991187 121996.1625779689
121624.4397483277 121996.1625779689
121926.1820880447 121972.9328127337
122227.9244277617 121972.9328127337
121578.0178499097 121926.4732822633
122552.8777166877 121926.4732822633
120974.5331704756 121903.2435170281
121322.6974086106 121903.2435170281
121902.9711388357 121903.2435170281
121879.7601896267 121880.0137517929
122808.1981579867 121670.9458646760
122227.9244277617 121740.6351603817
121879.7601896267 121740.6351603817
122181.5025293437 121810.3244560873

121879.7601896267 122019.3923432041
121601.2287991187 121996.1625779689
121624.4397483277 121949.7030474985
122181.5025293437 121949.7030474985
121578.0178499097 121926.4732822633
121902.9711388357 121787.0946908521
122181.5025293437 121810.3244560873
122158.2915801347 121810.3244560873
121902.9711388357 121810.3244560873
122436.8229706427 121833.5542213225
122251.1353769707 121856.7839865577
121902.9711388357 121856.7839865577
122158.2915801347 121903.2435170281
121879.7601896267 121903.2435170281
121578.0178499097 121903.2435170281

121044.1660181026 122042.6221084393
121624.4397483277 121996.1625779689
122227.9244277617 121972.9328127337
121578.0178499097 121926.4732822633
121322.6974086106 121903.2435170281
121902.9711388357 121903.2435170281
121879.7601896267 121880.0137517929
122506.4558182697 121880.0137517929
121601.2287991187 121856.7839865577
121299.4864594016 122158.7709346154
122251.1353769707 121856.7839865577
122483.2448690607 121833.5542213225
122181.5025293437 121810.3244560873
121879.7601896267 121787.0946908521
122227.9244277617 121740.6351603817

121601.2287991187 121996.1625779689
121786.9163927907 121972.9328127337
121949.3930372537 121972.9328127337
121856.5492404177 121949.7030474985
121926.1820880447 121949.7030474985
121578.0178499097 121926.4732822633
121647.6506975367 121926.4732822633
121902.9711388357 121926.4732822633
122251.1353769707 121926.4732822633
121717.2835451637 121903.2435170281
121902.9711388357 121903.2435170281
122158.2915801347 121903.2435170281
121902.9711388357 121810.3244560873
122158.2915801347 121810.3244560873
121902.9711388357 121787.0946908521

120719.2127291766 122182.0006998506
120440.6813386686 122135.5411693802
123620.5813803018 118279.4001403359
119999.6733036975 122042.6221084393
122181.5025293437 122019.3923432041
121020.9550688936 121972.9328127337
121299.4864594016 121972.9328127337
122436.8229706427 121856.7839865577
121554.8069007007 121763.8649256169
121879.7601896267 121763.8649256169
122158.2915801347 121694.1756299112
122854.6200564047 121624.4863342056
123156.3623961218 121601.2565689704
123458.1047358388 121554.7970385000
123922.3237200188 118465.2382622176

121879.7601896267 122019.3923432041
121601.2287991187 121996.1625779689
121624.4397483277 121996.1625779689
121902.9711388357 121787.0946908521
122181.5025293437 121810.3244560873
122158.2915801347 121810.3244560873
121902.9711388357 121810.3244560873
122436.8229706427 121833.5542213225
121624.4397483277 121833.5542213225
121902.9711388357 121856.7839865577
122158.2915801347 121903.2435170281
121879.7601896267 121903.2435170281
121578.0178499097 121903.2435170281
121322.6974086106 121903.2435170281
121926.1820880447 121949.7030474985

121299.4864594016 122112.3114041450
122808.1981579867 121670.9458646760
121879.7601896267 121787.0946908521
122181.5025293437 121810.3244560873
122483.2448690607 121833.5542213225
121879.7601896267 121880.0137517929
121253.0645609837 121880.0137517929
121926.1820880447 121926.4732822633
121856.5492404177 121926.4732822633
121578.0178499097 121926.4732822633
122227.9244277617 121972.9328127337
122181.5025293437 121972.9328127337
121624.4397483277 121996.1625779689
121601.2287991187 121996.1625779689
120997.7441196846 122042.6221084393

121879.7601896267 122019.3923432041
121601.2287991187 121996.1625779689
121624.4397483277 121949.7030474985
122181.5025293437 121949.7030474985
121578.0178499097 121926.4732822633
121322.6974086106 121903.2435170281
121578.0178499097 121903.2435170281
121879.7601896267 121903.2435170281
121902.9711388357 121856.7839865577
121229.8536117746 122135.5411693802
122436.8229706427 121833.5542213225
121902.9711388357 121810.3244560873
122158.2915801347 121810.3244560873
122181.5025293437 121810.3244560873
121902.9711388357 121787.0946908521

120719.2127291766 122182.0006998506
119999.6733036975 122042.6221084393
123481.3156850478 118790.4549755105
121299.4864594016 121972.9328127337
122436.8229706427 121856.7839865577
121554.8069007007 121763.8649256169
121879.7601896267 121763.8649256169
122854.6200564047 121624.4863342056
123156.3623961218 121601.2565689704
123458.1047358388 121554.7970385000
123922.3237200188 118465.2382622176
124200.8551105268 118906.6038016865
122158.2915801347 121694.1756299112
121020.9550688936 121972.9328127337
120440.6813386686 122135.5411693802

120765.6346275946 122182.0006998506
120417.4703894596 122158.7709346154
121879.7601896267 122112.3114041450
121624.4397483277 122089.0816389098
121299.4864594016 122019.3923432041
122181.5025293437 122019.3923432041
121020.9550688936 121972.9328127337
123922.3237200188 118465.2382622176
121276.2755101926 121508.3375080296
122901.0419548228 121531.5672732648
123156.3623961218 121624.4863342056
123434.8937866298 121670.9458646760
121879.7601896267 121763.8649256169
121554.8069007007 121763.8649256169
122460.0339198517 121856.7839865577

120765.6346275946 122182.0006998506
120417.4703894596 122158.7709346154
121879.7601896267 122112.3114041450
121624.4397483277 122089.0816389098
121299.4864594016 122019.3923432041
122181.5025293437 122019.3923432041
121020.9550688936 121972.9328127337
122436.8229706427 121856.7839865577
124293.6989073629 118743.9954450401
121554.8069007007 121763.8649256169
121879.7601896267 121763.8649256169
123063.5185992857 121740.6351603817
121276.2755101926 121717.4053951465
122158.2915801347 121694.1756299112
122784.9872087777 121601.2565689704

122227.9244277617 121740.6351603817
121879.7601896267 121787.0946908521
122181.5025293437 121810.3244560873
122483.2448690607 121833.5542213225
121879.7601896267 121880.0137517929
121322.6974086106 121903.2435170281
120974.5331704756 121903.2435170281
122552.8777166877 121926.4732822633
121578.0178499097 121926.4732822633
122227.9244277617 121972.9328127337
122181.5025293437 121972.9328127337
121926.1820880447 121972.9328127337
121601.2287991187 121996.1625779689
121624.4397483277 122089.0816389098
121299.4864594016 122112.3114041450

121601.2287991187 121996.1625779689
121902.9711388357 121972.9328127337
121949.3930372537 121972.9328127337
121902.9711388357 121787.0946908521
122181.5025293437 121810.3244560873
122158.2915801347 121810.3244560873
121902.9711388357 121810.3244560873
122436.8229706427 121833.5542213225
121624.4397483277 121833.5542213225
121902.9711388357 121856.7839865577
122158.2915801347 121903.2435170281
121879.7601896267 121903.2435170281
121578.0178499097 121903.2435170281
121322.6974086106 121903.2435170281
121926.1820880447 121949.7030474985

121601.2287991187 121996.1625779689
121786.9163927907 121972.9328127337
121949.3930372537 121972.9328127337
122227.9244277617 121949.7030474985
121926.1820880447 121949.7030474985
121578.0178499097 121926.4732822633
121647.6506975367 121926.4732822633
121902.9711388357 121926.4732822633
122251.1353769707 121926.4732822633
121578.0178499097 121903.2435170281
121902.9711388357 121903.2435170281
122158.2915801347 121903.2435170281
121902.9711388357 121810.3244560873
122158.2915801347 121810.3244560873
121902.9711388357 121787.0946908521

121601.2287991187 121996.1625779689
121786.9163927907 121972.9328127337
121949.3930372537 121972.9328127337
121856.5492404177 121949.7030474985
121926.1820880447 121949.7030474985
121578.0178499097 121926.4732822633
121647.6506975367 121926.4732822633
121902.9711388357 121926.4732822633
122251.1353769707 121926.4732822633
121578.0178499097 121903.2435170281
121902.9711388357 121903.2435170281
122158.2915801347 121903.2435170281
121902.9711388357 121810.3244560873
122158.2915801347 121810.3244560873
121902.9711388357 121787.0946908521

121879.7601896267 122019.3923432041
121183.4317133566 121996.1625779689
121601.2287991187 121996.1625779689
121902.9711388357 121787.0946908521
122181.5025293437 121949.7030474985
121578.0178499097 121926.4732822633
121322.6974086106 121903.2435170281
121578.0178499097 121903.2435170281
121879.7601896267 121903.2435170281
121902.9711388357 121856.7839865577
121624.4397483277 121833.5542213225
122436.8229706427 121833.5542213225
121902.9711388357 121810.3244560873
122158.2915801347 121810.3244560873
122181.5025293437 121810.3244560873

121879.7601896267 122019.3923432041
121183.4317133566 121996.1625779689
121601.2287991187 121996.1625779689
121624.4397483277 121949.7030474985
122181.5025293437 121949.7030474985
121578.0178499097 121926.4732822633
121322.6974086106 121903.2435170281
121578.0178499097 121903.2435170281
121879.7601896267 121903.2435170281
121902.9711388357 121856.7839865577
121902.9711388357 121787.0946908521
122181.5025293437 121810.3244560873
122158.2915801347 121810.3244560873
121902.9711388357 121810.3244560873
122436.8229706427 121833.5542213225

120719.2127291766 122182.0006998506
121601.2287991187 122089.0816389098
121624.4397483277 122089.0816389098
121879.7601896267 122042.6221084393
121299.4864594016 122019.3923432041
122181.5025293437 122019.3923432041
121020.9550688936 121972.9328127337
121902.9711388357 121972.9328127337
122158.2915801347 121972.9328127337
122808.1981579867 121670.9458646760
121554.8069007007 121763.8649256169
121879.7601896267 121787.0946908521
122181.5025293437 121810.3244560873
122483.2448690607 121833.5542213225
122436.8229706427 121856.7839865577

120719.2127291766 122182.0006998506
121879.7601896267 122112.3114041450
121624.4397483277 122089.0816389098
121299.4864594016 122019.3923432041
122181.5025293437 122019.3923432041
121020.9550688936 121972.9328127337
121902.9711388357 121972.9328127337
122784.9872087777 121601.2565689704
122158.2915801347 121694.1756299112
121276.2755101926 121717.4053951465
123063.5185992857 121740.6351603817
121879.7601896267 121763.8649256169
121554.8069007007 121763.8649256169
122181.5025293437 121810.3244560873
122483.2448690607 121833.5542213225

122784.9872087777 121601.2565689704
122158.2915801347 121694.1756299112
121276.2755101926 121717.4053951465
123063.5185992857 121740.6351603817
121879.7601896267 121763.8649256169
121554.8069007007 121763.8649256169
122460.0339198517 121856.7839865577
122436.8229706427 121856.7839865577
121020.9550688936 121972.9328127337
122181.5025293437 122019.3923432041
121299.4864594016 122019.3923432041
121624.4397483277 122089.0816389098
121879.7601896267 122112.3114041450
120417.4703894596 122158.7709346154
120765.6346275946 122182.0006998506

121879.7601896267 122019.3923432041
121601.2287991187 121996.1625779689
121624.4397483277 121996.1625779689
121902.9711388357 121787.0946908521
122181.5025293437 121810.3244560873
122158.2915801347 121810.3244560873
121902.9711388357 121810.3244560873
122436.8229706427 121833.5542213225
121902.9711388357 121856.7839865577
122158.2915801347 121903.2435170281
121879.7601896267 121903.2435170281
121578.0178499097 121903.2435170281
121322.6974086106 121903.2435170281
121926.1820880447 121949.7030474985
121856.5492404177 121949.7030474985

121601.2287991187 121996.1625779689
121786.9163927907 121972.9328127337
121856.5492404177 121949.7030474985
121926.1820880447 121949.7030474985
121322.6974086106 121903.2435170281
121578.0178499097 121903.2435170281
121879.7601896267 121903.2435170281
122158.2915801347 121903.2435170281
121902.9711388357 121856.7839865577
121810.1273419997 121996.1625779689
122436.8229706427 121833.5542213225
121902.9711388357 121810.3244560873
122158.2915801347 121810.3244560873
122181.5025293437 121810.3244560873
121902.9711388357 121787.0946908521

121044.1660181026 122042.6221084393
121902.9711388357 121787.0946908521
122181.5025293437 121810.3244560873
122158.2915801347 121810.3244560873
121902.9711388357 121810.3244560873
122436.8229706427 121833.5542213225
122251.1353769707 121856.7839865577
121926.1820880447 121856.7839865577
122506.4558182697 121880.0137517929
121902.9711388357 121903.2435170281
121322.6974086106 121903.2435170281
121578.0178499097 121926.4732822633
121879.7601896267 121996.1625779689
121624.4397483277 121996.1625779689
121601.2287991187 121996.1625779689

120719.2127291766 122182.0006998506
121624.4397483277 122182.0006998506
121299.4864594016 122019.3923432041
122181.5025293437 122019.3923432041
121020.9550688936 121972.9328127337
121299.4864594016 121972.9328127337
121902.9711388357 121972.9328127337
121044.1660181026 121926.4732822633
122436.8229706427 121856.7839865577
122784.9872087777 121601.2565689704
122158.2915801347 121694.1756299112
121879.7601896267 121763.8649256169
121554.8069007007 121763.8649256169
122483.2448690607 121833.5542213225
121554.8069007007 121903.2435170281

122227.9244277617 121740.6351603817
121879.7601896267 121787.0946908521
122181.5025293437 121810.3244560873
122483.2448690607 121833.5542213225
121879.7601896267 121880.0137517929
121322.6974086106 121903.2435170281
120974.5331704756 121903.2435170281
122552.8777166877 121926.4732822633
121578.0178499097 121926.4732822633
122227.9244277617 121972.9328127337
122181.5025293437 121972.9328127337
121926.1820880447 121972.9328127337
121624.4397483277 121996.1625779689
121601.2287991187 121996.1625779689
121299.4864594016 122112.3114041450

121902.9711388357 121787.0946908521
122158.2915801347 121810.3244560873
121902.9711388357 121810.3244560873
122158.2915801347 121903.2435170281
121902.9711388357 121903.2435170281
121578.0178499097 121903.2435170281
122251.1353769707 121926.4732822633
121902.9711388357 121926.4732822633
121647.6506975367 121926.4732822633
121578.0178499097 121926.4732822633
121926.1820880447 121949.7030474985
121949.3930372537 121972.9328127337
121902.9711388357 121972.9328127337
121601.2287991187 121996.1625779689
121879.7601896267 122019.3923432041

122204.7134785527 121810.3244560873
121601.2287991187 122089.0816389098
121624.4397483277 122089.0816389098
121299.4864594016 122019.3923432041
122181.5025293437 122019.3923432041
121020.9550688936 121972.9328127337
121902.9711388357 121972.9328127337
121578.0178499097 121949.7030474985
121879.7601896267 121949.7030474985
121879.7601896267 121880.0137517929
122436.8229706427 121856.7839865577
122483.2448690607 121833.5542213225
122181.5025293437 121810.3244560873
121879.7601896267 121787.0946908521
122808.1981579867 121670.9458646760

122227.9244277617 121787.0946908521
122181.5025293437 121810.3244560873
122158.2915801347 121810.3244560873
121902.9711388357 121810.3244560873
122158.2915801347 121903.2435170281
121902.9711388357 121903.2435170281
121578.0178499097 121903.2435170281
122251.1353769707 121926.4732822633
121647.6506975367 121926.4732822633
121578.0178499097 121926.4732822633
121926.1820880447 121949.7030474985
121949.3930372537 121972.9328127337
121902.9711388357 121972.9328127337
121601.2287991187 121996.1625779689
121879.7601896267 122019.3923432041

120719.2127291766 122182.0006998506
121601.2287991187 122089.0816389098
121624.4397483277 122089.0816389098
121299.4864594016 122019.3923432041
122181.5025293437 122019.3923432041
121020.9550688936 121972.9328127337
121902.9711388357 121972.9328127337
121578.0178499097 121949.7030474985
121879.7601896267 121949.7030474985
121879.7601896267 121880.0137517929
122436.8229706427 121856.7839865577
122483.2448690607 121833.5542213225
122181.5025293437 121810.3244560873
122784.9872087777 121601.2565689704
122158.2915801347 121694.1756299112

121044.1660181026 122042.6221084393
121624.4397483277 121996.1625779689
122227.9244277617 121972.9328127337
121578.0178499097 121926.4732822633
121322.6974086106 121903.2435170281
121902.9711388357 121903.2435170281
121879.7601896267 121880.0137517929
122506.4558182697 121880.0137517929
121601.2287991187 121856.7839865577
121926.1820880447 121856.7839865577
122251.1353769707 121856.7839865577
122483.2448690607 121833.5542213225
122181.5025293437 121810.3244560873
121879.7601896267 121787.0946908521
121902.9711388357 121787.0946908521

120765.6346275946 122182.0006998506
120417.4703894596 122158.7709346154
121601.2287991187 122089.0816389098
121299.4864594016 122019.3923432041
122181.5025293437 122019.3923432041
121020.9550688936 121972.9328127337
121299.4864594016 121972.9328127337
121902.9711388357 121972.9328127337
122784.9872087777 121601.2565689704
123063.5185992857 121740.6351603817
121879.7601896267 121763.8649256169
121554.8069007007 121763.8649256169
122181.5025293437 121810.3244560873
122436.8229706427 121856.7839865577
120092.5171005336 122019.3923432041

121879.7601896267 122019.3923432041
121601.2287991187 121996.1625779689
121624.4397483277 121996.1625779689
122181.5025293437 121949.7030474985
121578.0178499097 121926.4732822633
121902.9711388357 121787.0946908521
122181.5025293437 121810.3244560873
122158.2915801347 121810.3244560873
121902.9711388357 121810.3244560873
122436.8229706427 121833.5542213225
122251.1353769707 121856.7839865577
121902.9711388357 121856.7839865577
122158.2915801347 121903.2435170281
121879.7601896267 121903.2435170281
121578.0178499097 121903.2435170281

121879.7601896267 122019.3923432041
121601.2287991187 121996.1625779689
122204.7134785527 121972.9328127337
121624.4397483277 121949.7030474985
122181.5025293437 121949.7030474985
121578.0178499097 121926.4732822633
121322.6974086106 121903.2435170281
121578.0178499097 121903.2435170281
122181.5025293437 121903.2435170281
121902.9711388357 121856.7839865577
121322.6974086106 121833.5542213225
122436.8229706427 121833.5542213225
121902.9711388357 121810.3244560873
122158.2915801347 121810.3244560873
121902.9711388357 121787.0946908521

121879.7601896267 122205.2304650858
120719.2127291766 122182.0006998506
120371.0484910416 122112.3114041450
121601.2287991187 122089.0816389098
121299.4864594016 122019.3923432041
122181.5025293437 122019.3923432041
121020.9550688936 121972.9328127337
122460.0339198517 121856.7839865577
121554.8069007007 121763.8649256169
121879.7601896267 121763.8649256169
123434.8937866298 121670.9458646760
123156.3623961218 121624.4863342056
122901.0419548228 121531.5672732648
121276.2755101926 121508.3375080296
123922.3237200188 118465.2382622176

121601.2287991187 121996.1625779689
121786.9163927907 121972.9328127337
121856.5492404177 121949.7030474985
121926.1820880447 121949.7030474985
121322.6974086106 121903.2435170281
121578.0178499097 121903.2435170281
121879.7601896267 121903.2435170281
122158.2915801347 121903.2435170281
121902.9711388357 121856.7839865577
121624.4397483277 121833.5542213225
122436.8229706427 121833.5542213225
121902.9711388357 121787.0946908521
122181.5025293437 121810.3244560873
122158.2915801347 121810.3244560873
121902.9711388357 121810.3244560873

121601.2287991187 121996.1625779689
121902.9711388357 121972.9328127337
121949.3930372537 121972.9328127337
121926.1820880447 121949.7030474985
121578.0178499097 121926.4732822633
121647.6506975367 121926.4732822633
122251.1353769707 121926.4732822633
121902.9711388357 121787.0946908521
121879.7601896267 121787.0946908521
122181.5025293437 121810.3244560873
122158.2915801347 121810.3244560873
121902.9711388357 121810.3244560873
122158.2915801347 121903.2435170281
121902.9711388357 121903.2435170281
121578.0178499097 121903.2435170281

121879.7601896267 122019.3923432041
121601.2287991187 121996.1625779689
121044.1660181026 122112.3114041450
122181.5025293437 121949.7030474985
121578.0178499097 121926.4732822633
121322.6974086106 121903.2435170281
121578.0178499097 121903.2435170281
121879.7601896267 121903.2435170281
121902.9711388357 121856.7839865577
121624.4397483277 121833.5542213225
122436.8229706427 121833.5542213225
121902.9711388357 121810.3244560873
122158.2915801347 121810.3244560873
122181.5025293437 121810.3244560873
121902.9711388357 121787.0946908521

120719.2127291766 122182.0006998506
119999.6733036975 122042.6221084393
122181.5025293437 122019.3923432041
121299.4864594016 121972.9328127337
122436.8229706427 121856.7839865577
121554.8069007007 121763.8649256169
121879.7601896267 121763.8649256169
122854.6200564047 121624.4863342056
123156.3623961218 121601.2565689704
123458.1047358388 121554.7970385000
123922.3237200188 118465.2382622176
124200.8551105268 118906.6038016865
122158.2915801347 121694.1756299112
121020.9550688936 121972.9328127337
120440.6813386686 122135.5411693802

121044.1660181026 122042.6221084393
121601.2287991187 121996.1625779689
121624.4397483277 121996.1625779689
121902.9711388357 121787.0946908521
122181.5025293437 121810.3244560873
122158.2915801347 121810.3244560873
121902.9711388357 121810.3244560873
122436.8229706427 121833.5542213225
121322.6974086106 121833.5542213225
121902.9711388357 121856.7839865577
121578.0178499097 121903.2435170281
121322.6974086106 121903.2435170281
121578.0178499097 121926.4732822633
122181.5025293437 121949.7030474985
121624.4397483277 121949.7030474985

120719.2127291766 122182.0006998506
120440.6813386686 122135.5411693802
121601.2287991187 122089.0816389098
119999.6733036975 122042.6221084393
122181.5025293437 122019.3923432041
121020.9550688936 121972.9328127337
121299.4864594016 121972.9328127337
121902.9711388357 121972.9328127337
122436.8229706427 121856.7839865577
123922.3237200188 118465.2382622176
122599.2996151057 121461.8779775592
121902.9711388357 121508.3375080296
123179.5733453308 121531.5672732648
122901.0419548228 121531.5672732648
123434.8937866298 121670.9458646760

122227.9244277617 121740.6351603817
121879.7601896267 121787.0946908521
122181.5025293437 121810.3244560873
122483.2448690607 121833.5542213225
122251.1353769707 121856.7839865577
121926.1820880447 121856.7839865577
121601.2287991187 121856.7839865577
122506.4558182697 121880.0137517929
121879.7601896267 121880.0137517929
121902.9711388357 121903.2435170281
121322.6974086106 121903.2435170281
121578.0178499097 121926.4732822633
122227.9244277617 121972.9328127337
121624.4397483277 121996.1625779689
121044.1660181026 122042.6221084393

121044.1660181026 122042.6221084393
121601.2287991187 121996.1625779689
121624.4397483277 121996.1625779689
121949.3930372537 121996.1625779689
121578.0178499097 121926.4732822633
121322.6974086106 121903.2435170281
121578.0178499097 121903.2435170281
121902.9711388357 121787.0946908521
122181.5025293437 121810.3244560873
122158.2915801347 121810.3244560873
121902.9711388357 121810.3244560873
122436.8229706427 121833.5542213225
121624.4397483277 121833.5542213225
121902.9711388357 121856.7839865577
121879.7601896267 121903.2435170281

121276.2755101926 122089.0816389098
121601.2287991187 121996.1625779689
121624.4397483277 121996.1625779689
121322.6974086106 121972.9328127337
121926.1820880447 121972.9328127337
122227.9244277617 121972.9328127337
122227.9244277617 121740.6351603817
121879.7601896267 121787.0946908521
122181.5025293437 121810.3244560873
122483.2448690607 121833.5542213225
121879.7601896267 121880.0137517929
121322.6974086106 121903.2435170281
120974.5331704756 121903.2435170281
121926.1820880447 121926.4732822633
121578.0178499097 121926.4732822633

120719.2127291766 122182.0006998506
121624.4397483277 122089.0816389098
121299.4864594016 122019.3923432041
122181.5025293437 122019.3923432041
121020.9550688936 121972.9328127337
121299.4864594016 121972.9328127337
121902.9711388357 121972.9328127337
121044.1660181026 121926.4732822633
122436.8229706427 121856.7839865577
122460.0339198517 121856.7839865577
122181.5025293437 121810.3244560873
121554.8069007007 121763.8649256169
121879.7601896267 121763.8649256169
122158.2915801347 121694.1756299112
122808.1981579867 121670.9458646760

120765.6346275946 122182.0006998506
120417.4703894596 122158.7709346154
121624.4397483277 122089.0816389098
121299.4864594016 122019.3923432041
121020.9550688936 121972.9328127337
121902.9711388357 121972.9328127337
123458.1047358388 121554.7970385000
123156.3623961218 121601.2565689704
122854.6200564047 121624.4863342056
122158.2915801347 121694.1756299112
121879.7601896267 121763.8649256169
121554.8069007007 121763.8649256169
122460.0339198517 121856.7839865577
122436.8229706427 121856.7839865577
122181.5025293437 122019.3923432041

120719.2127291766 122182.0006998506
121624.4397483277 122182.0006998506
121299.4864594016 122019.3923432041
123040.3076500767 121624.4863342056
121020.9550688936 121972.9328127337
121299.4864594016 121972.9328127337
121902.9711388357 121972.9328127337
121044.1660181026 121926.4732822633
122436.8229706427 121856.7839865577
122483.2448690607 121833.5542213225
122181.5025293437 121810.3244560873
121554.8069007007 121763.8649256169
121879.7601896267 121763.8649256169
122158.2915801347 121694.1756299112
122784.9872087777 121601.2565689704

121879.7601896267 122019.3923432041
121601.2287991187 121996.1625779689
121902.9711388357 121787.0946908521
122181.5025293437 121810.3244560873
122158.2915801347 121810.3244560873
121902.9711388357 121810.3244560873
122436.8229706427 121833.5542213225
121624.4397483277 121833.5542213225
121902.9711388357 121856.7839865577
122158.2915801347 121903.2435170281
121879.7601896267 121903.2435170281
121578.0178499097 121903.2435170281
121322.6974086106 121903.2435170281
121926.1820880447 121949.7030474985
121856.5492404177 121949.7030474985

121601.2287991187 121996.1625779689
121786.9163927907 121972.9328127337
121926.1820880447 121949.7030474985
121647.6506975367 121926.4732822633
122019.0258848807 121926.4732822633
122251.1353769707 121926.4732822633
121856.5492404177 121903.2435170281
121902.9711388357 121903.2435170281
122135.0806309257 121903.2435170281
122158.2915801347 121903.2435170281
121694.0725959547 121880.0137517929
121879.7601896267 121856.7839865577
121856.5492404177 121810.3244560873
122158.2915801347 121810.3244560873
121902.9711388357 121787.0946908521

120719.2127291766 122182.0006998506
121879.7601896267 122112.3114041450
121624.4397483277 122089.0816389098
121299.4864594016 122019.3923432041
122181.5025293437 122019.3923432041
121020.9550688936 121972.9328127337
121902.9711388357 121972.9328127337
122436.8229706427 121856.7839865577
122483.2448690607 121833.5542213225
122181.5025293437 121810.3244560873
121554.8069007007 121763.8649256169
121879.7601896267 121763.8649256169
123063.5185992857 121740.6351603817
122808.1981579867 121670.9458646760
122158.2915801347 121694.1756299112

121902.9711388357 121787.0946908521
122181.5025293437 121810.3244560873
122158.2915801347 121810.3244560873
121902.9711388357 121810.3244560873
122436.8229706427 121833.5542213225
122251.1353769707 121856.7839865577
121902.9711388357 121856.7839865577
122158.2915801347 121903.2435170281
121879.7601896267 121903.2435170281
121578.0178499097 121903.2435170281
121322.6974086106 121903.2435170281
122181.5025293437 121949.7030474985
121624.4397483277 121949.7030474985
121601.2287991187 121996.1625779689
121879.7601896267 122019.3923432041

121044.1660181026 122042.6221084393
121833.3382912087 122042.6221084393
121624.4397483277 121996.1625779689
122227.9244277617 121972.9328127337
121578.0178499097 121926.4732822633
121322.6974086106 121903.2435170281
121578.0178499097 121903.2435170281
121902.9711388357 121903.2435170281
122506.4558182697 121880.0137517929
121902.9711388357 121787.0946908521
122181.5025293437 121810.3244560873
122158.2915801347 121810.3244560873
121902.9711388357 121810.3244560873
122436.8229706427 121833.5542213225
121322.6974086106 121833.5542213225

121322.6974086106 122065.8518736745
121601.2287991187 121996.1625779689
121624.4397483277 121996.1625779689
121926.1820880447 121972.9328127337
122227.9244277617 121972.9328127337
121578.0178499097 121926.4732822633
122552.8777166877 121926.4732822633
120974.5331704756 121903.2435170281
121322.6974086106 121903.2435170281
121902.9711388357 121903.2435170281
121879.7601896267 121880.0137517929
122483.2448690607 121833.5542213225
122181.5025293437 121810.3244560873
121879.7601896267 121787.0946908521
122808.1981579867 121670.9458646760

121879.7601896267 122019.3923432041
121601.2287991187 121996.1625779689
121902.9711388357 121972.9328127337
121949.3930372537 121972.9328127337
121926.1820880447 121949.7030474985
121647.6506975367 121926.4732822633
121833.3382912087 121787.0946908521
122158.2915801347 121810.3244560873
121856.5492404177 121810.3244560873
121879.7601896267 121856.7839865577
121694.0725959547 121880.0137517929
122158.2915801347 121903.2435170281
122135.0806309257 121903.2435170281
121902.9711388357 121903.2435170281
121856.5492404177 121903.2435170281

120719.2127291766 122182.0006998506
121601.2287991187 122089.0816389098
121624.4397483277 122089.0816389098
122181.5025293437 122019.3923432041
121020.9550688936 121972.9328127337
121299.4864594016 121972.9328127337
121902.9711388357 121972.9328127337
121879.7601896267 121949.7030474985
121554.8069007007 121880.0137517929
122808.1981579867 121670.9458646760
121879.7601896267 121787.0946908521
122181.5025293437 121810.3244560873
122483.2448690607 121833.5542213225
122436.8229706427 121856.7839865577
121879.7601896267 121880.0137517929

122784.9872087777 121601.2565689704
123063.5185992857 121740.6351603817
121879.7601896267 121763.8649256169
121554.8069007007 121763.8649256169
122181.5025293437 121810.3244560873
122436.8229706427 121856.7839865577
121902.9711388357 121972.9328127337
121020.9550688936 121972.9328127337
122181.5025293437 122019.3923432041
121299.4864594016 122019.3923432041
120092.5171005336 122019.3923432041
121879.7601896267 122089.0816389098
121624.4397483277 122089.0816389098
120417.4703894596 122158.7709346154
120765.6346275946 122182.0006998506

121902.9711388357 121787.0946908521
121879.7601896267 121787.0946908521
122460.0339198517 121810.3244560873
122181.5025293437 121810.3244560873
122158.2915801347 121810.3244560873
121902.9711388357 121810.3244560873
122158.2915801347 121903.2435170281
121902.9711388357 121903.2435170281
121578.0178499097 121903.2435170281
121647.6506975367 121926.4732822633
121578.0178499097 121926.4732822633
121926.1820880447 121949.7030474985
121856.5492404177 121949.7030474985
121601.2287991187 121996.1625779689
121879.7601896267 122019.3923432041

121601.2287991187 121996.1625779689
121902.9711388357 121972.9328127337
121949.3930372537 121972.9328127337
121995.8149356717 121972.9328127337
121926.1820880447 121949.7030474985
121578.0178499097 121926.4732822633
121647.6506975367 121926.4732822633
122251.1353769707 121926.4732822633
121578.0178499097 121903.2435170281
121902.9711388357 121903.2435170281
122158.2915801347 121903.2435170281
122436.8229706427 121833.5542213225
121902.9711388357 121810.3244560873
122158.2915801347 121810.3244560873
122181.5025293437 121810.3244560873

121902.9711388357 121787.0946908521
122181.5025293437 121810.3244560873
122158.2915801347 121810.3244560873
121902.9711388357 121810.3244560873
122436.8229706427 121833.5542213225
122251.1353769707 121856.7839865577
121902.9711388357 121856.7839865577
122158.2915801347 121903.2435170281
121879.7601896267 121903.2435170281
121578.0178499097 121903.2435170281
121322.6974086106 121903.2435170281
121926.1820880447 121949.7030474985
121856.5492404177 121949.7030474985
121786.9163927907 121972.9328127337
121601.2287991187 121996.1625779689

120765.6346275946 122182.0006998506
120417.4703894596 122158.7709346154
121879.7601896267 122112.3114041450
121624.4397483277 122089.0816389098
121299.4864594016 122019.3923432041
122181.5025293437 122019.3923432041
121276.2755101926 121508.3375080296
123156.3623961218 121601.2565689704
122854.6200564047 121624.4863342056
122158.2915801347 121694.1756299112
121879.7601896267 121763.8649256169
121554.8069007007 121763.8649256169
122460.0339198517 121856.7839865577
122436.8229706427 121856.7839865577
121020.9550688936 121972.9328127337

121902.9711388357 121787.0946908521
122181.5025293437 121810.3244560873
122158.2915801347 121810.3244560873
121902.9711388357 121810.3244560873
122436.8229706427 121833.5542213225
122158.2915801347 121903.2435170281
121902.9711388357 121903.2435170281
121578.0178499097 121903.2435170281
122251.1353769707 121926.4732822633
121647.6506975367 121926.4732822633
121578.0178499097 121926.4732822633
121926.1820880447 121949.7030474985
121856.5492404177 121949.7030474985
121786.9163927907 121972.9328127337
121601.2287991187 121996.1625779689

120765.6346275946 122182.0006998506
120417.4703894596 122158.7709346154
121601.2287991187 122089.0816389098
121299.4864594016 122019.3923432041
122181.5025293437 122019.3923432041
121020.9550688936 121972.9328127337
121299.4864594016 121972.9328127337
121902.9711388357 121972.9328127337
121554.8069007007 121903.2435170281
122436.8229706427 121856.7839865577
122483.2448690607 121833.5542213225
122784.9872087777 121601.2565689704
122158.2915801347 121694.1756299112
123063.5185992857 121740.6351603817
121879.7601896267 121763.8649256169

121902.9711388357 121787.0946908521
122460.0339198517 121833.5542213225
122158.2915801347 121810.3244560873
121902.9711388357 121810.3244560873
122436.8229706427 121833.5542213225
121322.6974086106 121833.5542213225
121902.9711388357 121856.7839865577
121578.0178499097 121903.2435170281
121322.6974086106 121903.2435170281
121578.0178499097 121926.4732822633
122181.5025293437 121949.7030474985
121624.4397483277 121949.7030474985
122204.7134785527 121972.9328127337
121601.2287991187 121996.1625779689
121879.7601896267 122019.3923432041

120719.2127291766 122182.0006998506
120440.6813386686 122135.5411693802
119999.6733036975 122042.6221084393
122181.5025293437 122019.3923432041
121020.9550688936 121972.9328127337
121299.4864594016 121972.9328127337
122436.8229706427 121856.7839865577
121554.8069007007 121763.8649256169
121879.7601896267 121763.8649256169
122854.6200564047 121624.4863342056
123156.3623961218 121601.2565689704
123458.1047358388 121554.7970385000
124200.8551105268 118906.6038016865
123922.3237200188 118465.2382622176
121276.2755101926 121508.3375080296

120719.2127291766 122182.0006998506
121879.7601896267 122112.3114041450
122784.9872087777 121601.2565689704
122158.2915801347 121694.1756299112
121276.2755101926 121717.4053951465
123063.5185992857 121740.6351603817
121879.7601896267 121763.8649256169
121554.8069007007 121763.8649256169
122181.5025293437 121810.3244560873
122483.2448690607 121833.5542213225
122436.8229706427 121856.7839865577
121902.9711388357 121972.9328127337
121020.9550688936 121972.9328127337
121299.4864594016 122019.3923432041
121624.4397483277 122089.0816389098

120719.2127291766 122182.0006998506
120440.6813386686 122135.5411693802
119999.6733036975 122042.6221084393
122181.5025293437 122019.3923432041
121020.9550688936 121972.9328127337
121299.4864594016 121972.9328127337
122436.8229706427 121856.7839865577
121554.8069007007 121763.8649256169
121879.7601896267 121763.8649256169
118189.2192653954 115538.2878425816
122854.6200564047 121624.4863342056
123156.3623961218 121601.2565689704
123458.1047358388 121554.7970385000
124200.8551105268 118906.6038016865
123922.3237200188 118465.2382622176

122784.9872087777 121601.2565689704
122158.2915801347 121694.1756299112
121276.2755101926 121717.4053951465
123063.5185992857 121740.6351603817
121879.7601896267 121763.8649256169
121554.8069007007 121763.8649256169
122181.5025293437 121810.3244560873
122483.2448690607 121833.5542213225
122436.8229706427 121856.7839865577
121902.9711388357 121972.9328127337
121020.9550688936 121972.9328127337
121299.4864594016 122019.3923432041
121624.4397483277 122089.0816389098
120417.4703894596 122158.7709346154
120765.6346275946 122182.0006998506

121879.7601896267 122112.3114041450
121624.4397483277 122089.0816389098
121299.4864594016 122019.3923432041
122181.5025293437 122019.3923432041
121020.9550688936 121972.9328127337
121299.4864594016 121972.9328127337
121902.9711388357 121972.9328127337
121879.7601896267 121949.7030474985
121554.8069007007 121880.0137517929
122436.8229706427 121856.7839865577
121624.4397483277 121694.1756299112
122181.5025293437 121810.3244560873
121879.7601896267 121740.6351603817
122158.2915801347 121694.1756299112
122808.1981579867 121670.9458646760

120719.2127291766 122182.0006998506
120440.6813386686 122135.5411693802
121601.2287991187 122089.0816389098
119999.6733036975 122042.6221084393
122529.6667674787 120997.2826728551
121020.9550688936 121972.9328127337
121299.4864594016 121972.9328127337
121902.9711388357 121972.9328127337
122436.8229706427 121856.7839865577
121554.8069007007 121763.8649256169
121879.7601896267 121763.8649256169
122158.2915801347 121694.1756299112
122854.6200564047 121624.4863342056
123156.3623961218 121601.2565689704
123458.1047358388 121554.7970385000

120719.2127291766 122182.0006998506
120440.6813386686 122135.5411693802
121601.2287991187 122089.0816389098
119999.6733036975 122042.6221084393
122181.5025293437 122019.3923432041
121020.9550688936 121972.9328127337
121299.4864594016 121972.9328127337
122436.8229706427 121856.7839865577
121879.7601896267 121763.8649256169
122158.2915801347 121694.1756299112
122854.6200564047 121624.4863342056
123156.3623961218 121601.2565689704
123458.1047358388 121554.7970385000
123922.3237200188 118465.2382622176
121276.2755101926 121508.3375080296

121624.4397483277 122089.0816389098
121902.9711388357 121787.0946908521
122181.5025293437 121810.3244560873
122158.2915801347 121810.3244560873
121902.9711388357 121810.3244560873
122436.8229706427 121833.5542213225
122158.2915801347 121903.2435170281
121902.9711388357 121903.2435170281
121578.0178499097 121903.2435170281
122251.1353769707 121926.4732822633
121647.6506975367 121926.4732822633
121578.0178499097 121926.4732822633
121926.1820880447 121949.7030474985
121949.3930372537 121972.9328127337
121902.9711388357 121972.9328127337

120719.2127291766 122182.0006998506
120440.6813386686 122135.5411693802
121601.2287991187 122089.0816389098
119999.6733036975 122042.6221084393
122181.5025293437 122019.3923432041
121020.9550688936 121972.9328127337
121299.4864594016 121972.9328127337
122436.8229706427 121856.7839865577
121879.7601896267 121763.8649256169
122158.2915801347 121694.1756299112
122854.6200564047 121624.4863342056
123156.3623961218 121601.2565689704
123458.1047358388 121554.7970385000
123922.3237200188 118465.2382622176
122599.2996151057 121461.8779775592

121902.9711388357 121787.0946908521
121879.7601896267 121787.0946908521
122460.0339198517 121810.3244560873
122181.5025293437 121810.3244560873
122158.2915801347 121810.3244560873
121902.9711388357 121810.3244560873
122158.2915801347 121903.2435170281
121902.9711388357 121903.2435170281
121578.0178499097 121903.2435170281
121647.6506975367 121926.4732822633
121926.1820880447 121949.7030474985
121949.3930372537 121972.9328127337
121902.9711388357 121972.9328127337
121601.2287991187 121996.1625779689
121879.7601896267 122019.3923432041

123458.1047358388 121554.7970385000
123156.3623961218 121601.2565689704
122854.6200564047 121624.4863342056
122158.2915801347 121694.1756299112
121879.7601896267 121763.8649256169
121554.8069007007 121763.8649256169
122460.0339198517 121856.7839865577
122436.8229706427 121856.7839865577
121020.9550688936 121972.9328127337
122181.5025293437 122019.3923432041
121299.4864594016 122019.3923432041
121624.4397483277 122089.0816389098
121879.7601896267 122112.3114041450
120417.4703894596 122158.7709346154
120765.6346275946 122182.0006998506

121299.4864594016 122112.3114041450
121601.2287991187 121996.1625779689
121624.4397483277 121996.1625779689
122227.9244277617 121740.6351603817
121879.7601896267 121787.0946908521
122181.5025293437 121810.3244560873
122483.2448690607 121833.5542213225
121879.7601896267 121880.0137517929
121322.6974086106 121903.2435170281
120974.5331704756 121903.2435170281
121926.1820880447 121926.4732822633
121578.0178499097 121926.4732822633
122227.9244277617 121972.9328127337
121926.1820880447 121972.9328127337
121624.4397483277 121972.9328127337

121299.4864594016 122112.3114041450
121902.9711388357 121787.0946908521
122181.5025293437 121810.3244560873
122158.2915801347 121810.3244560873
121902.9711388357 121810.3244560873
122436.8229706427 121833.5542213225
122251.1353769707 121856.7839865577
121902.9711388357 121856.7839865577
121879.7601896267 121903.2435170281
121578.0178499097 121903.2435170281
121322.6974086106 121903.2435170281
121578.0178499097 121926.4732822633
122181.5025293437 121949.7030474985
121624.4397483277 121949.7030474985
121601.2287991187 121996.1625779689

122808.1981579867 121670.9458646760
120742.4236783856 122135.5411693802
121879.7601896267 121740.6351603817
122181.5025293437 121810.3244560873
122483.2448690607 121833.5542213225
122436.8229706427 121856.7839865577
121554.8069007007 121880.0137517929
121879.7601896267 121949.7030474985
121902.9711388357 121972.9328127337
121299.4864594016 121972.9328127337
121020.9550688936 121972.9328127337
122181.5025293437 122019.3923432041
121299.4864594016 122019.3923432041
121624.4397483277 122089.0816389098
121879.7601896267 122112.3114041450

121299.4864594016 122112.3114041450
121902.9711388357 121787.0946908521
122181.5025293437 121810.3244560873
122158.2915801347 121810.3244560873
121902.9711388357 121810.3244560873
122436.8229706427 121833.5542213225
122251.1353769707 121856.7839865577
121902.9711388357 121856.7839865577
121879.7601896267 121903.2435170281
121578.0178499097 121903.2435170281
121322.6974086106 121903.2435170281
121578.0178499097 121926.4732822633
121624.4397483277 121949.7030474985
121601.2287991187 121996.1625779689
121879.7601896267 122019.3923432041

120765.6346275946 122182.0006998506
120417.4703894596 122158.7709346154
121624.4397483277 122089.0816389098
121299.4864594016 122019.3923432041
122181.5025293437 122019.3923432041
121020.9550688936 121972.9328127337
121902.9711388357 121972.9328127337
122436.8229706427 121856.7839865577
122483.2448690607 121833.5542213225
123458.1047358388 121554.7970385000
123156.3623961218 121601.2565689704
122854.6200564047 121624.4863342056
122158.2915801347 121694.1756299112
121879.7601896267 121763.8649256169
121554.8069007007 121763.8649256169

121299.4864594016 122112.3114041450
122808.1981579867 121670.9458646760
122158.2915801347 121694.1756299112
121879.7601896267 121763.8649256169
121554.8069007007 121763.8649256169
122181.5025293437 121810.3244560873
122483.2448690607 121833.5542213225
122436.8229706427 121856.7839865577
121879.7601896267 121949.7030474985
121902.9711388357 121972.9328127337
121020.9550688936 121972.9328127337
122181.5025293437 122019.3923432041
121299.4864594016 122019.3923432041
121624.4397483277 122089.0816389098
121624.4397483277 122135.5411693802

121299.4864594016 122112.3114041450
121601.2287991187 121996.1625779689
121624.4397483277 121996.1625779689
121879.7601896267 121996.1625779689
121578.0178499097 121926.4732822633
121322.6974086106 121903.2435170281
121902.9711388357 121903.2435170281
122506.4558182697 121880.0137517929
121926.1820880447 121856.7839865577
122251.1353769707 121856.7839865577
121902.9711388357 121787.0946908521
122181.5025293437 121810.3244560873
122158.2915801347 121810.3244560873
121902.9711388357 121810.3244560873
122436.8229706427 121833.5542213225

120719.2127291766 122182.0006998506
121856.5492404177 122065.8518736745
121624.4397483277 122089.0816389098
121299.4864594016 122019.3923432041
122181.5025293437 122019.3923432041
121020.9550688936 121972.9328127337
121902.9711388357 121972.9328127337
122436.8229706427 121856.7839865577
122483.2448690607 121833.5542213225
122181.5025293437 121810.3244560873
121554.8069007007 121763.8649256169
121879.7601896267 121763.8649256169
123063.5185992857 121740.6351603817
122158.2915801347 121694.1756299112
122784.9872087777 121601.2565689704

122808.1981579867 121670.9458646760
122227.9244277617 121740.6351603817
121879.7601896267 121787.0946908521
122181.5025293437 121810.3244560873
122483.2448690607 121833.5542213225
121879.7601896267 121880.0137517929
121253.0645609837 121880.0137517929
121902.9711388357 121903.2435170281
120974.5331704756 121903.2435170281
121578.0178499097 121926.4732822633
122227.9244277617 121972.9328127337
121926.1820880447 121972.9328127337
121624.4397483277 121996.1625779689
121601.2287991187 121996.1625779689
121299.4864594016 122112.3114041450

120765.6346275946 122182.0006998506
120417.4703894596 122158.7709346154
121624.4397483277 122089.0816389098
120092.5171005336 122019.3923432041
121299.4864594016 122019.3923432041
122181.5025293437 122019.3923432041
121020.9550688936 121972.9328127337
121902.9711388357 121972.9328127337
123156.3623961218 121601.2565689704
122854.6200564047 121624.4863342056
121879.7601896267 121763.8649256169
121554.8069007007 121763.8649256169
122181.5025293437 121810.3244560873
122483.2448690607 121833.5542213225
122436.8229706427 121856.7839865577

121601.2287991187 122158.7709346154
121879.7601896267 122112.3114041450
121624.4397483277 122089.0816389098
121299.4864594016 122019.3923432041
122181.5025293437 122019.3923432041
121020.9550688936 121972.9328127337
121299.4864594016 121972.9328127337
121902.9711388357 121972.9328127337
122808.1981579867 121670.9458646760
122158.2915801347 121694.1756299112
121879.7601896267 121763.8649256169
121554.8069007007 121763.8649256169
122181.5025293437 121810.3244560873
122483.2448690607 121833.5542213225
122436.8229706427 121856.7839865577

121879.7601896267 122019.3923432041
121601.2287991187 121996.1625779689
121624.4397483277 121996.1625779689
122181.5025293437 121949.7030474985
121578.0178499097 121926.4732822633
121322.6974086106 121903.2435170281
121578.0178499097 121903.2435170281
121856.5492404177 121903.2435170281
121902.9711388357 121787.0946908521
122181.5025293437 121810.3244560873
122158.2915801347 121810.3244560873
121902.9711388357 121810.3244560873
122436.8229706427 121833.5542213225
122158.2915801347 121903.2435170281
121902.9711388357 121903.2435170281

120765.6346275946 122182.0006998506
120417.4703894596 122158.7709346154
121601.2287991187 122089.0816389098
122808.1981579867 121670.9458646760
122158.2915801347 121694.1756299112
121879.7601896267 121740.6351603817
121554.8069007007 121763.8649256169
121299.4864594016 121787.0946908521
122181.5025293437 121810.3244560873
122436.8229706427 121856.7839865577
121879.7601896267 121949.7030474985
121902.9711388357 121972.9328127337
121020.9550688936 121972.9328127337
122181.5025293437 122019.3923432041
121299.4864594016 122019.3923432041

120719.2127291766 122182.0006998506
121624.4397483277 122135.5411693802
121879.7601896267 122112.3114041450
121624.4397483277 122089.0816389098
121299.4864594016 122019.3923432041
122181.5025293437 122019.3923432041
121020.9550688936 121972.9328127337
121299.4864594016 121972.9328127337
121902.9711388357 121972.9328127337
122436.8229706427 121856.7839865577
122483.2448690607 121833.5542213225
122808.1981579867 121670.9458646760
122158.2915801347 121694.1756299112
121879.7601896267 121740.6351603817
121554.8069007007 121763.8649256169

121902.9711388357 121787.0946908521
122181.5025293437 121810.3244560873
122158.2915801347 121810.3244560873
121902.9711388357 121810.3244560873
122436.8229706427 121833.5542213225
122158.2915801347 121903.2435170281
121902.9711388357 121903.2435170281
121578.0178499097 121903.2435170281
122251.1353769707 121926.4732822633
121647.6506975367 121926.4732822633
121578.0178499097 121926.4732822633
121926.1820880447 121949.7030474985
121949.3930372537 121972.9328127337
121902.9711388357 121972.9328127337
121601.2287991187 121996.1625779689

120719.2127291766 122182.0006998506
120440.6813386686 122135.5411693802
121601.2287991187 122089.0816389098
119999.6733036975 122042.6221084393
122181.5025293437 122019.3923432041
121020.9550688936 121972.9328127337
121299.4864594016 121972.9328127337
122436.8229706427 121856.7839865577
121554.8069007007 121763.8649256169
121879.7601896267 121763.8649256169
122854.6200564047 121624.4863342056
123156.3623961218 121601.2565689704
123458.1047358388 121554.7970385000
123922.3237200188 118465.2382622176
122181.5025293437 121810.3244560873

120719.2127291766 122182.0006998506
121624.4397483277 122135.5411693802
121879.7601896267 122112.3114041450
121624.4397483277 122089.0816389098
121299.4864594016 122019.3923432041
122181.5025293437 122019.3923432041
121020.9550688936 121972.9328127337
121299.4864594016 121972.9328127337
121902.9711388357 121972.9328127337
122436.8229706427 121856.7839865577
122483.2448690607 121833.5542213225
121554.8069007007 121763.8649256169
121879.7601896267 121763.8649256169
122808.1981579867 121670.9458646760
122158.2915801347 121694.1756299112

120719.2127291766 122182.0006998506
121624.4397483277 122135.5411693802
121624.4397483277 122089.0816389098
121299.4864594016 122019.3923432041
122181.5025293437 122019.3923432041
121020.9550688936 121972.9328127337
121902.9711388357 121972.9328127337
121879.7601896267 121949.7030474985
122436.8229706427 121856.7839865577
122483.2448690607 121833.5542213225
122181.5025293437 121810.3244560873
122808.1981579867 121670.9458646760
121554.8069007007 121763.8649256169
121879.7601896267 121787.0946908521
121299.4864594016 121972.9328127337

120719.2127291766 122182.0006998506
121601.2287991187 122089.0816389098
121624.4397483277 122089.0816389098
121299.4864594016 122019.3923432041
122181.5025293437 122019.3923432041
121020.9550688936 121972.9328127337
121902.9711388357 121972.9328127337
121578.0178499097 121949.7030474985
121879.7601896267 121949.7030474985
122808.1981579867 121670.9458646760
122227.9244277617 121740.6351603817
121879.7601896267 121787.0946908521
122181.5025293437 121810.3244560873
122483.2448690607 121833.5542213225
122158.2915801347 121972.9328127337

122227.9244277617 121740.6351603817
121879.7601896267 121787.0946908521
122181.5025293437 121810.3244560873
122483.2448690607 121833.5542213225
122251.1353769707 121856.7839865577
121926.1820880447 121856.7839865577
122506.4558182697 121880.0137517929
121879.7601896267 121880.0137517929
121902.9711388357 121903.2435170281
121322.6974086106 121903.2435170281
121578.0178499097 121926.4732822633
122227.9244277617 121972.9328127337
121624.4397483277 121996.1625779689
121601.2287991187 121996.1625779689
121044.1660181026 122042.6221084393

120765.6346275946 122182.0006998506
120417.4703894596 122158.7709346154
121879.7601896267 122112.3114041450
121624.4397483277 122089.0816389098
121299.4864594016 122019.3923432041
122181.5025293437 122019.3923432041
121020.9550688936 121972.9328127337
123922.3237200188 118465.2382622176
122599.2996151057 121461.8779775592
121902.9711388357 121508.3375080296
123179.5733453308 121531.5672732648
122901.0419548228 121531.5672732648
123434.8937866298 121670.9458646760
122158.2915801347 121694.1756299112
121554.8069007007 121763.8649256169

121879.7601896267 122019.3923432041
121601.2287991187 121996.1625779689
121926.1820880447 121949.7030474985
121578.0178499097 121926.4732822633
121647.6506975367 121926.4732822633
121578.0178499097 121903.2435170281
121902.9711388357 121903.2435170281
122158.2915801347 121903.2435170281
121833.3382912087 121856.7839865577
122181.5025293437 121856.7839865577
121902.9711388357 121787.0946908521
121879.7601896267 121787.0946908521
122181.5025293437 121810.3244560873
122158.2915801347 121810.3244560873
121902.9711388357 121810.3244560873

121879.7601896267 122019.3923432041
121601.2287991187 121996.1625779689
121902.9711388357 121972.9328127337
121949.3930372537 121972.9328127337
121926.1820880447 121949.7030474985
121578.0178499097 121926.4732822633
121647.6506975367 121926.4732822633
122251.1353769707 121926.4732822633
121578.0178499097 121903.2435170281
121902.9711388357 121903.2435170281
122158.2915801347 121903.2435170281
121902.9711388357 121810.3244560873
122158.2915801347 121810.3244560873
122413.6120214337 121903.2435170281
121902.9711388357 121787.0946908521

120765.6346275946 122182.0006998506
120417.4703894596 122158.7709346154
121879.7601896267 122112.3114041450
121624.4397483277 122089.0816389098
121299.4864594016 122019.3923432041
122181.5025293437 122019.3923432041
121020.9550688936 121972.9328127337
121276.2755101926 121508.3375080296
122901.0419548228 121531.5672732648
123156.3623961218 121624.4863342056
123434.8937866298 121670.9458646760
122158.2915801347 121694.1756299112
121879.7601896267 121763.8649256169
121554.8069007007 121763.8649256169
122460.0339198517 121856.7839865577

121879.7601896267 122205.2304650858
120719.2127291766 122182.0006998506
120371.0484910416 122112.3114041450
121601.2287991187 122089.0816389098
121299.4864594016 122019.3923432041
122181.5025293437 122019.3923432041
121020.9550688936 121972.9328127337
122436.8229706427 121856.7839865577
122460.0339198517 121856.7839865577
121554.8069007007 121763.8649256169
121879.7601896267 121763.8649256169
122158.2915801347 121694.1756299112
122854.6200564047 121624.4863342056
123156.3623961218 121601.2565689704
121276.2755101926 121508.3375080296

121601.2287991187 121996.1625779689
121786.9163927907 121972.9328127337
121856.5492404177 121949.7030474985
121926.1820880447 121949.7030474985
121949.3930372537 121880.0137517929
121647.6506975367 121926.4732822633
121578.0178499097 121903.2435170281
121902.9711388357 121903.2435170281
122158.2915801347 121903.2435170281
121902.9711388357 121810.3244560873
122158.2915801347 121810.3244560873
122181.5025293437 121810.3244560873
122460.0339198517 121810.3244560873
121879.7601896267 121787.0946908521
121902.9711388357 121787.0946908521

120719.2127291766 122182.0006998506
120440.6813386686 122135.5411693802
121601.2287991187 122089.0816389098
119999.6733036975 122042.6221084393
122181.5025293437 122019.3923432041
121020.9550688936 121972.9328127337
121299.4864594016 121972.9328127337
122436.8229706427 121856.7839865577
121554.8069007007 121763.8649256169
121879.7601896267 121763.8649256169
122854.6200564047 121624.4863342056
123156.3623961218 121601.2565689704
123458.1047358388 121554.7970385000
123922.3237200188 118465.2382622176
121276.2755101926 121508.3375080296

121879.7601896267 122019.3923432041
121601.2287991187 121996.1625779689
121624.4397483277 121996.1625779689
121578.0178499097 121926.4732822633
122158.2915801347 121926.4732822633
121322.6974086106 121903.2435170281
121578.0178499097 121903.2435170281
121902.9711388357 121787.0946908521
121879.7601896267 121787.0946908521
122460.0339198517 121810.3244560873
122181.5025293437 121810.3244560873
122158.2915801347 121810.3244560873
121902.9711388357 121810.3244560873
122158.2915801347 121903.2435170281
121902.9711388357 121903.2435170281

120719.2127291766 122182.0006998506
121624.4397483277 122089.0816389098
121299.4864594016 122019.3923432041
122181.5025293437 122019.3923432041
121020.9550688936 121972.9328127337
121299.4864594016 121972.9328127337
121902.9711388357 121972.9328127337
122808.1981579867 121670.9458646760
122158.2915801347 121694.1756299112
121879.7601896267 121740.6351603817
122181.5025293437 121810.3244560873
122483.2448690607 121833.5542213225
122436.8229706427 121856.7839865577
121554.8069007007 121880.0137517929
121879.7601896267 121949.7030474985

120765.6346275946 122182.0006998506
120417.4703894596 122158.7709346154
121601.2287991187 122089.0816389098
122181.5025293437 122019.3923432041
121020.9550688936 121972.9328127337
121299.4864594016 121972.9328127337
121902.9711388357 121972.9328127337
121578.0178499097 121949.7030474985
121879.7601896267 121949.7030474985
122483.2448690607 121833.5542213225
122181.5025293437 121810.3244560873
122784.9872087777 121601.2565689704
122158.2915801347 121694.1756299112
123063.5185992857 121740.6351603817
121879.7601896267 121763.8649256169

120765.6346275946 122182.0006998506
120417.4703894596 122158.7709346154
121601.2287991187 122089.0816389098
122181.5025293437 122019.3923432041
121020.9550688936 121972.9328127337
121299.4864594016 121972.9328127337
121902.9711388357 121972.9328127337
121578.0178499097 121949.7030474985
121879.7601896267 121949.7030474985
122483.2448690607 121833.5542213225
122784.9872087777 121601.2565689704
122158.2915801347 121694.1756299112
123063.5185992857 121740.6351603817
121879.7601896267 121763.8649256169
121554.8069007007 121763.8649256169

120719.2127291766 122182.0006998506
120440.6813386686 122135.5411693802
119999.6733036975 122042.6221084393
122181.5025293437 122019.3923432041
121020.9550688936 121972.9328127337
122436.8229706427 121856.7839865577
121554.8069007007 121763.8649256169
121879.7601896267 121763.8649256169
122854.6200564047 121624.4863342056
123156.3623961218 121601.2565689704
123458.1047358388 121554.7970385000
123922.3237200188 118465.2382622176
122158.2915801347 121694.1756299112
121902.9711388357 121972.9328127337
121299.4864594016 121972.9328127337

120765.6346275946 122182.0006998506
120417.4703894596 122158.7709346154
122784.9872087777 121601.2565689704
122158.2915801347 121694.1756299112
123063.5185992857 121740.6351603817
121879.7601896267 121763.8649256169
121554.8069007007 121763.8649256169
122181.5025293437 121810.3244560873
122483.2448690607 121833.5542213225
122436.8229706427 121856.7839865577
121902.9711388357 121972.9328127337
121020.9550688936 121972.9328127337
122181.5025293437 122019.3923432041
121299.4864594016 122019.3923432041
121624.4397483277 122089.0816389098

121299.4864594016 122112.3114041450
121601.2287991187 121996.1625779689
121624.4397483277 121996.1625779689
121926.1820880447 121972.9328127337
122227.9244277617 121972.9328127337
121578.0178499097 121926.4732822633
122552.8777166877 121926.4732822633
120974.5331704756 121903.2435170281
121322.6974086106 121903.2435170281
121902.9711388357 121903.2435170281
122808.1981579867 121670.9458646760
122227.9244277617 121740.6351603817
121879.7601896267 121787.0946908521
122181.5025293437 121810.3244560873
122483.2448690607 121833.5542213225

120719.2127291766 122182.0006998506
120440.6813386686 122135.5411693802
121601.2287991187 122089.0816389098
119999.6733036975 122042.6221084393
122181.5025293437 122019.3923432041
121020.9550688936 121972.9328127337
121299.4864594016 121972.9328127337
122436.8229706427 121856.7839865577
121554.8069007007 121763.8649256169
121879.7601896267 121763.8649256169
122854.6200564047 121624.4863342056
123156.3623961218 121601.2565689704
123458.1047358388 121554.7970385000
123922.3237200188 118465.2382622176
124734.7069423339 118070.3322532191

121879.7601896267 122205.2304650858
120719.2127291766 122182.0006998506
120371.0484910416 122112.3114041450
121624.4397483277 122298.1495260266
121299.4864594016 122019.3923432041
122181.5025293437 122019.3923432041
121020.9550688936 121972.9328127337
122460.0339198517 121856.7839865577
121554.8069007007 121763.8649256169
121879.7601896267 121763.8649256169
122158.2915801347 121694.1756299112
123434.8937866298 121670.9458646760
123156.3623961218 121624.4863342056
122901.0419548228 121531.5672732648
121276.2755101926 121508.3375080296

120719.2127291766 122182.0006998506
121624.4397483277 122135.5411693802
121879.7601896267 122112.3114041450
121624.4397483277 122089.0816389098
121299.4864594016 122019.3923432041
122181.5025293437 122019.3923432041
121020.9550688936 121972.9328127337
121299.4864594016 121972.9328127337
120463.8922878776 121996.1625779689
122436.8229706427 121856.7839865577
122483.2448690607 121833.5542213225
121554.8069007007 121763.8649256169
121879.7601896267 121763.8649256169
122158.2915801347 121694.1756299112
122784.9872087777 121601.2565689704

121902.9711388357 121787.0946908521
122181.5025293437 121810.3244560873
122158.2915801347 121810.3244560873
121902.9711388357 121810.3244560873
122158.2915801347 121903.2435170281
121902.9711388357 121903.2435170281
121578.0178499097 121903.2435170281
122251.1353769707 121926.4732822633
121647.6506975367 121926.4732822633
121578.0178499097 121926.4732822633
121926.1820880447 121949.7030474985
121949.3930372537 121972.9328127337
121902.9711388357 121972.9328127337
121601.2287991187 121996.1625779689
121879.7601896267 122019.3923432041

121322.6974086106 122065.8518736745
121601.2287991187 121996.1625779689
121624.4397483277 121996.1625779689
121926.1820880447 121972.9328127337
122227.9244277617 121972.9328127337
121578.0178499097 121926.4732822633
122808.1981579867 121670.9458646760
120974.5331704756 121903.2435170281
121322.6974086106 121903.2435170281
121902.9711388357 121903.2435170281
121879.7601896267 121880.0137517929
122483.2448690607 121833.5542213225
122181.5025293437 121810.3244560873
121879.7601896267 121787.0946908521
122227.9244277617 121740.6351603817

120719.2127291766 122182.0006998506
121624.4397483277 121926.4732822633
121299.4864594016 122019.3923432041
122181.5025293437 122019.3923432041
121020.9550688936 121972.9328127337
121299.4864594016 121972.9328127337
121902.9711388357 121972.9328127337
121044.1660181026 121926.4732822633
122436.8229706427 121856.7839865577
122483.2448690607 121833.5542213225
122181.5025293437 121810.3244560873
121554.8069007007 121763.8649256169
121879.7601896267 121763.8649256169
122158.2915801347 121694.1756299112
122784.9872087777 121601.2565689704

120719.2127291766 122182.0006998506
121624.4397483277 122135.5411693802
122808.1981579867 121670.9458646760
122158.2915801347 121694.1756299112
121879.7601896267 121763.8649256169
121554.8069007007 121763.8649256169
122181.5025293437 121810.3244560873
122483.2448690607 121833.5542213225
122436.8229706427 121856.7839865577
121879.7601896267 121949.7030474985
121902.9711388357 121972.9328127337
121020.9550688936 121972.9328127337
122181.5025293437 122019.3923432041
121299.4864594016 122019.3923432041
121624.4397483277 122089.0816389098

121299.4864594016 122112.3114041450
121624.4397483277 121996.1625779689
121624.4397483277 121972.9328127337
122227.9244277617 121972.9328127337
122227.9244277617 121740.6351603817
121879.7601896267 121787.0946908521
122181.5025293437 121810.3244560873
122483.2448690607 121833.5542213225
121879.7601896267 121880.0137517929
121902.9711388357 121903.2435170281
121322.6974086106 121903.2435170281
120974.5331704756 121903.2435170281
122552.8777166877 121926.4732822633
121578.0178499097 121926.4732822633
121926.1820880447 121972.9328127337

120719.2127291766 122182.0006998506
121879.7601896267 122112.3114041450
121624.4397483277 122089.0816389098
121299.4864594016 122019.3923432041
122181.5025293437 122019.3923432041
121020.9550688936 121972.9328127337
121299.4864594016 121972.9328127337
121902.9711388357 121972.9328127337
122436.8229706427 121856.7839865577
122483.2448690607 121833.5542213225
122181.5025293437 121810.3244560873
122808.1981579867 121670.9458646760
122158.2915801347 121694.1756299112
121879.7601896267 121740.6351603817
121554.8069007007 121880.0137517929

120719.2127291766 122182.0006998506
120440.6813386686 122135.5411693802
121879.7601896267 122112.3114041450
121624.4397483277 122089.0816389098
121299.4864594016 122019.3923432041
122181.5025293437 122019.3923432041
121020.9550688936 121972.9328127337
122436.8229706427 121856.7839865577
119953.2514052795 121996.1625779689
121554.8069007007 121763.8649256169
121879.7601896267 121763.8649256169
122158.2915801347 121694.1756299112
122854.6200564047 121624.4863342056
123156.3623961218 121601.2565689704
123458.1047358388 121554.7970385000

120765.6346275946 122182.0006998506
120417.4703894596 122158.7709346154
121601.2287991187 122089.0816389098
122181.5025293437 122019.3923432041
121020.9550688936 121972.9328127337
121299.4864594016 121972.9328127337
121902.9711388357 121972.9328127337
121578.0178499097 121949.7030474985
121879.7601896267 121949.7030474985
122483.2448690607 121833.5542213225
122808.1981579867 121670.9458646760
122158.2915801347 121694.1756299112
121879.7601896267 121763.8649256169
121554.8069007007 121763.8649256169
122181.5025293437 121810.3244560873

120719.2127291766 122182.0006998506
121601.2287991187 122089.0816389098
121624.4397483277 122089.0816389098
122808.1981579867 121670.9458646760
122158.2915801347 121694.1756299112
121879.7601896267 121740.6351603817
122181.5025293437 121810.3244560873
122483.2448690607 121833.5542213225
122436.8229706427 121856.7839865577
121554.8069007007 121880.0137517929
121879.7601896267 121949.7030474985
121902.9711388357 121972.9328127337
121299.4864594016 121972.9328127337
121020.9550688936 121972.9328127337
122181.5025293437 122019.3923432041

121879.7601896267 122019.3923432041
121601.2287991187 121996.1625779689
121624.4397483277 121996.1625779689
121578.0178499097 121926.4732822633
121322.6974086106 121903.2435170281
122158.2915801347 121903.2435170281
121902.9711388357 121787.0946908521
122181.5025293437 121810.3244560873
122158.2915801347 121810.3244560873
122460.0339198517 121833.5542213225
122436.8229706427 121833.5542213225
121902.9711388357 121856.7839865577
121578.0178499097 121903.2435170281
121995.8149356717 121926.4732822633
122158.2915801347 121949.7030474985

120719.2127291766 122182.0006998506
121601.2287991187 122089.0816389098
121624.4397483277 122089.0816389098
121299.4864594016 122019.3923432041
122181.5025293437 122019.3923432041
121020.9550688936 121972.9328127337
121902.9711388357 121972.9328127337
121879.7601896267 121949.7030474985
122436.8229706427 121856.7839865577
122483.2448690607 121833.5542213225
122181.5025293437 121810.3244560873
121554.8069007007 121763.8649256169
121879.7601896267 121763.8649256169
122158.2915801347 121694.1756299112
122808.1981579867 121670.9458646760

121879.7601896267 121926.4732822633
121601.2287991187 121996.1625779689
121624.4397483277 121996.1625779689
121926.1820880447 121972.9328127337
122227.9244277617 121972.9328127337
121578.0178499097 121926.4732822633
122552.8777166877 121926.4732822633
120974.5331704756 121903.2435170281
121322.6974086106 121903.2435170281
121902.9711388357 121903.2435170281
121879.7601896267 121880.0137517929
122483.2448690607 121833.5542213225
122181.5025293437 121810.3244560873
121879.7601896267 121787.0946908521
122227.9244277617 121740.6351603817

122227.9244277617 121740.6351603817
122227.9244277617 121787.0946908521
121879.7601896267 121787.0946908521
122181.5025293437 121810.3244560873
122483.2448690607 121833.5542213225
121879.7601896267 121880.0137517929
121902.9711388357 121903.2435170281
121322.6974086106 121903.2435170281
120974.5331704756 121903.2435170281
121926.1820880447 121926.4732822633
121578.0178499097 121926.4732822633
122227.9244277617 121972.9328127337
121624.4397483277 121972.9328127337
121624.4397483277 121996.1625779689
121299.4864594016 122112.3114041450

121322.6974086106 122065.8518736745
122227.9244277617 121740.6351603817
121879.7601896267 121787.0946908521
122181.5025293437 121810.3244560873
122483.2448690607 121833.5542213225
121879.7601896267 121880.0137517929
121322.6974086106 121903.2435170281
120974.5331704756 121903.2435170281
122552.8777166877 121926.4732822633
121578.0178499097 121926.4732822633
122227.9244277617 121972.9328127337
121926.1820880447 121972.9328127337
121322.6974086106 121972.9328127337
121624.4397483277 121996.1625779689
121601.2287991187 121996.1625779689

121299.4864594016 122112.3114041450
122808.1981579867 121670.9458646760
121879.7601896267 121787.0946908521
122181.5025293437 121810.3244560873
122483.2448690607 121833.5542213225
121879.7601896267 121880.0137517929
121902.9711388357 121903.2435170281
121322.6974086106 121903.2435170281
120974.5331704756 121903.2435170281
122552.8777166877 121926.4732822633
121578.0178499097 121926.4732822633
122227.9244277617 121972.9328127337
121926.1820880447 121972.9328127337
121624.4397483277 121996.1625779689
121601.2287991187 121996.1625779689

121879.7601896267 122019.3923432041
121601.2287991187 121996.1625779689
121786.9163927907 121972.9328127337
121926.1820880447 121949.7030474985
121578.0178499097 121926.4732822633
121647.6506975367 121926.4732822633
121578.0178499097 121903.2435170281
121902.9711388357 121903.2435170281
122158.2915801347 121903.2435170281
121833.3382912087 121856.7839865577
122436.8229706427 121833.5542213225
122158.2915801347 121810.3244560873
122181.5025293437 121810.3244560873
121879.7601896267 121949.7030474985
121902.9711388357 121787.0946908521

120765.6346275946 122182.0006998506
120417.4703894596 122158.7709346154
121601.2287991187 122089.0816389098
123458.1047358388 121554.7970385000
123156.3623961218 121601.2565689704
122854.6200564047 121624.4863342056
122158.2915801347 121694.1756299112
121879.7601896267 121763.8649256169
121554.8069007007 121763.8649256169
122436.8229706427 121856.7839865577
121902.9711388357 121972.9328127337
121299.4864594016 121972.9328127337
121020.9550688936 121972.9328127337
122181.5025293437 122019.3923432041
119999.6733036975 122042.6221084393

120719.2127291766 122182.0006998506
121601.2287991187 122089.0816389098
121624.4397483277 122089.0816389098
121299.4864594016 122019.3923432041
122181.5025293437 122019.3923432041
121020.9550688936 121972.9328127337
121902.9711388357 121972.9328127337
121578.0178499097 121949.7030474985
121879.7601896267 121949.7030474985
122436.8229706427 121856.7839865577
122483.2448690607 121833.5542213225
122181.5025293437 121810.3244560873
121879.7601896267 121740.6351603817
122158.2915801347 121694.1756299112
122808.1981579867 121670.9458646760

121902.9711388357 121787.0946908521
121879.7601896267 121787.0946908521
122181.5025293437 121810.3244560873
122158.2915801347 121810.3244560873
121902.9711388357 121810.3244560873
122436.8229706427 121833.5542213225
122251.1353769707 121856.7839865577
121926.1820880447 121856.7839865577
121902.9711388357 121856.7839865577
121578.0178499097 121903.2435170281
122158.2915801347 121833.5542213225
121578.0178499097 121926.4732822633
121624.4397483277 121996.1625779689
121601.2287991187 121996.1625779689
121879.7601896267 122019.3923432041

121044.1660181026 122042.6221084393
122877.8310056138 121717.4053951465
121601.2287991187 121996.1625779689
121624.4397483277 121996.1625779689
122227.9244277617 121972.9328127337
121578.0178499097 121926.4732822633
121322.6974086106 121903.2435170281
121902.9711388357 121903.2435170281
122506.4558182697 121880.0137517929
121926.1820880447 121856.7839865577
122483.2448690607 121833.5542213225
122158.2915801347 121810.3244560873
122181.5025293437 121810.3244560873
121879.7601896267 121787.0946908521
121902.9711388357 121787.0946908521

120765.6346275946 122182.0006998506
120417.4703894596 122158.7709346154
121601.2287991187 122089.0816389098
122181.5025293437 122019.3923432041
121020.9550688936 121972.9328127337
121299.4864594016 121972.9328127337
121902.9711388357 121972.9328127337
121578.0178499097 121949.7030474985
121879.7601896267 121949.7030474985
122436.8229706427 121856.7839865577
122483.2448690607 121833.5542213225
122181.5025293437 121810.3244560873
121879.7601896267 121763.8649256169
123109.9404977038 121647.7160994408
122784.9872087777 121601.2565689704

120719.2127291766 122182.0006998506
121601.2287991187 122089.0816389098
121624.4397483277 122089.0816389098
121299.4864594016 122019.3923432041
122181.5025293437 122019.3923432041
121020.9550688936 121972.9328127337
121902.9711388357 121972.9328127337
121578.0178499097 121949.7030474985
121879.7601896267 121949.7030474985
121879.7601896267 121880.0137517929
122436.8229706427 121856.7839865577
122483.2448690607 121833.5542213225
122181.5025293437 121810.3244560873
121879.7601896267 121787.0946908521
122808.1981579867 121670.9458646760

120765.6346275946 122182.0006998506
120417.4703894596 122158.7709346154
121601.2287991187 122089.0816389098
122181.5025293437 122019.3923432041
121020.9550688936 121972.9328127337
121299.4864594016 121972.9328127337
121902.9711388357 121972.9328127337
122784.9872087777 121601.2565689704
122158.2915801347 121694.1756299112
121879.7601896267 121763.8649256169
121554.8069007007 121763.8649256169
122181.5025293437 121810.3244560873
122460.0339198517 121856.7839865577
122436.8229706427 121856.7839865577
121299.4864594016 122019.3923432041

120719.2127291766 122182.0006998506
120440.6813386686 122135.5411693802
121601.2287991187 122089.0816389098
119999.6733036975 122042.6221084393
122181.5025293437 122019.3923432041
121020.9550688936 121972.9328127337
121299.4864594016 121972.9328127337
121902.9711388357 121972.9328127337
122436.8229706427 121856.7839865577
121554.8069007007 121763.8649256169
124061.5894152728 118418.7787317472
122158.2915801347 121694.1756299112
122854.6200564047 121624.4863342056
123156.3623961218 121601.2565689704
123458.1047358388 121554.7970385000

120719.2127291766 122182.0006998506
120440.6813386686 122135.5411693802
121601.2287991187 122089.0816389098
119999.6733036975 122042.6221084393
122181.5025293437 122019.3923432041
121020.9550688936 121972.9328127337
121299.4864594016 121972.9328127337
122436.8229706427 121856.7839865577
121554.8069007007 121763.8649256169
121879.7601896267 121763.8649256169
122854.6200564047 121624.4863342056
123156.3623961218 121601.2565689704
123458.1047358388 121554.7970385000
123922.3237200188 118465.2382622176
122599.2996151057 121461.8779775592

121879.7601896267 122205.2304650858
120719.2127291766 122182.0006998506
120371.0484910416 122112.3114041450
121601.2287991187 122089.0816389098
123922.3237200188 118465.2382622176
123458.1047358388 121554.7970385000
123156.3623961218 121601.2565689704
122854.6200564047 121624.4863342056
122158.2915801347 121694.1756299112
121879.7601896267 121763.8649256169
121554.8069007007 121763.8649256169
122436.8229706427 121856.7839865577
121299.4864594016 121972.9328127337
121020.9550688936 121972.9328127337
122181.5025293437 122019.3923432041

121276.2755101926 122089.0816389098
121601.2287991187 121996.1625779689
121624.4397483277 121996.1625779689
121926.1820880447 121972.9328127337
122227.9244277617 121972.9328127337
121578.0178499097 121926.4732822633
122552.8777166877 121926.4732822633
120974.5331704756 121903.2435170281
121322.6974086106 121903.2435170281
121902.9711388357 121903.2435170281
121879.7601896267 121880.0137517929
122483.2448690607 121833.5542213225
122181.5025293437 121810.3244560873
121879.7601896267 121787.0946908521
122808.1981579867 121670.9458646760

122227.9244277617 121740.6351603817
121879.7601896267 121787.0946908521
122181.5025293437 121810.3244560873
122483.2448690607 121833.5542213225
121879.7601896267 121880.0137517929
121902.9711388357 121903.2435170281
121322.6974086106 121903.2435170281
120974.5331704756 121903.2435170281
122552.8777166877 121926.4732822633
121578.0178499097 121926.4732822633
122227.9244277617 121972.9328127337
121926.1820880447 121972.9328127337
121624.4397483277 121996.1625779689
121601.2287991187 121996.1625779689
121322.6974086106 122065.8518736745

121879.7601896267 122112.3114041450
121624.4397483277 122089.0816389098
121299.4864594016 122019.3923432041
122181.5025293437 122019.3923432041
121020.9550688936 121972.9328127337
121299.4864594016 121972.9328127337
121902.9711388357 121972.9328127337
121879.7601896267 121949.7030474985
121554.8069007007 121880.0137517929
122436.8229706427 121856.7839865577
122483.2448690607 121833.5542213225
122181.5025293437 121810.3244560873
121879.7601896267 121740.6351603817
122158.2915801347 121694.1756299112
122808.1981579867 121670.9458646760

121879.7601896267 122205.2304650858
120719.2127291766 122182.0006998506
120371.0484910416 122112.3114041450
121601.2287991187 122089.0816389098
121299.4864594016 122019.3923432041
122181.5025293437 122019.3923432041
121020.9550688936 121972.9328127337
122460.0339198517 121856.7839865577
121554.8069007007 121763.8649256169
121879.7601896267 121763.8649256169
122158.2915801347 121694.1756299112
123434.8937866298 121670.9458646760
122901.0419548228 121531.5672732648
123156.3623961218 121624.4863342056
121276.2755101926 121508.3375080296

120765.6346275946 122182.0006998506
120417.4703894596 122158.7709346154
121601.2287991187 122089.0816389098
122784.9872087777 121601.2565689704
121879.7601896267 121740.6351603817
121879.7601896267 121787.0946908521
122181.5025293437 121810.3244560873
122483.2448690607 121833.5542213225
122436.8229706427 121856.7839865577
121879.7601896267 121949.7030474985
121578.0178499097 121949.7030474985
121902.9711388357 121972.9328127337
121020.9550688936 121972.9328127337
122181.5025293437 122019.3923432041
121299.4864594016 122019.3923432041

121879.7601896267 122019.3923432041
121601.2287991187 121996.1625779689
121624.4397483277 121996.1625779689
122227.9244277617 121972.9328127337
122181.5025293437 121949.7030474985
121578.0178499097 121926.4732822633
121322.6974086106 121903.2435170281
121578.0178499097 121903.2435170281
121879.7601896267 121903.2435170281
121902.9711388357 121856.7839865577
121067.3769673116 122158.7709346154
122436.8229706427 121833.5542213225
121902.9711388357 121810.3244560873
122158.2915801347 121810.3244560873
122181.5025293437 121810.3244560873

122158.2915801347 121740.6351603817
121601.2287991187 122089.0816389098
121624.4397483277 122089.0816389098
121299.4864594016 122019.3923432041
122181.5025293437 122019.3923432041
121020.9550688936 121972.9328127337
121902.9711388357 121972.9328127337
121578.0178499097 121949.7030474985
121879.7601896267 121949.7030474985
121879.7601896267 121880.0137517929
122436.8229706427 121856.7839865577
122483.2448690607 121833.5542213225
122181.5025293437 121810.3244560873
121879.7601896267 121787.0946908521
122784.9872087777 121601.2565689704

121879.7601896267 122019.3923432041
121601.2287991187 121996.1625779689
121786.9163927907 121972.9328127337
121856.5492404177 121949.7030474985
121926.1820880447 121949.7030474985
122158.2915801347 121949.7030474985
121578.0178499097 121926.4732822633
122413.6120214337 121787.0946908521
122158.2915801347 121787.0946908521
121902.9711388357 121787.0946908521
121879.7601896267 121787.0946908521
121833.3382912087 121856.7839865577
122158.2915801347 121903.2435170281
121902.9711388357 121903.2435170281
121578.0178499097 121903.2435170281

120719.2127291766 122182.0006998506
121879.7601896267 122112.3114041450
121624.4397483277 122089.0816389098
121299.4864594016 122019.3923432041
122181.5025293437 122019.3923432041
121020.9550688936 121972.9328127337
121299.4864594016 121972.9328127337
121902.9711388357 121972.9328127337
122436.8229706427 121856.7839865577
122483.2448690607 121833.5542213225
122181.5025293437 121810.3244560873
122784.9872087777 121601.2565689704
122158.2915801347 121694.1756299112
121879.7601896267 121740.6351603817
121554.8069007007 121763.8649256169

120719.2127291766 122182.0006998506
120440.6813386686 122135.5411693802
121601.2287991187 122089.0816389098
119999.6733036975 122042.6221084393
122181.5025293437 122019.3923432041
121020.9550688936 121972.9328127337
121299.4864594016 121972.9328127337
122436.8229706427 121856.7839865577
121554.8069007007 121763.8649256169
121879.7601896267 121763.8649256169
122158.2915801347 121694.1756299112
122854.6200564047 121624.4863342056
123156.3623961218 121601.2565689704
123458.1047358388 121554.7970385000
121276.2755101926 121508.3375080296

122227.9244277617 121740.6351603817
121879.7601896267 121787.0946908521
122181.5025293437 121810.3244560873
122483.2448690607 121833.5542213225
121879.7601896267 121880.0137517929
121902.9711388357 121903.2435170281
121322.6974086106 121903.2435170281
120974.5331704756 121903.2435170281
121926.1820880447 121926.4732822633
121578.0178499097 121926.4732822633
122227.9244277617 121972.9328127337
121624.4397483277 121972.9328127337
121624.4397483277 121996.1625779689
121601.2287991187 121996.1625779689
121299.4864594016 122112.3114041450

121299.4864594016 122112.3114041450
122227.9244277617 121740.6351603817
121879.7601896267 121787.0946908521
122181.5025293437 121810.3244560873
122483.2448690607 121833.5542213225
121879.7601896267 121880.0137517929
121902.9711388357 121903.2435170281
121322.6974086106 121903.2435170281
120974.5331704756 121903.2435170281
122552.8777166877 121926.4732822633
121578.0178499097 121926.4732822633
122227.9244277617 121972.9328127337
121926.1820880447 121972.9328127337
121624.4397483277 121996.1625779689
121601.2287991187 121996.1625779689

120765.6346275946 122182.0006998506
120417.4703894596 122158.7709346154
121601.2287991187 122089.0816389098
121299.4864594016 122019.3923432041
122181.5025293437 122019.3923432041
121020.9550688936 121972.9328127337
121299.4864594016 121972.9328127337
121902.9711388357 121972.9328127337
122436.8229706427 121856.7839865577
122483.2448690607 121833.5542213225
122181.5025293437 121810.3244560873
122784.9872087777 121601.2565689704
122158.2915801347 121694.1756299112
121856.5492404177 121740.6351603817
121601.2287991187 121763.8649256169

121879.7601896267 122019.3923432041
121601.2287991187 121996.1625779689
121926.1820880447 121949.7030474985
121578.0178499097 121926.4732822633
121647.6506975367 121926.4732822633
122251.1353769707 121926.4732822633
121902.9711388357 121787.0946908521
121879.7601896267 121787.0946908521
122181.5025293437 121810.3244560873
122158.2915801347 121810.3244560873
121902.9711388357 121810.3244560873
122251.1353769707 121856.7839865577
121926.1820880447 121856.7839865577
121902.9711388357 121856.7839865577
121578.0178499097 121903.2435170281

121044.1660181026 122042.6221084393
121601.2287991187 121996.1625779689
121624.4397483277 121996.1625779689
122227.9244277617 121972.9328127337
121578.0178499097 121926.4732822633
121322.6974086106 121903.2435170281
121902.9711388357 121903.2435170281
122506.4558182697 121880.0137517929
121926.1820880447 121856.7839865577
122251.1353769707 121856.7839865577
122483.2448690607 121833.5542213225
122158.2915801347 121810.3244560873
122181.5025293437 121810.3244560873
121879.7601896267 121787.0946908521
121902.9711388357 121787.0946908521

120765.6346275946 122182.0006998506
120417.4703894596 122158.7709346154
121601.2287991187 122089.0816389098
121299.4864594016 122019.3923432041
122181.5025293437 122019.3923432041
121020.9550688936 121972.9328127337
121299.4864594016 121972.9328127337
121902.9711388357 121972.9328127337
122436.8229706427 121856.7839865577
122483.2448690607 121833.5542213225
122784.9872087777 121601.2565689704
122158.2915801347 121694.1756299112
121856.5492404177 121740.6351603817
121601.2287991187 121763.8649256169
121879.7601896267 121787.0946908521

122784.9872087777 121601.2565689704
122158.2915801347 121694.1756299112
121554.8069007007 121763.8649256169
121879.7601896267 121787.0946908521
122181.5025293437 121810.3244560873
122483.2448690607 121833.5542213225
122436.8229706427 121856.7839865577
121044.1660181026 121926.4732822633
121902.9711388357 121972.9328127337
121299.4864594016 121972.9328127337
121020.9550688936 121972.9328127337
122181.5025293437 122019.3923432041
121299.4864594016 122019.3923432041
121624.4397483277 122089.0816389098
120719.2127291766 122182.0006998506

122413.6120214337 121787.0946908521
122158.2915801347 121787.0946908521
121902.9711388357 121787.0946908521
121879.7601896267 121787.0946908521
121833.3382912087 121856.7839865577
122158.2915801347 121903.2435170281
121902.9711388357 121903.2435170281
121578.0178499097 121903.2435170281
121995.8149356717 121926.4732822633
121578.0178499097 121926.4732822633
122158.2915801347 121949.7030474985
121926.1820880447 121949.7030474985
121786.9163927907 121972.9328127337
121601.2287991187 121996.1625779689
121879.7601896267 122019.3923432041

121879.7601896267 122205.2304650858
120719.2127291766 122182.0006998506
120371.0484910416 122112.3114041450
121601.2287991187 122089.0816389098
121299.4864594016 122019.3923432041
124409.7536534078 118186.4810793951
121020.9550688936 121972.9328127337
121554.8069007007 121763.8649256169
122158.2915801347 121694.1756299112
123434.8937866298 121670.9458646760
122901.0419548228 121531.5672732648
123179.5733453308 121531.5672732648
121902.9711388357 121508.3375080296
122599.2996151057 121461.8779775592
123922.3237200188 118465.2382622176

120719.2127291766 122182.0006998506
120440.6813386686 122135.5411693802
122784.9872087777 121601.2565689704
122158.2915801347 121694.1756299112
121856.5492404177 121740.6351603817
121601.2287991187 121763.8649256169
121879.7601896267 121787.0946908521
122181.5025293437 121810.3244560873
122483.2448690607 121833.5542213225
122436.8229706427 121856.7839865577
121902.9711388357 121972.9328127337
121299.4864594016 121972.9328127337
121020.9550688936 121972.9328127337
121601.2287991187 122089.0816389098
121345.9083578196 122089.0816389098

120719.2127291766 122182.0006998506
120417.4703894596 122158.7709346154
121601.2287991187 122089.0816389098
121020.9550688936 121972.9328127337
121299.4864594016 121972.9328127337
122552.8777166877 120997.2826728551
122436.8229706427 121856.7839865577
121554.8069007007 121763.8649256169
121879.7601896267 121740.6351603817
122158.2915801347 121694.1756299112
122854.6200564047 121624.4863342056
123156.3623961218 121601.2565689704
123458.1047358388 121554.7970385000
123875.9018216008 118651.0763840992
124224.0660597358 118442.0084969824

120719.2127291766 122182.0006998506
121044.1660181026 121926.4732822633
121624.4397483277 122089.0816389098
121299.4864594016 122019.3923432041
122181.5025293437 122019.3923432041
121020.9550688936 121972.9328127337
121299.4864594016 121972.9328127337
121902.9711388357 121972.9328127337
122436.8229706427 121856.7839865577
122483.2448690607 121833.5542213225
122181.5025293437 121810.3244560873
121554.8069007007 121763.8649256169
121879.7601896267 121763.8649256169
122158.2915801347 121694.1756299112
122784.9872087777 121601.2565689704

120719.2127291766 122182.0006998506
120371.0484910416 122112.3114041450
121601.2287991187 122089.0816389098
121299.4864594016 122019.3923432041
121020.9550688936 121972.9328127337
121902.9711388357 121972.9328127337
122158.2915801347 121694.1756299112
123434.8937866298 121670.9458646760
122901.0419548228 121531.5672732648
123179.5733453308 121531.5672732648
122599.2996151057 121461.8779775592
123875.9018216008 118651.0763840992
124781.1288407519 118558.1573231584
124224.0660597358 118442.0084969824
121276.2755101926 121508.3375080296

121879.7601896267 122019.3923432041
121601.2287991187 121996.1625779689
121786.9163927907 121972.9328127337
121926.1820880447 121949.7030474985
121578.0178499097 121926.4732822633
121647.6506975367 121926.4732822633
122019.0258848807 121926.4732822633
122251.1353769707 121926.4732822633
121902.9711388357 121903.2435170281
122158.2915801347 121903.2435170281
121833.3382912087 121787.0946908521
122158.2915801347 121810.3244560873
121856.5492404177 121810.3244560873
122111.8696817167 121833.5542213225
121926.1820880447 121856.7839865577

120719.2127291766 122182.0006998506
121879.7601896267 122112.3114041450
121624.4397483277 122089.0816389098
121299.4864594016 122019.3923432041
122181.5025293437 122019.3923432041
121020.9550688936 121972.9328127337
121299.4864594016 121972.9328127337
121902.9711388357 121972.9328127337
122436.8229706427 121856.7839865577
122460.0339198517 121856.7839865577
121554.8069007007 121763.8649256169
121879.7601896267 121763.8649256169
122158.2915801347 121694.1756299112
122784.9872087777 121601.2565689704
122181.5025293437 121810.3244560873

120719.2127291766 122182.0006998506
120371.0484910416 122112.3114041450
121601.2287991187 122089.0816389098
121299.4864594016 122019.3923432041
122181.5025293437 122019.3923432041
121020.9550688936 121972.9328127337
121902.9711388357 121972.9328127337
122158.2915801347 121694.1756299112
123434.8937866298 121670.9458646760
121276.2755101926 121508.3375080296
123179.5733453308 121531.5672732648
122924.2529040317 121763.8649256169
121879.7601896267 121763.8649256169
121554.8069007007 121763.8649256169
122460.0339198517 121856.7839865577

121879.7601896267 122205.2304650858
120719.2127291766 122182.0006998506
120371.0484910416 122112.3114041450
121601.2287991187 122089.0816389098
121299.4864594016 122019.3923432041
122181.5025293437 122019.3923432041
121020.9550688936 121972.9328127337
123922.3237200188 118465.2382622176
123458.1047358388 121554.7970385000
123156.3623961218 121601.2565689704
122854.6200564047 121624.4863342056
122158.2915801347 121694.1756299112
121879.7601896267 121740.6351603817
121554.8069007007 121763.8649256169
122436.8229706427 121856.7839865577

120719.2127291766 122182.0006998506
120417.4703894596 122158.7709346154
121601.2287991187 122089.0816389098
122181.5025293437 122019.3923432041
121020.9550688936 121972.9328127337
121299.4864594016 121972.9328127337
121902.9711388357 121972.9328127337
122436.8229706427 121856.7839865577
121276.2755101926 121508.3375080296
123179.5733453308 121531.5672732648
123434.8937866298 121670.9458646760
122158.2915801347 121694.1756299112
122924.2529040317 121763.8649256169
121879.7601896267 121763.8649256169
121554.8069007007 121763.8649256169

120719.2127291766 122182.0006998506
120371.0484910416 122112.3114041450
121601.2287991187 122089.0816389098
121299.4864594016 122019.3923432041
122181.5025293437 122019.3923432041
121020.9550688936 121972.9328127337
122436.8229706427 121856.7839865577
122460.0339198517 121856.7839865577
121554.8069007007 121763.8649256169
121879.7601896267 121763.8649256169
122158.2915801347 121694.1756299112
123434.8937866298 121670.9458646760
122784.9872087777 121578.0268037352
123179.5733453308 121531.5672732648
121879.7601896267 122205.2304650858

120719.2127291766 122182.0006998506
121879.7601896267 122112.3114041450
121624.4397483277 122089.0816389098
121299.4864594016 122019.3923432041
122181.5025293437 122019.3923432041
121020.9550688936 121972.9328127337
121299.4864594016 121972.9328127337
121902.9711388357 121972.9328127337
122436.8229706427 121856.7839865577
122483.2448690607 121833.5542213225
122158.2915801347 121554.7970385000
121554.8069007007 121763.8649256169
121879.7601896267 121763.8649256169
122158.2915801347 121694.1756299112
122784.9872087777 121601.2565689704

120719.2127291766 122182.0006998506
121879.7601896267 122112.3114041450
121624.4397483277 122089.0816389098
121299.4864594016 122019.3923432041
122181.5025293437 122019.3923432041
121020.9550688936 121972.9328127337
121299.4864594016 121972.9328127337
121902.9711388357 121972.9328127337
122436.8229706427 121856.7839865577
122483.2448690607 121833.5542213225
122181.5025293437 121810.3244560873
121554.8069007007 121763.8649256169
121879.7601896267 121763.8649256169
122158.2915801347 121694.1756299112
122784.9872087777 121601.2565689704

120719.2127291766 122182.0006998506
120417.4703894596 122158.7709346154
121601.2287991187 122089.0816389098
122181.5025293437 122019.3923432041
121020.9550688936 121972.9328127337
121299.4864594016 121972.9328127337
121902.9711388357 121972.9328127337
122436.8229706427 121856.7839865577
121554.8069007007 121763.8649256169
122506.4558182697 121880.0137517929
121879.7601896267 121740.6351603817
122158.2915801347 121694.1756299112
122854.6200564047 121624.4863342056
123156.3623961218 121601.2565689704
123458.1047358388 121554.7970385000

120719.2127291766 122182.0006998506
120417.4703894596 122158.7709346154
121601.2287991187 122089.0816389098
122181.5025293437 122019.3923432041
121020.9550688936 121972.9328127337
121299.4864594016 121972.9328127337
121902.9711388357 121972.9328127337
122436.8229706427 121856.7839865577
121554.8069007007 121763.8649256169
121879.7601896267 121740.6351603817
122158.2915801347 121694.1756299112
121276.2755101926 121508.3375080296
123179.5733453308 121531.5672732648
123434.8937866298 121670.9458646760
122924.2529040317 121763.8649256169

120997.7441196846 122251.6899955562
120719.2127291766 122182.0006998506
122854.6200564047 121624.4863342056
122158.2915801347 121694.1756299112
121879.7601896267 121763.8649256169
121554.8069007007 121763.8649256169
122181.5025293437 121810.3244560873
122483.2448690607 121833.5542213225
122436.8229706427 121856.7839865577
121902.9711388357 121972.9328127337
121299.4864594016 121972.9328127337
121020.9550688936 121972.9328127337
122181.5025293437 122019.3923432041
121299.4864594016 122019.3923432041
121601.2287991187 122089.0816389098

121879.7601896267 122205.2304650858
120719.2127291766 122182.0006998506
120371.0484910416 122112.3114041450
121601.2287991187 122089.0816389098
121299.4864594016 122019.3923432041
122181.5025293437 122019.3923432041
121020.9550688936 121972.9328127337
121554.8069007007 121763.8649256169
122158.2915801347 121694.1756299112
123434.8937866298 121670.9458646760
122901.0419548228 121531.5672732648
123179.5733453308 121531.5672732648
121902.9711388357 121508.3375080296
122599.2996151057 121461.8779775592
123922.3237200188 118465.2382622176

121879.7601896267 122205.2304650858
120719.2127291766 122182.0006998506
120371.0484910416 122112.3114041450
121601.2287991187 122089.0816389098
121299.4864594016 122019.3923432041
122181.5025293437 122019.3923432041
121020.9550688936 121972.9328127337
121554.8069007007 121763.8649256169
122158.2915801347 121694.1756299112
123434.8937866298 121670.9458646760
122901.0419548228 121531.5672732648
123179.5733453308 121531.5672732648
122599.2996151057 121461.8779775592
121879.7601896267 121763.8649256169
122436.8229706427 121856.7839865577

