83256297.7961923629 70100.4399113655
80607859.5562739968 37974.9782461077
81171944.7659165561 55629.6964891350
80839229.6646057367 49272.5961070657
82610026.9463782609 68014.1203949451
80585756.5669390559 35948.7839381993
80581355.6698000729 35941.8364004046
81594314.3472804427 62175.6621026993
81128478.2627714574 55306.5094650185
82001279.4998281896 66192.1038963795
80646075.5713810325 41518.7975509018
80832239.0880568922 47760.7180096805
80776294.5371614695 47239.4542613626
82297311.9062706977 67636.0306859016
81452056.2048629224 60148.4129657745
81598731.3713914305 62181.7228670269
81248080.6826562881 57434.8903925812
81184218.5087788552 55745.5402491093
81590454.3952592164 62092.3764939457
80508790.9315958917 29575.5688521713
81072284.6675209552 53660.8661842942
81624325.7591016293 62182.0564895421
82607724.3889365643 68010.9567391872
81281687.8969725966 57734.7449060082
80926627.5639176816 51304.5373144746
80994152.5431869030 51634.8176856637
81404435.5548197180 59732.9882837534
80997250.9400884360 51724.1640587449
80546638.9088698179 33641.8525435776
81832242.5113689601 65642.2702117711
82499715.2241610289 67707.5359628201
80694446.2087981403 43551.9393966049
81120172.5277794152 53925.7801856047
80691114.0900937766 43551.6057740897
80655703.5159388185 41525.4114661813
80679251.3595692515 43502.3961121291
80823857.9425361007 47617.8894654959
80623954.5886100680 39734.3305428922
80914068.7851701081 49691.1680223197
80666990.7420984358 41724.8766419142
81511513.9183911830 60148.7268306017
80550146.7345078439 33691.2080148160
80714814.4332962185 44024.8604987413
80838864.8248185068 47891.8668276519
80767988.8021694571 45858.7249819487
88136102.4174608141 78512.5376806259
80877934.9459643811 49601.8216492385
80956391.7720662504 51400.9770346284
80702401.3162533939 43751.0709498227
80668993.1073228121 41767.1387660801
81826163.1241655201 64118.7268768400
80723264.8323754519 45261.7484089136
80907081.0094827265 49691.0222130418
80863614.5063376278 49367.8351889253
80632553.7782473862 39958.5768073350
80620140.6612045616 39684.7872584164
80657130.3767982870 41717.9291041195
80861351.8010592163 49360.7418418527
81079610.8388828635 53884.6934298575
81584417.4336495847 62085.4289561510
80752981.9198870510 45584.7476197928
80789134.2813765109 47568.5339942575
85456125.6873103082 72903.9120407104
85148947.3487530351 72797.0092573166
81443779.2287307233 60059.0665926933
80790336.3912956119 47568.6798035353
80724522.2990243584 45535.5379578322
81739859.5468547046 63609.1283660680
81144922.2092985362 55401.7485468781
82744473.1834708452 70097.2762556076
81340968.4337506443 59348.2600074410
81154145.6710455567 55413.2709432840
91411963.4188801199 86296.4595642090
81036144.3357377648 53561.5064057410
81215776.3992495537 57315.1225847383
90223837.0133742243 81348.6579322815
83871448.3324088007 71911.2269113064
83854019.2323762327 71687.7767159939
81244916.7871631235 57428.5894167816
90750763.3821219951 83621.1365356445
83454328.1175262332 70113.5969674587
80530940.6022804379 31658.0661691129
80617645.0219104588 39485.6557051986
81180794.8310811073 55744.3396108150
80669543.4938411266 41991.7186530381
85612539.0307673812 73919.2377538681
85673485.9760642648 77681.6548938900
80641004.1773266494 41195.4647175074
81528828.7126331627 61761.9280672073
90301975.8098168969 82617.1307106018
85939582.7111946493 77712.4527044296
94761699.5752020180 89746.1909790039
80601785.4983111918 37886.4439103305
80642261.6439755261 41469.2542664260
80612338.0533213019 37981.9257839024
94472925.7420728654 88354.6775512695
94314016.1507943571 87994.1198425293
80560452.7804754376 33886.8696518540
80569156.6563422680 35674.9943892807
80599924.9362784773 37708.1362349838
80741503.8583929539 45542.4854956269
80764431.8641486168 45759.3652033955
81347233.0131482333 59371.5925181305
92535190.5317341536 87859.0069580078
80636367.7056529075 40008.1200918108
84437327.7535142004 72355.7817525864
84261925.9585999250 71925.1003835201
81382153.5461046994 59728.7862215042
94622661.8686740547 89609.8908081055
80689111.7248694003 43509.3436499238
81026603.4710424691 51858.6449312270
80516699.6543729007 29631.8718612045
80527164.6903485954 31608.7106978744
81032902.3904370219 53343.6377592087
81217825.7245569527 57338.4506724274
80514402.1062820554 29624.9243234098
80534163.3318733871 31665.0137069076
80591259.6456771940 37701.1886971891
81918683.9365792722 65643.2362328172
82600781.6279672831 68007.2455864102
94580058.1649594754 89103.8628540039
80543148.0929830670 33634.9050057828
81381563.2848476768 59390.7143678446
89869758.5551188886 79963.0184936523
80541890.6263341755 33361.1154568642
81411894.6281059831 59798.5919487476
81201872.2069799900 55794.3122510910
80521891.0402113795 29869.9414316863
82674765.8461874127 69593.3264518045
80538631.0106701851 31885.7713196576
80541442.8586409688 31903.0832773894
81572295.2157782614 62085.1150913239
81242596.5861954093 57380.9005614519
88003059.2123119533 77721.4372196198
80518460.8144817352 29820.5859604478
80525459.4560064822 29876.8889694810
80563498.2925544083 35394.2573025674
80564755.7592032999 35668.0468514860
80507995.7785060108 27843.7471237779
80577168.8762461394 35902.8453491032
80561148.7581426650 33918.9131653607
81261292.2277020365 57661.6376965439
80979984.5247411132 51627.7243385911
81020566.5094328523 51851.6973934323
80589372.3812683672 37651.6454127133
81259242.9023946524 57638.3096088548
80603672.7627200335 37935.9871948063
81793596.2790366560 64118.2569370270
80534444.2171162218 31846.7802683562
80538012.6329113245 31853.7278061509
80556051.8833364546 33879.9221140593
82717508.1911603212 69985.6833727397
81307324.8734298497 58039.6806324571
82513383.2453567386 67884.2146849632
82590566.5161988288 67958.7847452164
82646605.0955239683 68267.7734537125
81284604.0252901167 58004.9917387962
81425620.0492497832 60051.9732456207
81303231.7125338465 58005.3253613114
81176997.6798163503 55665.1837272644
