29558206.8565092869 933087.4355468750
29653583.6761882491 964290.1879882812
29521357.8309997804 904143.8862304688
29768891.3281955309 983121.6826171875
29627480.4869088978 957643.7241210938
29630274.4900912605 958333.3017578125
30485853.6340990737 1035902.4960937500
30450125.9351265654 1035877.7060546875
29515215.5119839348 901998.3183593750
30835764.1015343592 1053641.4902343750
29549295.7172630355 927054.1604003906
30309662.7289841175 1027387.9726562500
30629714.5175277740 1044094.7832031250
30441180.7140220515 1035689.0000000000
29763798.2715024091 982696.9956054688
30322463.4548102990 1027470.5976562500
29524702.2639796659 909962.3205566406
29502128.7181203179 892207.5834960938
29504053.2876061387 892855.1884765625
30636485.1255856194 1044366.9902343750
29507190.0505419374 893720.9274902344
30582162.3216997795 1041318.8398437500
30048591.3674475327 1009549.9248046875
30063884.9784124047 1010471.0185546875
30269879.1887234822 1025506.8398437500
29662986.9112961218 965691.5283203125
29641784.0272860751 960797.0332031250
37692888.0488980487 1075561.3193359375
29767112.7185777277 983022.1352539062
29642212.6413845755 961229.0546875000
29763228.3112623282 982403.0004882812
30943480.7037407197 1059070.7236328125
31067632.0947609507 1059206.4912109375
30546072.2160288729 1041146.1523437500
29623485.7878743410 952444.8603515625
29670179.4558677226 967208.9194335938
30821824.8985839598 1053641.2255859375
38191517.4084905982 1075667.0507812500
29521618.4007698260 908314.6269531250
30362046.8304177895 1030636.1767578125
29526854.5104768761 910693.9807128906
30075543.4082562588 1012189.8251953125
29511674.8667354397 901070.5158691406
29658788.2758225277 964515.2988281250
30164252.9339614697 1017419.3037109375
29539808.9652673043 919481.7976074219
38169277.5280426219 1075653.4062500000
29536593.4165627584 917941.4914550781
29675774.9540209360 967239.7958984375
29797464.4965067804 985475.0986328125
30033771.2714978307 1008711.2119140625
30650965.4101677723 1044470.5839843750
29520476.0921636671 903648.0488281250
29680743.0536680147 968276.2802734375
30684818.5041104667 1045612.4052734375
31091120.9264953956 1059209.6005859375
30027291.7024073564 1008182.8173828125
30287433.8567714058 1026164.3574218750
29580957.1517371014 942893.2441406250
30365689.6972918883 1030831.3369140625
37653153.8271094114 1075549.8583984375
29949953.9152731486 1003198.7949218750
31077181.7235449962 1059209.3359375000
37976101.4212962091 1075619.1503906250
29578018.5303482376 942063.7324218750
30596187.1591344252 1041332.6923828125
30647655.9042008147 1044380.7998046875
30561484.8168999851 1041313.8271484375
29821113.6594324522 988880.9443359375
30256847.6226746328 1025361.6416015625
30429646.6532729417 1034733.1621093750
30462364.8023646250 1035899.6279296875
30260329.5599394329 1025504.4013671875
29541372.0126482509 919551.9343261719
30154703.3051774204 1017416.8652343750
29528370.6095980443 910711.1931152344
30657857.9620009847 1045426.7929687500
30762723.3584841490 1049868.3837890625
29791677.8363389373 985195.1298828125
30119495.0300463066 1016011.1679687500
29543511.3298888467 924979.2133789062
29545093.0382938199 926221.5649414062
29774775.8752355017 983735.7246093750
29871205.5178085044 995633.6435546875
29751090.0620492473 980194.5927734375
29757343.7642223574 981788.9584960938
29867657.2883050144 994492.3300781250
29852043.3792021014 992893.1362304688
30291995.0584290288 1026286.9589843750
37510512.9296230301 1075540.5175781250
29612340.2364668697 950695.1699218750
29546656.0856747665 926291.7387695312
29610623.9874997437 950456.5517578125
29858100.3288915046 993701.7163085938
30036761.5550147928 1008711.6484375000
29504432.8198773675 892861.1877441406
29925982.1596271023 1001075.3564453125
29598384.8633101583 947527.9345703125
29898989.5589476228 998633.0214843750
29979339.8264349215 1005806.0244140625
29943017.2758159637 1002535.2197265625
29550014.6746104248 927366.0117187500
30214353.1232333519 1021573.8632812500
30061309.9373393916 1010356.1953125000
29947303.6137163043 1002808.9101562500
30090190.3622948118 1013008.2714843750
29966726.8920554817 1004910.1816406250
29639507.2102165557 959267.2426757812
29807575.4908996150 987006.1098632812
29523225.6375699602 909326.2534179688
37847366.4471624866 1075609.8085937500
29608084.2667705826 949723.8281250000
30246710.2921787314 1024170.3837890625
29538988.7476679012 919216.7141113281
29502242.8142828569 892606.4533691406
30011568.7821144201 1007923.6093750000
30610082.5759552382 1043578.8134765625
29801302.0962725021 985784.9521484375
29631508.9502232410 958537.9780273438
30344977.9506455176 1029619.2373046875
30327298.0776713975 1027879.5146484375
29562235.3198236339 933803.1230468750
29848643.6647000685 992420.7265625000
29631940.1300908476 958774.6201171875
31212668.3754894473 1059902.1367187500
29893314.0907758661 998331.2236328125
30031359.9871431366 1008670.4892578125
29837843.2178864516 991514.2363281250
30102944.9380366690 1014534.4560546875
29629698.4768999666 958003.3032226562
29564810.3608966470 934155.5000000000
30108726.8684713393 1014677.2382812500
29716318.0702034123 974031.5107421875
30796576.2072925605 1050612.6855468750
29517034.9259728007 902324.1872558594
29723590.5865693614 974278.8291015625
29843791.1146819144 991597.3730468750
29856109.7243318409 993159.6079101562
30050841.0480329208 1009766.4433593750
32323408.5727301612 1067915.9550781250
30378218.0984918252 1031673.7119140625
29567186.7168611065 936033.2490234375
29517376.6991467327 902757.8393554688
29523777.4268659130 909393.3015136719
30759748.2698305398 1049396.8916015625
29502622.3465540893 892639.3820800781
30787066.4602951892 1049892.3476562500
29661176.4379728436 965156.8535156250
37692581.7320200950 1075553.2939453125
29952828.8406089693 1003715.5312500000
30744521.2514411211 1049292.0664062500
29537425.7002869546 919155.5681152344
29552922.7834827714 927744.1354980469
30030815.6483270898 1008306.1640625000
29551359.7361018248 927663.1770019531
29739012.6421140879 976674.5419921875
29604459.8414741084 948969.3867187500
29516110.0888590477 902043.4099121094
29567584.2744517587 936296.4814453125
30193608.7800769247 1019676.2763671875
29514844.6252328455 901477.3334960938
29519187.1724700108 903013.5620117188
30364900.8892372400 1030636.2197265625
29543790.8709754385 925615.2145996094
29566467.7595137171 935721.5322265625
30188971.3062902950 1019191.7138671875
30245246.9429083094 1023482.1728515625
29775345.8354755826 984029.7236328125
29741063.8734935038 978013.4785156250
31312814.4213023186 1065094.3447265625
29543406.9608033113 919751.1708984375
29548720.1045135558 926906.7529296875
29774948.2778849341 983930.2646484375
29612853.5888074748 951751.4980468750
30227877.7530778013 1022271.3798828125
29869647.8928646781 995034.4423828125
29508909.6271883324 898254.9460449219
30808017.4396873713 1050971.1728515625
29547157.0571326092 926836.5791015625
30246600.4891024083 1024024.5146484375
30718631.9575610608 1049223.8759765625
29555298.7476369403 932638.6655273438
29530125.1513922699 910778.4758300781
29652182.2099636309 963516.1035156250
30600370.3612635508 1042552.4150390625
30912791.0078614280 1055417.3740234375
29595372.1785164550 946297.5722656250
29651031.6155689694 963499.0415039062
29717556.5396768339 974032.9863281250
30511294.8351585306 1036727.5029296875
29887666.2176020965 997795.9130859375
29525841.4457047023 910017.4790039062
29940782.2167030685 1002030.9033203125
30189850.7409318164 1019533.0937500000
30043990.5394776650 1009479.5156250000
30416152.2936880514 1033432.3349609375
29711490.0966572687 972526.9697265625
30073155.2461059429 1011548.4169921875
30721486.0163805112 1049223.9189453125
29547736.5525376089 926879.4194335938
29777757.1198302805 984165.6923828125
29505743.9278613366 893514.6987304688
29507737.3322160132 894256.8415527344
29629002.0618197098 957698.0830078125
29603476.2894981541 948567.1787109375
30896604.5168953724 1055313.0722656250
29870045.4504553303 995133.9013671875
30357917.0980130471 1029984.9052734375
29590287.6832708083 945419.0117187500
29568531.7783525065 936336.5463867188
29622495.4799250402 952258.5830078125
30535806.2400169820 1040586.2822265625
30532952.1811975315 1040586.2392578125
29781230.3825155571 984643.7656250000
29681921.6763696447 968332.2412109375
29647378.1407244802 961806.1679687500
29931547.5068710893 1001588.5996093750
30361864.8926034495 1029990.0615234375
29771899.9574120194 983474.6210937500
30063573.8822307512 1010370.3769531250
31385384.7076279856 1065135.3203125000
29577432.5359629393 942063.0664062500
29875155.9503058419 995649.5830078125
29577071.0264474899 941959.1816406250
29885278.0554517843 997154.4111328125
30308107.1794700511 1027172.4160156250
29741039.4954447746 977379.5585937500
29606439.2180152386 949202.4189453125
29586327.5898578838 945277.0273437500
29601479.3164075464 948168.0361328125
29586065.4145491496 945063.7294921875
29535288.3160665818 914247.2602539062
29699633.1698566191 970975.3632812500
29575016.9538370855 941943.6455078125
29623753.2547002584 953335.3466796875
29566865.3171043694 935984.7646484375
29691036.4994380586 969434.1523437500
30540339.3345011137 1040588.5341796875
29568929.3359431587 936599.7788085938
29578416.0879388899 942326.9511718750
29626146.3132743202 953705.5541992188
30808625.3846657090 1051913.5000000000
29744635.5547691956 979286.5585937500
29582444.5512532368 943042.6386718750
29734444.2234262750 976097.7817382812
37475243.5802261084 1075485.4589843750
29630129.6567675695 958239.9453125000
31265397.0959162489 1063374.6474609375
34179264.6845763922 1072177.1757812500
34286551.9725135341 1072317.4589843750
36562871.9999073297 1075326.5869140625
29669355.7670847438 965955.5322265625
36702867.7183840126 1075375.3427734375
29884997.4461125657 996219.3798828125
29700030.7274472713 971074.8017578125
37114398.1333352849 1075445.5751953125
31256433.0317459628 1063195.9492187500
29782468.8519889787 984645.2226562500
29906753.5678188540 998848.9716796875
29756354.9501177520 980415.1123046875
36673465.2760678902 1075341.9589843750
30095962.7549110614 1014094.2841796875
30169986.0470588282 1017741.3300781250
34373250.3864666224 1073245.1259765625
29789243.5010638982 984677.6113281250
29697183.2217867710 970526.5976562500
29670107.8096636236 966274.0058593750
29730124.2382736057 974369.4550781250
37243685.6331614032 1075471.7832031250
35577232.4527310282 1074290.8535156250
34382702.1179251373 1073470.0820312500
30060394.7306267954 1010232.1083984375
34823624.1067744493 1073623.1884765625
34236665.5896750316 1072303.5751953125
29706177.4497959763 972167.2470703125
30088566.6297731251 1012578.6367187500
36998208.9989695251 1075420.7343750000
30410972.3670904450 1032176.6894531250
30242208.0947241262 1022859.0781250000
34112919.3610957637 1070758.6328125000
31144002.5192305706 1059510.1796875000
30141290.8206185699 1016076.2617187500
36556457.1268486828 1075320.6904296875
30010682.4823433384 1006545.1298828125
30173541.4672963060 1018453.0830078125
31277215.4915209971 1064951.8457031250
35727431.9580205381 1074331.1240234375
31205673.9209871143 1059648.2460937500
37268081.2365016490 1075475.1865234375
33784190.6702803299 1069714.7910156250
34011751.2282184735 1070417.6113281250
31606254.1073664390 1065187.6542968750
36143825.3922453523 1074939.4970703125
36532712.3647092879 1075025.0029296875
35130041.7601679713 1073835.1542968750
31582435.0228107758 1065186.7050781250
35322510.2547666058 1074018.7246093750
33040274.6398170218 1069527.5302734375
36115265.0307730585 1074811.6865234375
33134279.9774237871 1069681.3632812500
