253345956.6785048842 271951.1988949627
252180966.4645574987 181005.4774406767
252201333.3185447752 185127.7884758329
254020277.7969109714 300031.7091029435
252474662.7461234331 217876.7162081450
255719576.6792994440 345244.9949635956
263241706.0815086961 447487.4900172949
253581657.2330510318 283315.4655651897
252153101.2360263765 173278.5319384849
252255150.7955120504 196263.3757600011
252212340.8355388045 188426.3108538808
279326792.6376724839 488222.2929910421
287976770.6186595559 517377.2953004837
279335864.5644282699 489238.7446511984
287924332.5049017668 515168.3285036087
252776495.2591544390 242524.5613247752
252748907.3921774030 240700.4289090037
252815327.8185868859 244867.2107813060
253999555.8678804636 298666.0027136058
252202967.3483039141 185139.1932597877
252223334.2022910714 189261.5042949440
252332284.6691924632 203915.6066045584
252989707.5258526802 255033.0214149654
252390600.9302538037 210126.9121330976
252898809.2215429842 250498.5016205609
305530007.4438065886 575052.6667480469
255298930.2597978711 336954.2195104156
253097853.6648140252 259883.7919192016
252771128.9379696548 241401.3350223079
253375355.5110936165 273858.2071205229
252232707.6895260215 192548.6218890371
255816565.9197996855 348859.9767446015
252281472.4541106820 199965.7931794347
252295651.8188381493 200214.8122224035
252243976.6599558294 192810.2324237050
252281315.0816498101 196914.1029709997
252266419.7659418285 196524.9862946691
252945398.5768280327 252843.5302199647
252187493.6749694645 181534.5587927522
253290346.9001729786 269851.3631340116
252804800.9281564653 244507.5873324871
256031004.5650846064 353014.0874623749
253265397.5195129812 268257.9109911621
253140103.3876093924 262215.0719484985
259364291.2457703650 405664.1636058614
253207475.0460865498 266042.0980105102
253419752.3186438680 275547.6057837903
252292082.4784226120 200193.8843287053
253450173.1405810118 276372.9928860515
252290260.6794276834 199985.0980358543
255796727.9081933796 348801.3790883515
252314660.6389199793 200647.2973298253
253753274.8375810385 290776.5953039378
256803713.6857595444 367931.6933613215
252175102.1197726429 177412.2477575960
252217234.0161916614 188943.9874220015
254143443.7492484450 304245.1939051896
257856424.6203550696 384586.7999794409
252510407.4015618265 220779.8553648293
252557567.3478735685 225493.2693458647
253796028.0197893977 291482.6704161465
254347119.4957526028 308913.2817017362
252165492.7912231684 177400.8429736411
252196867.1622044444 184821.6763868453
252892714.5772221088 248948.1378563792
258129620.5512341261 389388.1046222374
252194201.4808904231 184751.7405958297
252184827.9936553538 181464.6230017366
252214568.3348777294 188874.0516309859
255370723.4315414131 339619.2705736179
252345968.7375026345 204347.2166040959
255404770.2257704139 340569.2012914214
278086567.5467480421 488071.2198213339
277694514.9673907757 486932.4782937765
252853924.9006335139 248051.7545426190
264402584.5486883819 450747.0851711035
255384932.2141641080 340510.6036351714
252363483.1434012651 207512.6117151799
252407242.9075560272 211549.7113790335
254182168.8143651783 305183.9998671338
255693450.8418377936 345184.0541371796
252414389.6976934671 211704.8585413517
254433304.2097716630 312331.5184291154
256695328.7230974436 367544.2490467727
257444435.2480017543 380952.0306110773
252878781.0445397794 248868.1277045682
255279092.2481916249 336895.6218541656
255481710.4081142247 341325.0607335065
252456066.4721708298 216587.6085386574
258835082.1846719980 401250.5349132344
253891874.4616267979 295444.4774107486
254972125.2169349492 328050.8767592236
252637001.7101665139 232353.4756782800
259155085.9881107211 404645.7686435506
262190843.0401110053 432943.9506143332
252916562.0972991586 250508.5051820949
252842052.8603906333 247447.6339371502
258988396.7615315318 403526.2760555074
258614170.8093024492 400461.0355464742
254539144.1757441759 315946.5002101213
260127918.3299558461 417213.5804179311
254513250.5188083053 313944.5342299268
254139622.5584798753 303365.4180762991
255175815.1818360090 333278.2969029937
287528787.4161016941 514922.5983324051
252840281.0874499083 246575.8761484325
258409552.8529050350 393141.4674152061
252580448.2214726806 227836.9891975671
306172713.2465081215 575674.0270996094
255010483.9287326336 328623.6650255844
252745063.7067174911 240210.4951388836
257016987.7179273069 371638.2048283014
255721774.1685674489 347900.6708087418
259912545.5087982416 414272.1262095571
257318633.4659847617 376922.5017719660
252248203.9338174164 192906.0975985648
253809820.4320397079 292001.1413883418
253630109.3692983687 283986.1047796458
255205676.2392331958 335459.2546880543
257399374.3030806780 378370.2030887995
255751299.5900706947 347999.5233478043
255009410.8261110485 328292.3064458668
253543916.9300175905 280495.0791448802
255082561.1612712443 331783.3320806324
256671185.1957870722 365705.5751208458
254795517.8862966597 324667.8665968701
254709515.9319304228 321111.4824721143
257874617.0019824505 386928.9103535209
257587599.0433673859 383386.6341427360
256247491.7794419825 356687.3946732674
255643673.5496635735 345022.4034747574
260921786.7155401409 427104.8116801381
252483689.5929469168 218242.7491581887
257750166.6320720911 384573.2386753522
256817926.7682151794 371392.6740851197
252585599.6332230866 228211.5827176720
256270377.6971970201 356833.1431750450
252787313.4295128882 242541.7751681805
258311805.4531227350 393138.7573711202
254815355.8979029655 324726.4642531201
252308443.7557066083 200455.4948633732
253697239.9373891652 287944.6994375437
257587599.0433673859 383290.6973751578
254262737.6364418268 307041.3406837210
254104186.9704437852 301496.0664698705
254599445.3956127167 317894.4581496045
253631744.3635954857 284501.9231313914
260185746.5244829059 417677.2108958364
306196043.6285808682 575674.9995117188
256285911.6407658160 360616.2820949052
255630196.1571894288 344781.9096654449
255528118.1754143238 343537.8659642730
254586400.8539685011 317435.5598646924
253919346.0695288479 296033.1786106154
253603496.1479524672 283822.6131787151
255099836.2732606530 331844.2729070485
253515668.7143745124 279815.7691922039
253706034.3106464446 287992.9487661570
254075614.3901434541 301072.4084908888
253538000.5741588771 280379.8368725628
252594560.9426599145 228678.9981468469
257024276.4655734301 372314.1384903584
258198243.0176916122 391634.8744586632
255609096.7977363765 343940.2815155610
255870298.5656630099 351608.3930987809
256241356.5803331733 356025.1754044686
257262698.8796318173 376146.0523460899
253684195.3957449198 287485.8011526316
253871740.9789704680 293182.4988407344
255619208.8710553944 344723.3120091949
252646456.2320982814 232748.4411094189
253766249.4253320098 290929.1371750385
255796395.5284080803 348052.0089740250
255991802.3427040875 351885.8273404185
258842370.9323180914 401938.4219444320
252407823.4960130751 211618.4757212894
255115427.9007789195 332114.6906603500
259959458.9464154243 414272.3749278188
259713386.0874662101 413714.1674082875
256471084.6044557691 363894.6440150458
256589839.5825893581 364028.1672140155
255517130.8892802894 343479.2683080230
256176778.5522937179 355780.8133599586
256030093.1164607704 352226.9379347060
253085406.2344295681 259788.4678342417
253788098.3363945186 291404.7774909884
260049916.5260386467 416280.0328868032
256849524.7807600498 371441.7923933063
257992371.4031504989 389072.6631883308
282721216.2858923078 507006.6541795731
282834865.4593979120 511781.1751146317
252609242.5959504545 229615.5803810209
253849938.7595159411 292589.8425882086
258268271.8904131055 392936.8049396202
260224354.4906886518 420527.4061167836
254685451.1154560149 320313.8271986768
257016987.7179273069 371537.6508732233
263081915.2164086103 439684.4547251463
264675738.4562399387 454063.2758754492
295393028.8964015841 550154.9185791016
272415395.5186157227 486039.1814187765
258493635.6849329174 394371.8617549762
258050999.4207970500 389234.3138507530
257114631.8639082909 375990.7806395460
254629189.4114535749 317942.7074782178
253468966.6343007088 278148.8759732097
253870638.0625267923 293096.9902017340
305825461.3010858297 575486.0454101562
252703832.0265567303 236910.4843289256
254730360.0988726914 321387.8235662282
255890136.5772693157 351666.9907550309
253237895.8680235445 266867.4851127714
259350673.5656445920 405590.2154571414
257111351.8752941489 372618.1811217237
304262613.7479069829 573333.6147460938
252566528.6573103666 225960.6847750396
252545026.1211155355 225023.2464652508
258530381.3080762923 400442.0761453435
253191306.5127385855 264522.4565133676
252542885.6945829988 224556.6871116906
252596701.3691924214 229145.5575004071
254410903.2855992019 311572.9697091505
253362105.5418359637 272746.7108436674
259474210.6140319109 409327.4924041629
259747406.5449109972 414128.7970469594
252514853.4092334509 221838.3737398833
277235551.8493177891 486333.4931863546
252443114.9550702274 214706.6874053748
254066820.0168861449 301024.1591622755
257254866.7871228456 376091.4271010328
254979953.6567170322 328184.3272893727
305620597.4137662649 575181.6535644531
253243381.1736209095 267003.5007575452
253089059.2915566564 259835.5425905883
305686013.3777228594 575308.1196289062
253441378.7673236132 276324.7435574383
252458732.1534848511 216657.5443296731
264349232.1052459180 450613.8988918066
281554181.5901339650 505032.0714944601
252430699.8681353033 213939.2309578657
295360873.5812402964 540364.7531738281
264482872.2277301848 450914.7255519629
253839449.5664704144 292522.2059502751
253149982.2189579606 262426.9345888793
270369811.6948965192 479877.1108850241
254633830.4309536815 318066.8452650830
254511237.7754316032 313530.5004747435
264266330.5448833406 450530.3595851660
252396486.3957680464 210699.2663640799
289342390.3410229087 524291.5309495926
264026945.6882611811 448135.5770686865
253848243.9397276938 292570.4552788883
305768160.0875074863 575451.7275390625
253817610.6515688598 292015.0583367497
253831659.3469412625 292508.2890018672
253861272.3405399024 292936.2397054583
295708301.4838444591 553702.8236999512
295832247.1094312072 556501.8199768066
253944356.6608481705 296475.5146688372
264703482.3476689160 455595.5094126463
253051065.1016497612 257294.0843053907
253103721.1473750472 260342.6902041137
253351132.4530685842 271951.5960614234
264429948.6829149723 450753.8290675879
264133496.6488716304 450384.6479152441
300909050.0344032049 560516.8714370728
253913723.3726892769 295920.1177266985
253974763.3504824936 298299.6470846087
261582331.4073906541 431355.1290438771
305186140.4223251343 575013.4692382812
304998408.3303005695 574824.8962402344
300676596.0573843122 557847.4873352051
304877128.5356463790 574136.4272460938
264576081.1364360452 453858.0827457309
301423793.8743931651 562622.1356811523
264493854.0149761438 451886.2352632284
254117057.5309802592 302971.3277027756
260674825.2954158187 420776.7095936537
264507208.2079236805 453058.8187106848
262939403.6631831229 439339.4086030722
280359889.3579239249 493537.4046853781
280186446.2364299297 492507.7339181900
270067251.2157308459 456571.2919868231
262214109.8037391603 436260.3786609173
261880025.0893881619 432444.9234623909
262900834.1770616770 437091.8671392202
290890267.9035752416 532098.4893388450
290647776.6289796829 531204.7190285921
287872173.4080687165 515141.6952838898
270187498.3479490876 458771.6737331152
300049670.9542478919 556964.7356262207
292189973.4172465205 539629.0589828491
303927314.1112922430 566657.2414550781
300783617.4192358255 560038.6029968262
303654832.0611518025 565320.0981445312
285906577.4579753876 512819.6711235046
289005149.0243007541 518092.9094873369
289058964.2150372863 522215.2205224931
301372456.9399174452 560793.2428894043
303319002.6809129119 562871.4842529297
