66473040.4521919936 452676.2291145325
68424709.9659247398 531412.0727539062
67071042.3126892522 485675.9796867371
66914800.2651487589 477622.8470420837
68733026.6350820065 539004.9599609375
67363817.1727423370 497850.4447631836
68247822.9246251732 525914.4039306641
68229608.9733381569 525861.1187744141
68220644.6604697853 525191.8845214844
67505278.6653548926 503896.1589965820
67526963.1353399307 503946.7439575195
66584703.5799566656 454569.3046379089
68121691.4726880193 523996.9964447021
68630329.5133263469 536342.6910400391
67912021.6840112209 516996.2694091797
67700876.6459030658 512946.9416809082
68327758.9017910510 527912.4150390625
67930437.6084731817 519207.6157073975
68011309.2285119891 519427.6398925781
68561164.7397966236 534410.9244384766
67884688.8160568327 515031.5330810547
67088648.2486413270 488111.8820648193
66677365.7720086351 461821.0909385681
67641115.0318663716 508070.9789428711
67337309.4978145808 497679.3012542725
67488008.6165909767 501021.1501312256
66704091.6496128589 467087.4842224121
66764703.8812570721 468144.9350738525
67333547.5640130341 496211.2810668945
68537896.3607682586 534277.7916259766
67308969.4479688853 495821.0035095215
67464518.0886943638 499633.8466644287
66761150.7271843106 467664.8407859802
68289726.6051787585 527811.8732910156
67222057.0917305201 492640.3289375305
68639778.3061354160 536344.7120361328
68406496.0146377534 531358.7875976562
66591857.6121828258 460035.8413810730
68417601.3031000495 531374.6606445312
66699631.1478297561 463252.1206970215
66588426.0308218300 459251.5744132996
67174898.7516707778 489494.9664001465
67544973.6266501546 504270.3447265625
67634360.5886407346 506825.5095214844
67902862.7091234177 516615.4947509766
66610485.4372999221 460399.0291442871
67383991.5652763844 498767.3714294434
66995042.0363283902 481423.1335296631
67172971.2755373567 489119.7532653809
67610631.1294200718 505960.3772583008
68355180.6479719132 529772.2233886719
68032319.5538403541 521274.5361175537
67426401.0917924941 498807.1634216309
68462766.5181066096 532549.5885009766
67026244.2802024037 482084.3457756042
68663783.0576793551 538089.3081054688
68450133.7057695687 531892.3546142578
67227930.4022753090 492726.9819030762
68864593.8106595576 542429.0288085938
66913401.2743872404 473515.9655914307
67471607.0048381835 499964.1557617188
68461198.9371841699 532297.9492187500
68190499.9150440544 524191.6944580078
67495519.5091403127 501745.8748779297
68781953.6019313037 540427.5297851562
74197814.5958660394 544929.5234375000
68271512.6538917571 527758.5881347656
67277744.5770457834 493498.2740440369
67381596.6953417808 498765.6282653809
68700421.1366380304 538437.3178710938
68344622.2983124405 528974.1821289062
66949466.1379394159 480533.9098052979
68583099.8617051691 534643.1079101562
68373394.5992589146 529825.5085449219
67218389.7676009387 492479.0320739746
66846257.9730529636 468970.6147308350
68395691.2899374813 530509.8730468750
68265421.9360636920 526539.2349853516
67474849.7227754444 500540.6550292969
67695831.2015616447 509935.2174072266
67625094.3771700412 506045.7593841553
70851638.9558744431 544147.0341796875
67453528.1032133251 499577.0539550781
67046493.8700945079 482417.9934997559
68399387.3518130332 531321.3754882812
68601313.8129921854 534696.3930664062
71936905.7087974250 544475.5209960938
66671097.6689441502 461456.4643707275
67435191.7372766733 499474.7303771973
67481503.8365604281 500653.4301605225
67828009.1994725466 514259.2442626953
70849067.3210116029 544144.3857421875
67896140.8824874461 515937.1270751953
68680071.6565641612 538362.2426757812
68508500.9231454730 533896.4000244141
71293133.0064408779 544356.8491210938
66836271.1132930368 468848.7455902100
67027309.7028128058 482412.8506774902
68898344.0730118006 542816.9780273438
67822177.2048588246 513684.7386474609
71900715.6917689294 544436.0229492188
73070682.1580249071 544606.0146484375
68535908.5737401843 534266.4312744141
71572670.3368951529 544419.7216796875
67911202.6204121709 516622.3487548828
67834919.1948817521 514633.3128662109
68796462.1276446283 540750.0576171875
68435871.3648333102 531879.9049072266
66498251.3998699039 453347.5991935730
68657878.4725410193 536428.6104736328
69067771.1404052377 543527.6372070312
68918432.0264454633 542912.2368164062
68194195.9769196212 525152.7833251953
74442308.2219854742 545030.4116210938
67433386.1450400501 499201.0419769287
68663585.3367456347 537272.2622070312
68784011.7900688201 540510.5351562500
67832822.7475997359 514265.1788330078
67640451.5204508901 507788.2893066406
74142627.5373107940 544886.9829101562
67578751.8237887323 504289.6584472656
66393620.3681231067 444743.6384735107
67691328.6542721242 509239.9001464844
66856020.3077983707 473390.7808532715
73212822.8033023030 544621.5556640625
68508377.9600049108 533420.3095703125
70731917.9306393713 544130.0532226562
69016554.5439725369 543183.1157226562
73299114.3671163172 544680.2094726562
70616648.2832860649 544091.5429687500
68765665.0030465275 540150.8300781250
68501269.2971801907 533382.8974609375
70929157.7906671464 544199.5356445312
68941092.5128200054 542913.7578125000
74333165.3206847459 544967.0673828125
73859357.7960609794 544830.8881835938
72214611.4887083918 544500.3286132812
71160381.5407922566 544248.0234375000
71239430.8752512187 544306.0917968750
73626533.7950190753 544708.2910156250
68969031.0579017103 543095.3100585938
68987245.0091887116 543148.5952148438
73643080.6296650618 544750.4301757812
68986500.6556579173 543146.4282226562
71432081.6389356852 544362.3442382812
72753471.1980162859 544559.8549804688
69803123.5480120778 543887.2177734375
70557445.0990284383 544080.9287109375
71890411.6394567192 544432.6743164062
72344332.3519388139 544521.3759765625
69691859.5360291749 543839.7670898438
68630274.1941240132 535076.2744140625
69499144.3413085938 543797.9301757812
73872547.0360837430 544861.7109375000
72381722.6259524822 544538.3852539062
68855113.2215147018 540781.6562500000
73044089.9416095763 544603.7265625000
70061073.5177862346 544029.1196289062
68970675.4546243399 543145.8002929688
68946984.1648764163 543063.3613281250
68861730.1753299236 540782.5239257812
69304350.1697159857 543790.9301757812
70463645.3887165785 544040.8242187500
69192150.5771783292 543681.5302734375
