82825773.3807871938 630784.5732421875
81840815.5125994533 542949.4685058594
83588315.3534358144 678781.0556640625
81052628.5423049927 427190.2426757812
83768527.8771705925 685253.1679687500
81256322.9534301162 462715.7526855469
80974724.1584904939 392245.3701171875
82115490.7413095534 572342.1093750000
85533914.7715681493 730375.9179687500
82892904.4904630780 635827.1162109375
83463171.1390621960 672249.1914062500
83571092.4785421938 678685.4238281250
83269363.7051580101 658538.4121093750
81745495.6281218231 534318.9301757812
82632940.6076856554 617887.1347656250
81509803.3351168633 503707.9863281250
81009916.8254106790 398081.0786132812
81937306.7176269889 554738.0947265625
84823227.2485735416 722121.7392578125
80990869.0362434536 392247.1333007812
81009822.1785762757 393814.2553710938
81519588.7710927129 504604.0751953125
81807692.2301286161 541182.7827148438
81168732.0306925029 451643.6210937500
81538636.5602599531 510438.0205078125
81573687.1288144290 511633.6557617188
81038019.5210546404 420912.6611328125
84032451.8916411847 697361.2050781250
82884358.6408663392 634557.9541015625
82699308.6133231521 622384.9165039062
82677764.7358028293 620525.1430664062
83298564.0226508379 660914.8320312500
81084915.4384817332 432754.1967773438
83279318.3301970512 660819.2001953125
85303738.9318544120 727552.7255859375
82887750.7517488599 635581.8173828125
83883258.5037387460 692192.0244140625
82439371.0395183861 600582.7563476562
84182709.4704489708 703794.5000000000
83182626.9540539980 654776.9238281250
84109590.1364768744 701652.8876953125
83511891.0418663323 674049.8730468750
84132433.8014582992 702241.6777343750
82728297.3740517199 624492.7568359375
83706574.3454369009 684381.8291015625
83558416.2085469067 677661.5605468750
83438771.7078942060 671908.2607421875
81555647.8783893138 510737.0756835938
83414128.2428401858 667701.8652343750
85238433.7430194765 727272.6660156250
84545789.9113029987 715767.8916015625
82637185.2278355360 618708.0058593750
83164587.7036288828 653880.3437500000
81632457.3738503307 518382.3928222656
81639052.6131439060 520385.3652343750
84258783.5243792683 706822.0683593750
83431951.4410828948 670751.9755859375
82542687.6538064480 610862.1069335938
82442055.3133859485 603550.6948242188
82564789.2670671493 612540.3217773438
83329194.8200402260 665214.7031250000
82613566.7474835515 617553.9003906250
83093708.6099517643 647188.5502929688
81740059.4586537629 533515.5437011719
84381643.7449195236 710485.2001953125
82008768.1552674174 560511.8239746094
82914430.2623724937 639014.6933593750
81034359.8466812223 408535.9091796875
81439082.6068249345 491376.9641113281
82721473.6701667011 622457.2675781250
84850285.7722415328 723310.7324218750
82455335.8177324980 603967.7172851562
84756142.9537061304 721538.9804687500
85444323.1937967241 729352.0546875000
83768908.6337209493 687956.9707031250
84565035.6037567854 715863.5234375000
81149684.2415252626 445809.6757812500
82131469.6018421203 573200.4765625000
82651295.4820514172 620474.0219726562
81450715.5294740200 496010.8483886719
86183471.7200580984 734548.7773437500
85125998.5002666563 726133.8837890625
82512036.0114606917 610398.7094726562
83866421.1857744157 690574.8730468750
81586712.5456459671 514624.7346191406
85854577.0876294225 731899.8251953125
83518998.7609538734 674297.8457031250
81688795.4343936294 528359.9409179688
83861314.4601145983 690383.5312500000
83638523.2297081053 681236.7021484375
82074769.4081139266 566769.4843750000
84711694.0826489478 721044.0761718750
81738552.0845297426 531397.2089843750
83671424.4639244378 681332.3339843750
81274475.9495747387 468284.7680664062
82379939.5757200569 596127.6025390625
81643412.7393741608 520583.7238769531
82791059.3756058663 629539.5410156250
82182856.6205762476 577618.1928710938
81238416.8422781080 462158.8461914062
81434822.6260988861 491085.4851074219
83197089.4288100749 655456.2070312500
83309202.7598662376 661840.8837890625
83535162.6876241565 674323.7324218750
83342080.3317511678 665865.9843750000
81032573.7010527998 399235.2348632812
83695042.9442764074 682486.4394531250
81337258.0276842862 477018.3181152344
84772966.3282026500 722067.9394531250
84457717.7988498211 713512.7685546875
81324259.0032914281 474314.4282226562
85669477.1632708311 730805.8320312500
83880688.3203166872 690716.7656250000
81533548.4241820723 505608.6359863281
81391013.6220771372 485887.2958984375
83067060.5386496782 647171.5395507812
83278592.0008891374 660657.5673828125
86386101.8961526155 735358.5625000000
81015562.3829234540 398943.2583007812
84542207.5154707432 715090.3808593750
81368156.9470404685 480813.4016113281
84522833.6552685797 714757.1464843750
80996514.5937562138 393109.3129882812
83788195.1261424422 688241.9189453125
84595952.9892407209 716898.7587890625
83163861.3743209541 653718.7109375000
83642999.2613978982 681279.2128906250
85918713.3913154900 733095.0000000000
81102788.3240981400 433968.1401367188
81206290.5760217458 455229.2890625000
81123337.0878510922 438945.1870117188
84226407.6082001925 704098.1660156250
84424265.5043556690 712488.9052734375
83845071.8397738934 690234.7783203125
83822835.8892439008 689626.0166015625
83771952.5058017969 688093.1660156250
81348250.5918838233 478713.9238281250
84351194.5225384831 709408.2158203125
84053724.3050768077 699024.8154296875
83864445.6999760270 690568.0126953125
81223085.6148450524 457605.1215820312
81185743.3488218486 451935.5976562500
81725728.8658598810 531308.2145996094
85393202.4537949264 728681.6542968750
81338465.1559079587 477817.8349609375
81834092.1008334011 542688.6625976562
81777391.9071051925 536729.6733398438
81905316.5778831542 551451.4765625000
83911237.8706744313 694909.0664062500
83930611.7308765501 695242.3007812500
81289797.8884613067 469644.1025390625
84084773.2575305104 701599.7666015625
81796090.3931839913 538180.0998535156
81351319.8065344393 479024.2885742188
81782429.0595880598 537267.2038574219
83988912.4275273830 696631.2333984375
84030476.4058427662 697354.3447265625
81120974.5457783341 438880.1186523438
81852790.5869121701 544139.0891113281
81604740.7493709177 516860.7631835938
84060431.2585768551 700078.2470703125
81962016.7716113329 557410.4658203125
84966333.3140133470 724979.7783203125
82088049.1540956199 569547.2548828125
84408986.4125419259 710765.3134765625
81855702.8619452417 547388.4379882812
86115774.5913032740 733351.2089843750
83810531.2584900111 688332.7158203125
81103963.2276489884 438588.1420898438
81512913.0417510122 503787.0654296875
81472009.2065958530 496712.5136718750
84285670.1951950788 708343.5878906250
81388648.3624139279 485285.5529785156
81415309.0128676742 490753.5244140625
81912403.0556734204 553347.4272460938
81661440.9430991113 522819.7524414062
85411276.9082179964 728986.9472656250
81404012.6464699954 488912.8193359375
87004719.4038940668 735579.6640625000
84335867.0785698146 708623.7011718750
82805309.5164076835 630316.6166992188
85625078.9841570705 730547.2294921875
82178819.3668166250 576665.4453125000
81709139.3615239412 528940.8457031250
82035821.5701898336 565872.2065429688
82228777.6953705996 582038.0078125000
81979121.3764616549 559913.2172851562
84010283.1518410146 697050.6787109375
84586366.2259182334 716426.1923828125
82159445.5066144913 576332.2109375000
81656181.5383110493 521468.3583984375
82679663.9179116637 622143.0678710938
81311804.5054542422 474286.4948730469
82268766.6597949862 587922.2797851562
81744424.5073665231 533653.2316894531
81257464.6314453334 467992.7915039062
82394799.0422792584 600059.0688476562
81872349.1781444848 548375.0349121094
81189279.2578923702 454937.3125000000
81446896.3679485917 494100.0302734375
82191017.9966094494 580206.0195312500
83195189.7481329590 654875.8701171875
81968712.5241631716 557677.1887207031
82338098.8485510796 593628.0766601562
81336020.8711614758 475192.3872070312
82025412.7178913504 563636.1779785156
82380234.7603169084 598849.8657226562
82055081.7543569505 566470.8132324219
81801124.7010947019 539612.2209472656
81929049.3718726635 554334.0241699219
82910484.4516936541 636100.7167968750
81393710.2118313164 485945.5090332031
82071728.2677057683 566579.3703613281
81372079.9784580916 481318.3090820312
83270240.3702496886 659815.3281250000
82762124.1786044389 627645.9721679688
82486462.8841926306 605570.1342773438
81359989.9766455591 480714.6848144531
82608399.4422211647 614502.8725585938
82197502.1841044575 580282.0844726562
82492769.6334775835 607117.1005859375
82302677.5835026056 589117.4545898438
82198676.7993149906 581491.2875976562
82323534.5665887445 592418.8735351562
82519042.6546175331 610807.4311523438
82254202.3778326362 586713.0766601562
82102745.3128863126 569901.2187500000
83036498.4730566740 642820.9853515625
81133086.7297097445 443543.0195312500
81164582.7611187398 446836.7109375000
83040643.9908176363 645522.7080078125
84380776.0509356409 709536.1337890625
83016975.5546144396 642447.6308593750
81485537.9194512218 499019.2067871094
82143358.2493543774 573422.0227050781
81843960.1567914635 543316.4335937500
81372950.0399076939 484133.8796386719
83704029.9788529724 683008.6269531250
82359876.3790600300 594759.5659179688
81296106.1829479784 472911.9680175781
85730604.1395200938 731860.5859375000
82551944.9364342093 611434.2392578125
83557859.7476368845 674492.8808593750
83213436.7306547165 658341.3173828125
85391046.4772600830 728070.0224609375
82024935.2969196290 562601.2590332031
85888050.4471033961 731943.7958984375
82319503.1172890216 591236.2907714844
82724271.6985339373 624060.4921875000
82609491.1796221435 614829.3774414062
83312427.0349732190 661941.8789062500
82967618.9114569128 640807.2519531250
83013498.1801217198 642327.9082031250
81723828.4721860886 529006.5649414062
82939252.7263894379 640313.4003906250
83098706.1040865779 651402.4609375000
84623095.7786784470 718778.0986328125
83151459.3596930206 653544.0732421875
82754122.7262161225 626621.8696289062
84485471.0531894565 714704.0253906250
81472079.0366635174 497625.6320800781
81395235.1797037870 485946.6557617188
82487980.0480552018 606028.4914550781
84649198.8781302422 718849.3427734375
81229351.5641622990 459892.1899414062
81676428.4693379551 524864.8908691406
85530712.7540538758 729454.4716796875
84898200.1012347341 723736.9853515625
82021828.7584655285 561121.5737304688
81507910.5759291202 501686.7368164062
82994219.9917319268 641908.4628906250
82349172.1537546217 594070.9260253906
81584754.4328887910 513365.7131347656
82863544.8820602596 633381.6503906250
82223139.7712703347 581934.1369628906
82856099.6371084452 631973.5078125000
84423026.3738768101 712033.3046875000
81897986.7653103620 548886.8723144531
85339653.4911025763 727864.4531250000
82761900.4716206193 627466.6572265625
82477035.5959882140 605382.6582031250
85706313.1504115164 731229.6738281250
87032587.3780528456 736017.4228515625
85332909.5078025311 727657.7910156250
84847405.3697927147 722713.1220703125
85534513.1896750033 730419.8886718750
86045690.6154860854 733314.3632812500
85405800.7594785988 728971.5263671875
85186963.0320527256 726503.6855468750
84641438.2300020456 718820.9160156250
85079574.8826237172 726003.6416015625
84544757.7257365137 715402.3291015625
85210456.9481852353 727157.7470703125
84637569.2956305891 718795.2060546875
84469738.4909166396 713680.1621093750
84251057.0729546249 706203.5458984375
82845384.0886076689 631701.1069335938
82847893.8604863137 631783.4248046875
82826010.2284055501 631367.8725585938
82851487.1001499891 631970.5444335938
