29520963.0172135755 951700.0576171875
29579187.2581089810 980148.3940429688
29500408.1523105800 926324.0263671875
29858113.3360585086 1030831.7031250000
29987438.5600127801 1045967.5908203125
29507730.8265278973 934829.5761718750
29708556.4507671818 1008809.1152343750
29724916.0560889170 1016125.0781250000
29626757.6919218116 992280.2666015625
29517342.2739146464 950240.1545410156
29763545.3907989822 1019054.0766601562
29622160.0114767700 991507.9389648438
29527361.5706977732 957157.3237304688
29612599.7980597988 986314.2705078125
29648309.1104711294 997383.4404296875
29499752.5247564614 926115.0156250000
29546868.8812710382 961865.0727539062
29717216.5254532248 1012778.8081054688
29567383.2611143664 973754.3198242188
29571789.7466015294 975701.1391601562
29535328.9610896409 960813.3325195312
29627491.6940517128 993598.8798828125
29619416.0799229071 991165.0903320312
29709630.4343675673 1011352.7104492188
29494357.9980079494 922530.7375488281
29519110.2794725858 950362.7485351562
29615145.9186759144 987788.3666992188
29491671.0375193208 920938.4753417969
29633845.6167428121 994818.6826171875
29510254.3490936495 945084.0395507812
29981363.2452178076 1041842.8906250000
29708340.5433611162 1008484.7021484375
29549416.5851225071 965116.2607421875
29542518.4174661301 961192.4589843750
29880036.7740028501 1036619.3222656250
29629951.1141736545 993930.6396484375
29502247.5321486481 931915.5263671875
29539206.2212252803 961069.0439453125
29870754.7241892070 1035395.1943359375
29720387.7466696166 1013233.0444335938
29669158.8247731999 1003537.6474609375
29617824.3554394431 990180.5952148438
29853191.2746938020 1029430.0937500000
29701864.6130539067 1007457.0493164062
29681191.8764934205 1005541.6474609375
30515242.9093622379 1068810.8710937500
29560134.0176651366 970845.5336914062
29546117.2473405898 961284.2319335938
29583421.0127904192 980865.3432617188
29791748.9262530543 1028042.7822265625
30008885.8348445818 1046288.9111328125
29813601.1588294804 1029267.3818359375
29883678.2408397645 1038017.4677734375
29771131.4818846397 1022862.7153320312
29811608.8046686016 1028687.5214843750
29848760.6259858422 1029334.4404296875
30354603.7820939422 1062150.9550781250
29558320.4389833510 965756.6621093750
30039064.9997671545 1047316.0849609375
29532302.2701442987 959409.1625976562
29687381.2000789121 1006259.3720703125
29762356.2949259952 1017536.5156250000
29665913.9180939794 1003260.4853515625
29590362.9720934182 983253.5986328125
29778831.0125203356 1026208.9853515625
29714900.6789903790 1011645.0463867188
30300369.1477303132 1057274.4287109375
29983520.7776882425 1043781.2314453125
29768073.7002182826 1021946.1103515625
29871098.6606391408 1036079.1269531250
29533637.2961580344 959851.6015625000
29982128.3793033473 1043489.0546875000
29501511.5907617509 931786.6000976562
29555660.0348092690 965756.5634765625
30665591.3011457175 1073992.1328125000
29669239.1909055226 1004453.5166015625
29679172.8246705197 1005249.4707031250
29569374.5592678525 974192.4042968750
30147554.0076801851 1053698.8388671875
29608173.8582330532 984371.3422851562
29516908.4511394016 949271.8369140625
29526251.1973810904 955215.2646484375
29524148.1439668685 954627.7890625000
29521682.1902137361 954347.6650390625
29505539.1849243045 933514.3125000000
29553047.6996722110 965345.8349609375
29870063.2678406425 1033911.0898437500
30086585.5296614841 1048081.7558593750
29683513.6713921241 1005829.5654296875
29955827.6578716561 1041212.0234375000
29761956.3691963255 1016234.0576171875
29604432.6144369431 984223.9262695312
30079535.3628139757 1047804.5937500000
29877341.9791957028 1036389.6259765625
29560104.3589114808 969263.7856445312
29572436.2863657959 977704.1928710938
29509783.9228508398 936357.2045898438
29762187.7335328795 1017322.8798828125
30139294.7552549988 1051530.8017578125
29602837.1106972434 983985.5971679688
29775659.7913039438 1025754.7490234375
30189105.5567451902 1055018.1894531250
29631676.0670210831 994478.8310546875
29546636.3135375753 961345.3037109375
29860003.0148050040 1033456.8535156250
30185216.0709222741 1054951.4882812500
30220066.4844142608 1055632.9384765625
29975918.4256509468 1041508.6503906250
30189561.8812444136 1055506.6982421875
29614465.9891767167 986756.6928710938
29623770.1606064141 991781.0810546875
29950093.1691212133 1040297.2910156250
29510010.8046723306 938425.2839355469
29520923.4919802621 951212.9350585938
32375230.4967595004 1075943.6367187500
29567211.7289861478 972864.1147460938
29577357.3681392372 977940.6137695312
29616286.0047645047 988450.6855468750
29916021.5505607240 1038188.4140625000
29589024.3158849962 981682.0102539062
30235131.5373992212 1056648.7275390625
30034122.5477007776 1047249.3837890625
30481829.8828756437 1066582.2050781250
30624005.8413074724 1069295.4248046875
30460747.0242762640 1063627.5039062500
29548421.3050111458 962483.9311523438
29563097.1472659893 971101.5117187500
30133720.0687895045 1051191.1591796875
30170150.3966875598 1054488.7753906250
30113922.1943232380 1048148.4570312500
29940809.8706969358 1038651.1269531250
30306676.1706718169 1061400.9433593750
30335648.6220363118 1061621.5410156250
30147275.2877214737 1053669.6953125000
30144610.4767871611 1053406.6621093750
30422784.7812936306 1062653.5927734375
30485884.5352154374 1066774.2753906250
31392293.1193357520 1074541.9414062500
30770610.6397293285 1074224.0488281250
30365653.2661349624 1062428.1171875000
