133398199.8329159617 270396.8320592493
133284595.1423807442 256204.9297154993
134279146.7188750505 336687.3763153212
141188256.8598071635 540601.3662261963
134599418.5138682425 354139.2676782714
138551974.3186134696 482152.3799665868
136073107.3456919491 417257.4734642087
134517256.3289526701 349944.7466586934
134113473.9971662909 327083.4357351767
135992831.7984483540 417196.3734296284
141811418.3636623919 547055.0121307373
139451272.6431794763 496944.7104630470
133408022.2520712316 270398.3696238846
134352367.7709427774 341270.5645532714
133979418.0963206887 317849.2122244345
136445247.0674945116 432996.1391910315
138419528.4552568197 482131.1017659605
135911262.8000907600 410456.7133458577
141107024.6464333534 534086.6296195984
134034970.0155674219 322577.2834757417
135726818.9253789186 403002.7117715733
134426564.6124796867 344809.6438019531
135014687.0356383026 373482.2715308921
133729249.3222741187 299515.9570474476
134388927.2421635091 343365.4874097364
134596574.0305624008 354134.8569083320
135106365.6182332337 378679.5328892128
136363946.1224688888 432179.9654724179
146494647.2118017673 586776.2677764893
137696480.2389728725 467538.3357113302
135233726.9948251843 385113.8844517128
135433760.9375738800 392969.0823734658
137834842.8210808039 472642.0924251974
140065558.8204607368 513926.9935789704
138066199.5445221663 479806.3491390646
133576511.7272903621 285324.0547036976
135330099.4378424287 386519.4295596288
138208460.0597779453 481307.6633404195
137931748.2015161514 473972.6872738302
133568068.5869247466 284843.6628206819
133742837.0665650964 300263.4689978808
133162274.3226582110 235522.9734043721
145217199.8952000141 579363.5311431885
133112534.9497181475 219505.7433209065
135674879.7948874533 400665.0943828374
136289260.3211245239 425500.1703064023
135531927.3918853402 398637.6885288613
135414142.0842635632 392871.4352329628
136400253.6668618917 432581.3874300299
135228927.6524012089 384445.7861851113
135059712.1610547602 376496.3429726021
133121217.8502836525 220792.1419949178
133838820.1756056547 308016.2462534755
134349523.2876369357 341266.1537833320
134368743.8561822474 342453.6296112196
137928324.9243984818 472670.2532478273
154096490.9101486504 627100.0229492188
143000212.0568926334 555380.2782135010
133160747.2142235339 235379.8126835469
134499219.1655370891 349023.7045645820
133754268.7671502829 300759.0355719775
141651716.2425715625 544392.1147918701
134013405.4214447290 318882.0271964179
135576484.2566600740 399964.5402801888
134317046.6113374233 337056.8665463583
140746232.7760042250 527663.4672870636
133546684.0442130119 280800.8799323291
133112038.2141734660 213531.6139252670
134439324.1369137466 345822.4846985595
139598703.4934583306 502203.0024857521
141627312.3169491589 544082.1122283936
134646200.6470528543 357959.5468781249
134662081.8353489935 358886.4654572265
135690448.1769127548 402601.5071247475
133111817.0941101611 213291.0974825267
134893608.0172634423 369342.5359919922
135770406.8293174207 407399.8623907892
133172698.5679318756 237500.7597508077
141873121.0714837015 549176.0943756104
133177739.0022739023 238573.9303288106
135472272.0109989941 393744.4728106627
134127729.8109162748 327747.1232318388
133970337.4899357706 317306.5967539400
141445155.0634473860 543105.7428283691
133953237.1928799301 316638.4984873384
135759530.3599087298 404693.0561338546
133465936.5361348093 276831.1836217493
133086012.0587466955 197881.3337864522
133173831.8053328395 237995.7828769330
133520893.1293746829 279637.2150916308
133080985.9622309655 191444.5401361827
141695017.8868852556 546476.9824676514
137400914.1425856650 457904.5064717829
133088779.1360956728 199777.9243886117
136101966.2470337749 418214.7952996151
146854695.6582359672 588819.0345458984
140752634.7093026042 529397.7326965332
133486264.2276439965 278149.6093148440
133856692.7157662809 308684.3445200771
139316603.0680644214 494646.7566056252
133093805.2326113582 206214.7180388812
133535252.3436278105 280305.3133582324
139503502.2435382903 500902.7072892189
141425333.6637676060 541974.0712127686
134294587.9486164451 336932.9941861288
135885892.8135406375 410456.7050465004
133555967.6055677235 283880.7161102146
141374798.1159572899 541757.7826385498
133326870.8961398602 261848.4318081979
133361818.5217486173 264630.5787633508
134818476.2925500870 365724.7207496421
136922210.5141394138 450146.8236267148
133652494.6543493271 293081.6054849476
136132079.5561855435 418483.6905411141
133717612.2049687207 296291.3074878585
135807844.1008709967 408929.0496490853
134956768.9801969826 370827.7368172066
138358307.7530996203 482054.0820623338
134732230.6238399446 361401.9407270210
133814066.9990761578 304882.1067389697
137427931.7684653401 458458.0265657008
133104161.1794209182 212493.2443065289
133763164.7580743134 301581.8946909755
141416553.0702335238 541899.8036346436
133694282.7065515816 295147.5431284755
133374688.1728618741 264653.3057595938
136908406.6508709490 446392.1401866674
135926344.6711766720 413901.2344044106
134990706.3030444980 372431.3068898320
141524196.0654948950 543721.5824127197
135926815.9866590500 416637.6523010312
136252035.5367341638 424764.6043750821
133429804.0878481865 271759.5249356478
136174242.9731027782 424513.7514221249
136726241.6026999354 446371.8678161679
136233542.3250748515 424557.2706592934
136145378.4719371498 423001.5683319150
146143252.0703676939 585210.3068389893
137358135.5600135624 456591.0808488354
141573158.8615111709 543827.7257537842
140744976.6716759801 525208.4653472900
136535928.7925888896 438614.3170349179
133882949.0505988598 311316.4583014697
136379924.9732165039 432250.4010040341
136091632.9759253561 417813.0550567685
136162643.5097250640 424492.8502227841
133900049.3476547003 311984.5565680712
134857677.6453576982 367306.2380200879
135170467.4268002212 383086.7266896963
137187487.0883514881 455535.5614509583
138183258.5948620141 480040.2905759811
140400618.2784116268 515610.3245066106
140052095.0716236830 513053.9050521851
141659781.4586210251 546053.1379852295
134085411.5425382257 325066.1303877681
134937150.1268866956 370730.0896767037
136620577.6941253543 440449.5490421057
134033653.8620353639 321314.7545219170
134969751.9612051845 372159.0723121421
136319556.4534620643 432061.4171325741
135345896.0663055182 390908.6319369078
134652006.0446454883 357967.1699683921
133647761.7564166933 291758.4062661976
134269287.8081129789 336022.4903690474
137249932.1046264768 456316.7735926881
135069036.6567687094 377164.4412392037
136155970.0028378069 424395.2030822812
136722391.6289791465 446253.3194763241
133100587.0116616488 206274.8986391071
134459456.4739461839 346687.6072041051
133943821.9469003677 315362.9180607051
136271325.3733597100 425381.6219665585
134539859.0184426010 351532.8184058921
134430504.4756198823 345766.5651099937
138884575.1190491319 485538.9563728273
133484344.4712422937 277446.3645477146
133895955.1469426751 311334.3424655888
133882368.1757943332 310666.2441989873
136715781.8811354041 440897.8758766009
134581251.9648399651 353524.1158912437
134246943.2456174195 334183.4576469170
133804147.9586006552 303576.7916843388
134725089.9336793125 361274.0435822265
133224474.8769563138 247754.2167721633
134905441.5851467252 369634.1245490909
139673503.3503960371 505849.4215338007
133718165.6100220680 296474.3418552373
134446168.5968384147 346008.9706604736
134837280.6020650864 366645.7628437536
136498363.0271106958 438495.7686950741
139919856.5812887847 512460.9846935272
133881674.8696301579 310011.1432468388
135042013.9682475924 376068.4761115909
133444163.3021013141 272427.6232022494
133507071.6321987063 278889.7031411976
134022069.7283440530 319756.9487589002
134140854.5845234394 329205.2724320889
134171006.1313570440 330256.2370731490
135082724.2093333602 377767.6942342179
142806344.0643820465 553419.6828765869
133807190.5479927659 304227.0057868212
134252723.2324277163 335639.6239945889
133183749.9319597036 243116.7605334166
133721208.1994142234 297124.5559577197
139114608.4696646631 487979.0398087502
133199214.6115754545 245237.7076006774
135858815.4279693365 410267.7211750405
134106995.2910806239 326542.8031172603
134328496.8601062298 338743.4079756588
134325652.3768003881 338738.9972057194
135249194.4572379589 385525.2450154679
140464169.1483944654 519260.3611145020
134936644.7433001697 370685.0891901510
133494799.7082643211 278193.8764981478
134282874.7792612910 336690.5886356490
137579284.4448748827 462949.9152235538
137486218.7819465101 460091.5497189835
134890310.0447216034 368273.7164430795
133218354.1456442922 247634.0773974303
137805546.8016217947 471645.1274375916
133231298.2362755835 248447.3789342493
137144163.9388691485 454667.0122485682
133256989.9557984322 254068.4289599303
135484406.9461342990 394185.6436099218
133396012.8065418005 269786.1116144154
136141316.9001299739 421638.0310638802
144116528.9657387435 559674.6242828369
135807236.8005877435 408667.9589362995
133690553.3466906399 294782.3188791126
133386279.8197676539 269073.6328404993
133708173.8453850895 295647.8832282275
133134593.0663519502 227449.4083218221
139173305.0586145818 488390.8059220314
139100495.3498713374 486157.1830964088
133133831.6722904444 227233.5814480428
135794318.1825006008 408380.9598184483
139264176.7241896689 492487.5222306252
133154689.4294826388 229832.4328083638
133169825.5314997882 236682.4089709166
133188790.3663018048 243259.9212542418
133632137.1107750982 288620.5707658660
133297464.7934940010 256227.6567117423
135611928.8847653270 400619.9951724218
133269934.0464297235 254881.7304967493
133608632.0477027893 287890.3324469775
133103888.2401137352 206554.8115480784
139603295.2487350404 502396.8935890198
133130318.3463829160 227194.2036633138
133452463.1199917197 272547.7625769824
133107508.8532024175 213068.9496706370
140712533.2092324495 522011.0333404541
133148349.9221982360 229088.6218418721
133360328.9586087465 263985.2074929923
135092527.7230185866 378442.6399714010
133264006.7310250998 254090.8810269479
152138016.2854370475 621182.9521484375
134865989.3586690724 367580.3624476194
145096249.9057102501 570573.4289703369
134890389.9597930014 368384.1165015952
133100620.5326003134 206291.9607357625
135267251.9949506223 385527.6414688485
133143309.4878561199 228945.4611210469
135611628.4608646333 400440.7461155312
152606715.6975341439 625664.0175781250
139461945.2042201161 497313.6993470192
140226422.2437835038 514488.2839097977
139780340.1707414985 506431.6595709100
134933916.3246181011 369771.6701863067
133681996.2700063288 294404.8047036976
133583612.6028266102 286647.2539224476
133125526.0911913514 221257.0007786397
139399931.7631325722 495676.7187004089
147492154.0977584422 595474.2871093750
133124041.1377982795 220895.8220448140
151597480.9694197774 607784.4520263672
133217124.6970308125 246333.3302456979
133141824.5344630480 228584.2823872212
133153014.4941098243 229632.0588764790
139803171.4906210601 511177.2343859673
133318624.6722997129 260525.2325894479
133204255.0459175557 246310.8781786803
135679226.5966133475 401387.5378874199
133242890.8560717106 252745.2297411803
147240957.7707327604 592274.0200195312
133255760.5071849525 252767.6818081979
133305755.0211864710 260502.7805224303
138614679.1778408587 484721.5110902786
137497079.3097226322 461650.4412172018
140703326.8919001818 519262.7135772705
139635759.7352211177 502737.2575115934
151926584.1242794096 610346.6505126953
137638309.4707297385 463202.6147308350
137640754.4540404677 463474.8566518724
137589032.8424877226 462986.3329547942
138003607.8521390259 476955.8020254076
144767947.4669486880 565792.4279327393
144700435.8951431811 565478.3209991455
144605767.8810707629 565222.1094512939
143926521.5886311531 555675.0641632080
139201564.2078583539 489224.3714957237
