65514801.8560121283 1035166.0800781250
65720905.6607320011 1089183.5571289062
65810590.6479177475 1105823.7363281250
66079450.0411644727 1138317.0585937500
65502950.6801680550 1030372.6777343750
66785583.3669065088 1189171.1142578125
66144082.3043660149 1141857.0761718750
66044633.8873407617 1131278.5859375000
66151485.6039911732 1142019.8916015625
66953142.2519448027 1197816.1601562500
66734086.9138401896 1185274.9306640625
66782349.3564238325 1188262.6357421875
65964708.7428745329 1125819.4619140625
67084775.9103146791 1206653.0380859375
66298500.0728529766 1156545.8125000000
66163430.1385498419 1145970.0683593750
67301687.6207339764 1215970.6972656250
65695721.1874257103 1084026.4902343750
66170833.4381749928 1146132.8837890625
66438921.9811619595 1166452.8212890625
65929352.3832501248 1121325.8505859375
66705639.7962768227 1184120.6210937500
65691318.7223497927 1082157.6572265625
66198896.1089657694 1149313.6328125000
66433350.3166042790 1166442.6083984375
66058241.0443054885 1134065.8271484375
66267272.0217092112 1151541.8750000000
65845947.0075421482 1110317.3476562500
66871806.6854053959 1194395.0068359375
65694933.3385115042 1083183.7690429688
65709487.8070250377 1088448.8906250000
67083398.1368468255 1206537.5556640625
65686928.5407577008 1081949.0830078125
65732626.3014383242 1092314.2197265625
66816666.6124290228 1190822.7128906250
65732421.9426346198 1090952.9443359375
65694170.4954611063 1082489.9194335938
65697092.8276791722 1085958.3037109375
65683151.8517281637 1081174.4121093750
65907310.2242576405 1118013.0214843750
66330014.2644165009 1159780.7900390625
66227311.3315534666 1151534.4248046875
65758854.2832191810 1095614.0488281250
65723525.1682637334 1090619.4082031250
66194944.3301133662 1149205.0458984375
66188521.7601276413 1146563.4238281250
66298280.3823011443 1155866.8642578125
66162058.4982963875 1145430.6933593750
66447247.8408918232 1167873.7216796875
66908707.2622981593 1196386.2158203125
65482374.2978308871 1022411.6762695312
66573991.9154650941 1177028.5654296875
66647474.7898328230 1180574.1914062500
65650137.4475562200 1074030.0585937500
65705097.6254329756 1087145.3959960938
65939757.0075844899 1121341.2685546875
66054915.5409120992 1133823.4472656250
65830096.4054266959 1107533.9658203125
65744044.1551452726 1093647.1328125000
67069311.9765629768 1205466.2617187500
66414711.8807221875 1163534.0927734375
65487491.0565152168 1024098.6855468750
66870443.5166580305 1192281.1816406250
67165490.2298196405 1207117.8603515625
65891679.9698723480 1115244.6113281250
65887289.7882802784 1114539.3632812500
65484909.5212130025 1023040.1455078125
65605226.7999167070 1061985.8945312500
65942666.5838820487 1122506.6328125000
66774330.1646672860 1187352.8437500000
65834849.9238256440 1108979.9531250000
65887112.0073665380 1114432.0781250000
66576193.5633139238 1179019.7744140625
66429460.3104377687 1165863.4716796875
65461106.7487940490 1007717.4013671875
65796553.2866790593 1103653.2187500000
67526967.2394083738 1223929.7353515625
66651820.8905625194 1180671.3730468750
66112941.4019932970 1139719.6005859375
65572347.6305477321 1052948.5820312500
66294390.3761346340 1155287.7275390625
67476485.8321884573 1223088.8828125000
66929660.7313770428 1197800.2011718750
66157007.5685641170 1143328.4462890625
66058757.7089729756 1135082.0810546875
65926858.5485830233 1120179.6748046875
65536490.1527301595 1041862.8754882812
65891502.1889586151 1115137.3261718750
65566418.1180957258 1051637.2822265625
65608284.5766189247 1063232.0957031250
66599866.3954744563 1179614.3652343750
66891881.2810068205 1195314.9218750000
66193572.6898599118 1148665.6708984375
67118736.4181304574 1206679.1679687500
65511854.1761048287 1033795.0000000000
65913544.3479510993 1118450.1552734375
65475059.1703846753 1018410.7734375000
66077707.0321812630 1136395.2060546875
65922468.3669909537 1119474.4267578125
65948009.0419861227 1122676.0742187500
66549761.2227293625 1175597.4521484375
67354565.9165730625 1215996.8271484375
66023401.3493485749 1130588.4697265625
66202347.6297385246 1149367.8613281250
65803883.7457933128 1104642.8525390625
65948900.7075755075 1123492.5039062500
68666241.9305900037 1252839.3808593750
67821588.4894860983 1234403.6992187500
65621706.2443190739 1066811.7109375000
65618072.3409244642 1066219.9106445312
65839240.1054177210 1109685.2011718750
65606598.4401701614 1062525.2695312500
66960086.0789112896 1198056.1152343750
65449749.6812815368 998593.8046875000
66909346.6145378575 1196966.5205078125
66631206.6091970205 1179853.4550781250
65717635.8858411685 1088497.0976562500
67233746.0903963596 1209844.6240234375
67276161.7072583735 1214345.2285156250
66747740.9786707610 1186591.3496093750
66662911.3412053883 1180924.7490234375
66859129.6317151114 1191892.5996093750
67005742.2991824374 1199701.6796875000
65830138.9722431302 1107990.3896484375
67003669.9684342369 1198980.9433593750
66929021.3791373298 1197219.8964843750
70726722.8090895116 1262039.1132812500
66042764.5466974676 1130914.8603515625
65575295.3104550242 1054319.6621093750
66497117.2948764265 1171747.5214843750
65984932.6137874201 1126136.0107421875
67443512.3368251473 1219063.0097656250
66398232.2592940032 1162592.6777343750
67264858.6817469150 1212681.0908203125
67431913.6559475362 1217163.9951171875
65756582.4155534729 1095238.1220703125
67228184.7106769979 1208232.2363281250
66001153.9240862727 1127451.8818359375
65957236.7850593254 1123720.1611328125
68016142.1570026278 1236813.6611328125
66513207.8359100074 1172327.8261718750
66008557.2237114310 1127614.6972656250
65586058.3497044146 1057816.1552734375
65731296.7355248109 1090668.1582031250
65543022.2014043555 1045316.3334960938
66363657.9544674680 1161455.7500000000
65672180.1110421121 1077759.5302734375
65792163.1050869823 1102349.7241210938
68194236.5002997518 1241030.9326171875
65447787.6668433324 992128.7910156250
65686750.7598439679 1081841.7978515625
66322128.5620341673 1157561.4765625000
65673813.4998794273 1078510.4277343750
65831909.6463034675 1108146.8300781250
65638038.6400999874 1070990.4248046875
65768350.2720341533 1098286.9365234375
65855048.1407167390 1112012.1591796875
66398930.2696830183 1162926.3671875000
65470566.5920584202 1015937.9863281250
65784158.3073331788 1101162.6318359375
66012995.2845781893 1129316.7597656250
66425180.1170303598 1163950.4140625000
65731851.0279935971 1090774.9003906250
65776355.0697879642 1099474.0288085938
65446004.7002916038 990621.0800781250
65780745.2513800263 1100777.5234375000
67601691.0174756199 1225142.8769531250
65773429.0030018464 1098710.6567382812
65815301.5995002538 1106813.2998046875
65579071.9994845614 1055094.3330078125
65799493.5642012358 1103937.6044921875
65599220.8995739743 1060809.5000000000
65806247.4615555927 1104772.1113281250
65448591.9105117917 995887.3779296875
65765424.2052480280 1097523.5644531250
66809910.0500976443 1189891.8505859375
65631494.0086246207 1069812.8286132812
65752192.2339613959 1094532.8740234375
66737576.0309711546 1185655.4707031250
65453680.5366008133 1001376.6582031250
66687093.2057780623 1182141.9902343750
65603644.9731849357 1061124.8183593750
65877664.3653507754 1113539.0361328125
65819691.7810923308 1107518.5478515625
66493508.9753398448 1169998.4472656250
66763915.3665978462 1187068.5566406250
66678991.8957638815 1181645.4853515625
65850657.9591246694 1111306.9111328125
65990014.4647663981 1126241.9384765625
66406333.5693081766 1163089.1826171875
66016446.8053509519 1129370.9882812500
70877124.2812012881 1268201.5244140625
65516454.8154412806 1035772.7485351562
66272496.0040165931 1151697.2402343750
65667845.2007741034 1077287.3574218750
65583308.8887963742 1056458.0683593750
66053981.2311148718 1131840.5000000000
66458585.8445964679 1169702.1152343750
65672188.3871362433 1078338.9824218750
66643017.4510272220 1180109.3691406250
68530072.6867736876 1251474.6005859375
67823518.4451193213 1234901.5146484375
71615616.3186468780 1275293.5800781250
65551035.7797457054 1047454.7397460938
65627120.3385831937 1068845.8964843750
65523946.9706894159 1038655.6958007812
65505391.9056839198 1030891.0302734375
66129445.0946576744 1140646.4375000000
65578791.9376926199 1055029.0019531250
65524117.5537928790 1039301.6293945312
66323515.9102933183 1159126.3710937500
65516625.3985447362 1036418.6821289062
65645756.0465516821 1073677.8779296875
65508861.0086844265 1031551.5986328125
65509681.0509662330 1031927.7646484375
68505183.2482624352 1249412.4492187500
65454942.0800593421 1006046.7724609375
67568049.6415919214 1225109.2089843750
65474467.9690381661 1017991.1943359375
65499366.3114011511 1029811.9443359375
65603667.4876232669 1061756.3266601562
65488405.0531524941 1026268.4287109375
65528958.2970468327 1040724.6508789062
65495726.6252971813 1028505.4423828125
65658151.0258975551 1076168.4648437500
65488234.4700490311 1025622.4951171875
65519923.9184417799 1036656.3950195312
65510442.8354161978 1033255.6250000000
65569887.2210962251 1052878.4531250000
65537081.3540766612 1042282.4545898438
65538517.6194912717 1042738.6098632812
66375376.8831326962 1161618.5654296875
67662146.2517836392 1226170.2949218750
65533612.2510761619 1041041.2836914062
67671734.6002402902 1226261.7441406250
65510297.2740990371 1032588.3564453125
65555932.7954271808 1047706.1679687500
65527441.0954762325 1039875.5317382812
65514521.7942201793 1034520.1464843750
65681289.5203108415 1080033.7939453125
65623343.6495536566 1068071.2255859375
65676899.3387187645 1079328.5458984375
65558925.9628475830 1049368.9667968750
68229935.3876692206 1241601.0839843750
65575015.2486630827 1054254.3310546875
65635270.6976541579 1070747.8510742188
65653760.8443054929 1074864.9702148438
68498475.0206399411 1245536.2441406250
65540074.5214970633 1043945.2534179688
65656003.8402821720 1075463.8300781250
66284013.5261565819 1151908.1171875000
65627265.8999003544 1069513.1650390625
65639660.8792462274 1072450.8041992188
65623489.2108708099 1068738.4941406250
65542742.1396124139 1045251.0024414062
65561593.5809629336 1050674.7158203125
65610067.5431706607 1065158.8789062500
66493531.8925318792 1170676.2275390625
65591216.1018201485 1059735.1655273438
65550890.2184285447 1046787.4711914062
67929175.9199695587 1235913.7031250000
65454796.5187421814 1005379.5039062500
68325977.9572747052 1243242.6210937500
65449853.4539703131 1000557.4921875000
66390828.9596688449 1162429.8623046875
65566272.5567785650 1050970.0136718750
65999782.2838328108 1126912.5068359375
68380546.7750156820 1244847.3671875000
65583163.3274792209 1055790.7998046875
66358461.9582287446 1160100.4833984375
65454692.7460534051 1003415.8164062500
65461613.8600147441 1010864.1269531250
68057906.0500422269 1240483.5664062500
65867697.5673534423 1112513.2353515625
67735991.2231830806 1228821.6474609375
65461163.3735691309 1008514.9023437500
67171243.6615689397 1207195.1767578125
65569741.6597790644 1052211.1845703125
65558780.4015304223 1048701.6982421875
65738186.5430068672 1092566.4287109375
67821262.4509292692 1232867.6904296875
65465052.7671791762 1013827.5434570312
65470421.0307412595 1015270.7177734375
65460475.8470123634 1007460.4599609375
65460352.3165562153 1007018.7529296875
65478713.6941024214 1020134.1113281250
67714617.3506276906 1226981.9443359375
65474221.1157761663 1017661.3242187500
65478026.1675456539 1019079.6689453125
65511602.7148861364 1033278.0073242188
65477660.0229405835 1018677.1328125000
67273480.0372282714 1212803.8886718750
65471661.5703690574 1016282.5566406250
65671811.8755811974 1077501.9912109375
67715109.7393471599 1227311.6435546875
65494945.4709636271 1026932.7587890625
67648472.7108955234 1225471.9404296875
70385519.2702170610 1259417.6982421875
69775252.5255303979 1258782.3125000000
69279019.7867360711 1253226.3730468750
