29481261.4231051207 44.5675713548
29468583.1615045667 41.8916618645
29518208.8409042805 44.6914917651
29483666.7451674938 44.5682193476
29515872.2307998538 44.6776957290
29464124.6032938920 41.5538973211
29463228.0040145032 41.5458298803
29474278.3409735560 44.3582869307
29465218.4873583987 41.6005918757
29476432.3501655906 44.5667608913
29470423.6546174735 42.0657067180
29509386.0735944845 44.6695188235
29467675.0283659324 41.6119710717
29494512.9796688892 44.6669261034
29522540.4672734439 44.7507077382
35958245.0648175254 84.5360848904
35440318.8026860207 84.0960056782
29527618.7084911801 45.0548008072
29550484.0569161363 45.3370978833
29546293.0283155106 45.2519630280
29580382.2691705152 47.5965805827
29566479.2401294224 47.4056442336
29707352.1365829967 50.4143012867
29612113.1775350943 47.7162221727
29590783.3187877201 47.6628327488
29618683.4946683832 50.3586187779
29792521.1198861524 53.0639471500
29724414.5267133005 50.9074774575
29792954.4038662203 53.2649831348
29614967.1917719319 47.8302921424
30001915.3557070196 53.2956691301
30099928.7092608064 54.5068946555
30110364.6742077805 54.7857180126
30276598.5901516452 58.1471481677
30229019.7395880707 57.4881500062
30173377.2060059793 55.7706829067
30090546.7737506554 54.3734116983
30251751.5035010912 57.6279249545
30407969.6203999929 60.5957245491
30627338.3691978678 60.8458354697
30703916.6448390931 63.6357851150
30645413.6483935155 61.2061737301
31005334.5769168548 64.4806746151
31142958.5134188235 67.2807488739
31063763.7133900002 66.3811872005
31765218.4156982191 72.9121347219
31239367.4996478073 67.8754225522
31255919.4490747526 69.7727223188
31378705.9436018430 70.6653743535
31556559.7960212752 71.4449817389
31565803.6694830507 71.7327065021
31847825.8690123521 73.4240865856
31576831.9298019819 72.1640333086
32258970.5964088999 76.0751987696
32001775.2465698533 74.5486064851
32402633.6408002898 77.9746186733
32035502.0784589387 75.7009149492
32858668.0391567461 79.3890491128
32756317.6591237560 79.3729434609
33535007.1404910982 81.9962289333
32927352.0714001358 81.5235407352
