97770485.6111807823 50855.9127197266
84528183.4339073896 22457.9857343938
84701805.5717094243 27649.1943206787
88022728.3006549925 40177.1097149849
84536991.0342373252 22590.3708907026
85427466.1034380496 35927.0073121190
84586384.1385981888 24838.4459507074
85164646.1812234223 34097.4170255661
95704838.9396004230 49581.9727630615
85135571.0189313740 33309.9742002487
96341176.9076593518 49644.8721771240
85213755.6778664291 34604.9226560593
94553999.3222007006 47280.8644161224
85051905.4104474187 32151.9754171371
85736375.2771810144 37949.7538928986
84543140.2165976912 23159.8986399635
84502838.0024448782 21045.7594819413
97715183.3110963255 50622.7590942383
84909962.9188949168 30540.5382304937
85647850.6603783816 37009.4441127777
84788604.7522886395 29234.0522215664
95635502.5648718178 48449.4407424927
84536991.0342373401 22590.6977358717
84872048.7436453998 30265.2718770802
84534075.7990717590 22586.7509030146
94597090.9194308072 47326.0383110046
85150571.5724455416 33357.8997583389
84543140.2165977061 23160.2254851325
85809422.8536330462 38025.7562217712
84747980.9651271701 28640.8211291134
84825133.9373379350 29652.4288232625
84532387.6259880811 22558.1639315164
84540224.9814321399 23156.2786522754
84546292.8029389977 23262.3927953704
84865686.2200658619 30218.1183679402
84512465.3489272892 21748.9351725029
85157529.0244418681 34025.8472166061
84750912.3551928103 28668.3626768887
85128453.8621498346 33238.4043912888
85824925.3050817102 38510.1215629578
85712501.1754650623 37878.1840839386
85128453.8621498346 33239.1764402390
86012105.3109538406 38789.1863159239
85564885.0074861646 36970.9053115845
85026840.4042525738 32121.5870830268
84668874.8431727439 26855.6740629971
85561067.7381570786 36889.9487457275
85344972.8368759602 35601.1957648098
85071380.5371818990 32370.4364690781
85873547.3793666065 38718.4889488220
85086404.9469788820 33029.4407880604
84639113.4359426051 26089.5887637231
85064263.3804003596 32298.8666601181
85942151.7727343887 38785.3595713824
84546292.8029389828 23262.0659502014
84830321.8608745039 29655.8259661496
85842956.1219694763 38511.3868484497
84872877.2194637060 30293.0853197873
84865760.0626821816 30221.5155108273
86074231.3203830868 38855.9151977599
84758029.5119743049 28739.9324858487
84793467.7137819827 29305.6220305264
84598055.0002643168 25404.1354953852
85439010.8441935778 36390.3583697081
84608455.8635048717 25558.6191255953
84530574.7179588825 22553.0153883104
85657959.3806181699 37849.0043258667
84576966.8207100332 24539.0162243452
84608455.8635048866 25558.8874990847
85005134.2931107283 32045.9414136708
84858214.2173343301 30217.5515959561
84593787.9636988193 24949.2565681841
84689274.5845401734 27577.6245117188
84554131.5789484531 23760.3511366844
84637481.1854948550 26077.2795289123
84562298.9209039807 23945.0253454763
85297415.8535799682 34984.9027967453
84549032.5817620754 23288.9906537533
84605172.1570458412 25475.2707593050
84562298.9209039658 23944.6985003073
84911438.3563465476 30854.6589584351
84583855.7174931169 24770.9317653179
84544948.5854761600 23223.2878313078
85446128.0009751022 36461.9281786680
84905548.9978998601 30317.5271437466
85045938.8374921530 32129.1650161147
84631996.2791610658 26002.7944014072
84622175.2487503439 25822.3214221001
84549032.5817620456 23288.6638085842
84576966.8207100481 24539.2845978346
84515156.0803245306 21756.2345958101
84593787.9636988044 24948.9297230151
84555181.7641224563 23858.5184030142
84486708.9798997045 19303.6111545665
84489611.8437934220 19534.2054330362
84527422.1316176057 22450.8480780725
84524506.8964520544 22447.2758714003
84549032.5817620605 23288.7131021023
84615058.0919688195 25751.1861581802
85355575.8310020715 35779.0765078887
84527422.1316176206 22451.1752074366
84653781.3357486576 26708.8845405579
84646664.1789671332 26637.3147315979
84569849.6639285237 24468.1493339147
84518357.7140916735 21874.6484158882
84560666.6704562306 23932.1937171723
84530574.7179589123 22553.3425176744
84569849.6639285088 24467.8809604254
84590504.2572398037 24855.3182541449
84539463.6791423708 23149.5159063339
84544948.5854761600 23223.2176744952
84539463.6791423410 23149.1887769699
84554131.5789484233 23760.0825247765
84552140.1084915698 23358.8830087185
84580234.9562377930 24693.2969284058
84560666.6704562455 23932.2637874390
84583387.1004582494 24768.8113116827
84588872.0067920536 24843.5571351056
84555181.7641224265 23858.1915578451
84560666.6704562455 23932.2653872276
84492543.2338590175 19536.8216266083
84548563.9647272080 23286.5433549490
84554048.8710610121 23361.2891783719
84565567.0564317107 24057.9727447033
84716309.9736166000 27659.2221112549
84499177.3179988712 20211.1914148433
97303403.1779416949 50100.5406799316
84934509.4910063744 31134.0118482411
84495083.0183158219 19562.8255943703
84502080.1818925589 20441.7856933130
84506316.1665669233 21176.3077169908
84506316.1665669531 21176.6348463548
95272838.5284684598 47756.5818748474
84969184.3453037888 31230.0234811604
84925215.5773611963 31034.0343301594
84518076.7491895407 21766.8364750948
85000649.2360412925 31978.1592639387
84933867.6952766776 31109.1132275313
84931106.3820081055 31104.8320901692
84932332.7341427207 31105.6041391194
84501799.2169904113 20334.3008818836
84506035.2016647756 21068.8229055614
84506035.2016647607 21068.4957761974
84489330.8788912594 19426.3934922428
84501799.2169903964 20333.9737525196
84646079.2362251133 26348.5143630505
84781532.3917149901 29030.7998275757
84538799.4031157643 22650.5902189831
84728511.8535064161 28293.7424414456
84893058.9718492627 30295.2900448143
84728162.7839984596 28187.3423175812
84788533.2478550673 29206.5106737912
84781636.4117672294 29068.5261116251
84941626.6477878839 31205.5816572011
84774519.2549857050 28996.9563026652
84721045.6272169352 28115.7725086212
84738095.0302041769 28365.3122504056
94738466.6865404546 47407.9294161797
84842123.1762652546 29983.5534305796
84988033.0312449932 31255.5504707098
84851417.0899104327 30083.5309486613
84536821.1870759279 22587.1255388260
84723977.0172825605 28143.3140563965
85163814.4009755999 34051.0535488129
84777450.6450513154 29024.4978504404
84521272.9492572397 21878.2206225605
84521272.9492572397 21878.5477519245
84835006.0194837451 29911.9836216196
84643147.8461594731 26316.8757028580
85365635.5317824483 35850.5190999135
84533314.4967819601 22576.5613214578
84533314.4967819899 22576.8884508219
85345428.0198299140 35746.7657874450
93294955.1502267122 46430.6342945099
85238370.6582973152 34938.7442458495
84856704.1545691937 30120.7659437954
84681871.0899392962 27274.5740852356
85115246.7250369787 33143.8215107918
84687344.9142655283 27381.8128760159
84814514.8682140559 29381.1557543576
84803524.1739062220 29352.7755396664
84524425.5355985016 21980.3879327984
84538799.4031157792 22650.6603757958
84524425.5355985314 21980.7150621624
85272163.8689021021 34939.5162947997
85304456.3206251711 35091.6112006530
84674753.9331577718 27203.0042762756
87532794.1563152075 39068.5652267449
95040068.5348743796 47741.8125724792
85402260.1968517452 35875.1581130363
84687224.2896016985 27282.2673069464
97046682.0611516386 49781.5366058350
97123642.8530565351 50016.3259124756
87382137.8239206672 39029.0078754425
94450126.2227722853 47213.4983164072
94393214.3064159304 46589.8190485239
95470424.7780675143 47824.9272460938
87585648.1218752563 39786.3115520477
87732566.5672125369 40010.5426540375
88265223.1703843921 40621.5561676025
88289170.8622353822 41138.4391098022
88281287.3814507127 41009.6641120911
88110877.0162095577 40460.6362571716
88876646.7922670096 42452.6912956238
88339348.6342941523 41543.8050155640
88464028.7029920518 41716.0419540405
89350656.7344954610 43010.1568794250
89133702.5108239949 42559.9746055603
89556989.6140354425 43542.2950859070
89334516.7465821654 42577.3080329895
89480205.6154677272 43097.4267654419
89848216.4346219897 44050.5567169189
89824710.1008946300 43818.5966606140
89744843.5591767579 43690.5291404724
90271793.6171854585 44694.9975242615
89988742.1904222816 44079.2409973145
90092179.3756886721 44348.6927490234
90023892.9916906506 44180.6576347351
90603835.6893962324 45892.5030822754
90534302.4269155860 45133.9920196533
90359422.9753546566 44696.2905387878
91445248.3447526246 45943.6234703064
92055344.4451886564 45946.2665977478
