155544100.2494027317 301026.4569317698
156583177.1205988824 375159.6213801503
159418015.8189041913 486411.4334827662
158961082.6152975261 474814.4766471386
159424210.5513699055 486435.8023010492
155105264.9375084937 232627.8487215638
155241557.5953212380 255297.4734159708
156308682.9342435598 361527.3841525912
155161830.4457588196 246967.7953920960
155150206.0264888406 241205.4474071264
156193191.2328628004 355044.1621553302
155185553.9833609462 247884.4063915014
155692956.1367871761 315306.1908332705
155975679.8602811992 340411.8883613050
156015699.8115056455 344997.2711458262
155353571.7871481478 277790.7026411295
156284086.1146012545 360866.6694843173
161893866.7074687481 548046.9043965884
156193733.5157535970 355094.8516818881
155535647.4923917055 300718.0177521110
156060315.1153903902 347127.3091898561
155454266.2756049931 293013.5081161857
164876503.6637654006 597064.5616931915
156325411.8302100003 362799.3613178134
156662608.5919087529 381274.4742328525
156879660.9300890565 389791.4436772466
158182484.6955485046 451958.0414703861
156261511.6005459428 359962.3272678256
160142457.4158595502 511411.6921043396
156840605.4873750806 389467.4622904062
162754331.4616055191 573622.6348052025
156069734.0108468235 347545.3127390612
155387312.6372576654 284425.4108930826
155909818.8187669218 336628.1365773901
159634807.3687319160 495136.2394327670
155098550.7376978695 231635.0018053651
161212391.4468916953 538035.3722328343
155710834.2896890044 316195.0891813096
155737230.2236231267 317915.2585614976
155596083.3416413665 307384.8976064920
157551918.0832965076 422255.0428891182
155087305.3191313446 224724.5417111088
155902371.4668705463 333399.8551992774
163018699.5565612614 580332.9814437428
175063428.9997189939 638101.5710144043
155471992.4022945762 293327.1764761209
183505874.3264628351 684544.2836303711
155227495.5577855110 254591.3076902628
155497428.1651721895 299627.3468252420
155477748.9476184547 298400.3627630472
155521878.4757052958 300209.1124669313
155559130.1644052565 306104.8723989725
158522872.5443019569 461289.8621912971
155822501.7793636024 325893.9913797975
155114839.0612152517 238067.5342760682
155677464.5584281087 315089.4072424173
157562992.7038671076 425670.5459718704
155280878.9143250287 263232.2420698404
157343520.4681712687 414619.4429135323
162690386.0931971967 571988.2668852806
165062228.9635885358 599333.1975250244
155133871.6765216291 240166.8856020570
155262187.3998667300 261620.9219130874
161018822.9348895252 532862.1924625039
165761936.9205692708 616088.9483947754
155302164.8336614072 270033.1518598795
156216308.0298087895 355999.1938983798
158003244.4422928989 444618.8325968757
156086642.5924315155 348243.9947358966
157559387.9530544877 425205.9648858905
160292779.8424853086 515909.0369941592
156338996.6007507443 362801.0761013031
160750650.2519754171 523541.8516906896
155505396.3158910275 299920.4404472709
155434587.0580512881 291786.5240539908
157705949.3006408513 430182.3228312507
165621749.5831837952 609706.8351135254
155262843.5146575868 262098.3832060099
161568664.1021309793 543431.1698393822
156359528.7621893287 363756.1416405290
162348771.0057011247 563653.5094122193
162533352.5298238099 571298.2187895775
165359805.1922363341 608053.4156799316
157195328.6225251555 405559.2014894485
158349079.6177294552 459123.5096522346
155210769.8978962600 253612.8958663344
159623970.1754307449 493589.8503412604
155491283.1710626483 299089.8940054178
156159679.1029633284 353162.1598483920
157470221.0902799666 421298.4018979073
161958634.4575196207 548427.3223258853
155448121.2814954817 292476.0552963614
155770513.2385030389 323273.5779836401
157573073.2287742496 427719.0871863365
157422368.3511367142 419113.7976732254
155697204.8450923562 316127.3287578281
157631217.3749502897 429055.9526791573
155655849.0068364441 310210.7489255723
155381167.6431480944 283887.9580732584
155297535.3567388356 269127.9974288344
162134647.1269795299 558923.8976225853
155226203.9599592984 254340.8798149191
156446075.4995697141 368234.2027577758
155294940.5468808413 268639.9662595987
156215959.4095943868 355115.0997337699
155316226.4662171602 275440.8760496378
156301205.6900885105 361062.7329860646
155948744.4304057956 338403.0587523337
156047939.3005359173 345548.2344626654
158486390.2634315491 460453.7936207429
155132972.1035930514 238348.2695693374
159836149.3154310882 502784.1429115534
162367586.9479560554 566225.5493559837
155408397.7140343785 285463.3152204752
162439826.4552756250 566839.0151762962
155665451.8053101301 313817.4300771952
157205335.5422709584 405649.0469045639
156188373.0574725270 354260.8169869650
155207952.6351875365 248933.1082350016
156165256.2605265379 353305.7852439154
156281665.6553210616 360025.6235553622
157902144.1694996059 437818.6651774421
155945185.0172839165 337324.4669554587
155424565.0711792707 290642.8119817972
160037380.3997943103 505837.2294341922
155858813.5024984777 330312.4337934311
158604074.1317740977 468171.4739853516
160783488.6493164301 524633.9162391820
155196708.2653404772 248205.1716765761
162298331.4239338040 560462.8318266869
156960962.9090765119 395109.8264545202
162854212.7994484007 573983.1001372337
155787421.8200878501 323969.9083617087
155881147.5767332911 332442.4718374610
156985458.9828864038 398271.4640192986
157770607.4911997020 431061.1655271649
162705293.6737264097 573224.6640855590
156324669.7080538273 361895.3997750282
161890053.4111935198 547746.8455566764
190886353.6971594393 715438.9296875000
156547492.5976944566 373957.4065007567
158080354.0423345268 446407.4590427876
191133047.1183552742 715596.4340820312
164621937.2763646543 587637.4443054199
155375777.6429916918 283842.0129133463
164621506.5989336371 585906.8955078125
155801953.9443551004 324298.9006407615
156010933.2735525072 343348.5656381417
155810538.6170338392 324927.2917235252
163641346.7369570434 580711.1511192322
157964916.0372110009 443364.1562496200
156733915.1662886441 385065.6056265831
164774169.5428507030 591771.9838714600
155753784.3425365984 322001.6008184180
165478113.2934698761 609013.6285705566
165861113.2105133832 623610.0318908691
156352253.4438304007 363053.2393740416
159186512.4072023034 479752.9758140743
155235639.7810732424 255234.8937727213
160040686.0842015147 507950.3744724393
157102212.2455797791 404025.4137742519
170617057.4352655411 624086.4795227051
161571421.4090472460 544338.2817778587
158326677.4707312882 456120.8744468093
156985244.8430222571 396083.5866787601
159225989.2031761408 480406.2028670311
159136356.8864896297 479752.7565805092
155270987.7379453778 262741.9692884684
156210849.7648039460 355095.2323555946
165131443.7323462665 605120.7682647705
157076390.4250732362 398545.6586461067
162281459.8716726005 560435.2044765949
159352382.5871064663 485691.9061060548
156142922.1862917244 351180.6720127333
157111577.2734405100 404213.1202453971
157316768.1163995862 413011.4809322357
158173332.5676861703 451761.1534694210
155349473.8577286601 277037.6266218424
155246960.8893582225 255830.5811201334
158114793.1520213485 451365.9588709846
164942326.5372525454 598165.0954742432
158552253.9510510266 461307.5114411414
176274320.1389106810 640373.2273864746
156835028.0931100845 387755.1839751899
165162624.5796228051 606349.9658508301
180701565.5996787846 674063.1354370117
155578719.5006673932 306157.9135442972
157824594.4798483253 436861.2818156257
158421856.0083602667 459739.6699109473
157155231.6272879541 404267.2342686653
155408395.4025227129 284798.3330198526
159651208.3775028884 496296.8044705987
155300343.8409178257 269173.0739637613
155400880.8112154007 284795.1774030924
155734702.0717169046 317319.3947614487
158307981.1550620496 453989.2493983284
165829711.9153425992 623241.9253234863
155711317.9899208248 316957.8751996811
158922661.4789653122 471995.2057992592
158610961.5263896883 468213.9438363686
155287626.2731198668 263423.4015165567
155242380.9989323318 255665.8507353067
161331086.4389148951 540642.6041930714
156915565.5302067399 390788.1078648567
155276377.7381017804 262787.9144483805
155329760.6896613836 276130.4072920084
155653320.8549301922 309614.8851255234
159940081.3991349339 503063.2664214969
157425349.2809986472 419739.3839817047
158715219.1104771793 471299.2915183678
158207638.1262074411 452690.9771815315
159198730.5318546295 480040.9021046162
190684850.6533344984 715412.5283203125
158251903.3730169833 453784.0412310138
159051804.5468056500 479056.8422996178
158446056.0334076583 459803.9864214435
157699798.4212763906 429736.4294483662
158572896.9741091430 463541.7407371178
158062293.5954560935 445210.9151962772
158367442.4968219697 459715.5922516361
158964106.2744387984 476306.6400291100
155341009.2246794403 276765.8943601847
186595071.4795168042 707044.4248046875
155615823.6283056438 308422.8191219028
160446076.3767314851 517199.2628440857
157877353.5572401583 437453.3644150272
157631150.7912569344 428167.1592977047
158338550.4889300764 458329.4793497697
185047082.1330946982 690609.6718139648
158059391.0537707806 445157.8740509525
157248503.1222824454 412045.4976459146
182953002.3623083532 677594.4512634277
160090139.5597131848 509083.2116119266
159417213.0981867611 486372.3828752637
157210682.2578870356 406505.9417209625
156973011.3738238811 395753.4125369787
160055489.5650523603 508070.6149322391
185054737.9304092824 694946.6784057617
156653277.6019669175 377362.2402614355
156575393.4656023085 373961.6825179756
156824808.7682874501 386775.5938213468
155870961.0209078193 330598.4259671867
175973574.9777756333 638647.3887634277
176029128.0404868722 639332.0860290527
161545204.4795012176 541451.2465614476
157675307.9227837622 429451.5617936626
184225049.2052018940 687465.0341186523
190464028.2181476355 715085.9096679688
186497806.5354512334 705078.9936523438
190641654.7470571697 715134.7890625000
183131926.6077693105 678450.9261474609
161330605.1196174026 540575.7111000218
190274965.8233767450 714111.6577148438
156656304.1639391780 377600.2318154573
157500981.6367414296 421734.6268270016
157462655.0104789138 420159.5921813622
156643796.6216537952 376736.9555267394
190298628.4602946639 714949.8193359375
161245569.2132966816 539350.8868812718
184571571.8389491439 689530.9400024414
161247359.9787414074 539382.2955726781
186043334.6156641543 699973.0722656250
186156953.6803751290 701105.5166015625
186510743.2445690334 705575.6530761719
161068531.4678437412 534932.7259926000
160933527.7668023705 531434.0836586156
176873929.2433559597 645314.9955444336
177234965.9078992307 645937.9467163086
159295921.8750733137 484389.4774770043
161748673.0344648957 545788.1844878197
159463782.5554615259 486838.7444825768
159493407.5451720357 492118.5133721828
186452097.3052806258 704542.5485839844
190070969.4083296061 712720.2148437500
186418734.6256891787 702544.1049804688
189821299.9381981492 711973.5463867188
159828769.1012691855 497440.7829838395
160905376.9363523424 525225.6655677953
162032034.2220353484 550318.9360480309
161278197.4282816350 540260.1394910434
160789586.0532210767 525060.6095375218
156733852.9871521294 381945.2938541174
190232916.6744024754 713180.9726562500
178470158.8673225939 671301.6133422852
177733657.9826526046 647791.9281921387
159434200.2025039196 486807.2598802224
160426421.6973937154 516840.7623931766
159745973.6809962392 496514.1862813034
160216227.2277511656 514297.2909237016
160872512.0723243654 525206.3683265843
160923747.7359427810 526773.9557289281
156945501.9925745726 391524.1232920885
160910351.0742387772 526767.2026013532
160469413.3727631569 522897.7387386430
160215428.0868180394 513462.4031025041
161775779.2961458266 547032.9677101076
172351905.4201132655 627780.5348205566
165641364.8884783685 611652.5491485596
182507567.3897021115 675749.4881591797
176106401.0105309188 639673.1228179932
