30073723.6985343844 656659.2662353516
29793292.8486119024 619336.7136230469
29493925.8291948177 537741.7875641584
29500947.1258342005 541463.6162357330
29708471.4380823337 605724.6382446289
29805111.8173659481 623710.2167816162
29500106.4475484826 540601.0321105123
30138749.5058216006 658951.3125000000
29547480.1999208331 573875.7552444274
29647868.4670603573 591170.1742706299
29715854.1970611438 607364.9616699219
29742219.1541644409 613859.8504180908
29859368.0363941602 627412.3911132812
30004876.0833545476 648615.5742797852
29621358.6732797846 588414.6151039600
29903303.1034926251 635551.6191406250
30073198.6984850690 656250.6143798828
30673710.3055509590 680868.4189453125
29530928.6097112261 565276.3058960438
29556032.4788088277 574565.5705289841
29639090.3459438384 589581.9189262390
30405376.2045748606 674560.5198974609
30711879.7457234897 684789.9091796875
30018436.1797203049 648856.2940063477
29812606.1603410020 626695.4509277344
30203842.4994555861 659825.1062011719
30604091.4106067121 677177.1293945312
29863887.4814670235 633689.0148315430
29652541.0591511466 591290.8000183105
30234205.5690540485 667586.5402832031
29514505.6647086255 561382.4418773651
29567591.6520718224 577559.0184524084
29541272.9840377793 567745.0657017231
29790445.2857726328 618696.7218017578
29863525.2641065717 632823.1100769043
29513015.2299711220 559773.4934227467
29612788.1962129734 587535.2255045176
29950936.6572213732 644475.2958984375
29911237.9044491313 635840.0681152344
29687458.6262038909 599047.0122680664
29523932.3569306396 564545.7363003492
29638524.1679476723 589289.8771247864
29557631.7337110639 575425.0482633114
29665968.4158787131 594635.3143310547
29764273.6058785431 616352.2014160156
29577118.7059061378 580066.8511283398
29532976.2807917409 565463.3847379684
29598511.7092831805 584148.6700879335
29656036.1226665825 592695.4241027832
29983769.4884326681 644508.3317871094
29539732.1304468773 566193.8317587972
29530256.2668919936 565030.6222596169
29915631.4194062762 636713.8618164062
29927954.0672881082 636954.5815429688
30510897.8989480324 674700.7553710938
29741406.9654389359 607593.7035522461
29564477.7948918864 577072.2157783392
29576795.2059466615 578978.0745563507
29689121.0741095990 602387.4797668457
29517327.3505899869 562115.9604824781
29554841.4594367407 574055.1111783981
29658074.2662607580 593266.9339294434
29510664.2614161521 556514.8378639221
29574129.0725832134 577578.0042381287
29506580.7113774940 549874.2948981449
29557903.3184418827 576668.8332798481
29653779.0854578279 592651.6163330078
29553590.2017490342 574023.7224912643
30610530.3629897647 677250.0737304688
29665099.0156203173 593550.8202514648
29639151.8926745579 590519.2867126465
29528293.0084532350 565018.3589248657
29546543.3455700874 571968.4778542519
29645695.9706208035 590796.9048080444
29505812.4762463719 549244.1085335016
29546562.0247265324 573517.4270401001
29593360.0817247704 580606.6698684692
29504273.5166950002 549025.7628449202
29686380.2625982277 594904.4855957031
29574833.9049930722 577739.7373619080
29595145.9947397821 581259.1114501953
29608570.1969048046 585761.9898834229
