86102900.2016970366 337478.1561350822
85493766.3281307667 289605.7396942377
85707503.6476078033 307823.6652046442
84995003.0193514973 235018.6049311608
85707503.6476078033 307842.7868496180
86857245.4388179779 383483.1990356445
84925665.0487316549 221517.9125483930
85097715.1169911176 244297.4436183870
86626739.4671479464 373467.1828994751
85495848.5876259357 289605.7643944025
86947037.9244788289 390087.5091552734
84829005.2201893181 198123.2853700370
85707503.6476078033 307787.9841152430
84951205.5679265112 228594.0905176252
86793571.9591605514 382375.9516983032
85798843.2270602584 314645.5462887287
84874529.0780361295 213330.0423194766
86933900.9310201108 389348.5311431885
86933900.9310201108 389398.1922760010
86442745.1224163771 360450.7558269501
85336235.8761070967 274836.8252278268
85324778.6691716313 273939.3933735788
85029814.1687978655 236352.1093755662
85003583.2953845412 235459.0695640296
84857898.4026773870 213036.2013438195
86793571.9591605365 382312.5210342407
86251804.8040102124 349068.5786588788
86214815.8913884759 345707.7819523811
85003583.2953845412 235485.6783248633
86497511.8779668212 364312.0434875488
85318784.6643890887 272120.0304280221
84907484.5746440291 220339.8310585916
85776234.9964545071 312526.5106441975
85376654.0145829916 276473.1860748529
86793571.9591605514 382367.7046279907
85331661.7443322986 274045.5916281641
85049346.5871849805 243336.1712403744
85332729.7708771825 274178.9647561014
86793571.9591605514 382363.7744522095
84988751.9276099950 228725.7088855058
85049346.5871849805 243362.7800012082
85518120.1274761558 291313.6607010365
86419614.2216250747 359889.7584710717
85111825.3706597686 250500.7633517236
86587304.3636276722 371253.1797256470
86587304.3636276722 370946.4004287720
86665321.2955816686 375197.1284561157
85168129.1291835159 255185.4882439822
84837247.2433152795 205709.3044282645
85302862.9990250170 270852.8201027811
84890853.8992852867 220106.5772760361
85907304.3418215960 322007.4883980453
85870235.8508695662 319518.2972960472
85046639.8480092734 242604.4966950864
85218132.6816242933 259449.6495432556
86982922.5124909580 390210.8690185547
86715555.0272065401 378178.0724258423
86703779.4734997004 375753.2597808838
84947157.6578090191 224735.2304058522
85302862.9990250170 270892.2780279815
86442745.1224163771 360202.5437602997
85195288.9676668048 258566.5384336412
84907484.5746440291 220337.2485390604
85609705.5760634989 298459.7257320881
85195288.9676667899 258511.2700584829
85491148.1411128342 289076.5164570510
84762382.6879198700 190121.4084196091
86513654.4356428534 366941.4930400848
86654519.2432518154 375077.3135147095
87032434.5461268425 392579.6687011719
86818654.4948428124 382410.9233779907
86721141.1533595324 378275.5522842407
86160449.0223968923 342500.5948250294
85370086.8638550341 276191.4863857925
86735179.0314304531 380389.3860950470
86972120.4601610452 390140.8353271484
85036616.0052456260 236442.3757365644
85179726.3188529909 258423.2645951211
85399562.6925255060 281984.8092976511
85389184.3615099192 279741.2629109323
86982922.5124909580 390423.7581787109
85389184.3615099192 279803.8459778726
85302862.9990250319 270953.7680228651
85593424.9051709622 297986.0305142105
85455866.4510491937 286588.6758007705
86171834.7803632021 343399.8381047249
86665321.2955816686 375389.4473037720
87052058.5503507555 394791.6926269531
85629413.8967106491 300765.7326626480
86868836.1636847854 384124.1712799072
85491148.1411128342 289130.8743287027
85469897.2818172276 288007.1683064401
86715555.0272065401 378177.5908584595
85381082.4276953340 278543.2598766983
86904056.8134534955 388096.2464599609
85302862.9990250170 270877.6383843124
85168129.1291834712 255093.0870599002
85679953.4020389616 304065.8684540689
85302862.9990250170 270851.6927895248
85324778.6691716313 273884.5906392038
85736119.3470313847 309472.6733805835
85570361.1904294044 295629.2449748218
84948376.5164629221 225740.9475646913
85114540.7962024659 250582.4667337835
84762382.6879198700 190056.8230638504
85323832.1686296761 273026.3937893808
86442745.1224163771 360202.5660686493
84881326.5298759788 213867.9819975346
84947157.6578090191 224783.5729564875
84990935.4911431372 229301.8111552894
87110451.4780808538 396957.0280761719
85302862.9990250021 270816.4906811416
85025587.7691268325 235761.4791179597
85526201.0403409451 292611.0348095596
85634941.1034042686 301714.1870505512
85168129.1291834712 255157.9356927127
85302862.9990250170 270881.3393139541
85691244.8619279265 306623.2397505939
85168129.1291834712 255151.6346654147
85178507.4601990879 257346.6793450564
86473845.6128435135 363386.1229438782
84808145.9797203094 197999.8876831532
85878656.8799713999 320700.6704342365
85276005.6637192667 267032.0220833719
84947157.6578090191 224698.9009842128
84799399.9655425847 196756.8885015640
85907769.9934816062 322513.7478626668
86548233.1915107816 367579.6380805969
86448760.7506204844 361494.9987054467
85626664.9489530921 300600.8807418048
85878656.8799713552 320667.9052975178
86043019.8749751747 334366.8168087006
87173637.3743244261 398799.4670410156
85881605.4066750109 320763.2479965687
85453030.7787995934 285630.5232044458
86473845.6128435135 363721.6273384094
85658071.4165950716 302789.6243941486
85117247.5353781879 251283.8788166940
85955309.6488095373 327509.3627414703
86505932.9070686400 365530.0487251282
85487953.7452743351 288777.4194531143
86190385.0938808322 344235.0398346186
86303206.9441373348 352217.3524566889
85179726.3188529909 258406.7796364725
85829376.4820946902 316441.6025791168
85558288.3345660865 294799.7784619033
86551862.5447975397 367682.5658149719
85235234.4089437574 263081.4711022079
86622340.1845563650 373124.7158584595
85388237.8609679788 278781.7666705549
85087886.2780800909 244158.4370072782
85723332.1561530530 308811.9834029377
86341597.2896710336 355755.8491082788
85902323.1450947076 321708.0048155785
86448760.7506204844 361557.4030023217
87012069.0414863825 391732.9979248047
85245612.7399593741 265262.6754364669
87139598.0070762783 398465.5187988281
86126960.2952597141 340311.8511726856
85941278.8180415183 326155.5945320129
85169347.9878374040 256218.0359841287
86508881.4337722361 365574.8665962219
85808322.2906796485 314685.3275387287
84990935.4911431372 229333.6660972536
89483706.0976478457 401867.9416503906
86247113.6128201485 348354.3216949701
85947033.4943583906 326468.7886409760
86442745.1224163771 360202.3861980438
85982069.3152871132 328657.5322933197
86126960.2952597141 340435.7533917427
85107570.1028184146 248076.2869152725
89418073.6728389561 401860.9421386719
84765041.4228219390 196168.9108340442
85245612.7399593741 265197.8268036544
85453030.7787995934 285665.0147930384
85881605.4066749811 320746.1050045490
86376633.1105997711 357879.6461663842
85245612.7399593741 265246.2925357521
85245612.7399593741 265257.5970654190
84762382.6879198700 190171.2212972641
86587304.3636276424 370935.9722061157
86011613.4073332250 332177.9293880463
84808145.9797203094 198012.7495815754
86011613.4073332250 332491.1476497650
86011613.4073332250 332178.0731563568
85235234.4089437574 263073.9317841232
84808145.9797203094 197934.8972426653
85700489.3821927905 306998.3164367676
84808145.9797203094 197998.9847576618
84808145.9797203094 197934.4026564360
86112791.6509604305 339968.2453060150
85846569.5857462287 318479.1616451740
85715064.4284016937 308142.7484378815
85657845.6936782449 302694.3871477842
84947157.6578090191 224763.7496170253
86039333.2779607773 333382.0306946039
86046649.2282619476 334679.8913021088
86228138.5388869047 348317.0248199701
85102943.6065329611 247329.2196034640
85168129.1291835010 255168.4330831021
88025677.2401633859 400829.3220214844
85686234.6713706106 304435.3870083094
86602038.3222338259 371318.2329483032
86587304.3636276424 370902.7018413544
85546460.7446850538 294639.3166744709
85750100.2493304312 310331.4920902252
87110451.4780808538 396992.3864746094
86785342.4794268012 380970.0766601562
85676641.8763307631 303818.1223143339
85861039.7884018570 318660.7498543262
85846569.5857462585 318518.9428951740
85676641.8763308227 303874.1320774555
87248520.8833114952 399141.0583496094
86587304.3636276722 370948.9863662720
87173637.3743244261 398931.9323730469
85102943.6065329760 247335.5446706265
84855228.1684398055 211273.6359199546
87110451.4780808538 396792.1330566406
87110451.4780808538 396913.5842285156
87110451.4780808389 396771.1667480469
85233185.4777976573 262769.9244992286
87173637.3743244410 399052.5812988281
84762382.6879198700 190056.9431810379
86775806.1498746723 380790.1077880859
86665321.2955816686 375134.3330459595
87910751.6771655083 400506.9294433594
85537787.1342804730 293530.7597849369
85647488.4943747073 302076.3698227406
85509128.6649958044 289641.5959761143
84849044.2142573595 211081.8149048537
84931560.0929745436 222660.2221447676
85102943.6065329313 247325.0472802371
86587304.3636276424 370871.4521865845
85931589.5599553734 324098.3980690241
86833521.2195060849 382998.1361083984
86878968.5808085799 385113.5970611572
86892105.5742672980 385931.5360107422
85931589.5599553436 324033.4742408991
85931589.5599553734 324066.5814930201
86341597.2896710336 355690.9025140405
85686234.6713705808 304389.5283657312
85651198.8504418880 302200.7847133875
86397884.0586827099 359087.9206523895
85165964.1184555590 252755.5136958808
86008008.1791769415 330055.8332496881
86997656.4710970819 390439.0013427734
87359667.0134306699 399260.9641113281
88414273.1993445009 401376.2224121094
87173637.3743244261 398732.9470214844
87067470.3670555651 394947.4108886719
85882868.8623205572 321033.2616882324
85819872.0253156126 315939.1697788239
87173637.3743244261 398981.3166503906
87173637.3743244261 398847.1848144531
86376633.1105997860 358192.5358148217
85763690.2432543039 310531.8001117706
86222811.8453877121 345806.8915081024
87110451.4780808389 396788.1267089844
85819872.0253156275 316213.5174808502
86075038.2059543282 336101.8648128510
85819872.0253156126 316148.7847385406
86419614.2216250747 360137.6329827905
86078599.4738986194 336136.7762165070
86261286.2226732969 349746.2892131805
86261286.2226732969 349994.5049114227
85819872.0253156126 315900.2992191315
86078599.4738986194 336132.8152923584
86261286.2226732969 349821.0835247040
88032042.8482471555 400831.3493652344
86419614.2216250747 359889.2633538842
86261286.2226732969 349746.1352825165
86324199.8301948607 353995.9528970122
86063987.7238422632 335917.8926448822
86292793.3625529259 351713.5190911889
86188496.9567384720 343723.7762737274
88305185.0026209801 401064.2145996094
86188496.9567384720 343972.1459026337
90046438.8891981244 402021.8249511719
88277651.9079460204 400898.9914550781
90682756.4215222597 402022.8088378906
88699013.8587425649 401447.6809082031
89579611.4287091941 401926.8601074219
89234971.8921254724 401752.1735839844
89672531.8393329829 401943.7741699219
87785357.3038581759 399959.9030761719
89852535.0561547279 401958.7424316406
87446146.3365352005 399466.3776855469
87446146.3365352005 399418.5119628906
87868309.5899217427 400128.6027832031
87803187.0194763988 400103.5402832031
88203395.0098687410 400859.1159667969
87519373.4558265507 399522.0139160156
87499242.8240155578 399510.3518066406
87701610.9758021981 399920.2346191406
87548722.5951865315 399848.7082519531
87388923.0514832586 399290.6262207031
88945747.1884905994 401703.4562988281
88397004.9840445369 401083.3937988281
87887339.4860395044 400208.5871582031
87738271.3905647248 399937.3464355469
