43909566.2716227025 2645406.6875000000
44342166.1504013538 2680760.2656250000
43243494.6893035099 2513861.2890625000
43536028.6601384580 2589508.1015625000
43100888.5662565604 2410264.5781250000
43413640.7794037834 2565940.6796875000
43299767.8391691297 2539811.0546875000
43599694.5930053443 2600362.0781250000
43783887.0254019126 2628953.0000000000
43080924.0778131336 2365178.3359375000
43431684.9927080944 2572037.5546875000
43378148.5797433034 2558160.4453125000
43560989.3475620449 2594661.4218750000
43499205.6904539689 2586219.2109375000
43475869.4947788045 2578538.5703125000
43923126.5845041648 2646126.8125000000
43560693.6949384138 2593323.0703125000
43476861.1648098901 2580582.7421875000
43251095.0584483445 2518025.7265625000
43101709.3784452006 2414322.8984375000
43630781.5330940038 2606037.5781250000
44159779.5889416337 2667838.9531250000
43582986.2975894213 2597214.9531250000
44327159.2300312519 2679784.2421875000
43528550.2362066954 2588510.0703125000
43160553.2765501291 2465756.5312500000
43944433.2306720465 2649636.5468750000
43214129.6059630290 2496825.9062500000
43835681.0322225913 2636731.6093750000
43271824.7972743511 2523467.3750000000
43209407.8288875371 2491035.1718750000
43727032.5245438293 2621175.0859375000
43322730.4175802544 2545541.0078125000
43078257.5802267566 2354313.3593750000
43092031.3820253983 2380223.4921875000
43749951.9913986176 2624505.7343750000
43317214.8900105357 2541077.4453125000
43225061.3787695169 2504642.6640625000
44050231.9781989679 2659665.2109375000
43382585.0054027140 2563543.7343750000
43441056.0876069590 2572618.1718750000
43263610.2592079639 2520811.3125000000
43669830.9493871406 2612025.0937500000
43731995.5355089083 2622534.6875000000
43176059.5571837276 2476344.4218750000
43418848.1286631897 2570739.8671875000
43339994.8811389804 2548746.9062500000
43352538.0566066355 2550181.0859375000
43424968.8023286015 2571859.9140625000
43722206.6150012538 2619844.8203125000
43161001.3595608100 2469394.8515625000
43306455.6747360900 2540855.2500000000
44082476.3603065759 2661266.5781250000
43326656.7646702379 2546762.1953125000
44114369.3643974513 2663742.6718750000
43682000.6412625685 2615346.5156250000
43548718.8431354314 2592310.0234375000
44037511.4287498146 2657106.8984375000
43416895.5371486396 2566283.1484375000
43130735.1908478886 2445785.9921875000
43418097.6888351887 2567914.7421875000
43460122.7921758518 2575545.4062500000
43463488.7332186252 2575957.6484375000
43312379.5943176597 2540882.8515625000
43388705.6790681407 2564765.4296875000
43943507.2219777480 2648288.0078125000
43258106.4806811437 2518894.5625000000
44657381.4769711420 2697276.5703125000
43145900.0157906115 2457225.9140625000
43248928.3139108270 2517740.4062500000
43109463.7375629321 2419954.0234375000
43906500.1668908820 2644798.0625000000
44351698.3327609524 2683780.2187500000
43659728.9120603651 2611025.4453125000
43634754.7369406000 2608158.5937500000
43898307.9588730335 2642432.1953125000
43979865.9798692018 2650953.9218750000
43793377.6032120213 2631237.1796875000
43695223.2921683565 2616545.1015625000
44148398.6835134104 2664262.6562500000
43347486.1059156284 2550123.3671875000
45073164.6707964763 2712825.0312500000
43236302.8095729649 2508775.1875000000
43357415.1403331086 2556558.2109375000
43858074.7424338087 2640796.4218750000
44464443.6193853542 2686110.6640625000
43455742.8566895351 2574154.9375000000
43894158.1587091237 2641168.1015625000
43829429.9233315140 2636193.1718750000
43346115.5548044071 2549968.6015625000
43215704.5283531323 2501150.7968750000
43086995.1604084298 2365910.1484375000
43782374.1696293727 2628218.7343750000
43190037.7601908296 2482151.5625000000
43736705.0460362956 2623207.9765625000
43655755.7082137838 2610574.0468750000
43560550.5618794560 2593244.4765625000
43363535.8139985353 2557678.2578125000
43690508.8321194500 2615485.2734375000
44308357.1698354557 2678486.9218750000
43218940.7051040903 2504401.4921875000
43239538.9863239154 2512413.1484375000
43228276.7420464680 2507133.8515625000
43557863.2188658640 2593038.8281250000
43609634.1896276027 2604358.6406250000
44050811.2631130442 2660126.8515625000
43186327.7636639252 2480283.7812500000
43126159.1204011887 2438090.7890625000
43493621.6768573523 2580904.2421875000
43100356.3682430685 2396257.2187500000
43149821.6858633012 2461765.9062500000
43845481.5578385517 2637423.3593750000
43553206.0706899017 2592711.5078125000
43658251.5284964740 2610794.9062500000
43599984.3091160133 2601457.6250000000
43594976.4558910802 2599709.4375000000
43747763.5818357989 2624340.5625000000
44288835.8996612802 2674949.9453125000
43462405.3707035482 2575567.3437500000
44120389.0560916960 2663960.7343750000
43769805.7272761613 2626425.0859375000
43092212.6197503135 2383682.5781250000
44204905.6435264274 2672072.1406250000
43237508.1994613260 2509166.3828125000
43785737.6987995058 2628980.7734375000
43293845.7512031868 2536055.6171875000
43118969.6796753109 2434060.9609375000
43605660.9857810140 2602077.8515625000
43126813.5207751840 2443368.8281250000
43356664.7005051300 2553895.5546875000
43291665.2648178190 2528860.9687500000
43165557.0949991867 2470473.1250000000
43209211.8579129949 2488899.4453125000
43280730.7989278957 2524243.3515625000
43157079.6894881204 2463186.1875000000
43770964.7624127641 2627439.0078125000
44041338.5602288917 2659376.2187500000
43317331.6668432653 2541860.9375000000
43700899.9688333645 2617322.5312500000
43166784.9552353099 2471692.4375000000
43192501.7684795558 2485501.6171875000
43281865.4869789556 2526961.2656250000
43113390.7545697093 2423146.2656250000
43089202.3036444485 2368616.9218750000
43185795.8348172382 2476987.7343750000
43492474.4880032837 2580745.2265625000
43098358.3810318708 2390857.8125000000
44180984.8416730464 2668814.9765625000
43570534.9691774696 2596278.3671875000
43768042.9162997827 2624792.8515625000
44705406.3169448525 2699671.6171875000
43724375.9303990677 2620858.7421875000
43258658.1866823360 2519844.7656250000
43931764.9092355669 2648210.3125000000
43341365.4322502017 2548901.6718750000
43979501.7108552977 2650775.9453125000
44806247.7037720978 2705881.4609375000
43626888.6942398772 2604659.5703125000
43270908.2185593173 2522204.6875000000
43586447.6133918688 2598098.5156250000
43258264.3508532122 2519043.4531250000
43172137.8871110454 2472355.2031250000
43136518.7865223736 2449854.3828125000
43465809.7420610338 2576017.0703125000
43285791.8340689316 2528399.4765625000
43202077.4710567072 2487325.2578125000
43947770.4710433483 2650409.6328125000
43135732.3792710006 2448669.8515625000
43125875.4628964141 2436368.4218750000
43267495.8082680553 2521075.9843750000
43576092.0632909685 2596843.9531250000
43335485.0127169192 2546793.0312500000
43096911.6674057543 2390348.7890625000
43967197.6584327295 2650556.9687500000
44511915.6274122223 2690950.1484375000
43820315.4981328845 2634930.5937500000
44611739.5955368429 2691066.7265625000
43542113.7279408723 2589756.4375000000
43648524.1672926396 2609957.1171875000
43576235.1963499263 2596906.0156250000
43641332.6175752506 2609542.0156250000
43473522.5905311406 2576817.4218750000
44400794.1094190851 2684579.0703125000
44679195.7390933037 2698257.7187500000
43768481.1676386595 2625382.9609375000
43809624.2806366980 2631245.5468750000
43450992.7341353297 2573088.0078125000
43646696.7900083140 2609899.2031250000
43767990.0118136480 2624516.3671875000
44255345.3130936921 2674389.1875000000
44493113.5672164336 2689652.8281250000
43598845.4642090201 2600237.3515625000
43650007.0468557030 2610044.1484375000
44148881.4955429733 2665157.4062500000
44246358.0844178274 2673631.2265625000
44007374.1219751835 2655962.9687500000
43969249.0392658040 2650699.1718750000
43353048.8403910547 2550574.6640625000
43412089.6022010818 2564856.7812500000
44086244.0123101994 2661467.8750000000
43788702.8416572437 2629096.9062500000
43632321.7376249582 2607447.5312500000
44059152.2723628953 2661054.4218750000
44112311.1346958205 2662936.3359375000
45226571.0055191070 2722966.1406250000
44240338.3927235976 2673413.1640625000
43582805.7491820678 2596941.8203125000
43944251.9239840582 2649548.1875000000
43715939.0161805153 2617415.4140625000
44239697.6044534296 2672115.8437500000
43768755.7224151418 2625577.8828125000
43979684.6731812134 2650889.2109375000
44201393.1528610736 2669270.2500000000
45178868.6317047328 2715992.8671875000
44102413.2150993273 2662681.1093750000
44189279.1069728211 2669052.1875000000
45197422.8036873639 2716760.3359375000
44631784.6030674279 2692389.4375000000
43992228.6121287122 2651902.3984375000
44091910.9986509457 2662637.4062500000
43992173.8259863630 2651797.5937500000
44091084.7524872348 2661468.8281250000
43988671.9018570855 2651647.1718750000
47329542.4893816561 2726101.0234375000
45090957.0767783970 2714809.1875000000
47390095.2165799737 2729395.5312500000
44879804.9954223931 2708612.6953125000
44801560.6001820937 2700138.8203125000
47000436.9470173642 2724502.5078125000
