82593719.2427037805 274960.5705648661
82688913.4514183253 280682.7452297211
84051502.7649694979 341506.2103271484
81861218.1301385611 230265.5042349100
82636881.3696921617 278749.0269680023
82288274.6896578372 258252.4967823029
82179297.6092249900 252283.8196150064
84806333.2288099080 359452.1289062500
81859741.0175234228 230009.5912223458
81318357.7010677159 189973.1107824501
83702697.7487348169 328343.2421264648
84451847.5664038211 354616.1850585938
83599765.8603022546 325531.4706420898
83552693.9102216214 320901.7045288086
82456176.9136426896 268160.7006307840
81612904.3457132280 214377.9713037610
81363590.6960286200 195390.5024450477
81278908.9801615626 187904.2216222938
84275454.6462195367 348253.0867919922
81636371.5884220451 214716.5365157723
81211366.1207122058 180157.5354107078
81183753.1461733133 173118.0513094477
83036603.5212042779 297742.7019214630
81970525.6126657575 237105.1509214640
81324129.4048493207 190051.2706056293
82376167.0741461664 263266.8644580841
82160766.2434872091 250775.7295979857
82720797.4700824916 282134.0039844513
82728492.1127075255 282775.6716480255
82525352.5137231201 272326.1229076385
82523571.0670761168 272229.1714916229
83814017.3139961213 333157.6062011719
83778408.7780406922 330100.5544433594
81844471.8188055605 229950.0531669259
83939082.6942592412 336463.6527099609
84368639.1416294873 351873.0019531250
82802657.8398480266 287395.3208179474
81407962.0410494506 197349.7054736670
82001771.3314621896 240802.4697347879
81603266.0493517518 212648.9131029844
82333900.2295662165 260224.6628233194
84299735.3459117413 349010.7640380859
82586246.5225153863 274760.9285182953
83321625.0999354273 312484.5120239258
82020617.0410370678 241017.7566343546
83049427.3498276770 299199.2432394624
83959183.0080153048 338641.4453735352
82532780.9923070520 272780.3498007059
84716743.9143544286 358320.8046875000
81769282.6690746099 223879.1557794269
82622165.5306815356 276183.1950103641
82037169.7774487585 242775.3481184244
81491543.9698361456 205302.0573452171
81920739.1197972149 236618.5940634012
82957128.2585537583 295284.7706062198
83784780.0839348882 332331.3405761719
81721053.3042891473 222202.8173385262
81166967.4263264537 172399.9846294578
81679823.1367359906 220036.9767623544
82602978.6046796292 275402.7224292755
81696814.8999551982 220286.0679832101
81559814.5010378063 207328.4728564024
82503895.4985162914 270445.3117237091
82944967.0357362032 294195.1907520294
83838247.1305713952 333845.4891967773
82037297.4614901990 244279.1934286356
83027342.5215281099 297128.5440845490
84397876.3716907054 352699.2675781250
83040320.2409172952 298189.3922873139
81582664.8933283538 212578.5349746346
84240148.4717341214 347077.0457763672
81654377.6046164483 218065.3838424142
81712638.8894137442 220641.2218710184
81890643.0449517220 232955.0697379708
83078262.1456657648 299389.4134665132
81461304.5174513012 203502.6210160907
84023261.3542040437 340645.3591308594
83732905.0603827536 329347.5208129883
84487793.2633460015 354649.2319335938
82846227.8162642568 288685.1878425479
83121143.3384937197 302847.8900520205
83865887.2022892088 334213.6724853516
83992085.0111558884 339835.8942871094
81811983.1051609069 228099.6636587381
81433020.2780226320 197815.7765224632
82878026.5286934525 291228.0837776065
84095016.8995884508 342647.6657714844
83307035.3086318821 310911.5724830627
83917919.2840153873 336147.3907470703
82144035.5555534512 249508.8480039835
82848503.8871768117 289496.8362598419
84144197.2316479385 345441.3153076172
81978665.3193895668 238590.5318075418
83555671.7192705721 321659.3817749023
82846995.2789491266 288687.3714160919
83294118.5457821041 310085.3068580627
83396556.5485775471 314096.2623291016
81476305.4261410385 203641.6432552338
82145921.8328671604 249558.2175407410
81553280.6693656892 206976.5164161325
83890279.2122975588 335779.2074584961
84349419.6572514921 349079.3524169922
83899390.5444773734 335900.7893066406
84165675.5465000719 346267.5809326172
82794963.1972229481 286753.6531543732
83384054.0950226039 314033.2462158203
81744987.2782841027 223079.7515181955
81397172.0257332474 196228.4560094476
82989700.6254764497 296623.8573141694
83437874.8894768059 317367.7021713257
81836057.4039301276 229132.3132406473
83200847.8778956532 306120.6950216889
82434924.8935590088 266125.3245143890
83583672.1590610594 322859.4029541016
84075293.4359302074 342579.0773925781
82978356.1052820683 295446.2091818452
83559450.4538082182 321997.5958251953
81579464.6206943393 211030.9726619720
83265902.2728563547 309687.6167135835
83759575.0505138487 329537.6910400391
82793668.0250820220 285916.2727069855
83988038.6866292953 339009.6286621094
82025079.4599958658 241049.5451399088
83173175.4202199131 304781.6083137393
83143686.6101711243 303372.1031055450
84586412.8000320047 356251.9155273438
83275013.6050361842 309809.1985617280
83115898.4343431294 302246.0791159272
83656643.1620812863 326725.9195556641
82984571.4394780993 295808.9836597443
84641635.0316028446 356320.5039062500
83427125.8255282491 315992.2500572205
82013901.5454417169 240859.1130729318
84367065.5494404733 349423.9937744141
83936759.9003246278 336314.0190429688
82172072.5558429956 252036.7442098856
82109365.8565200120 247928.5562644601
82503625.8119041175 268326.0121288300
83638114.4225432724 326479.3181152344
84071226.2286277115 341574.7987060547
81211187.8078687638 173553.5679374747
83569014.6167043447 322790.8145751953
82366083.4828430414 261526.1421947479
82221644.9835844189 253521.5160083771
83031506.8389296383 297726.2312355042
82954078.3679159880 294316.7726001740
81913878.9469738007 235788.1020590067
83516982.5349781811 320857.0963134766
83309806.3656792939 311409.4817352295
83847358.4627511948 333967.0710449219
82411732.5553021133 265417.5175253153
83711809.0809146613 328464.8239746094
81531892.2899166644 205886.4764125999
82566523.0588571280 274692.3401393890
82379132.5678174794 264224.5453052521
82267294.0560434908 257412.8913389444
82478338.7288248092 268229.2890096903
83148815.7961695045 304186.9767599702
82565014.4506294131 273882.8752956390
81560648.7331984490 210961.0628038105
84958579.9375839829 360261.5937500000
82097005.1077295542 246348.0825887918
83398297.5673557371 315227.6951293945
82306375.8366036862 259457.2530345917
83480740.2706284523 320047.6314697266
81750436.9594996870 223663.8688798603
83555478.6937907487 321395.9261016846
81371979.7928148210 195746.8873623069
82370228.5092860609 262195.2487019897
82206453.3332650065 252652.0409895182
82512982.3689032495 271949.1570339203
81484438.7115860134 203817.5872524437
82847029.1104170233 289009.1137256622
82338494.7238515019 261060.9527901411
82934575.0970239490 291928.9339332581
82775449.5839917958 285180.7136135101
82309612.5278182924 260041.3703962564
82081738.2976646125 244716.0031820536
81871797.3353767693 232739.7828384042
83689984.3108363748 327535.3843994141
83346265.4856295735 313293.9768676758
83674356.6868930012 327288.7829589844
83255988.3714675754 308427.8251953125
81255494.2956769168 182226.4245708641
81827419.1048962623 228443.0020929035
83041732.7072026283 298557.5755758882
82358665.8683399558 261279.0667896271
83147307.1879418641 303377.5119162202
82829421.8414594084 287921.9383308291
82071464.4107641429 244640.9728819132
81700453.2329852879 220547.7461143136
83742016.3925625533 329469.1026611328
83710607.1991590112 328396.2355957031
83058538.6820075065 299320.8250876069
83608877.1924820691 325653.0524902344
83726388.7686191797 329222.5012207031
83449762.0217890441 318089.9330444336
83158385.8376113474 304488.0299530029
83246877.0392877907 308306.2433471680
81440987.1632720828 198497.1470058616
81295543.0275740772 187982.3814454731
82606045.1459191740 275592.1212850809
82811769.1720278561 287516.9026660919
82709452.9498880506 281887.5014820099
82988192.0172487795 295814.3924704194
82657420.8681618869 279953.7832202911
81517197.1848845035 205640.6225572284
81456352.1243573129 198554.3035053015
82770996.5626468211 284386.2492035627
83968294.3401951194 338763.0272216797
81579644.3057912588 211260.1717973407
82125189.8459785432 249293.5611044168
84949830.1770028025 359506.2250976562
82675772.1735904664 280221.8873983622
82440514.1182207018 266955.9443784952
81425896.8751247823 197440.6000123676
82612963.5690325052 275723.8200765848
83466567.9965939075 318853.1825561523
82584813.0740332305 274714.0680624247
82684883.5057702363 280343.4692465067
84543023.1304347068 354885.9482421875
83177919.5455477834 305730.8574218750
82547252.2122839391 272875.1904000044
82834057.1494695395 288619.2311277986
81797631.6082362980 227794.5275436044
81401538.4423658997 196428.2578457054
83887626.2293752879 334769.3565063477
81758691.3684788644 223732.9812608417
82617385.4409559667 276013.6649140120
82745420.2023521513 283865.2515022159
82871618.0112188160 290418.6189338565
83203956.2897414118 306494.1069335938
83101640.0676016361 300864.7057495117
81679551.4352260828 218967.7048059162
82133444.2549577057 249362.6734853983
82334908.7527965456 260421.0180427432
82211017.5713546276 252766.7450376749
83239182.3966627121 307664.5756835938
82565353.3592298031 274079.9466522932
82388342.4930484295 264775.7236143351
82440374.5747745931 266709.4418760538
83013148.8659252077 297046.4923553467
81662544.5750113279 218649.5012040790
82420914.8599711657 266075.3204659224
81251144.3331883252 180224.8306642231
81599108.8398554623 212647.6473556161
82441883.1830022782 267518.9067198038
81946392.3348456770 236889.8640218973
82090830.8341042697 244894.4902082682
81608102.3115290850 213029.9519639667
82314176.7659079283 260156.0744444132
82935366.7211897224 292567.1704855561
82195462.6180966944 252352.9319959879
81547257.2510018945 205943.6329120398
81880051.7443559319 232808.8952193856
83448349.5555037260 317721.7497558594
82904190.3781415522 291757.7056418061
81770456.5618706495 226357.0342126545
82727518.4205605686 282141.1600532532
81783904.9508884251 227725.4151626229
83233732.7154471129 307477.4596724510
82231770.1752207726 255686.1070457101
83096190.3863860220 300677.5897383690
81994201.6540775746 240497.3336196542
82705972.7716560215 281819.3611937165
82852158.2964153886 289823.9873800874
81980753.2650598288 239128.9526696857
81843612.5971278101 229794.3043227792
81910242.3032012284 234525.2850967050
82163634.8138030022 251079.0633627176
83132704.4091480672 303009.3286276460
82247594.1646793336 257051.1118856668
83142578.5805051476 303285.4369239807
83080094.4186971039 300423.1990089417
81866603.3553382158 231440.5142694172
81906587.5379192829 234183.6973748859
81716014.2983884662 220737.4849725422
81668560.7200577557 218668.5958123859
82499369.5153337270 268234.3862097263
82687038.1303843707 280480.2744857669
81406180.5944024473 197252.7540576514
84540937.4424559176 354684.7734375000
82740578.8203382045 283223.4575912356
82604516.0292514414 275498.5587005615
84674019.8316197991 356488.6318359375
84561806.4045626819 354921.4897460938
84788158.4285278916 358557.5209960938
84694697.3975771815 356557.2202148438
84712600.8425268680 356886.2490234375
