82044648.8129125834 244714.9735707641
81554798.2938744873 212332.6106618643
81422231.2077703327 203240.1182895359
81503942.3581265956 206416.2690213919
82100268.2128569484 247960.0850819945
83879406.4447944164 335779.2074584961
82631701.3988749236 277687.1464214325
80978782.7019382119 145169.8946276419
81406086.9569703192 198366.0511678457
81527200.2257478237 211374.9298146963
81066058.5044598877 158740.3312385194
84634596.1268481165 357511.3398437500
81165627.5117062926 175261.0136146303
81367761.3029616177 196186.5822808500
81344200.2033469826 195330.0394160803
84182298.2215373963 347077.0457763672
81231546.7617039829 182740.3698785063
81452339.6829046011 203985.6004079580
83638011.4793690592 326657.3311767578
81213325.9892887324 182105.8738696631
80959082.8105740696 145145.4894190542
81003361.8319984674 153051.6696174257
81184861.5137082040 175826.0678786989
83387424.7998526245 315227.6951293945
81145927.6203421056 175236.6084060427
83802248.8981594145 333157.6062011719
81178959.5772572011 175598.7483408805
84113064.8824847788 342773.7575073242
84043367.1340553910 342210.8941040039
81128837.5444839448 165728.3302758746
81843854.7680759281 231389.3940722942
84361186.4941383153 353440.1440429688
81539582.0830197483 211743.1511892080
81011616.2409776300 153053.4867448919
82428042.6062992960 267798.9211775064
81859405.1316006482 232171.0929960012
84521053.4998780787 355539.4020996094
84225028.6848641783 349010.7640380859
82551285.6755996197 274430.7068757415
82643342.1013507247 278960.4530467987
84368049.7610138208 353508.7324218750
81583346.5869732499 213443.8189748526
82218152.3045038283 255900.5927978158
81236123.6874418706 183102.1493317839
81480187.3924199790 206054.4895681143
83964284.8395675570 338763.0272216797
82415190.0986220241 267214.8038158417
82536526.9227273166 273624.4883145690
81271763.4123350084 188429.0314996000
81629368.1862683743 218548.3632342815
81227234.5786540210 182587.1641613897
81297456.8591260463 190156.0917232092
84056661.7532179952 342579.0773925781
84275243.1603751928 349094.2197265625
84039885.5728253275 341506.2103271484
82817270.3388039470 287559.8717155457
84300795.7474574298 351873.0019531250
84536980.2195898443 356685.0742187500
84340514.4487223625 352630.6791992188
81105507.2253660411 160809.2203986757
83228309.6291595846 307664.5756835938
82552682.4821540713 274972.3545970917
84172996.6031379849 347008.4573974609
82279793.7672405541 259009.9597710967
84125565.5489357710 345372.7269287109
81389643.0104431808 198296.9387868643
84004629.6714918166 340576.7707519531
83291397.4359717816 310703.8551483154
83773011.6680981964 332331.3405761719
83836485.6952480823 333898.4826660156
82671063.5634551048 280127.2052335143
82578864.1502583325 275821.1283950806
83966190.9144539535 339520.7044677734
84121600.9940859526 345004.5436401367
82408243.9828955084 266967.7284107208
82786345.9149214327 285846.5512009859
81053676.6471879184 158372.1098640077
81847982.2163686901 231619.9146869183
82203427.4074102342 255349.4144887328
82250310.1172746867 258161.1859731078
84833540.9011925757 359716.2626953125
82685822.3163273782 280933.4237946868
81655496.1331581771 219968.6416460872
81853592.4896530360 232169.0554893017
82505799.7722896338 272160.5831127167
83973054.1813294888 339589.2928466797
83586363.7225031704 323771.6608276367
82690224.8112151772 281772.2245311737
82672864.7428673357 280691.4134025574
83045598.4852478653 298930.9874877930
81676799.1974460185 221201.3697561026
84003103.4681659490 340208.5874633789
83678517.8867300600 327466.7960205078
83865550.1571853608 335074.5236816406
83888517.7769742459 335900.7893066406
81526390.3115569949 210792.2407463789
81704419.8327257186 221574.9332416058
81632647.6009769589 219132.4805959463
81040444.2852229923 158154.3680659048
82840228.6497283727 289213.7621288300
82719747.4527317882 283503.1848869324
83501043.8461734802 320788.5079345703
83588893.0927990973 325462.8822631836
83245115.6039645076 308427.8251953125
84413218.5758644789 355442.4506835938
82267780.1175820976 258429.2901511788
83491932.5139936507 320666.9260864258
82478737.9027607441 269659.4103993773
83543964.5957198292 322669.2327270508
84765906.5946057737 359452.1289062500
81593898.9282259345 213812.0403493643
83843348.9621235877 333967.0710449219
84533126.4151600450 355812.5156250000
83656643.1620813310 326725.9195556641
83992085.0111558735 339835.8942871094
84642054.7873848975 358320.8046875000
82679728.0097428560 280760.0017814636
81866268.3984761536 232239.6813749075
81073004.1388980299 160039.6686547808
81347771.6743154973 195476.5319697913
83467619.4378210157 319926.0496215820
82711851.9667350501 282696.9663257599
83298681.9603721350 312116.3287353516
81196242.4355315417 180557.0486526247
83196418.6938096732 306494.1069335938
83436521.7517726123 318089.9330444336
83440991.1562602967 318916.1986694336
81771705.9127128869 227725.4151626229
82388023.1633103341 265055.7380720377
83476730.7700008452 320047.6314697266
83171796.2941145450 304553.2092895508
84948098.5335972160 360261.5937500000
83613437.6772771627 326479.3181152344
81169234.8337447345 175305.7207870241
81739518.4370604306 226305.9140155315
81116455.6872119755 165360.1089013629
81988523.1228279620 239972.0136861205
82079696.8180370331 247660.4520863891
81161877.7775406986 175238.4255335089
81993585.8801957071 242743.0358266234
82348599.2557753175 263142.6145963073
81654867.3977831304 219229.4320119619
81868385.9190323353 234898.8485822082
83507907.1130490005 320857.0963134766
84214111.0372596681 347816.3151245117
84279757.0914681554 349256.0991210938
83498795.7808691710 320735.5144653320
81991804.4335486740 242646.0844106078
84347377.7155978829 352699.2675781250
83604867.6918544471 325653.0524902344
83595756.3596746176 325531.4706420898
81808668.3159495890 228764.0918661356
81578716.0134970546 212482.4408692773
82210290.6742857546 255418.0028676391
82240282.6821900755 257051.1118856668
81203745.3096371442 182036.7614886817
82184006.1975012273 252404.9655843973
82196842.2852680236 253783.6265067514
82088443.3088731170 247670.7670392394
82650205.3682262301 279029.0414257050
82382069.1829164326 264471.6207103729
81956278.3035206497 239913.2162579894
84492310.6432761103 355511.0390625000
81439957.8256326318 203617.3790334463
83707799.5802870244 328464.8239746094
83132136.9264674634 303250.5212574005
82512663.0391651392 272229.1714916229
81622167.5618110001 217802.8811158594
82287165.3920545429 259794.2949911356
82982133.0879542381 295808.9836597443
81599887.1283542514 215643.8153720554
81718809.1527074277 224146.8482717276
82876120.0170745403 291260.7356681824
81771081.5940685272 226953.0642347336
82111259.9750451446 249293.5611044168
81412341.4181691408 202289.2078467067
83425399.7059118301 317404.3441839814
82359602.3045097589 263239.1373958588
81250430.4436698556 187574.8976321872
81088002.2170853466 160316.0187457614
82824890.8675290048 287959.5599536896
82360836.5026647449 264224.5453052521
82230242.6464160532 256466.9945240021
81315268.3545303494 190499.4467556234
82142350.2619277090 251452.6268482208
81126681.5896324217 165672.1460214667
81376601.5262145400 197606.6982219871
81710059.9462993145 222817.2487916406
81292879.9333881587 189793.9058871921
81109310.5236660540 165172.2629466467
81141533.3316650093 168072.1440263800
81880616.1062017828 234900.2768755555
81336331.4817020893 195114.3461337741
82196479.8255904317 252552.2321078777
83739851.5868556052 329469.1026611328
81247196.8579510897 187357.2017352637
81323206.7944180965 194532.0634481963
81189842.6468809992 179996.5517461952
83858603.6307124645 334952.9418334961
83965314.6419141591 339467.7109985352
82403908.8727291077 266692.0162629485
84152767.2170706689 346267.5809326172
81257575.6072157621 187752.2853999790
82987262.2739526033 296623.8573141694
81947296.2294507623 238547.6372537073
81823018.8504791409 230574.7995728906
83410089.8158109337 315869.3627929688
81847293.1596819460 231417.1914624628
83055382.5416695029 299316.2092514038
83730466.7088588476 329347.5208129883
81758030.7867894322 226890.0313771963
82298984.6387465000 260041.3703962564
83351233.9787713140 313715.8406439424
83678434.6271326840 327413.8025512695
83358057.7340847701 313935.6445312500
81214124.0589018315 182431.8451533969
81789721.0083437711 227794.5275436044
82064552.1811483800 245299.0909324288
81664004.3379897475 220552.8390536960
82780884.1432233006 285480.3465290070
82317290.8679033965 260192.5083357096
82636881.3696921468 278749.0269680023
83523161.7816379219 321842.9671020508
82543015.7511875331 273767.5983448029
81756596.0474301279 226409.2056950983
81421405.7413391620 202873.7140424903
81386143.7305731177 197620.5690494236
83680535.9335526973 328274.6537475586
82161444.6667712033 252036.7442098856
82311168.6129424274 260138.3218122721
82951640.0163921118 294316.7726001740
81477426.7803097665 205378.1198306736
82942528.6842122972 294195.1907520294
82984546.6649532169 296283.0176582336
81520878.3286237121 210698.5600772556
81911440.5954499245 235788.1020590067
81913222.0420969427 235885.0534750223
81580585.9748630673 212767.4492374118
83113805.0777228922 302847.8900520205
82330584.1239589453 261060.9527901411
82831618.7979456782 288619.2311277986
83122088.9940142930 303082.8875923157
82761827.5604031980 284809.6197043061
82496133.0413230509 271024.4152393341
83689647.2657325119 328396.2355957031
82621057.3802336156 277384.0221280456
83281204.1647073179 310646.0070381165
84115937.6563885361 343141.9407958984
81471803.4053481817 204539.8895544410
81886898.2687612325 235482.9659438729
82613162.8571021855 276821.3126302958
82530342.6407831907 272780.3498007059
83671918.3353691250 327288.7829589844
82599662.4990724474 276239.0123960972
81888679.7154082805 235579.9173598886
83204818.0438464135 306930.1598654389
83146377.4446456134 304186.9767599702
81705755.4686769992 222134.1886305213
82901752.0266176760 291757.7056418061
81989018.2962450832 240859.1130729318
83723950.4170953184 329222.5012207031
82181079.0558719635 252380.7710310221
81519177.9109970629 206959.4694074988
82941116.2179269344 293827.0074634552
82921475.4902759343 291826.2940207124
82849719.9448915124 289823.9873800874
82475022.6232175976 269065.5789765120
82932928.3696658462 292567.1704855561
83046988.9983038157 299199.2432394624
83135853.6461804360 303697.2116232514
82705281.4456328899 281819.3611937165
82654982.5166380107 279953.7832202911
83588220.3998680115 324521.6196899414
82036640.5566133559 244376.1448446512
82022690.8045529723 242961.5354785919
82933421.5753018856 293185.3397998810
81135622.1438007653 167797.6110628657
82792524.8456990868 286753.6531543732
82800219.4883241355 287395.3208179474
82385904.1415245533 264775.7236143351
82994956.9165776372 297265.5249777436
82311738.4143840671 260156.0744444132
82473653.1915425062 268229.2890096903
83539939.4316359907 321949.6363525391
82456176.9136426896 268160.7006307840
81920739.1197972149 236618.5940634012
84023261.3542040437 340645.3591308594
84095016.8995884508 342647.6657714844
83917919.2840153873 336147.3907470703
84144197.2316479385 345441.3153076172
83583672.1590610594 322859.4029541016
83265902.2728563547 309687.6167135835
83759575.0505138487 329537.6910400391
82775449.5839917958 285180.7136135101
83058538.6820075065 299320.8250876069
82811769.1720278561 287516.9026660919
83177919.5455477834 305730.8574218750
82745420.2023521513 283865.2515022159
82871618.0112188160 290418.6189338565
83080094.4186971039 300423.1990089417
