9840415.8320445064 545600.0244140625
9819950.7635505572 520934.5023193359
9846934.9121021871 554189.5305175781
9824095.6717797406 533739.0084228516
9827588.3789715543 534351.4624023438
9850576.5712984949 554376.8913574219
9822896.9270221796 531394.4697265625
9823235.5364257339 532260.3184814453
9836105.8015572410 545189.4494628906
9843191.7060627900 553806.0593261719
9825613.7813306656 534122.1840820312
9819967.8411129043 521082.2678222656
9823654.3540008087 533695.3309326172
9835572.0233204570 545028.4816894531
9831077.2398421671 542819.5512695312
9828403.8246727865 534496.1395263672
9837293.2972020693 545309.7275390625
9820694.0960664432 522806.8156738281
9820191.4321543016 522664.6510009766
9823377.8947829660 533622.0042724609
9863369.5793027375 554698.0112304688
9869067.8666854482 562511.1103515625
9853615.1648062561 554409.9477539062
9820818.3083959706 522868.0440063477
9818366.5565402471 519302.3796386719
9838696.5858056527 545383.5148925781
9825601.8325767200 534038.7592773438
9834499.0568278916 544996.7419433594
9819637.4472584054 519941.2899780273
9845985.9464369658 554088.6613769531
9823880.5586951058 533729.0476074219
9833311.5611830633 544908.2036132812
9831590.2873014491 544598.4919433594
9826363.0243160538 534189.4906005859
9850552.3808549214 554297.5429687500
9831313.8280836064 544422.0659179688
9824641.7504344396 533879.7789306641
9844140.6717280075 553894.5959472656
9839450.5348262098 545383.6103515625
9826374.9730699994 534208.1053466797
9821131.6246881224 531076.9460449219
9824372.1309975833 533812.3350830078
9819365.2653141785 519708.4283752441
9822119.0211217534 531200.0980224609
9841728.4239024185 553436.9240722656
9842586.0856881179 553613.3500976562
9831450.4025125243 544539.0700683594
9827686.7621894144 534460.3969726562
9825965.4883078001 534150.6853027344
9819716.3533103596 520823.4323730469
9823173.7626601029 531633.0292968750
9824978.0918741710 533950.1383056641
9819942.5580046568 520863.0471801758
9826925.5704500824 534316.5808105469
9824947.1577731166 533905.9102783203
9824598.3356918823 533846.0517578125
9835677.3314479347 545101.0744628906
9821069.7961985152 523060.0971069336
9832883.0910737570 544799.1752929688
9825173.3624674138 533996.7207031250
9825204.2965684682 534006.8691406250
9832308.0642982256 544715.4960937500
9840340.1199477501 545472.1469726562
9822731.8217793275 531258.9571533203
9837200.8561361656 545278.0815429688
9828716.4699925836 540522.6543579102
9829067.5579887629 542743.9057617188
9835479.5822545514 544996.8356933594
9826683.2653045766 534267.6894531250
9824879.7086563092 533890.8101806641
9825922.0735652447 534123.8732910156
