129218470.7705487609 73020.5725994110
127535978.7445015907 50790.2652567662
127898227.2461156845 58809.8666552342
128370872.7646408677 64900.5724801570
129725011.8322474957 77234.8291580221
133957433.3028712869 96210.4810823649
127778651.1378354877 56776.7248095311
128791286.8273583055 68995.7661027461
133377179.2912736386 93872.5334465951
128568612.5079222620 66962.6242570430
127361555.6051663458 46328.1505117416
127454189.5244729072 48676.9489268102
127697360.7827910334 54967.1337450780
128089689.5704115629 60949.6750968695
127840011.6786034256 57070.3100756444
127613627.7369113266 52828.8440760411
127737210.4051754922 56551.5864886083
128272461.1000429094 63164.6229466796
127654036.2770596147 53023.9935931005
127641200.2100923210 52962.3423899449
127518150.7339497656 50705.6497629918
130212845.3624373525 82575.2516797790
129856919.1644884050 79073.6718944907
127825870.9516718239 57066.5110949315
130205843.5571614206 81623.2094640732
127752909.0998805612 56759.9750231542
129074409.9775041938 71291.9366914183
127883547.8920396119 58793.1168688573
128557090.4912146926 66766.4796621352
128173072.9230554402 62656.9451418817
127879712.1608540118 58578.1019453816
127562328.7556946427 50929.2005442418
129302390.2658549249 73381.6966848373
127428045.2978725880 46856.6832289509
128053165.2698374689 60835.5833981782
130079872.3966732770 81067.4761266708
130193462.6426508576 81306.9792394638
127376815.0861202180 46624.2205366902
128024994.2723459750 60662.8079748468
127425074.6724451482 46832.6876005940
129523439.7706420273 75323.5998175740
127644157.4004282206 52976.6132067479
128655536.1009436399 67166.5785371810
128166960.5405765176 62653.9659471065
127608586.2671254575 52800.4428118505
127613578.2107099891 52823.4071024694
127395255.8515432775 46643.6135649495
128459983.1289775372 65135.9046213180
127433910.2278315872 48632.1759810261
127664134.0895394981 54743.5829638280
133887629.4771248847 96039.7333510369
129964375.0286244303 80704.3248205185
127655827.9744715691 54726.8331774510
127545779.7901924103 50808.6516894139
128236172.7528740764 62898.0437999927
127685450.5966102034 54767.7498034276
127630712.6450759768 52933.9918993749
128449110.1201304644 65133.4366914779
129140734.1471015215 72632.1866016388
128146232.7473265827 62651.4122605324
133790118.0982539058 95675.5462158620
127465274.3683941513 48749.3785452656
128426193.0296937823 64930.9084247723
127695780.5036569089 54943.7575697713
128776155.2611231655 68770.1169876605
127818754.8504438400 57031.3559740819
127401793.2009201646 46787.6255321503
138239401.7941702008 108134.0049705692
129597723.4736489803 77048.9748430252
128131236.3225909770 61074.9786449634
127450203.3688308150 48657.3623823933
156341801.6988029480 162376.3074951172
131412173.4258980453 88188.8527507782
134054936.6667483747 98071.7161481504
127366614.9269761294 46599.0341353230
127654916.6533954442 54720.2067885213
127881649.0510732383 58592.7704353333
127528657.4353161603 50709.8972563557
137881212.5703496039 106222.1799788065
127562132.3334453255 50866.3733080663
127796779.8858318329 56802.4891213530
131130424.5392850041 86155.7109050751
131183841.9855962247 86789.0816326141
127586534.6233310997 52710.4411181249
131718644.2730395049 88241.3793014399
127932825.7230969965 58864.1513862610
130331806.0330255032 82739.5256253125
133748435.8437786400 94425.4669197500
133710555.3135857880 94290.0975960195
127625720.7014914453 52917.2421129979
127530986.8009170592 50767.3009661473
151921823.3586730361 157897.4921302795
127451541.1080594063 48676.7554106526
132639090.7653317451 92469.5803264976
132288259.1456316113 91458.8045086265
127557140.3898607939 50849.6235216893
128553224.3129379898 66675.6954661608
128367006.5863640755 64687.0290946960
127944232.2853474468 58919.8127021790
129523447.9990470260 76646.7829828262
128016483.9918365031 59051.9467239380
128872699.6248225421 70557.9999446869
130240927.3328235298 82738.5371489525
128400227.8009727001 64903.0404099971
132263049.2148345262 91164.3942970634
128258826.2080856562 62965.1068632975
128192711.4532120526 62869.8985642940
128768882.0724917650 68750.2689725906
127462743.9515795857 48688.2278921232
127540787.8466078490 50795.7022303380
129744614.6328686774 78671.1829748154
129015951.7003053576 70987.4307537079
154919026.9932776690 161398.7104492188
155169001.7190676033 161432.9801025391
155525037.4948756993 162134.9859619141
127654570.8689042181 54534.7097422704
128061808.0391537696 60836.7567185909
128369360.4732996076 64735.8057462722
129792990.0338566154 78690.5673274994
133948561.6276136637 96040.9278877676
127576387.8670039326 52506.7960476480
127581542.6797465682 52693.6913317479
138569235.1901917458 108748.3499930054
129684825.6431259811 77052.7977545857
142597839.5550915003 123559.6877140999
142277726.2114633620 121526.5458683968
131200773.1268550009 87112.9859228134
130724500.2904865742 85079.8440771103
136831692.1361970305 101290.7081507444
127467212.0618216991 48851.7999672890
127816578.6689016521 56824.4457236752
130234620.7353995591 82737.4666662216
128837798.8759438694 69086.7252784485
127575005.1426669806 52505.2183453068
127429035.8466788828 48471.6720595360
128682125.2024465054 68500.5085731262
128684371.3031618297 68502.3485935611
127433325.3413225859 48578.5469878176
141752703.3713942468 121011.0149987936
139756862.9776026309 114385.0957765579
128859097.2816727608 70533.6504188293
133824563.7359380275 95973.1439217031
129401751.2859133631 74877.3667265251
127997926.1504196674 58947.2850558802
133989769.6486597061 96900.2641748637
127530898.3816802651 50725.0201865658
127493038.6307610720 50472.0764996037
127486681.1340556443 50301.1103083715
134160053.9029184878 98116.9658526182
128984246.2978675663 70861.5000247955
128685016.4411282390 68524.8580989838
128498437.4480369240 66491.7162536067
127512997.9461089969 50695.8677773476
128323433.5970206708 64458.5744075775
127570779.6501074135 52501.5678965673
152054324.0284018815 159533.0552673340
129414362.0526643395 75015.8329973221
128318550.3064548820 64385.4875836166
133991039.5423752666 97017.1237291545
128479524.7480823249 66491.7162532806
128356137.4350685179 64605.2708419246
133529944.3059775382 94050.6821612120
127530024.8169686943 50721.3697378263
155358556.1512185037 161575.0809326172
143873230.4470158815 130355.2809115648
129372454.8939883411 73853.5219355409
128470410.8179530799 65223.1087703705
147375650.0195221603 142408.3269203901
146907991.7242603600 141745.4841355085
142534779.5235223770 123364.8276549578
146525430.4943183661 138688.5409688409
142169571.5264844596 121034.2731636763
128317680.2323444337 64385.4875774384
146643903.1670981646 139021.4821312789
155362820.4713475108 161964.9591064453
146267590.3718606532 135358.9093631618
153050539.5660592914 160982.1357421875
142996022.8866116703 126068.5938463211
143107353.5963223577 126774.7345935106
141048816.4287617505 119682.8508512050
147589331.9624703825 143346.7579658115
152508237.2581129670 159802.8904800415
143753926.3628172576 129779.2337431684
140661722.9709700346 118348.4896282628
140122740.6549268663 116315.3477825597
143555408.1685341001 127497.5646310523
143639512.0949149132 129101.1867013648
137647132.2062538862 104151.4379279613
144313211.5748689473 130768.3012100756
137302357.6250601411 101963.3770846128
148459564.1398217082 147038.1031653965
141690619.3400274515 119870.8253795505
143012224.9703825712 126564.1473160982
142968073.9585429132 125799.9926501513
136688953.8937374055 100495.5396837443
134593963.8653940260 98455.0542711467
134595780.1887932718 98476.6872095317
134790787.4139723778 100015.6885790080
146841448.9205572903 139064.9778240919
152924422.2888600528 160865.3793029785
143236601.1006729603 126975.0657825768
128730594.9643649757 68649.7610199451
151982584.5666803122 158874.2543029785
139266149.9565225840 109445.9734827280
143842413.7831436396 130282.5802966356
143727999.5152413547 129573.5623751879
147846962.4028217196 144523.4050136209
142838449.4422077537 124481.9314100333
146493944.4490860999 137738.2206566695
134405898.6066256762 98139.7505907267
145598647.6244053245 132964.0098549128
134560336.3909194171 98412.6086724997
134493700.1454415619 98383.8623766154
133742965.9988250434 94317.5786852092
145788354.5010001957 134316.7519160539
150882806.4988725781 156429.0539245605
151043881.6251964867 157133.8753356934
148260022.5843647420 146846.4213111484
145887587.4516918957 135336.9590428025
150715582.5358261764 155602.3295936584
147499917.3336746991 143167.8511054600
150305064.9075093269 154537.8157958984
150364161.2112032175 155220.8663330078
143560344.1307052970 127591.7290292457
149300569.0672424734 149858.2052536011
145043442.1096983254 131819.4849025041
137810695.9396054745 104731.0224981308
137400153.0245919228 102602.8106703348
144601698.4802636802 131261.9531529652
147811577.5976241827 143446.5718963230
142204870.0016264915 121370.3581583500
146481146.8431586623 137471.5017247200
150117994.3928173482 153465.4580154419
147791131.8086835742 143430.5105388248
148596474.0811872482 149388.4732112885
146393707.0589933693 137318.2441078732
148556362.2491343617 147445.7110293508
139472161.4738627374 109747.6692031622
146223415.8233143985 135347.3875156641
146283155.1703516245 135438.5254551172
149659921.4343282580 153028.0647048950
142302643.7507410944 123107.2518601418
145576302.9556975067 132152.5011334742
