133399285.8535320461 237400.9675648212
133218552.9288432300 212774.0489515960
133584245.0691009909 252889.9908728600
133158620.0493355393 203385.1059566438
133643687.7397077382 255416.4557389021
136422308.3898456097 379948.3929148316
137113746.1815908551 398597.3559254408
133520877.9506497979 247405.2101420164
139723062.3822770417 457565.8735468388
133132426.8727941811 195143.4928545654
133752762.7465229183 263274.5231083632
133962499.3405476660 276779.5729613006
134637297.8085676730 309214.0316812992
140349953.0052581131 469970.6435546875
133195690.6291277260 211141.0122751892
139559983.9154039025 450238.6779901981
133300105.6508351564 222485.2217993736
134869162.6804778576 318250.2597853862
135699673.8636155725 355191.1303461529
133387371.1965635717 236505.2458240986
134944743.9040145278 324001.4501760937
134422998.4294292927 300262.8586564064
134469009.6512629390 301456.4809000492
139065891.1986517310 449808.3227655888
157443214.2488318086 603644.5402832031
133563870.3022481799 251043.3025650978
140345489.4509203732 467388.1797485352
133206920.1372489184 212209.1496004760
133178882.5644548088 205037.6494326293
133134470.9298303723 195183.3869160116
136337671.5270956755 375654.8807610273
134061333.3268896639 282061.5192930102
136179184.3621264100 371590.9827732791
136960486.8293789029 395073.3219191779
133184650.7139264643 209350.8692756593
136798461.0332154334 389687.6288689375
153613242.8618096411 565511.4010772705
133187048.4475723803 210591.7554964721
134504444.7390342653 304547.5272592306
137045289.3449222744 398400.6552723646
138777677.8355892003 442050.7719843388
133936102.5506167263 275834.1137143970
140585573.1158022881 476014.0574140549
138499465.5859229863 434293.2212030888
138022348.1122614443 424668.0395691133
133127251.2696900368 187972.3548974693
135873999.0009335577 360683.1504554487
133116138.9429908097 186402.7410000265
133859340.2502290606 271131.1832564771
136334701.7055929303 375004.9845818281
133844155.1765630394 270235.4615157545
156550713.7197593451 593740.9216308594
143189156.6583728790 509848.2986831665
133893202.4593632370 272334.5475301743
137572890.3863606453 411858.1681065297
135419507.3009178638 342924.9208774305
133127514.9998438656 193638.4201197326
135178793.0281598568 334002.1289728619
157681002.4083847404 604404.7045898438
140149874.1546121836 461248.1723022461
136165385.1277704239 370870.2669529666
138670919.2589327395 439186.6297800541
133873688.9421266168 271487.6487716138
133951287.6242827475 276729.8354551196
136842475.1742565632 390784.4831845760
133973284.0450311452 276974.9769429862
148744186.4548423290 543896.2017211914
140138348.5010997951 460587.0295410156
135831897.9424257576 359499.5883273816
133991786.3151237518 278888.7340377271
135868767.4926158190 360364.2466440201
133129521.9080470204 193792.2686177194
133407836.9443864524 237974.7121937275
142649635.4178495705 497891.8532485962
137331447.4723061919 406026.6964710951
142775521.2443828583 498963.8373794556
133818046.8826934695 268983.8990812004
142806524.3445545137 503083.8727798462
134591286.5867339969 308020.4094376564
133684863.0367241651 258795.4193396568
140084106.3384436965 457624.3218383789
136395283.2071044445 379227.6770945191
133354511.0338577926 230514.0942358971
140133096.4902296662 459807.6959228516
133361682.4828586578 230783.7075171471
133793821.1268838495 265136.6952352524
142483979.1368332207 492495.2681655884
138657974.0166419744 437450.9820109606
142813051.7590579093 503200.7323989868
136524718.6508773565 382996.1636173463
133433455.2617173940 239072.6945866346
137625468.6538329720 414068.1651184297
137345903.6287343502 406260.3247253633
143036615.3812845349 507934.5888442993
133734148.5003575534 262941.7121212482
142765111.2487314343 498889.7590103149
137476579.5823956430 410434.4406044483
133539637.6197490096 247658.9049576521
137222854.9536064565 402830.8727004279
154233328.8916514814 567127.9549713135
133167583.6548887491 204451.5988192260
143260270.2980228662 510891.4899291992
133597980.8902903646 253932.5989054441
134547864.9586029649 305529.3117716312
135251630.0955659747 336207.9379080273
142139167.2396991849 491432.4915618896
143637159.2407707274 513586.4715347290
140219127.4915086031 467035.8486328125
142640198.0112461746 497275.9283218384
141443378.7572471797 480900.4789085388
133572326.9766033441 251360.8796362877
136505747.3979815841 381456.8245079255
142791732.8191305399 499929.8723526001
143334545.7932780385 513250.5425796509
137591156.0508482456 412478.5363971925
142926748.2021983564 506731.0225601196
134570676.6484148800 307297.7273600101
141509362.3784125149 483874.0843696594
133485103.0435407758 245582.3286186457
138440489.1089680791 434270.9831200838
137308827.2568733990 404720.9856159425
157250878.4715787768 600896.7475585938
134549523.2972302437 305533.0240510702
141206906.0438209176 476861.9327583313
133173955.1980870962 204562.8448519409
133323095.4716193527 228088.2272925377
137169329.6804893017 401277.6996047248
144866953.9312951565 520576.3301162720
138839496.0510162413 442594.5640001297
133176225.8364440948 205000.8555979431
134594341.3760782778 308486.3486135937
142636167.5388736129 496613.7106399536
133312437.0693515390 223036.6786264256
133509583.7170914710 246428.7429398298
138716759.8054509759 442028.5339013338
138782321.6089631021 442302.9789201021
135406135.3086555004 341973.2724957204
157253397.9181305766 602384.1977539062
157079469.4720294476 600861.3437500000
140153253.6445129216 461307.7453613281
137861727.7515011430 421795.0220654941
156803429.4253795147 599109.0375976562
156855128.2569712996 600535.7451171875
135414275.7926001251 342606.0170660019
137607262.5904715955 413579.5713073945
140135947.1028658450 460148.7253417969
136160204.3691389561 370434.2466206302
137785613.8319344223 420236.0871784425
133227945.1560204923 213825.3129858971
136762595.6570967138 389280.3314249516
136934930.2246928811 390820.1231207848
133783287.4226744920 264576.9967489243
138389515.2983286381 434005.7550927401
137382762.9976487160 406509.2704956270
155438216.1880662143 582181.8471679688
155452945.9071327746 592845.6562500000
136057414.6485745609 367376.4936609268
133516368.4452593327 246685.6131873131
138387113.9000946283 433567.4508935213
137609663.9887055755 414017.8755066133
137601673.7579354942 412595.4065735078
147589207.2621622384 526642.2692260742
147635043.8137450516 533366.9215698242
137677667.6294082999 417742.9460632539
138342142.6755948365 431001.4003564119
138523188.5223555565 437205.7780419588
137884449.9228300750 421842.7838734388
136247523.5483066738 374419.6702203751
156489433.5325561464 593155.7868652344
134583057.8821794093 307527.8768897057
136557774.7700099051 383090.7455986738
148963814.3245007396 545303.4168701172
156602618.8789426982 594427.4035644531
134042975.3363058716 280141.2086585164
134401047.0856030881 299049.1742339134
136004558.6561381817 365463.9703159070
133121066.3093584925 186877.5455807149
133213291.6804472655 212320.3956331909
133109767.3997924328 186291.4949673116
134843929.9940925837 318089.7056318521
136113547.3198255599 369684.3945746160
137407380.8482691646 408078.8498122444
153141178.9055435658 554470.5865325928
138952047.6283255816 442741.7476959229
135883649.2404915392 361586.4273719526
133316723.9284209907 227791.2944691181
136814392.9374344945 390244.2682010866
140130358.2703296542 459164.5606079102
135429157.5404758453 343828.1977939344
133234770.5357704014 214165.1508843973
134655509.2998982966 309936.7137589455
133588216.1446360350 252895.0528897941
138263781.5224581361 428858.2156029940
138271771.7532282770 430280.6845360994
133296517.0323176086 222467.0338412523
140139006.0813964307 460828.4062795639
134663165.3738417625 311192.5999360085
134337989.9651048183 297317.8486647047
134486848.6878857315 303435.0491547585
134965156.1648744643 324182.4931559302
139649668.5182975531 452243.7586547136
145440976.3719389439 526589.1858291626
137981665.3288399577 422222.3806640840
136086505.9376544356 368661.4531638374
135964544.7003052533 364051.6100299110
133438335.7529688030 239256.1355008781
135096295.9460758567 330003.5602224804
140179332.4343616664 462100.0229787827
135081121.2543843389 329403.9027543068
133143725.7823602110 195729.5434679687
133707987.5664958805 261226.3482999504
134103623.1649645120 284542.2817919552
134770163.1663021743 315874.8095214367
133226219.4449159503 213565.1739971638
133646546.1913224459 255439.2150714397
133414208.4875848144 238271.6450171471
137753582.9076083004 418031.3601558319
134648936.9955203235 309909.4893631935
133798556.5789408833 266893.7471826971
137463516.6951018572 410012.6196777559
151678810.7865496278 546998.8851318359
135385222.6618067920 341256.4262751080
133331609.8978574276 229043.4817249775
134616838.8519309759 308647.2122000195
136522680.4850003123 382190.9307377076
135551788.1434781253 348611.6270484662
137032931.5237460732 396561.0411926855
134557077.8883612156 306755.2473282814
133870849.6199110001 271327.8605717421
135245698.2118348479 334729.8120405674
151535383.5662705600 546221.1223754883
133929844.8641902357 275066.5635825992
135330345.0702211857 340004.2390192486
137778365.5937682688 419078.1870361914
136576602.6574568450 384647.9918400397
137590519.2263667583 411944.6331726660
133149726.0292716473 195782.3318705261
136354273.5749951601 378443.6141544928
136049895.8445443511 367100.8501376844
133346532.5319101959 229940.3914356306
135677651.0530081689 354452.8735084272
136389037.4454127252 378607.4958355427
135754992.7224255204 356070.0806922651
135622071.7253881395 351585.7485751844
136204340.9782601893 371919.1930088748
135450829.4974663854 344452.1947116590
134887438.2786096931 321143.0984940529
136155467.8174881637 370255.9877154579
135872625.0793155730 360657.2511939741
136611921.4545391202 384728.3531504273
133268488.1169542223 220291.9089361429
136732502.8490546048 388679.1437656035
135257163.5896449387 336694.6439304090
133828879.0223579556 268996.0558197200
135491212.7137902379 346695.3227271772
135521026.8353123963 347761.7898004986
135389365.3565099835 341920.5433405377
134789937.5930369794 316404.7629812695
135195699.4486885369 334162.9925592877
133889056.7394051999 272006.9275047183
133340160.9887118638 229643.4586122110
135007624.5961910784 326405.4417780377
135455250.2032048404 344894.6648672558
134469073.4071333706 302562.3553071022
133476930.1282833219 244835.5072681904
134921599.0718394220 322246.0094412304
135261584.2953833938 337137.1140860058
134699022.1650802493 312757.3573746681
134710134.4917794466 313385.5477128029
133241142.0789687335 214478.0782756880
133269456.2605379224 220990.1442615986
134707591.7074466348 312958.6523172855
133297892.5352312773 222479.3974949196
134760142.6105533838 315320.9159353711
134326770.2093643546 296056.9917817116
135093885.6976907551 329976.3358267285
134213171.2079799473 290725.3079438210
133888248.9353405088 271965.1071615219
134252425.9688508511 292285.1467499733
133921817.3069996685 274770.7769004703
134021025.5116218179 280102.4607383609
134525526.4074569345 304698.8207535744
133910979.8090148419 273898.0830528140
133810664.7756519467 267405.2498544455
134698625.1485629678 312456.3715348244
151812090.2975190878 552293.2341156006
133836883.6676270813 269572.3267282248
134457071.9013996720 301322.8905146420
134875928.9353931844 320213.9223160744
134302630.4853844047 294623.6671452522
134125659.4119180590 286314.3903587759
134162079.7864850312 286994.6382945478
134054968.5519843102 282014.7440890372
134171204.5349542946 287211.7490094602
155351671.4612873495 567499.8074493408
153432081.0930844545 558376.4643249512
153600226.2664851546 558974.7856140137
155297300.0597179830 567460.2549438477
154783072.4028321803 567391.6580200195
155375920.6251784563 567730.5674438477
