65968121.2431000173 451914.2753403187
67129645.9645492584 507471.7255973816
66933938.4149762765 497697.4004325867
67667716.7348702550 526270.9574279785
67653991.4427329600 526206.4300842285
66489313.2810234204 479644.2440776825
68060902.4578367770 540151.3227539062
67667748.9544668347 526517.2744445801
67897527.2798789144 533880.4654541016
67171546.0168842077 509290.7650451660
65921571.9258933291 448661.0726715326
67547230.1215961426 523363.0285644531
74742510.2666710764 545242.7690429688
65521306.6260038912 404507.0702719092
67595759.2829233408 523798.4108886719
67350415.4714678228 516125.5727844238
67278487.6951150745 512187.2306022644
66245003.7676636502 467488.0951347351
67665963.2291317880 526266.6893615723
66786719.2766776606 491843.5487194061
67821587.3860136122 532715.8968811035
67995727.1644207984 536565.8585205078
67472595.8616514951 520701.0918083191
67295488.4020914584 513979.6342887878
67085754.9648698121 505100.8143424988
67324370.2665113807 515156.8455200195
67353866.9922405779 516723.8676757812
66097303.8464513272 459719.6807876229
67103133.7412935197 505467.8790397644
67318757.4301046878 514498.4088249207
67909830.6961600035 535992.9237060547
68037959.9200594872 539748.3027343750
65555001.8446506485 412181.9604555368
66222468.9958191812 466110.2806808949
67459928.0520022064 518650.8137321472
67142594.5690031946 508260.9504508972
67533976.8943110406 522953.0428466797
67217777.4040037990 510309.7662353516
67864531.3849985749 533662.2637939453
66386395.0931435078 474305.6615920663
67678363.0911973119 527534.5162467957
65563267.0437185764 412307.5147315264
67709951.6298547983 529631.2056884766
67838883.3203928471 533423.2490234375
66800225.4665534869 494663.4296989441
66018561.8537680656 454543.6639648676
67697712.6984953284 529273.6199951172
67625848.9021318853 524847.4195671082
66956182.1235121563 499510.8018584847
67579829.4035117328 523552.8541259766
75082448.0788758248 545434.7875976562
66641830.2476327196 487021.4322219491
67488226.0005929917 521055.5988883972
65631262.3270699754 420766.4493539333
66497834.1997536272 479900.3519554138
66963725.1144195870 501427.6554069519
65854166.6544957533 443199.2485635281
65891297.3300201669 444935.9848618507
66613495.9483572990 485115.7078872323
67953386.3888404220 536347.6568603516
68136039.4927611202 542113.2050781250
68094915.8702367991 540152.0590820312
67381277.0518698990 517073.9919433594
65549942.4257294834 412166.1084662676
74761090.4335721582 545246.5473632812
66960913.7792051435 500377.3052043915
67907777.0232412368 535278.6704711914
65594683.8741687387 417844.3652282953
65744805.7193819955 435042.1122356653
67996078.2031583637 536838.9208984375
65759408.1765160114 436087.3063206673
75132341.6675433069 545445.9243164062
65566980.4789243788 412788.9422109127
65716109.2643903643 432976.0796447992
66344266.7136604935 471797.1504650116
67949323.1743722111 536341.6212158203
67519840.8028093725 522241.0161743164
66041611.4480524361 456074.5686565638
65544222.0892483369 411529.8700571060
65786503.0984073728 437411.8619704843
68178425.8941393197 542794.8320312500
66021075.6182540879 454885.9773327112
68238454.0088758022 542839.1557617188
66202010.3069689423 464862.5084209442
66305726.0793347135 469851.4361797571
67696046.9030576199 528922.0596008301
67957292.9686979353 536360.2384033203
68948951.9844428748 543855.8544921875
65944520.8067998812 450369.8699147701
69272138.3926622868 543911.4057617188
67726908.4834596962 529870.4431152344
67530093.8333313763 522479.1567687988
65517510.5486102030 403611.2332682014
74499952.0699167848 545241.5166015625
65939456.7067955136 449962.3619610071
65930146.5988272503 449931.4941631556
66736410.6684093773 489967.1544494629
65778346.6234192848 437387.8988327980
65868049.0041444227 444777.6544480324
65612680.7211823538 420510.5293729305
65728386.8680660278 433340.2572399378
66028746.2967950478 455707.3042522669
65731980.7439031824 433997.4025646448
66045355.9838099927 456428.2514873743
65526337.3083461449 410229.3219785690
66822902.6753873676 494821.5962028503
66211179.8655035794 465470.3100906014
66115936.1351407543 460263.5563750863
68874480.2914213240 543755.2045898438
65904962.2388783842 448127.5315624475
65765666.6597590074 436697.0123398304
65604070.8170118034 419734.4465423822
65620397.5059039667 420742.9406716824
66071933.1563181132 458385.3382065296
65611087.3979357108 420491.7439267635
65585373.7662004754 417593.5073505640
66659071.0673746318 487631.1840782166
68195550.7947664410 542829.4506835938
66789064.8319750652 493059.5346389413
74765363.1850727648 545254.9228515625
65737002.1234544963 434744.3445659876
66892221.6972334757 497156.6983642578
65808819.7232774496 440833.9686065912
66386436.3481714725 474370.6673507690
66260014.7330204025 467978.8133025765
68127412.5589554459 540247.3637695312
65809526.7848503515 440859.5719238520
66410325.5918421820 475259.7127647400
65812338.1200648025 440928.8154349923
66668354.5707461089 488346.2506217957
65816726.8296266422 441160.2890151739
68704457.4185176939 543688.9365234375
74871170.6588964164 545412.2119140625
66373299.2126612887 474185.4964309335
66398392.4735115469 475234.4356803894
66391456.5003133714 474575.7777519226
66347928.5225280672 472853.1709396839
66368956.0262991339 473356.6289840341
68689252.3200325817 543678.5502929688
67055721.3450995684 503863.8249511719
66189434.5816896260 464145.5054851770
68543441.1901857406 543539.6914062500
65875765.7888660431 444790.2392411232
67245022.6216356605 510813.6287841797
67015896.8409274444 503032.8567504883
65836433.1736478359 442510.2143893838
66858094.8032556623 496339.2672729492
66455373.6479453370 476654.0804443359
67057442.9920584261 504095.9749755859
66344634.6763567775 472262.3865523934
65715188.0697828457 429880.1903977394
66424413.4959340766 475962.6387329102
65577230.9625403285 412808.7386276722
66754176.3683292270 490795.4577636719
66639026.7857731506 486466.6847915649
67005483.9829677567 502798.3146362305
66984716.9706133753 501792.8372192383
67334427.0288768560 515218.9794311523
66545744.2651446462 482341.4984741211
67162288.5455422997 508804.6448364258
66413827.4968143329 475590.9241333008
66480501.5923916474 479322.7645676136
66504938.5517086536 480691.3550090790
68281565.5094651878 543071.3876953125
65854648.8076164722 443664.9795334339
66530309.2418418676 481985.0100212097
66049382.0914380923 456743.2542492151
74980817.6963700056 545412.6333007812
66587290.4162756577 483404.6547851562
66474396.4110059068 478442.8022533655
66746077.8622670248 490099.2284545898
65861579.3131649941 444367.2706863880
67014175.1939685866 502800.7067260742
67515771.5309341401 521721.8700561523
66775941.3877762482 491511.1694408655
66680037.6687186882 488713.7293815613
67816681.9081724137 530145.9211425781
68503363.5632834136 543482.9721679688
66907739.4074744582 497537.3626708984
66835834.3209616691 495186.4049911499
66778752.7229906991 491800.3737350106
66695472.6920214593 489070.2178344727
66285674.3795214221 468359.4854431152
66127415.8027391285 460613.2218437195
65511284.0362136140 402868.9901022315
67575346.7386534512 523375.5407714844
66689157.5293044895 488820.3729858398
68583693.9197369963 543578.2182617188
65600274.7396181151 418839.8136402369
67195471.7733198106 509304.1020812988
67036843.2672275230 503036.3878479004
67568729.7848382294 523374.6838378906
67788370.1429933459 529985.8834228516
66463088.9875758961 477659.1926894784
65639612.1395237595 425712.7835804224
67233979.5989632159 510468.1726074219
66631579.7640167624 486101.2033401132
65993062.1309267133 452693.9166274667
65595137.5335873589 418563.3110462427
66279871.4646081626 468190.2672080994
66612441.7399101481 484804.0428539515
66636878.6992271543 486172.0131782293
66157763.9420618191 461393.3566856384
65703663.4015965983 429857.3344407082
66151159.8325078636 460917.0061168671
65702509.7686164305 429851.4478469491
66359180.4540168196 473112.6825729012
66462039.6473850310 477442.6639568806
66026217.6169383973 455324.6728130579
66777703.3827998340 491583.8450024128
66459396.6789241880 477259.7877117395
66166725.5050490499 462943.9209972620
65660812.3895910457 427481.6981121302
74840307.6112371087 545291.5249023438
67577420.9958390445 523377.1555175781
74865907.6090755910 545333.5942382812
66889840.5472482964 497042.4547119141
66949411.2957859635 498526.4289107919
66517439.0307991281 480909.5188674927
67221996.0964331925 510347.0821533203
66317417.0344024673 470526.3359295130
67044668.9056441858 503050.0654602051
65659334.4052185789 427352.4267822504
66674971.0536034256 488461.2072372437
65801512.7421413064 440142.7501751184
65818769.2781857401 441234.7704101801
65828012.5122354031 442144.5420757532
65579891.6199706644 413098.7695434093
66046579.4977279827 456447.9029042721
65751309.1014330834 436018.2878032923
67127520.0611779690 506072.2625820637
68347290.5489267409 543117.7309570312
66788092.2311856076 492521.1627975106
68373169.5298129618 543481.9218750000
68530955.2699797899 543489.7988281250
65878160.0050412714 444809.9078023434
65960046.6176132560 451266.8164169788
65979597.7479989380 452341.0233414173
65697513.3874566033 429627.3651845455
65954678.6823576689 451149.3397324085
66200330.4252603576 464445.4472763538
66058490.5955757573 457621.8923447132
66194962.4900047630 464327.8270370960
65842430.6551141962 442753.4794994593
66071355.7468331531 457989.1240341663
65692145.4522010088 429509.8743398190
74322750.4971310049 545134.1137695312
65675818.7633088455 428501.3806988001
65842282.1857634261 442726.6725689173
65681186.6985644400 428618.8715435266
65633112.0569670424 421105.8408123255
73776230.6823680401 545032.2128906250
74386672.4067995846 545220.5351562500
73534979.3747151196 545013.6718750000
68252228.9703294188 542840.4072265625
69160064.3324123770 543861.2973632812
74353114.8296766579 545220.0610351562
69279733.3925692588 544043.7631835938
73400451.6841978580 544922.9433593750
73104129.0199786276 544839.2973632812
72579595.5868769437 544784.7573242188
73967001.0872128606 545125.3071289062
72275073.4458624870 544721.3452148438
74198182.4708855897 545132.9394531250
72330983.0129209608 544729.6225585938
70981257.2105794102 544462.0541992188
71351925.3674277961 544573.8334960938
71886176.4620406777 544686.9399414062
74460663.2562216520 545226.2675781250
73004864.2583860904 544831.1899414062
72685845.3511757851 544799.9365234375
71724044.8829626143 544654.8442382812
71815067.8345608115 544666.4633789062
68686608.8183395118 543590.7968750000
71411008.3967947662 544608.8041992188
71449992.0235642791 544621.1943359375
71854574.4261990339 544684.5864257812
71164511.8802811205 544493.0146484375
70896155.1727345437 544442.7832031250
69522857.5709895641 544083.6430664062
71009442.9426417500 544479.0136718750
69609763.5837320089 544140.7734375000
71248295.0484140366 544530.2021484375
71018843.4040114880 544484.1850585938
69585517.3009525090 544092.7978515625
72008716.5662827641 544707.2763671875
70949243.0787872374 544447.0341796875
70211824.9386353046 544282.3310546875
69191600.0553562343 543870.0952148438
70595559.2333790660 544362.5507812500
70252159.7574903965 544344.9316406250
70042613.3003055304 544262.7221679688
69676685.3207717985 544151.1875000000
69893420.9855765253 544183.1958007812
70142721.9170961976 544273.3847656250
69843686.3188497573 544156.4477539062
69978029.8844652176 544255.2749023438
69953172.3892702311 544254.2495117188
70612798.2501309216 544417.1928710938
69271941.6387483180 543898.0429687500
