270732290.7204959393 395565.8547585793
269830563.4360413551 334335.0463283757
271181672.1468846202 430232.9593066573
280794197.7336996794 733252.0454722047
270178719.5061412454 358963.4242540970
276954952.4785745144 646173.3735380769
270179189.6089686155 358968.2196642533
273913418.8726358414 556127.8011539081
269872712.2568566799 335237.5177279214
271319628.0187882781 438619.4259891609
273734925.3011572361 554552.4052407840
270448353.9124543071 375935.0509469472
270161109.0734776258 358936.2460314408
270474932.3012529016 380234.2214197703
271210112.9039936662 430850.9344043136
272126931.2867959738 481891.6318854690
273073283.9941498041 527363.3310182194
273734925.3011572361 554634.0414712528
277594892.1886457205 661277.3178601861
271052161.8337787986 423081.4363574386
287022288.0457577109 821169.6032380015
279097924.0310664177 691198.7803879380
269753843.1953936815 313266.2935599310
270290030.0261459947 371396.0615692139
270137988.1588180661 357700.7714922428
271178283.5912724733 427302.5982226729
271410121.2733697891 442477.6691236595
274215135.8631762266 562599.2847669820
280430465.2353813648 723510.7045053949
283182241.5437049270 764983.9791824818
282917537.2590915561 763402.0911209583
271445191.4988228679 446219.8939771751
272105808.2205090523 476275.7736091018
278929684.4611576200 689545.8651047349
271497974.6275712252 446743.9847974876
271962183.6447174549 469365.7211188674
270061341.8471958637 351503.6788275937
271097280.9322068095 423270.6092090011
274348432.9177385569 570014.4291665653
280448881.9528853297 725657.5085825433
271909839.9522063136 468480.7930250267
274328726.9498128295 568744.2376182178
274046283.5805179477 560647.5302407840
271291187.2616792321 438013.0299930671
294335492.3074992895 921229.3920550346
269804522.7904109955 327681.3731169204
273683486.3779174089 552811.4272134403
271909839.9522063732 468494.7500562767
273934062.4560862780 556482.9394007424
274125398.9451510310 562565.0180337528
293305836.0584639311 901420.7940641642
269822603.3259019256 327719.3140348891
286671722.9793630242 817471.5906647593
270141930.1226552725 357867.9016364316
274060383.3886981606 560882.6239907840
273038789.1819300652 527131.0014283756
273621955.3324159384 548457.9119546512
269785497.6108433008 327408.1291265850
273755578.4983165264 554814.6709001163
287042856.0249526501 821856.6248444468
276372803.4181687236 624001.7672040814
274125398.9451509714 562559.1967446903
273617023.4480769038 547327.6781900028
273414209.0796684623 540733.3943765262
273519440.6556536555 545287.2968423465
276829357.5130568743 640616.4407988191
277594892.1886457205 661280.9482312799
308470147.6315809488 1005746.9252734482
269795974.4844548702 327437.3834505776
272055771.7546601295 475682.5855054954
275169809.1388925910 593701.6563424915
277897639.4655755162 669966.9483533502
338473292.2952444553 1178389.8940429688
271670591.1816607714 454155.0263013939
277594892.1886456609 661277.1694226861
271473632.2559319139 446739.5087232689
280739371.8364408016 729989.4978403558
273797944.9312751293 554866.1416899065
274583977.6815190315 581819.2240609527
272445705.3286395669 496579.9841601253
282560918.6425495148 747159.5739700794
270619990.3904991150 387788.7736658640
278142102.8005188107 674160.8457018137
338268150.4015936852 1178173.6445312500
270350612.9009377956 373063.6372795105
269771144.3641408682 319829.1778238515
278078701.7572935224 673060.9305310845
287102789.7143640518 823370.9243439585
283439128.7934101224 770399.9126541615
277594892.1886456609 661277.1225476861
275699086.8592571616 608655.3201174140
280023510.8871360421 716841.0968393793
314236399.4473423958 1051089.6876220703
287042856.0249526501 821853.2476471812
277731511.1194316149 666363.2068982720
270904854.8285981417 404728.4595458694
324896688.6889184117 1135750.9096679688
270928829.5360906720 409293.6967895217
272385231.3470190763 496139.0081672072
272445705.3286395669 496583.1008593440
273195157.5073390007 529359.6294955611
276241183.5357903838 620214.0064618939
277596629.8365701437 663636.6169534326
269780454.5050866604 326816.8426353434
283484974.9073822498 771969.2198995352
323867392.4503353834 1128357.1159667969
272755827.7509269118 511440.6936642528
330393125.0718605518 1160588.3803710938
279317943.4995597005 696875.0286789536
269771144.3641408086 319824.5352457265
280660007.7705784440 726418.0957407465
269753188.6566166282 306333.5461300761
270406478.3779807687 374627.4415719472
325889255.0951855779 1144891.4569091797
290025812.7632114887 850759.0994790792
271204454.9751099348 430558.2516012291
272948721.7338569760 519866.7116477499
280547250.1835095286 725689.1767954340
275632192.3618571758 605451.4657511562
270592330.1162617803 383583.5578455515
270873140.5958756804 403679.8786972947
283050377.8005599976 764213.1919510365
270226455.8884406090 364113.6931312084
291731925.3840482831 881716.4861974716
274288909.3234329820 567478.3794834912
294269679.7771812081 914049.3897356987
274866811.5745028853 587883.6774103642
272593809.5827659965 503919.6065425277
272500660.9090606570 497290.6127681136
272280743.2893885374 489174.2505273223
276575825.4020965099 635549.3720732331
313600120.8472746015 1044630.8541259766
273414126.4179210067 537072.2276515970
318128124.6161509156 1083251.8689575195
317761182.1903732419 1077951.7392578125
274973975.3574050665 588194.8356286883
274646968.7131383419 582249.1834115386
274646968.7131383419 582256.8235482574
272347284.5015698671 495626.2948998809
280206899.0861411691 721928.3164438715
286912072.6486255527 819193.6178864390
328670142.4408259988 1153923.0864257812
270778733.5805107951 396649.7847031541
277516068.8669310212 657113.1343560815
330807843.1185899377 1163755.0039062500
290802640.1035664082 876303.3273832202
290409739.9643054008 872434.4016019702
294462460.7235252261 923866.7729144096
270718145.5586932302 393927.3229822703
279956718.3199070096 712223.3368191232
284149107.0874865651 780492.6944065690
279243460.6186670661 694204.5093918443
277336460.7935665846 650813.9500134587
294462460.7235252261 923876.1813616753
271782135.3623622656 460420.3105106453
271840789.2238478661 466811.4489383796
271840789.2238479257 466814.0861454109
294532332.0628097057 925545.1884417534
293828092.0922715068 907796.9716764688
282802309.3087616563 759229.2078201771
270683907.9431529045 389717.3149374314
271771327.7537807226 460107.5284061531
286330414.0431188941 801828.6692581943
270424953.8714597225 374737.0441110097
274482688.5212424397 577958.3656513700
271782135.3623623252 460425.3500614265
270801053.0264161229 401551.2739609666
274454161.3555617929 576564.1528584966
273335323.2951489091 536755.4394050349
270209229.9129592180 359415.9491378441
272883115.2813906074 516144.5113282908
282688923.9956873059 753999.1879227161
272831676.3581508398 514313.1290040720
291315964.1731746793 876582.5321981460
280781823.5598026514 730110.1538462152
279132476.4205833673 693027.1492700332
280368500.7810980082 722375.9358286371
280041927.6046398282 718970.6824106683
275475163.6164634824 600393.4437785000
316806727.4124227762 1069575.3577270508
272883115.2813906074 516057.2891603220
272883115.2813906074 516108.1983400095
283225371.9261968136 769476.3756668568
283190537.3185342550 766261.1746170521
276849562.4295216203 642955.1865263581
328152293.2439565659 1152666.8217773438
281021818.7644324899 734747.3236387034
270985700.6360640526 410283.6600956321
272883115.2813906074 516057.2691407908
275380175.1956455708 597591.6872628778
330345604.0383392572 1158405.7020263672
312073748.8859016299 1031781.9948730469
312656021.4083670974 1037414.8765869141
292983842.4383907914 886000.3681293726
324116463.2327946424 1134265.3498535156
280914090.6414845586 734286.9488844478
329620946.1627414823 1158003.9812011719
336113097.4028926492 1165656.6411132812
327016458.5881349444 1145056.1309814453
315839978.8028498888 1060632.8267211914
315446420.5723559260 1055910.3894653320
276109866.4290401340 619681.8791950950
270704350.6255337000 393713.9355661273
313405741.0434302092 1042869.5917663574
322185150.4839009643 1121530.1766357422
322158128.2083851099 1121355.5257568359
293051000.8252754211 894133.5858626366
284084348.7723764777 777856.2068424821
337603514.5499520898 1173392.0605468750
287505271.6290491223 832922.1760916114
287285185.1060117483 828834.0030722022
284632472.1350674629 786336.1391998827
336474414.7062135935 1170626.5258789062
287180496.7408134341 825827.9029745460
287852229.1642367840 834908.1078085303
290086573.4537795782 852330.8848145604
323694201.3958799839 1127983.1796875000
323877195.3113512993 1131332.0314941406
302882485.2535464764 959432.7734777927
338029768.8257033229 1175395.7001953125
338093849.7842652202 1176208.8652343750
292702418.1930356026 883380.5344551206
301158575.7701861262 958656.3669601679
300626030.9902471900 953266.3944870234
284590509.0326476097 784240.3690213561
284270089.4350824952 782849.0052518249
324484278.9978876114 1135151.4136352539
287179304.4292345047 825658.5908407569
317150823.8848721981 1074896.4984130859
337772208.1074941754 1173564.7250976562
322647140.6596785784 1123749.9125976562
335683323.8735628128 1165162.5742187500
279633424.0940560699 706758.4999050607
285212383.0266784430 787580.9881571531
329434535.4151191115 1154167.5118408203
279460944.1388677359 700684.4997771978
319382655.8839460015 1083460.9732666016
319006920.4413103461 1083341.2164306641
297717219.0088574290 943562.8050646782
319798075.3301745057 1087893.4801025391
319442972.6563529372 1084570.4727783203
290655169.3452630639 873741.3557803035
276402667.9848672152 625857.7447238564
287867278.2515638471 835908.0975398421
304720220.5281503797 967334.9267649651
319493513.5123265386 1086621.2061767578
336374026.2122498751 1168216.0354003906
295066019.1219401956 932266.8141359091
285153688.8554688096 786874.9975534035
327099370.0532771349 1149817.8385009766
337557166.8281228542 1172555.9526367188
276469068.4623458385 632654.6652450562
277472154.1124740839 654141.8992508650
276534646.3433911800 633802.8700790405
276469068.4623458982 632670.3715438843
276469068.4623458385 632641.5983505249
315342950.4064478278 1054654.5141601562
315840278.5350857377 1060685.7091064453
283704897.5906617641 775021.3529048562
289044498.0002782941 849804.1680964828
278723949.8262124062 682612.4118654132
320664737.1414152384 1104906.5860595703
278429786.6932657957 676496.8654604554
276243330.3911895752 621957.6252061874
276453042.0722145438 631008.9887810349
336264570.0798663497 1166383.2824707031
307796424.9032700658 986290.7795619965
321410660.8278213739 1113715.7622680664
301914810.0782200098 958944.2905601263
286340096.9161044955 804045.4470253140
285501497.5735102892 796580.1782875210
291691378.3972747326 877714.5194765925
285307151.7684775591 788363.5141178519
279432536.5852470398 698095.1322697399
293972056.7343494296 913974.9805560112
288263683.1493711472 844563.0728113651
288088982.6379992366 842941.0033931136
320491006.7216815948 1103575.4139404297
286926862.7934859991 819527.9388789535
276840962.5164813399 641442.9057768593
275878176.9544670582 612890.7975084195
320319044.6622411609 1099892.1739501953
320412437.5886330009 1100638.4581298828
303976030.4397194982 961431.9775623679
323117372.2245506048 1125845.1640625000
322825740.3609233499 1125143.4921875000
323227374.0735839605 1127065.6079101562
321901581.4227910042 1117802.5232543945
321802488.3473895192 1117416.7426757812
322418163.9541327357 1122217.5385742188
276037649.3783547282 615161.9510608474
276012372.7859056592 614053.3028426440
281604422.5917890072 738226.6363120934
290037107.6589680910 851815.0418703594
282057904.9552187920 745283.9855305105
281871587.7827647328 745239.2203607222
282508602.2865857482 745404.9685725828
282180596.0612011552 745362.8058602472
290336790.3056921363 860865.8710032254
306083404.3147700429 970834.9240345359
