121759.8142961667 121899.4957815702
122004.4978017374 121899.4957815702
122249.1813073082 121899.4957815702
122004.4978017374 121858.7352868375
121922.9366332138 121858.7352868375

122004.4978017374 121940.2562763029
121515.1307905960 121899.4957815702
121759.8142961667 121899.4957815702
122249.1813073082 121899.4957815702
122004.4978017374 121777.2142973720

121759.8142961667 121940.2562763029
122004.4978017374 121940.2562763029
121963.7172174756 121858.7352868375
122249.1813073082 121899.4957815702
122004.4978017374 121899.4957815702

121555.9113748577 121981.0167710356
122004.4978017374 121858.7352868375
122249.1813073082 121899.4957815702
121759.8142961667 121899.4957815702
122004.4978017374 121940.2562763029

121759.8142961667 121940.2562763029
122004.4978017374 121940.2562763029
121759.8142961667 121899.4957815702
122249.1813073082 121899.4957815702
122004.4978017374 121777.2142973720

121596.6919591195 121940.2562763029
122004.4978017374 121940.2562763029
121759.8142961667 121899.4957815702
122249.1813073082 121899.4957815702
122004.4978017374 121858.7352868375

121555.9113748577 121981.0167710356
122004.4978017374 121940.2562763029
121759.8142961667 121899.4957815702
122004.4978017374 121899.4957815702
122249.1813073082 121899.4957815702

121759.8142961667 121940.2562763029
122004.4978017374 121940.2562763029
122004.4978017374 121858.7352868375
122004.4978017374 121899.4957815702
121759.8142961667 121899.4957815702

122493.8648128789 121858.7352868375
121515.1307905960 121899.4957815702
121759.8142961667 121899.4957815702
122249.1813073082 121899.4957815702
122004.4978017374 121858.7352868375

121719.0337119049 122021.7772657683
122249.1813073082 121817.9747921047
122004.4978017374 121817.9747921047
121759.8142961667 121899.4957815702
122004.4978017374 121940.2562763029

121719.0337119049 121940.2562763029
122004.4978017374 121940.2562763029
122045.2783859992 121858.7352868375
122004.4978017374 121858.7352868375
121759.8142961667 121899.4957815702

121719.0337119049 121940.2562763029
122004.4978017374 121940.2562763029
121759.8142961667 121899.4957815702
122249.1813073082 121899.4957815702
122004.4978017374 121777.2142973720

122004.4978017374 121940.2562763029
121759.8142961667 121899.4957815702
122004.4978017374 121899.4957815702
121922.9366332138 121858.7352868375
122004.4978017374 121858.7352868375

121882.1560489520 121858.7352868375
121759.8142961667 121899.4957815702
122004.4978017374 121899.4957815702
121922.9366332138 121858.7352868375
122004.4978017374 121858.7352868375

121596.6919591195 122021.7772657683
122004.4978017374 121858.7352868375
122249.1813073082 121899.4957815702
121759.8142961667 121899.4957815702
122004.4978017374 121940.2562763029

122004.4978017374 121858.7352868375
122004.4978017374 121899.4957815702
121759.8142961667 121899.4957815702
122126.8395545228 121940.2562763029
121759.8142961667 121940.2562763029

121759.8142961667 121940.2562763029
121759.8142961667 121899.4957815702
122004.4978017374 121899.4957815702
122004.4978017374 121858.7352868375
121922.9366332138 121858.7352868375

121759.8142961667 121940.2562763029
121759.8142961667 121899.4957815702
122004.4978017374 121899.4957815702
122004.4978017374 121858.7352868375
122167.6201387846 121899.4957815702

121719.0337119049 121981.0167710356
121678.2531276431 121817.9747921047
121963.7172174756 121858.7352868375
122249.1813073082 121899.4957815702
122004.4978017374 121940.2562763029

121759.8142961667 121940.2562763029
122004.4978017374 121940.2562763029
121759.8142961667 121899.4957815702
122004.4978017374 121858.7352868375
122045.2783859992 121858.7352868375

121719.0337119049 121981.0167710356
122004.4978017374 121940.2562763029
122004.4978017374 121858.7352868375
122249.1813073082 121899.4957815702
121759.8142961667 121899.4957815702

121759.8142961667 121899.4957815702
122004.4978017374 121899.4957815702
121922.9366332138 121858.7352868375
121963.7172174756 121858.7352868375
122004.4978017374 121940.2562763029

121719.0337119049 121981.0167710356
122004.4978017374 121940.2562763029
122249.1813073082 121817.9747921047
122004.4978017374 121817.9747921047
121759.8142961667 121899.4957815702

121759.8142961667 121940.2562763029
121759.8142961667 121899.4957815702
122004.4978017374 121899.4957815702
122126.8395545228 121899.4957815702
122004.4978017374 121940.2562763029

122004.4978017374 121940.2562763029
121759.8142961667 121940.2562763029
122004.4978017374 121899.4957815702
121882.1560489520 121858.7352868375
121963.7172174756 121858.7352868375

121922.9366332138 121858.7352868375
121759.8142961667 121899.4957815702
122004.4978017374 121899.4957815702
121963.7172174756 121858.7352868375
122004.4978017374 121858.7352868375

121759.8142961667 121940.2562763029
122004.4978017374 121940.2562763029
121759.8142961667 121899.4957815702
122004.4978017374 121899.4957815702
122045.2783859992 121899.4957815702

121515.1307905960 121899.4957815702
121759.8142961667 121899.4957815702
122004.4978017374 121899.4957815702
122249.1813073082 121899.4957815702
122004.4978017374 121858.7352868375

121759.8142961667 121940.2562763029
122004.4978017374 121940.2562763029
121759.8142961667 121899.4957815702
122167.6201387846 121899.4957815702
122004.4978017374 121858.7352868375

122004.4978017374 121940.2562763029
121515.1307905960 121899.4957815702
121759.8142961667 121899.4957815702
122249.1813073082 121899.4957815702
122004.4978017374 121736.4538026393

121719.0337119049 121940.2562763029
122004.4978017374 121940.2562763029
121759.8142961667 121899.4957815702
122004.4978017374 121858.7352868375
122249.1813073082 121899.4957815702

122004.4978017374 121940.2562763029
121759.8142961667 121899.4957815702
121759.8142961667 121940.2562763029
122249.1813073082 121899.4957815702
122004.4978017374 121858.7352868375

121759.8142961667 121940.2562763029
121759.8142961667 121899.4957815702
122004.4978017374 121899.4957815702
122208.4007230464 121858.7352868375
122004.4978017374 121858.7352868375

122004.4978017374 121940.2562763029
121515.1307905960 121899.4957815702
121759.8142961667 121899.4957815702
122004.4978017374 121858.7352868375
122249.1813073082 121899.4957815702

122004.4978017374 121940.2562763029
121759.8142961667 121899.4957815702
122004.4978017374 121899.4957815702
122249.1813073082 121899.4957815702
122004.4978017374 121858.7352868375

121759.8142961667 121981.0167710356
122004.4978017374 121940.2562763029
121759.8142961667 121899.4957815702
122004.4978017374 121858.7352868375
122249.1813073082 121899.4957815702

121759.8142961667 121899.4957815702
122004.4978017374 121899.4957815702
122249.1813073082 121899.4957815702
121759.8142961667 121940.2562763029
122004.4978017374 121858.7352868375

121515.1307905960 121899.4957815702
121759.8142961667 121899.4957815702
122249.1813073082 121817.9747921047
122004.4978017374 121817.9747921047
122004.4978017374 121940.2562763029

121719.0337119049 121940.2562763029
122004.4978017374 121940.2562763029
121759.8142961667 121899.4957815702
122004.4978017374 121817.9747921047
122249.1813073082 121817.9747921047

121759.8142961667 121981.0167710356
121759.8142961667 121899.4957815702
122004.4978017374 121940.2562763029
122004.4978017374 121817.9747921047
122249.1813073082 121817.9747921047

121759.8142961667 121981.0167710356
121759.8142961667 121736.4538026393
122249.1813073082 121899.4957815702
122004.4978017374 121899.4957815702
121515.1307905960 121899.4957815702

122126.8395545228 121899.4957815702
122004.4978017374 121899.4957815702
121759.8142961667 121899.4957815702
122004.4978017374 121940.2562763029
121719.0337119049 121940.2562763029

121759.8142961667 121899.4957815702
122004.4978017374 121899.4957815702
122249.1813073082 121899.4957815702
121963.7172174756 121858.7352868375
122004.4978017374 121940.2562763029

121759.8142961667 122021.7772657683
121515.1307905960 121899.4957815702
121759.8142961667 121736.4538026393
122004.4978017374 121899.4957815702
122249.1813073082 121899.4957815702

121963.7172174756 121858.7352868375
121515.1307905960 121899.4957815702
121759.8142961667 121899.4957815702
122249.1813073082 121899.4957815702
122004.4978017374 121899.4957815702

