30039934.5873064250 1514738.9072265625
30285073.2719802484 1539560.8212890625
29678791.7235660702 1444891.8505859375
29811933.9758169167 1477807.0146484375
29965425.3772858270 1505362.9619140625
29558601.0324571766 1385211.0224609375
29893086.6806063466 1497504.7958984375
30280600.8820486963 1539069.7705078125
29823012.2041920424 1481357.5458984375
29832981.3249577135 1482602.1552734375
29606249.8412393890 1411367.6142578125
30438568.4188878424 1547714.0126953125
29886261.9371367097 1494097.7841796875
29768968.2651390024 1473293.3154296875
29796890.7718643248 1476784.9501953125
29795703.3220931701 1473871.7529296875
30083721.1833113767 1522450.8974609375
30014078.4188572764 1513925.4912109375
30504758.2167643309 1554633.1298828125
29661967.2270888500 1433659.3408203125
30067974.2106864490 1520860.5361328125
30147190.4108367004 1530994.6044921875
29708038.3848929890 1445512.9033203125
29597455.8890124857 1409176.8076171875
29618885.0206434131 1414457.6552734375
29730796.2817145996 1460354.5146484375
30045848.9179946929 1517989.0927734375
29949004.3768526129 1501187.3837890625
29697596.5635671616 1445084.4130859375
29673260.6433232389 1437670.9287109375
30101163.2711727396 1525205.2607421875
29619499.6222457588 1430178.6650390625
29850530.5747435577 1493996.6396484375
30204220.1326544173 1536533.1572265625
29586767.3556183912 1394752.4443359375
30143446.6465510093 1527526.2314453125
30337472.9791060276 1543566.0361328125
30302741.2937633619 1539733.6298828125
30860238.6196699739 1567250.5048828125
29579877.1776664779 1391873.9970703125
29613834.1040734351 1413456.6806640625
30006525.7080701217 1508717.9072265625
29596476.6188135892 1405383.8935546875
30546900.2024716996 1555290.2197265625
29726312.5384182781 1458837.8759765625
29809537.4971457347 1477741.7490234375
30702915.6614852995 1557778.0205078125
30341374.3681521118 1544426.4189453125
29993837.5430497117 1508101.5478515625
29591293.5066014118 1396038.4619140625
29846443.9581260122 1491198.8623046875
30137092.0977233276 1527273.1416015625
30751249.4113102816 1564668.6884765625
29805932.2464876622 1477338.6005859375
29594444.9205777124 1398015.5068359375
31025413.2822455615 1568503.2705078125
30460126.8484119251 1547858.9462890625
29844117.5315828361 1487897.1474609375
29917536.3164279871 1499802.0810546875
31031148.8231309466 1575532.4892578125
30908009.5134952590 1568215.9189453125
30330960.3776727021 1543180.0361328125
30752588.4664346389 1565496.9306640625
29674680.8800788634 1440309.9365234375
29578938.9000391737 1390351.2900390625
29804242.7999160737 1476889.2060546875
29669496.7056118846 1436464.7763671875
29574319.6133394055 1388516.5048828125
29948662.0869289376 1500344.3837890625
29725061.7881393991 1447633.6943359375
