29620362.2805633284 4357.7503893934
29784015.3251188509 4657.9984289408
29604652.5242411420 4343.8282700330
29641735.4926998205 4452.9098241329
30104260.4156730361 4928.4442224503
29648939.2219172940 4462.5028093159
30133681.9198657423 4993.5759373903
29666126.0284498930 4475.4921185970
30195492.8125633597 5017.4231119156
29896259.8219898306 4796.8059609868
30446800.7015720233 5199.4654455185
30349953.6055730507 5115.4122056961
29770736.7673464641 4600.7026015669
29741788.2041232139 4588.6518824100
30292311.9119695239 5103.2415313721
29914942.6287354976 4811.7929911613
30034242.5452217944 4908.0169053078
30169122.8228779994 5013.6303625107
30203115.4427424371 5020.9965591431
29738735.9091915078 4587.3022386283
29644607.5740762055 4462.2558887005
30074784.5859287642 4926.5809125900
30214318.5128716826 5024.7151927948
30157565.7821207456 5008.8258848190
30141956.9545683190 4997.1493846178
30022248.6860447675 4902.4049389362
30018845.2024340481 4902.1255478859
29543308.2527625188 4113.9210003763
30142305.8920013942 5003.4872579575
30328613.9303225689 5109.9502544403
30007982.2113710307 4900.7936995029
30469386.2789844982 5204.2699232101
30181214.8558598347 5017.2765941620
30560632.5172584169 5213.3204803467
29802799.7733270340 4682.6899503209
29993894.6220601201 4897.0663120747
30128484.5624077544 4933.7761459351
30298183.4211724252 5106.3040227890
29842991.1398364045 4705.8834569454
29812503.9427487142 4693.3299872875
29732134.4137312248 4585.6165008992
30198454.1471777745 5020.7705535889
30253419.9769571871 5030.2731218338
29988488.9506931156 4885.2093706131
30282895.8067014590 5032.1364316940
30033041.3951641805 4904.1882843971
30512918.3045181818 5209.6018466949
30320415.7587501742 5109.8542766571
30165954.9657404833 5011.8651828766
30370720.2929649241 5119.1308393478
29547643.0167020746 4114.1603846923
29960271.7963852957 4815.7234172821
29829722.2597691491 4702.3328471184
29635431.7929533646 4439.0781408548
29786571.9860924631 4681.3087203205
30148177.4012042955 5006.5497493744
29590096.1638089344 4329.6144666672
29850186.8575488552 4709.4569041729
30174230.0004430600 5015.4386301041
30151345.2583418116 5008.3149290085
29664350.3324810937 4462.6353528500
30410677.3877299689 5122.8500843048
29614774.2827360556 4354.0043365955
29560533.0060374327 4241.6615266614
30428454.9522661567 5124.5920705795
29902447.9281102195 4797.4743418694
30060279.6644510962 4917.4988927841
29815647.2932044528 4695.6209986210
29583387.3254208714 4253.7322556488
29832297.6893364079 4704.2282784916
29821683.3616977520 4700.6995755583
30139139.9144001044 4996.8205854893
29969084.2348564416 4821.0224976540
29641407.9743339419 4451.9039450884
29803762.9894018210 4683.4959235936
29724026.6069700718 4583.2036825661
30135972.0572625883 4995.0554058552
30038319.4462761693 4913.6069955826
29581604.5823726207 4243.3963409662
30290432.8502722792 5093.0444996357
29715967.6151746958 4571.0897634178
29914699.2430983521 4799.9851207733
29591931.7869201899 4341.5465442948
29584884.3638080768 4253.7959967852
30164839.7543334328 5009.8309097290
29783311.8570870273 4656.7856147289
29849060.2528990731 4706.2081406116
29554608.2351115867 4211.5777153969
29748773.0595399886 4590.7900743484
29742236.8444791511 4590.4624655247
29592259.3052860685 4342.1461905576
30027443.0222147182 4903.9110647440
29809255.3989677206 4692.5624270439
30007371.1683415361 4899.8126502037
30645472.4889351428 5220.6206207275
30033386.3907754198 4906.9700984955
29709452.7680057883 4562.3699681759
29807051.9368640408 4690.9963626862
29934872.1289467774 4815.4392228127
30165450.7571379654 5010.1231966019
29913904.2144066244 4798.7858231068
30605655.9107048884 5218.7817115784
29709051.0818498172 4489.6375616938
30049645.3711551502 4917.1804428101
29885897.1131856367 4794.9050761014
30671071.1530846320 5298.4595642090
29877128.7456846572 4778.9215332568
29818908.3433726728 4696.9159823209
29877477.6831177324 4787.2202768326
30340765.1571238637 5111.6922407150
29712572.6744524464 4563.8869876862
29929836.8697372414 4812.3919572830
29577727.3222369775 4242.3637051582
29608366.6488410346 4351.6379163601
29576035.6573053673 4242.0566358566
29723572.4897164665 4572.0954968929
29778055.2920233533 4600.7385499477
29729944.4694704004 4584.0272464752
29765883.6724427640 4598.9143407345
29583020.5127221420 4244.1834480762
29779345.4713091552 4602.1738052368
29697227.4760773815 4481.8863022327
29734687.6761678047 4586.9030636400
29679087.0595883019 4481.0023214817
29701104.7362130247 4483.8663616180
