29712519.2247632071 4235.4461100623
30101759.3409178481 4820.6795227528
29719558.2656943128 4367.1521263719
30148727.0786111057 4824.4742624760
30198755.2955217026 4918.7182941437
30350273.4259428270 5020.9037399292
30046912.1537693329 4793.4283180237
30166625.8478266969 4904.2486727238
30034644.9384363741 4789.3047287166
30174900.8825292699 4906.5255942345
30228526.1535535902 4931.9147005081
30271904.3275915571 4937.3192720413
30239336.9811433218 4933.7365369797
30323709.2558356933 5015.2126245499
29838537.5313555002 4564.4195292667
30003018.2824171409 4703.6285026073
29902395.0212917402 4591.4512958527
30173678.9664050788 4904.3971900940
30022484.0504163243 4706.2305490971
29983350.4850609265 4691.5097104758
30398871.5975391306 5030.1791563034
30189268.4129284509 4910.3744034767
30261093.5000018179 4935.4974355698
30867238.7002140246 5220.5528507233
29791298.6797248274 4479.9309432507
30165674.1683645546 4902.7260944843
30517698.6884634942 5115.3193864822
29900677.8290529251 4588.3134455681
30153468.8244228475 4886.8010265827
29911190.5145687200 4658.0873354375
29657858.2845143229 4135.6410917845
30161995.2376419604 4900.6483194828
30165181.7859116718 4900.9737093449
30636989.4385379069 5201.9355373383
29938275.1025251858 4684.8374724388
30259707.6878836043 4935.4769659042
30421879.0648368113 5033.8432989120
30321437.3974742219 5011.6477375031
30041053.9245211743 4792.3853800297
30996819.0974886231 5280.6028900146
30478695.3911542967 5109.6282711029
29990524.0553457439 4695.1116504669
30097621.1131859981 4817.3418352604
30624503.4786512144 5120.9268436432
30906529.5712383650 5227.5090599060
29869258.7208414450 4578.2138103247
30087491.6507486068 4813.6453516483
29639828.8252100833 4126.4591132626
30344079.9625759758 5016.9530534744
29993435.1772269942 4696.7186303139
29782585.3292433880 4447.4926983267
29696388.9731102139 4233.8006195500
30948752.4108891822 5256.2976684570
30828433.7572106011 5215.2534523010
29678815.3212184124 4230.9759960845
29947686.9729268253 4688.3414013386
29717911.9142685421 4244.0358434469
30043995.8421616778 4793.2426571846
30033866.3797242865 4706.2482495308
30997574.4649760723 5298.4595642090
30919803.4250866957 5229.0982551575
30796038.9750511348 5213.3204803467
30954124.3059990183 5261.7276763916
30022195.8597100116 4705.6505124569
30765433.0142073222 5207.8927268982
30069132.2464706711 4799.1568357944
29775323.2354578711 4370.1593916416
30967254.8559464887 5261.7403182983
30629340.6611272544 5121.0146999359
30609448.9910530299 5115.4990901947
