86015768.5123659670 335854.4583926424
86909476.5840551704 387489.0225830078
85372175.6370196640 272404.2664723620
86285952.2698915899 353360.0691604614
86015768.5123659819 335854.4586391822
86103163.6058017313 340842.5289783478
85986487.8733489215 333158.4492282867
86015768.5123659968 336107.7601504549
86374128.1982445419 360259.1758193970
85954762.2646304965 330904.7827243805
86001081.6691571176 334200.9194240570
86208622.4898605198 350599.9985733032
86462191.0118157417 364825.8120937347
86807830.6192633957 382692.6133174896
86589508.7503325045 371451.2434291840
86425331.7677770108 361818.1025772095
85286840.0118924528 263565.6362871062
85801514.1417329609 317880.8910117373
85493758.3140018880 287460.8416085467
86438634.0115562528 363440.9475631714
85395663.3379855752 275850.7317147478
87149905.8646423370 397903.9494628906
86032940.8620526195 337016.6846179962
87119436.1680064946 397128.4645996094
86208622.4898605496 350660.5576553345
86389456.1356005073 360453.8003749847
89511731.3959545195 401937.7590332031
85525617.5068974197 290288.3270173296
85440148.2975931019 280807.8413061034
85632456.9423626810 302607.5053333174
86755371.1376483291 379712.5390987396
85686066.9587714672 309192.4690146670
85408422.6888747066 278611.7729467284
86956847.3007259220 389759.1695556641
85679023.7886070907 307135.5661826357
86767519.2687096447 380485.5098018646
90641068.9778162390 402262.6145019531
85632456.9423626959 302657.4909442794
85003029.0802927017 207443.1241369164
85097838.6613431424 235046.1595237870
85267790.7992281318 258604.2419364452
85045431.0213066489 226855.7980938209
85333406.8581368625 268117.5345387682
88609272.1578884721 401182.8713378906
85386307.0067933649 274175.5664172173
85028383.8483652174 220915.3810633579
86374128.1982445419 360388.1968154907
88860177.4494910985 401471.5163574219
86470359.6202746630 365633.5232467651
89422016.7451116443 401932.1140136719
85259763.5551324338 258052.9599962775
85023857.9178363532 215773.8081727205
85024191.9370784312 216096.2837412180
85340450.0283012390 270150.5999684557
85023857.9178363532 215806.1184809031
85267790.7992281318 258553.2008521557
88619151.6104176641 401196.5754394531
85097838.6613431424 235117.1019065995
88351408.5532848686 400870.0568847656
85018839.0928286761 213933.6837072289
85327504.9413149059 266392.4339829683
85155406.1101917028 242779.3280933518
85045994.3874178678 226892.4084453834
85322252.5442035645 266351.5098725557
85144668.8067465574 242341.4156893436
85181450.3516390920 243498.7494787890
88416614.0495342910 401076.0524902344
85234086.2350741178 251185.4005141258
85257616.8618941903 257988.5872377530
85103452.5519013107 235797.3630041797
85286840.0118924677 263626.7993730437
88860177.4494911283 401670.6755371094
85087664.7240092009 234520.4359292500
85023857.9178363532 215806.0532899080
85008513.9866264910 207971.8130000373
85962543.9032455832 330916.8916308880
85008513.9866264910 208040.5782092353
87764880.4261858165 399895.2614746094
85218093.2185410708 250353.9901295984
85217964.0921104103 250015.3143483484
85218093.2185410708 250412.4808522547
85962543.9032455385 330916.8621737957
87826298.2693549693 400185.6413574219
85209479.9102139026 249935.0054500718
85566552.9150928259 295490.6578164101
86148388.0450141132 345705.1066150665
86116662.4362956882 343542.6603260040
86116662.4362956882 343451.4401111603
86397624.7440594435 361161.5237350464
86353394.3253479302 359786.0698623657
86047494.1210843921 338108.1248965487
85203995.0038801134 249422.5396680348
85517262.4977977425 288565.3920873534
85144668.8067465425 242253.6044988148
88375660.6798692495 400942.5910644531
85679023.7886070907 307067.5295615420
85045431.0213066339 226821.4660625709
85144668.8067465574 242324.5468816273
86124900.9156174809 344275.4167823792
85428980.8467824161 280517.6851359606
86124900.9156174660 344165.2430801392
85403170.2917633653 278595.0742162596
85123882.9027905464 235842.5934767444
85314620.9446315169 265721.7558073178
86105537.1162967533 341282.3257961273
85138138.7159838825 238454.6939369440
85320105.8509653211 266337.4105060101
85769788.5330145359 315627.2245078310
86081811.3396267593 340570.9862804413
86156626.5243358910 346418.9095840454
86064666.4707710445 339270.3511219025
85408655.1980971396 279119.6717143059
85403170.2917633653 278554.1748021971
86053077.6346817315 338302.2515773773
85769788.5330145657 315706.9813437685
85755136.6667191833 314907.9868129492
86177360.3972325474 347145.3172988892
86084803.2434001565 340793.4351711273
85440380.8068155944 281487.9019637108
90029165.0020470768 402131.2731933594
85923808.4588011056 328533.9638228640
85684508.6949408650 307633.8588260412
86240348.0985789597 352853.6650772095
86240348.0985789597 353106.9668350220
85723277.4738236815 312126.7111896276
85860223.6571871638 323384.7752890810
85969356.0604386777 331958.7162990570
85808227.6916625500 319261.5161643252
85563282.2237839103 295150.3557687029
86105907.8372177631 343262.0374526978
85985654.2487650365 332477.1551837921
86655860.9202542007 375460.0931568146
85838858.2409622967 321342.7423061132
85806999.0480667353 318447.2202762365
85590939.7815033197 296713.7527915239
85401148.2443193495 276417.0323728323
86694096.0319671929 376396.9427661896
87380373.2473924458 399372.6169433594
85878822.3290024996 324735.4084384441
85402706.5081499219 277883.7685380206
85847096.7202840745 322481.7419345379
87380373.2473924756 399426.7971191406
85923808.4588011503 328578.9389205202
87589436.2600717247 399683.1613769531
85343844.0946297944 271359.9679426085
85923808.4588011503 328578.4608931765
85786862.2754376531 317161.6836017370
85184968.8613872826 245657.8406692669
85343844.0946297944 271352.7086652648
85549467.6669780016 293882.4121985659
85840086.8845580518 322099.2083296999
85691551.8651052713 309838.5551151037
85067864.9335640073 228839.8895702977
85184968.8613872975 245694.6258369610
85531102.4132312238 290854.6562818289
85866641.4077958763 324457.5185260773
85847096.7202840745 322228.4401767254
86141199.1039438546 344846.8889961243
85755136.6667191982 314976.0234340429
85504314.8646119535 288315.7675118670
85343844.0946297944 271298.8048566710
85375569.7033482194 273552.4713605773
85755136.6667192280 314988.7246059179
85878822.3290024698 324482.1066806316
85531556.6150655001 292896.6892647967
85554413.1219311953 294653.0639595985
85775273.4393483400 316193.5537723303
85478074.1622273624 286704.8472646475
85176895.7055830956 243220.8491554875
85744011.3467202783 312738.8724979162
85898367.0165143013 326790.9418659210
85786862.2754376233 317161.6533168554
85228267.1558750123 250919.3714363119
85716234.3036593050 309887.5253299475
85291761.5521150529 264131.1331992149
85250091.2155236900 256432.1633325359
87098702.2951098382 396345.0227050781
88633524.2844728380 401242.2663574219
85349329.0009635985 271864.3017687798
85381054.6096820235 274117.9682726860
85349329.0009635985 271904.6986193657
89099290.8787879944 401721.0124511719
85067864.9335640073 228808.5775585789
85125432.3824125528 236541.7461281437
85723277.4738236666 312012.4647830725
85067864.9335640073 228878.9499798436
85499243.2203356773 287959.1342519522
85125432.3824125528 236601.2129250187
85691551.8651052415 309758.7982791662
85691551.8651052713 309799.6976932287
88826391.5788879991 401435.2199707031
85930226.2094098032 329606.7070598602
88293877.9861696512 400828.5939941406
87764880.4261858463 399994.7766113281
85243911.6259109676 256364.6747990847
85269937.4924663454 258618.3413029909
85607790.6291175187 300672.5545840487
86776323.7558063567 380917.5897827148
85254965.2373007536 256490.5429300070
86613632.5675642341 373187.6692867279
86641821.5622069389 373984.4159297943
85645001.1441697180 303492.5551055670
86510670.9708284140 367840.6267623901
88633524.2844728380 401395.7346191406
85676860.3370652497 306388.0485271215
86863974.1475955248 384692.1610260010
85606232.3652869165 299113.9205402136
86178642.7134329379 348082.9765815735
85454989.5351190865 283014.1990304217
87152406.9801294059 398500.9348144531
85655983.5700829476 305210.9587711096
85493758.3140018880 287392.8049874529
85388762.5935214013 274680.4689277411
87058390.9445561022 394137.9191894531
85645001.1441697180 303560.5631183386
85451841.6079571098 282931.1142324209
85467517.6116172820 285705.9901154041
87034657.1018494368 392754.6706542969
85553949.3383177519 293983.4900478125
85585674.9470361620 296237.1565517187
85597599.5317911655 298464.5064777136
85026217.8394213766 219709.5499326149
86871965.9136072695 384881.7787017822
87603608.6665341109 399770.2575683594
86186634.4794446826 348146.5645179749
86325178.5777051747 357873.1147842407
86876324.0870451480 385078.2957916260
85553949.3383177668 294037.5452235937
87091220.4203636944 395212.0490722656
86840801.4313862473 384111.6992549896
86325178.5777051747 357857.1391983032
86968981.9189905971 390172.0238189697
86890100.9147863090 385879.2398681641
86543641.7829513103 369320.8035202026
86723051.5531062931 377989.8423213959
85467517.6116172969 285785.2245839834
86706332.9711934477 376989.6331958771
87131673.1072327644 397762.1437988281
86564375.6558479220 369986.1204147339
86727409.7265442014 378149.3488292694
86543641.7829512954 369259.7126998901
85645001.1441697478 303572.2833331823
87197108.0145050585 398923.8991699219
85613275.5354512930 301306.8966144323
86989715.7918872088 390952.6117095947
85467517.6116172522 285705.4677480459
86820067.5584896356 383385.2915401459
86968981.9189905971 390221.2242126465
86507812.3373336792 367145.8870162964
86186634.4794447273 348207.8696479797
86871965.9136072695 384918.8187408447
87091220.4203636646 395157.8688964844
88807680.8111405969 401416.7409667969
85613275.5354513228 301334.2967628241
85499243.2203356922 287959.1628602743
86727409.7265441567 378149.3193721771
86876324.0870451331 385041.2557525635
88545801.9671654552 401098.5886230469
86743785.4260029942 378763.3179073334
88402205.5338118970 400967.2473144531
86503189.0960822254 366704.4968795776
88402205.5338118970 401006.0358886719
86345912.4506017268 358773.9961318970
86738813.0853584856 378256.1657257080
85026217.8394213617 219618.0260068337
87070486.5474670678 394573.7053222656
86876324.0870451331 384987.0755767822
86601604.3532434404 371935.6501674652
87686233.8470503837 399894.5451660156
86289349.1320875436 355949.6782608032
86310083.0049841553 356282.8125381470
87233531.1058774292 399074.4445800781
86646462.0433717668 374258.6429195404
87233531.1058774292 399226.3010253906
86190866.6076389104 348454.1658706665
86186634.4794446826 348146.4272651672
86482455.2231855989 366215.6062545776
86503189.0960822999 366767.5403366089
86289349.1320874989 355793.9219131470
86482455.2231855989 366069.3093795776
86345912.4506017268 358536.4790420532
86738813.0853585154 378303.2335968018
87233531.1058774292 398934.6037597656
87233531.1058774441 399310.8479003906
86289349.1320874840 355556.4048233032
86646462.0433718264 374258.6723766327
86432622.0793770254 363110.5508632660
86325178.5777051151 357810.0713272095
86446625.7775679827 363864.2634811401
87034657.1018494219 392368.6594238281
86646462.0433718264 374296.0462398529
86871965.9136072695 384827.5985260010
86446625.7775679827 364101.7805709839
87394745.9214476347 399614.1433105469
88208871.1074491590 400341.8732910156
88250004.0787904114 400420.8908691406
88262752.0750458091 400750.6198730469
87787753.6530418545 400146.0603027344
88067840.1200452596 400316.4167480469
88216649.9118665159 400375.0217285156
