30468619.7857261598 662207.1704101562
30259758.3824199662 649083.9367675781
30118455.6771430410 632264.7656250000
30137053.4215934128 633205.0317382812
30276956.4712007307 650284.6540527344
29977864.8647264279 601753.1282958984
30324812.0449791029 652363.2629394531
30347096.3469278328 656120.4011230469
30674478.8349778019 677016.7719726562
30288367.5313701220 651154.7070312500
30208347.6100961715 646591.3032226562
30091775.6288185753 631134.2614746094
30040768.9964361675 621290.3540039062
30206746.4986458197 641246.4372558594
30646690.2587713599 676614.5151367188
30598797.1749057248 670314.2832031250
30051175.0751046017 626935.5316162109
30017308.3424991556 620546.6855468750
30812339.4657749347 678809.3115234375
30637652.7270520069 674946.0017089844
30149451.4566255994 637955.9516601562
30153910.2261708565 640037.9028320312
30142766.8381071277 636464.6295166016
30745853.7965019979 678489.6772460938
30518061.6288245916 667909.5373535156
30812868.7802578025 684789.9091796875
30492949.0186566189 666770.6076660156
29979498.5993859768 610702.7780761719
30452557.2689594366 661337.1174316406
30309857.0517832860 651493.2099609375
29995050.6827405654 612773.5483398438
30241248.1906787269 647799.8591308594
30681129.0223298557 677753.4448242188
30544546.6900646389 669980.3076171875
30626585.7511121668 670716.5400390625
30645845.4038703777 675808.2160644531
30400738.9493175820 660136.4001464844
30526254.3056429625 668771.7517089844
30482778.0103651136 665964.3085937500
30364294.4357086010 658927.8442382812
