252127021.6476951540 30392.4147827303
252307681.8614919782 35568.6296541182
252194655.1650511324 32828.1077750599
252293370.0736634433 35484.8325533926
252326477.1478867829 36381.5033635482
252218967.6885702908 33613.7640092535
252282902.7211319804 34773.0458607733
253415869.7493438125 50924.5887309969
252607386.3659244478 41738.0046196621
252237380.7858008146 33844.8149863057
252252004.9141851366 34455.5877502126
252270487.8600242138 34734.1858086683
252618398.9494467080 41746.0876885098
253270576.6578252912 49137.8039234322
304899073.6708286405 119958.8361206055
252260332.8480485976 34593.0451893866
252439468.4723668993 38905.2506677773
252439468.4723668993 38869.3829309609
252393643.4214584231 38002.6380397942
252702354.0795396566 43092.5276644253
252260332.8480484784 34557.1774525702
252414982.2220976651 38182.2663356647
252356813.5953244865 37112.5450505879
252218967.6885702908 33613.2702958746
252378152.3959637284 37291.9324406966
252385876.8471041918 37444.5379421100
252315939.9467467964 35664.8332247793
252547396.8596684039 40683.0067005795
253701368.6124654710 52909.0842140992
253531563.9826083481 51970.4357828186
252363306.9740207195 37220.8668605670
252518695.3382161260 40116.2658253353
252584816.4928409457 41558.0039482754
252506603.3570655286 39952.4357166928
252194655.1650511920 32877.5776847278
252237380.7858008146 33894.5258017353
252535708.7320590317 40677.2072010678
252414982.2220976651 38140.5990993365
252641558.1911483705 42211.2372038387
253471160.7155925035 51722.1227222863
252428305.2756924331 38347.8267299798
252491143.7204437554 39817.1802332070
253099265.4965144098 47400.4834383964
253415869.7493438125 50942.9197437228
252484033.4839821160 39771.3180409115
253701368.6124654412 52890.7056130250
252474130.3266008198 39262.9469873574
304994528.0924767256 119962.7537231445
252293370.0736633241 35448.9648165762
252326477.1478867233 36330.5329655990
252344511.6876260042 36458.9635490862
282790983.2611969113 95020.7452402338
252164219.8218888044 31882.6089973230
252570370.5862929821 41028.1953907650
253227267.7120763958 49078.0740166069
252123384.5045846403 30311.1125744361
252363306.9740207791 37270.3367702350
252321135.9239883125 36077.1053513507
255685589.3765500188 60432.2044615932
252217607.2272988558 33576.3379781408
252142238.9238739014 30520.5405153310
252171836.3609601259 32031.7663502967
252167856.9649993479 31979.7013667499
252252004.9141851366 34505.2985656423
252462038.3454503119 39092.5513269570
252196015.6263226569 32909.9077685749
252196015.6263226569 32910.2109912311
252217225.0381346047 33095.4492667591
252252004.9141852260 34506.5581481619
283425970.9606540799 95505.9077069759
283637522.4170978665 95544.5761640072
253865400.2834339440 53819.7865740140
252667167.2591703832 42602.0424769339
254281733.3630321324 54757.1929991026
252147388.5016823709 31181.0668213045
252142390.8973003924 31052.8416336555
252194655.1650511324 32871.7781852161
300873097.4683290720 115075.0946238041
300316985.1127440333 113808.5463733673
287961746.3876909614 100933.8424550906
300349029.0899053812 114073.7485218048
279041891.8228593469 90318.3361874372
252171836.3609601557 32082.7367482459
252164219.8218888044 31890.4116706628
255617985.8158057332 60332.9596495815
252218967.6885702908 33607.4707963628
252143751.3585718274 31091.7771252174
252151367.8976431191 31283.0954278981
252123384.5045845807 30303.1250866432
252129640.5823844373 30470.8604368245
252171836.3609601259 32075.4367604529
304090823.3122630119 119543.4493408203
296454178.2710946798 110537.5118781580
252123384.5045845807 30309.1654919166
252150007.4363717139 31251.7098020589
253164745.7175402343 48157.3288617511
267165384.3533696532 73614.0104905609
304619148.4357808232 119837.4511718750
292887444.7137047648 107906.8501625061
255227007.6394618750 59397.9141474161
253460725.2837929130 51259.0983696599
253368180.8372484148 50249.8694047616
253368180.8372483850 50231.5383920358
271703059.3517282009 80490.9266569204
264880553.3318079412 71368.0111023485
252108904.1594895720 29633.2995330965
252108904.1594895720 29625.8276703035
253824672.5282257497 53697.0732082580
304412434.9114936590 119738.6171875000
253213644.8653120399 48788.7291762982
252131001.0436559021 30501.7523492848
252702354.0795396566 43092.2748568081
253739847.3847687840 53095.6365978350
304323392.1082520485 119725.1441040039
252619478.3470748961 41908.9921379727
297412567.2557833791 110887.6153283473
255262141.4937602282 59854.6740303431
252656285.5136962831 42418.8748438772
257262670.4026347399 64117.6448987582
257184926.5018551946 64117.5732563547
252762134.9727856219 43905.4381108083
252462038.3454503119 39085.2513391640
256293162.8012003899 62712.7280707546
253213644.8653120697 48788.7767646466
301983496.5928434730 116017.3639615178
254119861.1074014306 54532.5535056386
254281733.3630321026 54756.7096006651
253214997.4930678308 48969.9411888481
252725327.8061642945 43445.0253145717
252679259.2403209507 42789.5053675589
252971891.5880550742 46549.9379000184
253054801.7249474525 47388.5737856864
252467888.5426188111 39096.0687648919
263448980.5142387450 70337.7002905849
302782834.2811105847 116747.8390197754
303418981.8812135458 117190.1405944824
252785108.6994103193 44317.1008000173
252424322.7563335001 38240.6518232491
293441336.7339777946 107932.6838148590
293535664.6165688634 108131.9579847809
252880187.7423340082 45527.9507731437
253690486.8669913411 52658.0680703004
253848823.5199727416 53811.1182452417
253636626.2176604867 52541.4946622313
253576419.5170574486 52286.6144087557
298331068.9895449281 111238.2000417709
252971891.5880550742 46556.2338594911
255172060.4655585885 59317.3958731089
252679259.2403209209 42782.0335047659
253520682.2371342480 51736.7918314026
253448962.7806254029 51034.2174815121
253814745.1214307845 53679.7010158752
253690486.8669913709 52675.4402626832
286530183.2943778038 100509.0009628087
252656285.5136962831 42413.0753443655
253213644.8653120697 48813.0940444623
253213644.8653120697 48806.1013686811
253356029.7790248990 50062.1055696909
254241005.6078239083 54633.9962349092
253690486.8669913411 52665.8578041871
253032863.1872197986 46981.5001937863
252474130.3266008198 39256.2388574746
252976155.2130165398 46663.9829370021
252574913.3354597390 41048.9651701119
252656285.5136962235 42369.4049342092
253272123.2465255260 49412.6312436182
253280598.1786448956 49878.8741221582
300072864.4024237394 112550.8928334266
253137026.9557590485 47990.6889699041
252857214.0157093406 45131.6104105948
252524445.1134063601 40144.8382780221
252953181.4863918722 46268.7265588283
253024425.0597394705 46780.3796061990
252390114.9882870615 37470.7809152272
253409251.6288311779 50830.2206705990
252562821.3543092012 40884.9744169381
252910435.8655157089 45868.4500407693
252756639.6198606789 43563.8573128446
252808314.8679375052 44483.9218880399
252808314.8679375052 44475.7868782743
301151741.5525776744 115593.4987640381
253409251.6288311481 50823.3208292904
288404462.8487229943 100943.6468737032
252845825.2148343325 44743.3248304590
253380276.6228621900 50718.2293225732
252582648.5209410489 41063.0791414421
252808314.8679375052 44481.8314949735
252347686.5596987605 36523.0712289199
253334270.3090190887 49909.8575532814
252857214.0157094002 45132.8596171378
252857214.0157093406 45107.1871928214
252767211.4934688509 44109.3447574893
253783400.0743702352 53112.9497556351
293855667.7368822694 109530.4227416515
291884858.9437158108 105946.1388888508
252318413.3813711107 35717.0375158278
252948917.8614304066 46154.6815218446
252948917.8614304662 46161.8084139344
253123293.6473468244 47957.1912445906
284358546.4247867465 95635.4369838564
252880187.7423340082 45538.1943644523
252820406.8490880430 44665.1529976591
252567803.0989980996 41004.0593376797
290687788.8138490915 104833.2148151398
254973585.3878972232 58192.6974416170
279326593.1540203094 90453.9980607256
279379168.5532436967 90572.5921159014
254964321.6738941669 57390.2327992544
280385406.9609012604 91799.0059076845
252306321.4002205729 35543.5372411696
255636779.1966613531 60344.4146261401
253458271.8411739469 51259.0807283334
252306321.4002205431 35537.4968358962
255118650.3903768957 58497.2466049585
253442114.3117682040 50969.8878977913
300671492.2428649068 114485.6877498627
255118650.3903769553 58541.6071396265
253751946.3552943170 53106.6973755769
266104623.0076570809 71982.2515121996
256251810.5638790429 61804.1955619045
253447022.7768911123 50988.2488575391
255168932.5125455558 59196.4250921245
253207440.0276007652 48699.0916767274
253171353.4307466149 48239.9421820380
266720463.7566509843 73287.4792268667
284639941.4397785068 96422.7897795588
253171353.4307466149 48283.6125921942
257997525.6318710148 65739.4595335461
281251697.3858823180 93524.2875322104
281291894.3113505840 93702.5953325033
274509738.2685298920 85635.3737064749
254359863.1073954999 54945.4333293773
257137803.5338203013 63351.1147459484
257865883.8439697921 65242.4417046047
273522739.2034030557 83579.7812732905
273072484.0065370798 82849.9615170545
257668223.6238448620 65126.3669775463
254235095.4311863184 54632.8192209788
289629162.0815320015 103093.9616216784
289950101.6209976077 103154.4007696277
263359038.8628706932 67670.2289520395
286286581.9253290296 99176.3374539614
285710651.3321547508 98462.5913006067
255554812.3970877826 60135.0734420009
288805106.5046010017 102218.2057506125
257066362.7970776558 63242.3788059763
276355682.8218188286 89301.2456831522
276715580.0933665037 89766.1180281229
255035382.7109044790 58240.1172692962
257615638.5953029096 65103.9658697582
257066362.7970777452 63277.9328831247
254436291.4856892824 55645.3638142142
280924560.3117124438 92451.1566248219
257817164.5189613104 65192.7995343245
257397102.3876734674 64234.8127783276
288556226.8692635298 101316.2688190266
254072742.7158068717 53864.5347337313
279795746.5465902686 91664.6699248701
255764397.4224399328 60930.5968205594
257169249.2345256507 63352.7911795116
262561939.9968152940 67338.5242349152
268053205.4310561419 79537.6223756857
255037836.1535235047 58284.4954452906
255313364.4983842969 59869.7275581751
298444674.2660661936 111596.5202407837
254661895.2726205289 56527.9901002441
257427086.1438499093 64753.8427353091
255035382.7109044790 58248.5512902923
255833053.9970423281 61786.2378363796
256985548.5602243245 63020.8211887888
254237548.8738052845 54632.8368623052
257051580.1856648922 63079.4423826672
254336591.5788093209 54923.0234821327
255035382.7109045684 58284.4778039642
271700506.9949908257 80400.7059978191
254413824.9095327258 55556.9246246405
255151353.2177312970 59097.2750987001
256658357.8839293718 62806.8941061236
255148899.7751122713 59049.2532360144
256940612.3557684720 62889.6696432568
255123220.3644038439 58879.2987626977
255128312.6712582409 58927.6044789739
255128312.6712581813 58890.8542958684
255140155.7044192553 59011.6173879094
257423586.8472211361 64341.6604884360
254728616.7456882298 57104.7735001631
267671486.1730572581 77159.2185313720
266620962.5863676667 72103.6446393728
266684068.2016714513 72583.8915417194
266675538.0615830421 72329.2101407051
266668351.9739953279 72243.9522793889
266675538.0615830421 72279.7204947472
266675538.0615830421 72318.9804244041
271458050.8055252433 79994.5107498169
272053897.1861154437 81006.1832275391
272240357.2237168550 81747.0807800293
272038867.2721863985 80572.7526483536
272961162.6078603864 82024.1508893967
271925911.8260221481 80543.0888304114
275835585.0444237590 85900.9460010529
