87908648.2034725696 1494784.3691406250
88529082.1441799998 1568501.3027343750
88461546.1909889579 1559671.9921875000
87634993.1230593771 1460450.5039062500
91543765.3036101460 1795135.8339843750
89678744.9336661845 1674240.4375000000
87267224.8062230051 1394818.0449218750
91256133.6736168116 1782072.6523437500
91072557.1485424340 1771787.8828125000
89150654.9822929502 1628533.9511718750
87405860.5290790796 1423253.6210937500
87512870.7370440960 1449127.6425781250
88068561.2303852737 1519820.1699218750
89693895.3674290180 1674254.0585937500
89046353.8223448843 1623442.3085937500
89422364.1975740939 1648478.9980468750
89743902.2953781486 1680064.6562500000
89626162.0161927044 1670133.3886718750
91219907.9618776888 1779234.0644531250
90268363.7706784457 1718584.8789062500
88291769.1121709347 1549973.5488281250
99916847.0433179289 1989352.0156250000
88273432.9378143549 1542425.6191406250
94390666.4298972189 1919213.3984375000
95430644.5090883076 1944179.0722656250
89299817.8450457752 1637465.5566406250
89447857.5101561397 1653744.4316406250
89312559.4474717528 1640053.5488281250
88511036.0630542189 1565801.7343750000
88641123.6601486653 1575351.8535156250
88028658.1106005460 1504942.4941406250
90750577.5020116270 1747648.3554687500
90623233.2717376649 1740950.4628906250
88386186.1844341606 1551574.0449218750
87843260.7359572947 1486090.2714843750
88570071.7405199111 1571790.0058593750
89106172.9566708207 1623695.3535156250
91167200.3469913304 1778312.1953125000
90981835.3206564933 1767829.0937500000
87350229.2641854286 1410590.0292968750
91276285.4408694655 1784307.7207031250
90275904.4478429258 1719783.0664062500
91291435.8746322989 1784321.3417968750
87858311.0564612150 1487989.7031250000
87313738.4676563889 1398217.0781250000
88289025.4449580163 1544000.1660156250
87697075.4122899771 1465747.4980468750
88944909.8298368752 1608922.8906250000
89838976.1058443487 1684863.1269531250
87370405.4605816156 1414481.0058593750
87245938.3410298824 1393950.0839843750
87420263.2343543917 1425239.2900390625
88126548.4775528312 1521489.6855468750
87952130.5474778712 1504481.4003906250
88007531.1157267094 1504485.7363281250
88196445.3911829144 1530283.4199218750
91602890.5371951461 1799272.8007812500
96272297.6062150449 1957520.8945312500
89483251.1231329143 1661068.4316406250
94741294.2778218985 1929030.9550781250
91233904.1810427904 1781912.1445312500
88060631.3901780695 1514477.8476562500
91297110.6870679557 1788618.4472656250
95999531.9200299978 1955645.9179687500
89823825.6720815152 1684849.5058593750
92894699.3470721394 1860405.2851562500
90936224.8989016265 1764508.1132812500
90644859.4254302382 1742470.2871093750
95357874.8934019208 1941135.0839843750
87591603.8602491468 1449794.8398437500
94726143.8440590650 1929017.2636718750
94300356.5166282952 1913211.0312500000
94918134.1817213446 1935362.1953125000
88449708.3865771890 1557286.3222656250
95046616.4874095619 1936433.3281250000
93442694.9687801450 1885573.4062500000
88674344.6942027509 1577312.5000000000
90710586.8426882178 1747035.9628906250
100584124.7246030718 1990091.7734375000
93218196.6184533685 1875389.4863281250
88989901.9997501820 1611342.3125000000
87446909.9674279988 1429539.3271484375
93620952.9996182024 1893942.0410156250
89192423.7344759554 1635386.0605468750
90488097.4982846975 1734124.2929687500
87385150.3213701844 1422939.8291015625
94673096.3337209076 1927734.6777343750
93428962.6619559079 1885047.0175781250
90054192.3133772612 1703794.6113281250
88724745.2470545173 1588652.4433593750
87610449.3993445188 1455558.4550781250
87615880.4582552612 1456734.2734375000
88835635.6432694644 1598980.1777343750
93546081.0648322850 1889222.2597656250
90330495.8769453168 1723569.9140625000
94286551.2548851073 1913206.1015625000
89387571.8067528009 1648340.2207031250
94664233.6974358708 1925672.2402343750
91784287.2372013181 1809175.9648437500
95739143.7558875978 1951778.4960937500
91812074.6819305718 1813095.1562500000
90240214.1693824828 1717419.4746093750
88362346.4718518108 1551106.4570312500
95506348.1409694701 1944577.2050781250
90187160.1822144091 1709237.0625000000
94721982.0096972585 1927848.5878906250
89913174.2965259850 1691625.3847656250
87869086.9058318287 1491191.1386718750
90299249.8468481749 1723415.0000000000
88133464.9434746206 1524135.1250000000
89854138.6190602928 1685629.8593750000
90417526.8235101551 1727856.7597656250
90198537.4132528156 1713383.0292968750
94864029.1922837645 1931213.8164062500
90550513.7652421892 1739617.3378906250
94598224.3989349455 1923014.8964843750
88638080.4126497060 1575027.5566406250
92135771.6851922274 1827276.4433593750
88231943.1028443277 1538172.7089843750
90367435.3847290426 1724429.3164062500
90382585.8184918761 1724442.9375000000
90691513.5730393380 1746097.0644531250
90951639.1729014218 1767050.5839843750
95179530.1543955356 1936729.4804687500
91901743.3497392982 1816826.0000000000
88188245.4915191084 1528287.8320312500
90828653.8033567518 1758243.0820312500
94264067.9119081646 1912138.9179687500
89991568.2670535296 1696901.8906250000
90753815.6482963562 1752454.6601562500
90763590.0426522046 1753059.0449218750
87338298.0877517015 1405076.0683593750
94194029.3197547793 1910842.8320312500
88794983.9550496787 1592088.0488281250
100994103.3163059354 1990232.1835937500
99375174.1801534593 1988977.5664062500
90818879.4090009034 1757638.6972656250
90296847.6158129573 1720361.2226562500
94306392.3859356791 1914138.5312500000
94468053.1137418151 1920886.5625000000
88655483.2706362754 1576345.1933593750
88178860.5101397634 1526547.3125000000
88691989.5637591183 1581649.5273437500
87614377.6042477489 1455991.4492187500
89436505.7517144829 1652521.6816406250
91462323.0647261292 1793990.8808593750
95564327.3964333683 1945121.7695312500
89800124.5979699939 1682168.9121093750
88833358.8312640190 1597863.2363281250
94430240.3849413097 1919780.2343750000
93168711.7929403484 1871115.7382812500
87943743.0531556904 1498604.3515625000
93360007.4008780867 1881100.5058593750
94312976.2948049605 1916066.8808593750
89517548.5374962986 1661762.8222656250
89502398.1037334651 1661749.3105468750
88723560.7520851642 1586214.9531250000
93402221.4874306917 1882044.8183593750
89980341.3627755940 1696163.6367187500
91086333.3533553481 1774587.1445312500
90925029.1218219697 1760571.6894531250
88634366.0132554919 1573807.6152343750
99976505.2811284065 1989673.6093750000
94552406.8534502238 1922062.2792968750
94605454.3637883663 1923344.4589843750
96870714.3676755130 1969372.6484375000
88532562.7184666693 1569493.9902343750
88585922.4002664536 1573259.9765625000
96512427.3135597408 1964465.5878906250
100547756.4346204251 1990002.8242187500
97036930.7263313979 1971667.4765625000
89880893.2969318628 1688947.3652343750
89029489.1396522224 1616594.9902343750
93844632.6343119144 1898057.2500000000
89572261.8463194221 1663506.4667968750
88488641.3543425351 1563239.3378906250
87703927.9536673725 1466346.9003906250
89890528.7052422464 1689310.6269531250
95279481.6107729375 1938589.6875000000
87724338.8587473184 1471156.5898437500
89187745.2532233596 1631297.3398437500
88996060.5977997780 1615714.5156250000
89172594.8194605261 1631285.5039062500
87488905.0896525383 1443091.3027343750
88754331.0866559744 1589644.0781250000
87910292.4300841093 1495224.9414062500
96621062.2132177949 1964677.0410156250
87663930.3393147290 1463698.6269531250
87825145.9901886135 1478886.9140625000
87739422.8917649239 1476346.9882812500
92849718.4081934094 1858382.4785156250
87768672.5803278387 1477502.7148437500
95294632.0445357859 1938604.5390625000
87610314.0813455433 1454588.8867187500
87812626.6580285281 1477830.1191406250
88824367.1085258871 1596500.8027343750
89295591.7196789533 1637130.0761718750
88904407.9515596628 1605679.1171875000
100337006.2084256262 1989986.3867187500
93526442.4005272985 1886613.2617187500
87841928.9424295127 1483581.9433593750
89372210.3109294772 1646856.3710937500
89357059.8771666437 1646844.5351562500
101117399.7652408779 1990236.2968750000
99814155.6492728889 1989332.8164062500
90842361.3847181946 1758672.4824218750
90680334.5014864355 1744936.3105468750
99916220.9195411950 1989349.8242187500
100940247.4193553329 1990187.6406250000
88972918.5048559159 1610179.1035156250
89429122.1994362026 1649211.6171875000
91028285.2617592961 1770921.1289062500
93319004.0836300105 1877681.2617187500
93767303.0047677457 1897853.2167968750
92747418.4299477488 1857377.8359375000
92439462.2657865882 1843054.6093750000
92223364.1389958113 1832861.4492187500
92355306.4977048635 1838616.6953125000
92080661.3826942146 1825557.3203125000
92983046.3942174017 1867555.4453125000
89926487.3620320559 1692264.0117187500
90719654.5305398107 1747089.4902343750
92762568.8637105823 1857392.6875000000
93041422.6380945742 1868376.4667968750
92973309.0417683870 1866685.5078125000
92743421.6275307834 1855430.2890625000
92416597.0983075052 1842333.9375000000
89615202.5734092742 1664439.3417968750
92292361.5706665367 1836311.7910156250
91586331.6121531576 1797655.9765625000
93910714.8202173710 1900603.7890625000
93943687.9001091272 1902295.2539062500
94245451.8264129609 1910888.8886718750
92632770.6531094313 1851957.0156250000
92518565.0674210191 1847581.8613281250
94004238.8340640515 1906306.2089843750
94023498.0545200855 1906365.5332031250
90115661.2291420698 1705910.7246093750
94069025.2469317168 1907593.5742187500
91996218.5785868913 1822717.3632812500
90445878.7013202012 1728430.5117187500
91630517.4408101887 1803124.9199218750
99597544.4856538773 1989200.5859375000
91647821.0554350764 1807195.3261718750
91566912.4262547493 1797259.6250000000
91632670.6216722429 1807182.2832031250
97297976.7126512229 1975191.8613281250
91551761.9924919158 1797246.5820312500
99610453.4418479204 1989205.9023437500
96646406.0735180229 1966575.1484375000
97291864.1766769439 1975155.1777343750
97276713.7429141104 1975038.9082031250
91775281.3131103814 1809118.7187500000
95954444.0722211748 1955571.8632812500
96089061.5170744956 1955758.4433593750
96633544.5032369792 1965076.1054687500
96847655.0740151107 1968533.7656250000
96298484.0689940006 1958997.8066406250
96960215.9566275924 1970433.7500000000
96795903.6109920293 1968073.1992187500
97671766.7526871115 1979402.3691406250
96389647.3413276225 1960876.0527343750
97403830.7924683243 1975958.7128906250
96909816.7840232104 1969606.2246093750
97178805.1741686612 1974436.2089843750
92193981.2575527877 1829466.3496093750
97745851.2722056657 1981438.9609375000
91917220.8705681860 1817978.1171875000
97524895.6447124928 1977626.5039062500
97022057.7581963837 1970807.9707031250
98384125.9430447519 1988463.5351562500
98650730.8213615417 1988582.6523437500
99098201.8647804260 1988689.7812500000
97888679.6772482097 1982975.3476562500
97702721.0654241145 1980422.1132812500
97832166.0683620870 1982528.8027343750
98109635.3047413975 1986947.8828125000
98620713.8207063973 1988527.5937500000
98771932.1776901782 1988655.6367187500
98152056.1558277458 1988244.5039062500
92948792.6467101276 1863472.1660156250
97748538.3359376192 1981443.6015625000
92376717.4536924958 1839728.5136718750
92625599.4656003267 1850998.5839843750
96382417.9557796866 1960678.5136718750
96405029.6675329655 1961721.7070312500
95301432.0210069865 1938921.3964843750
96831545.5341007262 1968122.5449218750
96089983.4530643672 1956614.5000000000
96111831.3747854084 1956972.5566406250
98080868.4699521959 1984235.9492187500
95408143.9803643376 1941614.7148437500
95601881.9268241376 1945942.2050781250
95656563.8750624061 1947313.0566406250
95936382.5769850612 1952558.8242187500
95710732.4252484590 1949515.7089843750
95589078.9587585181 1945541.1542968750
100313616.9200675786 1989705.3398437500
99228719.0945435464 1988738.8710937500
99513895.9771988094 1989049.9921875000
