87061049.6593412161 374202.8432375193
88963200.3704991788 400457.2927246094
88508116.8537300974 399979.7595214844
87054603.0490489304 372516.2743898630
86971728.5756113529 366603.6225343943
87261968.4938780069 378583.1762695312
87694083.7374168187 394775.1135253906
87638158.2124079466 392792.2604980469
87838666.0143006444 398837.2468261719
86929169.5496217608 361452.1505511999
86769575.3011323065 351563.1836000681
87428523.4432386756 385970.2600097656
87838666.0143006444 398937.1115722656
87105961.7257165909 374760.6323000193
87140986.6882112473 376731.8564211130
86866447.7088271976 357439.0307070017
87546513.5257324427 390359.9216308594
87562252.6581803560 391845.1970214844
88262793.4868297279 399806.6330566406
87274489.9493701458 380672.7361755371
87371585.5532673448 385180.9021911621
87700819.7024860978 394816.2351074219
87744562.4602429718 396877.6320800781
88360610.3923543990 399862.2951660156
87428523.4432386607 385809.3161010742
87755274.4249778539 396940.4265136719
87474435.1307039112 387851.6271972656
89902427.9790393710 400810.5031738281
87682166.4600770026 394412.4836425781
88416357.2896984518 399968.9772949219
87261968.4938779771 378583.0657653809
86929169.5496217608 361316.8690248728
86830816.6084212959 353474.4764467478
87023560.1078210473 370476.1752687693
89084183.5326433331 400521.7546386719
87495999.3476116061 390281.5827636719
87333217.1787447184 383064.5281677246
87488991.6089627743 388279.6535644531
88151822.8906457871 399584.1584472656
87275695.2619750351 380932.1588287354
87304978.9795648158 382941.9417419434
87325720.0460133553 383003.7330322266
86947902.5652517825 362977.1292787790
87303773.6669598967 382633.0769958496
86879016.1855590343 358871.7869936228
86955763.2404257804 364483.7031008005
86918778.2206638902 360426.7092348337
87358153.7066923380 383215.0278167725
86851686.2548942566 353790.6834779978
86903821.9447834045 359197.3874269724
89905580.7404534668 400849.8176269531
88595600.9831947237 400180.6696777344
87906939.1116129607 399082.4777832031
87535801.5609975457 390334.1853027344
87274489.9493701309 380623.1648864746
87099816.6093228906 374526.1864992380
87368849.5314177126 383219.2825622559
87478279.6442278624 388160.4919433594
87286407.2267099470 380990.7923278809
86959207.1201192141 364563.5234133005
86707964.9263368249 344287.5106264353
86993522.5373236239 367329.3148256540
88496388.7884010077 399971.2766113281
86855735.7440922856 357423.9325624704
86844098.3993089646 353661.1508852243
87303773.6669599116 382633.1875000000
87844454.7440956235 399062.2155761719
87638158.2124079466 392646.0397949219
89825110.5253508091 400781.0388183594
86988582.7335348427 366894.1449037790
86707964.9263368696 344322.2513490915
87261968.4938780069 378620.7967224121
89989222.6413061768 400899.0891113281
87579961.7887800634 392267.0178222656
87477074.3316229731 387852.0437011719
87274489.9493701458 380623.2753906250
87259989.5732988417 377366.2393188477
88050680.3891905844 399269.0759277344
87837460.7016957253 398528.3820800781
87666236.6173928231 394310.3098144531
87478279.6442278773 388273.4479980469
87636952.8998030424 392300.3977050781
88527327.8858823925 400130.4729003906
87275695.2619750500 380982.2264099121
89138446.6634369940 400581.9753417969
87666236.6173928231 394359.8811035156
87942571.4642859846 399218.7092285156
87464552.8761307895 386129.1110839844
88187455.2433187664 399594.1823730469
87464552.8761308044 386241.0520019531
90850248.6745735854 400968.9367675781
88043713.9657411724 399268.4147949219
87819997.0263018906 396982.2990722656
89238735.8328085095 400771.9606933594
89238735.8328084797 400584.6076660156
88946177.3408035785 400455.3806152344
88681880.1860475540 400380.6789550781
88224667.1257392168 399596.8146972656
88085742.6037605554 399271.5144042969
90434633.5316898227 400945.4025878906
91106370.7853708714 401130.9069824219
88118479.6610916704 399279.0354003906
88118479.6610916555 399276.6330566406
