133623756.9021101296 264730.9868249502
133851509.5200542361 288699.8846406788
134274826.6680726409 317369.3770723194
134075829.3348465264 303187.9035312142
134079059.9144883603 303894.0108857602
134092481.3755555004 304144.2374645323
134222904.6621237695 311904.8689661622
135075391.4938879907 353965.3261371378
136440874.2380276322 403319.2708254654
135442383.9672032297 366764.1953235392
136644740.4845947623 406241.0272148151
133524775.8030681014 250458.2999193370
133445449.5287955254 242319.6415509433
133589116.4891290963 258287.3696348686
133574717.7008153796 257704.1643908527
134146582.3626730591 309645.7245721668
134052335.1084311754 303177.4747285694
135138715.1036295295 353965.4287577469
135364329.2419950068 362006.9325748209
137529903.6782599390 427823.2111477256
136054585.2987984121 391179.2274522260
133499570.9804554433 249509.0136269405
134128854.5719780922 309611.8262910694
134536841.7795227170 327670.3694181442
134175488.4121947140 310587.9957935736
134461414.0487078428 325494.2066323832
136038370.3312283456 388037.0988474686
137366881.0330281854 426757.5676590800
133426566.1286594272 234153.6310016587
133611846.3947481960 264676.2289295401
133962724.4757422954 297111.9533309788
134015961.9120085835 297709.8859020323
134438133.7713217139 320232.6358518321
138406120.6380448639 444898.0653221011
136428371.5347943604 401828.7958593443
137072663.1720322669 420037.3900051836
133468271.1632488668 242372.6777397469
133638943.3876656592 265461.4367303457
133800254.5985983312 281681.3140084911
133887468.4332752228 288699.9579750821
134197696.8739861101 311471.2922238633
135043976.3627111316 350916.5226603348
135014411.4832270741 350916.4200397257
141177559.7601387799 480276.6238912940
133442146.8513250649 241286.2035171092
133522392.6149087995 249562.0498157442
134709881.6232035458 336517.3621163550
135883512.4781904519 383672.4326639969
134466463.2309353948 326777.9969296455
136295697.1370811760 398926.2918314269
136990324.1985978782 412873.2854628563
142665517.7573375106 501688.1367492676
142548980.1672248244 501091.8135070801
136199455.0930742025 395123.1008001168
142050513.5339486003 493083.4393992424
133605472.6340537220 263751.1916847154
133758602.2028438896 280516.6547137666
134621699.4820956290 328584.0808250979
133568502.8845142871 256712.8229718506
134733169.8552708030 337409.6172819138
135001146.2146499455 349658.8649527554
136818910.0725516975 412033.1195598368
133998683.3889632821 297112.0266653821
154344498.1108197272 599848.4052734375
133743800.9132196456 278719.1759844627
133685202.3761700094 272510.1478667464
134568614.7029291689 327809.6580438614
134894045.7307186127 344922.4938688278
134838145.2847380042 342970.3299117808
133670015.8906144500 271779.6979613509
133697112.8835319281 272564.9057621565
135352696.0076079667 361722.8769183878
146668002.1904348135 547015.5820693970
134121177.4104392081 305036.9406613633
134300660.7758449316 317708.8739522621
147788017.7103308439 552706.2427368164
134524433.1432600915 327179.3383697867
135699588.2294611335 377604.7134475708
138107128.1915700138 436644.3925339580
137758353.4890313148 436639.6492506862
137545732.6990252137 428886.8417527080
134842800.5231488049 343263.7882037882
135336956.9303394854 361472.8482776408
135947253.0063991249 384347.6619082291
135465445.0091072023 367166.6332050089
139639811.1679738462 460646.3118424416
134366218.2583540678 319534.8795437217
134265089.3202379048 312146.6487402916
134669872.1687086523 335263.1973878536
134646983.7609582841 334369.6545930628
136687689.4299667776 406724.4209666972
142892976.3899404407 503792.1692199707
135860771.4780342877 383669.1361242135
135803415.4435530007 377851.8046847184
134302727.6046589315 318212.8386328742
135007675.2203854322 350723.4198451762
135333906.9451432526 361353.5800530016
136009902.5858269334 385420.8324862320
133727924.3736361116 273253.1989043951
133900384.4211238474 289438.8647897411
136634143.9825229943 406070.2781496842
135219532.4767211378 359731.5794330363
137735790.7877781987 433421.6851670146
134255026.6464314461 311937.7029495835
134466069.2871186435 325787.6649243906
134627696.0297220051 334220.9559354782
134357332.7469548881 319344.6974357888
134989425.7610796690 345737.1801481247
134998876.8039355576 346099.0457034830
154269792.0545679927 597859.6484375000
137000643.4453333020 418834.3708934858
134916139.1058835387 345239.0058317184
135848132.9145544767 381931.8264365196
135296109.7031489015 361099.5222216446
139869167.6705541313 463632.2152628899
133743110.8591916561 273983.6488097906
135540410.1129896343 369480.5303202469
136703820.9361014664 411076.8216067154
135940618.4581081271 383676.2477893953
142924770.0885273516 508829.2569351196
135684670.5923941731 375914.8818827469
134649789.4048869014 334537.4678983688
134665216.9302978516 334969.7390958462
134802759.4281017184 342528.9819394741
142365720.7846845388 499985.3385124207
138149288.7527695298 436712.6432414353
133926465.3067676127 290192.1262317747
135762140.6098315418 377649.8472147782
139630096.4106376469 459019.5093650818
135660564.8938216269 371583.6752146010
136126170.4163320363 391179.9548044999
133962424.2199885845 290192.1995661780
134834214.3497571647 342536.9137449265
135939419.4068053961 383673.4682023525
137421591.4565106630 427350.5107098967
143164400.8680523336 512515.4259033203
134623040.7913112044 333927.4976434708
136411643.7863078117 400990.0716667250
136435624.9416984320 402474.4447947342
134438935.5718656182 320345.6693506241
142852869.9932739139 501841.9387512207
142921709.2641409039 503945.9712219238
136363069.8643846810 398989.3124198914
133816510.6858655512 281990.1556568108
144849092.5563679338 537811.7689208984
134645134.1664760709 334244.0096063614
135543422.7561438680 370515.7882583712
137280004.9083550274 420443.3682538420
139344050.3331918716 458120.0656872690
133716780.0412038863 272832.5475655999
134400959.3669276237 320094.8692993522
134445571.8597645760 320987.9402685165
134876395.8693735301 343473.3771366600
138563633.0748085380 451037.9796025157
147128081.8114518821 549140.2669219971
152218933.5309491158 564844.3922729492
134589433.8166062832 328455.0890306383
134440741.2274892330 320942.3758068085
135360276.0193104446 361781.3754230265
139058653.1475042105 457193.3677861094
135942741.4645337462 383694.5357823372
134887144.6737941802 343490.6222955410
134798135.8302431107 341738.4118046288
142988798.7107689083 509814.7546691895
138732224.8640218377 454288.5655345917
134341608.7837848365 318581.0003027916
138156208.8236912489 437210.8643681407
138158067.6737882197 443890.6595341563
140024227.6206068993 466923.3498558998
139012381.6728225946 455581.7818171382
134960630.7974094152 345266.7893600464
135481539.1729406118 368157.2284808878
133553901.8856593370 256449.6087725386
143882025.3849665225 513987.9869079590
135503016.8937515020 368500.3547526200
140207242.9766012132 474340.9458565712
134386890.6454562247 319620.0955261588
137306373.1477756798 423948.7025433928
135069140.7696505785 352733.4080299858
136145370.1125636101 391447.2286041279
144678703.0379517078 518502.7852311730
135532492.9056827426 368689.2447157626
135676601.2321820855 375088.2591892008
147698932.5144724250 550439.5242843628
147797443.0467350185 554707.9295578003
142140982.0328787267 494987.3847117424
135415439.3947353959 364402.1966768031
135960484.6634847522 384516.9367043499
139951276.3946854174 465867.5410904884
136178776.2072868347 392274.4874855999
136098526.7206830084 391179.8521838908
137299517.7958985567 421583.8603040129
148811565.0607966781 558733.9443206787
139835935.8692678809 463289.4165787697
141547428.0001288354 486651.5195879936
140036260.6333096623 471553.9609851837
153696132.0321349204 585333.3146972656
144718210.1517183483 529362.8439369202
153255395.3803053200 571500.6765747070
153074991.8482557833 569097.4639892578
153297572.3250421286 572452.5253295898
153737514.4330346584 585848.9533691406
153844099.3440112770 588639.4343261719
152769727.3276880980 565337.9122314453
153061848.9366757870 565386.0025634766
153819076.3216681778 587069.8254394531
