66399701.7805913165 474328.3066825867
65685066.4242097884 428057.7714278176
66622729.2321066111 483750.6658935547
66237154.2331217006 465706.7826189995
66495849.7943910509 477406.4994201660
74058049.6179505736 545170.9638671875
67748869.1676954776 528219.5578727722
66549212.9829904437 480610.5232024193
67015588.5852816179 501403.7693290710
66241979.9929746538 465932.7445227578
66508979.8105765581 478031.2468497232
66610878.2587156519 483402.0195426941
65685110.9789651483 428078.9105746225
67351609.2241304964 513955.1041679382
65793791.4706590697 438395.2268352509
66515746.7230056003 479512.9101061821
66654599.8470101357 484195.5850830078
65490322.4415155500 389338.3496523574
68270339.6224394590 542895.3061523438
66236149.7626458108 465575.5116126016
66201273.5168157443 464257.9576880410
66605048.0283867866 483046.9594841003
66991565.4960852116 499641.5008959770
65957787.7433097363 451710.9609839395
67568550.7224523127 522754.8514404297
65570623.7840646282 418368.5752524137
65627634.1821576506 421605.7797622681
68491794.7651339769 543174.0507812500
66220402.1161837876 465327.1281897500
66657741.1790940538 484444.6228027344
67536273.5217771232 520664.9863281250
67371414.3907166123 515004.1604118347
67547591.9228860587 521689.9799652100
66226493.0479939505 465328.5412756875
68303851.6399471462 543062.8369140625
68508537.0142958611 543287.3867187500
65957418.0725198984 451685.3605963662
65817031.6423180178 441283.9883280471
65954276.7404360026 451435.8507086709
68065455.4374646544 537124.2216796875
65824260.9919418469 442598.6421534494
65601311.7375518829 420406.4011973143
65494622.9211055189 396100.6925783828
67959997.1448091567 535975.6165771484
67944870.5809672773 534023.4849853516
68166166.0350013077 540453.0825195312
67211571.2840371728 509136.5372161865
65817407.9908625335 441571.7113520578
67306310.0570613891 510936.5605468750
67928128.3318053782 533979.0069580078
68227632.9197306931 542834.7255859375
65941698.0537033603 450583.2451178506
65775015.5047979280 437422.8227367401
68442377.8205827624 543137.1049804688
67309734.1007520705 511597.0265007019
67538665.0130564272 520735.7203369141
68215835.4589179158 542790.0307617188
67976602.2929072976 536104.1772460938
66088565.2495334372 458977.0243079141
67985478.5327824950 536320.0289306641
65641107.3484313339 425655.0270262435
67281103.3969478309 510928.2734375000
74320581.7839192897 545275.9902343750
66961609.7765364498 497900.0314941406
67910463.3784103841 533728.0297851562
66134273.7488097325 460864.7195396423
66065992.2296375707 456848.4511725381
65604903.3445090353 420773.9402918816
66348168.7836011127 471024.9363257363
65627848.8569218367 425643.6940184310
67711705.9173253775 527243.8175048828
67879692.0633457005 530820.5333251953
67773172.8020547628 529625.4605712891
67842509.9050940573 530228.4228820801
66361885.9067777246 471942.7395178750
66362328.6387734786 472064.0140540078
67706315.7839628309 527122.7871093750
66251625.9430033863 467021.5429846719
67745638.6347273886 527345.8022460938
65935214.7234138697 449582.4147040322
66701502.2058503628 488295.8823356628
66525389.3322434202 480110.2568518594
65843122.3428422958 443950.1830470040
66563898.2346329466 482385.5672721863
66705086.2699299902 488670.2483024597
66511229.4770710617 479071.1869360879
66821604.8244454488 492788.6794592813
66947629.2794995457 497657.0218505859
67088817.3147965893 503939.9230957031
66694483.8441407606 488257.6926379204
67241978.8764124960 510323.5631103516
65723692.1907027885 432768.4996840432
67527344.4836721718 520616.3051757812
65574296.9265409634 419185.1311522201
66875556.2718954086 496068.7456169128
67212724.9170173258 509153.0091857910
65934845.0526240319 449556.8143164590
66959565.6530927271 497891.8276367188
66666577.3675404638 486394.9378821328
67011370.6626713127 500690.4838976860
67898530.2600797564 533593.9735107422
66358300.0544118881 471529.5382391885
66720208.3814260066 488744.9946708679
67030425.3568301648 502462.9251823425
74777236.3000854105 545384.8940429688
65751452.4116405845 437258.2509180978
67647929.3401695639 523711.2332763672
66264073.5451883972 468077.0561485291
65732248.4753457829 436185.3779780343
65820549.3229464293 441821.6353022531
65728879.3917447180 435129.6611811593
66107167.5011482239 460319.9759020805
65975854.6172268689 452041.7565924600
66137575.0935235620 461781.8534355164
66091706.5816173404 459226.0752112344
67048952.2485775426 503490.1015625000
67252504.5967421830 510558.9079589844
66337442.6178702787 470222.4895789102
66424837.0867653117 475560.9030871391
66460604.8473583311 476695.3507194519
67572069.1192396730 522877.1352539062
67598624.4426714182 523250.0515136719
67227720.0605361015 510211.7592773438
66433701.3938535377 475738.1244010925
67143226.8295562118 505086.4505729675
65659967.5338530466 427537.5781237558
66435439.5125545487 475973.4587516785
67888367.5251895934 532596.3709716797
74535557.1826373041 545360.5991210938
66414716.6273355410 474870.3990898132
68110180.0730321556 539455.4799804688
67007234.3114868402 500278.6050109863
70902281.8544264883 544348.4023437500
67693322.8603353500 526866.3704833984
66351310.1156850159 471275.7191626504
67214111.3142572492 509778.7001953125
71368367.3262694478 544407.5102539062
68201786.8899154216 542086.8950195312
66549738.3794605881 481346.4973564148
67331941.4479200840 512871.5633544922
66661527.0910891742 484993.6496741250
66973434.8520176634 498925.9773368835
68048713.1883027703 537079.7436523438
71049716.0964753628 544401.2773437500
66605909.5145199671 483371.9560661316
65706103.6469062343 429831.0599918365
74539786.0096074045 545360.8461914062
67155755.8273740113 506675.2171936035
67448925.0878388733 517053.3424072266
71381320.3641379029 544480.4682617188
67130484.1905759126 504973.4952812195
66479041.3920653015 477051.2379264832
67490880.0016113371 517666.1484375000
65861558.8875492662 444306.9994532540
68099711.1860791743 538693.2773437500
65590016.9453575090 420334.3603178933
67552263.9526535720 522510.1647949219
65585803.7780419216 419418.0673655272
65911005.8693149984 447286.7348442078
67826900.6404602081 530220.6346435547
67507539.3170860857 520249.3347167969
66069133.5617214739 457097.5299078897
67470642.5890286863 517595.4294433594
70717482.8760404885 544341.0341796875
74520676.4400921315 545360.1479492188
65907695.0006024763 446599.7728252411
67523826.0868848413 520494.0213623047
70297059.0923131853 544284.8261718750
67398508.4602666050 516295.8739013672
66308571.3900998831 469652.7406120300
74681861.4507648647 545380.5166015625
67224135.9964564592 509837.0134277344
68145277.8022615016 539601.9208984375
70322456.6107025146 544291.2456054688
67766155.3319318295 529342.0252685547
67627691.9275869280 523644.1871337891
65531379.2801759169 402825.2860484123
65515650.7594980523 402215.4081217721
67466876.4321287721 517573.9736328125
66847002.5620085374 493883.9578361511
67793670.3042500913 529893.6191406250
67882523.4488074780 530986.2299804688
65705189.0214341879 428655.5012453794
67325547.8049125969 512834.7534179688
67389579.4221616685 516250.8089599609
67312136.2813339531 511822.5212707520
66853776.2550248727 494007.8647880554
66867197.3292872980 495234.1609497070
65977031.5491216257 452372.0055629015
67312805.1659322381 512722.7351379395
65503142.9299455732 401636.6816527322
65807319.0970685333 440527.7151209787
65542933.1716559455 403411.7750449181
67865069.8582446128 530572.8925781250
67353783.8246991038 514190.1497802734
67859896.5353405476 530438.8363037109
65581049.4770326540 419194.4583006576
66062256.0026336014 456298.7668616250
65651215.7317463756 427172.0664946511
66042136.6106513068 455643.7019004822
67652239.9938933998 524273.6638183594
66002869.4282377809 453262.2024188042
67491107.5816245973 518326.5095520020
67187785.2679366469 508711.8253479004
67021855.1154024377 501601.4417877197
65888841.2997071594 445725.1352648735
67036533.4005068690 502674.1345520020
68157835.4243014902 540311.6713867188
67179627.8625666946 507657.5908355713
66747070.4587965310 490007.0322570801
66304080.0262256265 469536.0963554382
66156011.6382305324 462138.2460136414
66918302.7343743071 496540.1585998535
65860246.7419654652 444148.0795752481
66888735.2932257056 496281.1979064941
66793707.1774574816 491056.0606689453
68599563.9711711109 543570.6450195312
66497002.9260136336 477464.3464660645
66912505.2632458955 496529.5150451660
65861826.4886962548 444504.3779150918
65793383.3705668524 437434.0601692200
65627794.9105054960 424407.4148508981
65547952.9674141780 412809.5170164779
65559459.8189151362 413042.4532297850
74163556.4019410759 545180.9101562500
65663991.1624458432 427726.7877909616
66321533.6167885065 470102.7400512695
66628839.7926639766 483873.0563049316
67954748.5210480988 534141.3671875000
66155641.9674406946 462112.6514854431
66919026.1429803371 496546.9381408691
66125604.0458551794 460676.3679919243
67096570.7768670097 504089.1439208984
66763275.2774693295 490147.2597961426
66391298.9736870453 473445.7087135315
66021723.1291330904 454377.9880962372
66383939.3641703501 473382.9231219292
65991315.5367577523 452915.8014807701
66384309.0349601880 473408.5210680962
66724931.1533110440 488942.5836334229
67022578.5240084678 501608.8331451416
66041527.0485399961 454664.1997795105
74109958.7934040874 545180.6958007812
74549937.3418868184 545361.2783203125
66649419.6808508337 483882.2921447754
74409459.6932368875 545335.5517578125
73280468.1715885848 544912.3759765625
73921883.2474144995 545109.7324218750
74494920.2499619871 545353.1757812500
74262307.5045842677 545241.8295898438
73608500.6723707765 545102.8549804688
74184925.3992538005 545216.3681640625
74194058.7943473160 545223.1181640625
73571444.5975781083 544995.9755859375
73926125.5090725571 545135.1118164062
70972242.9981695414 544366.6166992188
70588303.8802313805 544312.8452148438
70602874.5290332288 544336.9267578125
68727681.5513791293 543644.9082031250
73921533.9870519042 545108.8388671875
68881489.5663778782 543664.3964843750
72243269.1122994274 544782.3286132812
70121189.8268319815 544205.9033203125
69762567.2737378776 544182.7685546875
70149690.0075519681 544238.9570312500
70244884.9411510378 544250.1811523438
68928234.2908160686 543681.1523437500
68940160.7479712516 543699.0639648438
70189560.0160277486 544247.4272460938
69988026.9258734584 544199.2998046875
72219253.3210455775 544772.3266601562
69964714.0745235682 544186.9594726562
73040345.6647728235 544882.9960937500
71545636.9707813859 544505.2280273438
69157808.8350683004 544021.5717773438
73248842.7293550521 544900.4829101562
69486309.4760993719 544063.8818359375
69091924.9522408098 543888.9843750000
72157369.7092640400 544754.5214843750
72898916.2704292238 544814.5297851562
71874201.6022766829 544618.5883789062
73288850.1362412125 544984.0307617188
69762511.2346993089 544177.6445312500
69533767.7286616415 544126.6235351562
69044476.6659603715 543862.3916015625
71661546.5560597330 544567.9438476562
69049565.2920493931 543863.2905273438
72770263.5253246725 544814.4907226562
73000462.6398463696 544877.4555664062
72126985.4459775984 544748.4687500000
68808930.7550409138 543655.6782226562
72630560.1054207385 544807.5478515625
71850697.4497958571 544614.8144531250
71345821.9957035929 544406.1987304688
70955704.4220311791 544354.7685546875
68947171.7425594181 543731.7714843750
69032085.6707831472 543805.0717773438
72016255.2227637321 544669.2636718750
72122941.6278245002 544674.8041992188
71372557.4458695799 544418.8139648438
