66978049.6627453789 495583.6623706818
66963757.4415246695 493730.1729412675
66725235.1150685549 484184.0775070190
66709107.2114168108 484091.4095382690
66445149.4644325972 471368.5162277222
66359966.9289010838 468275.8270134926
66500418.2782354206 474791.0920429230
66136399.9163405001 454205.6803875566
67105520.0526134297 500372.3199386597
66852998.3669519350 491050.5025634766
66727268.9106525555 484846.9412841797
67093865.6054080129 499718.8706226349
65898582.0536132157 431770.6164436340
67412333.1148377657 511931.4836425781
65764303.1845039353 419955.5780574679
68285887.6211916208 541872.7382812500
68082931.2254885733 536320.2164306641
66700522.6918617412 484087.3460617065
66416141.2611461058 469905.1510796547
65960615.5284854919 439480.2987103462
65943006.3977861106 438576.7959003448
66516983.9688537866 476905.0055103302
66137058.1609706655 457095.1786675453
67021811.7195954695 497890.9138183594
66570233.7805912346 477709.9257736206
67062303.8706199005 498443.4530029297
65943667.6402563378 438983.1574096680
67053190.7763569355 498298.5517578125
66642007.5911087319 480833.0634441972
65686197.1247244254 400065.9994407892
67720339.5456760377 523754.7854003906
66509042.1948228478 475864.4827446938
68330466.7124648988 542807.7670898438
67450725.6313822716 514142.7951660156
66262142.4771293029 463436.5882134438
66825424.2751438692 489980.7397384644
66423742.4609682187 471147.9537277222
65997744.6138843819 443006.7206184268
66093979.2066049203 450295.4020919800
66531381.1265185699 477085.2492847443
65721576.8666930273 414979.8586970568
65841248.5418286994 430232.1163631678
65838389.7175443918 430126.6677803993
66121605.2370192856 453974.7246651649
66418401.5036375076 470860.0298023224
65817552.3820419237 427882.6580238938
66236299.0133347809 461752.6320176125
66401235.5761819556 469724.7921676636
66681983.6985616162 483701.6565113068
67135972.0955923051 502557.4759693146
66778364.3239136189 486322.5589771271
65810728.5185351074 421832.1286917925
66023054.2223324031 446955.4927177429
67705325.0109833181 523622.2302246094
66548834.7170814201 477466.7410812378
66842371.9696290269 490180.5111007690
65862244.5932427794 431064.9834308624
66674564.1733808070 483670.3023605347
66843231.5696391985 490214.9298019409
66855636.6011354625 491410.0814208984
67693391.8926526904 523065.5523681641
65823452.6495931372 428068.1121807694
66657110.5828179419 483288.8105640411
66751306.2083458826 485450.1945800781
66568980.5974526331 477707.5947189331
66940404.5461735725 492870.4725513458
66061292.6219254956 447786.6993637085
66921648.6819478348 491917.2725830078
67096650.9816056341 499996.3794116974
66387871.9334286973 469640.1577935219
66417970.2935427800 469909.5177788734
66877035.6646452695 491653.7641601562
66811228.6774619445 488843.9286675453
67284574.5741339326 507017.8921051025
66774926.2418542057 485455.8981933594
65764433.3870843723 420378.1158795357
66821093.1553214043 489974.5265064240
67295176.9999231398 508118.1058349609
65739030.4572558701 415361.9378958941
65701705.0842343867 407803.7448021173
66882848.3027549908 491829.5968017578
67629136.2798784971 519035.8454513550
67886491.0679449737 529641.8709716797
65761592.3050758168 415565.4842624664
66695963.2368906215 483913.4953536987
65778123.0886885747 421335.2553443909
65683698.4318821579 398561.2511608005
65913775.6745845154 438046.8040943146
66008293.4092205092 443745.4360008836
66793027.7998381853 488642.0171685219
66790529.1069959104 487137.2640057206
66086244.0820663124 449287.5080795288
65931229.2651473582 438428.8832931519
65712015.6462449804 412512.6184131503
65906713.1469787210 437084.3194146156
68216152.9808402956 540126.5253906250
67841593.2867716998 527546.8082275391
65904214.4541364536 435579.5647869706
66324252.8485033587 464899.5891036987
67384100.9484549612 511514.4993896484
66427664.4556872621 471241.8433761597
67778789.7015523314 524849.7926025391
67995858.2397531122 531607.9047851562
68613676.8550653756 543557.5742187500
66608736.8834419176 478980.9403076172
65714514.3390872478 414017.3730407953
67433203.7375772148 512752.3436203003
66898185.3728017509 491842.8009033203
66849469.8513152003 490364.3469161987
66013382.0353095308 443992.6114159226
65761934.6942420974 418873.3612518907
67273414.4203470796 506581.7382736206
66259643.7842870429 461931.8418865800
66292402.1002757102 464337.5698413849
66988015.0694411099 496608.9311447144
65862905.8357130140 431471.2316589355
68087836.7121388465 536498.4731445312
67316833.1605148166 509402.9891281128
67331859.8797263056 510320.3632812500
67124295.5297482610 500605.5458984375
67490428.9482199848 514871.5842456818
67334498.1139098108 510679.1389160156
67829660.1684410721 526990.1303710938
66800091.4769128338 488802.8380913734
67495914.5245267749 515229.5364913940
66812088.2774721161 488877.5128960609
67871721.1034352481 529454.2446289062
67174646.6305438876 504486.5599365234
67254423.8864343017 506176.8641529083
66017419.2760612145 445244.6120152473
67807570.4734496325 526420.7473144531
67037875.7596599758 498124.4272460938
67785357.8087059259 525148.3892822266
66980537.7766395062 496382.9902515411
66022507.9021502435 445491.7874302864
68016875.9771175981 533817.2314453125
65912528.6795149744 437140.4679188728
67895622.2360219359 530028.9503173828
67671290.0131424814 521717.0871505737
67611682.6893156469 518656.3116626740
67503258.4842485189 516506.0826416016
67773424.6903752983 524591.6958007812
66128316.3130655810 454034.0628643632
68279542.6776443571 540640.9912109375
67443918.0917530507 513790.5963134766
67146667.3196513504 503212.9914550781
65948756.2663453668 439230.3328247070
67153518.4844249636 503232.6943283081
67838653.1463786215 527347.7086181641
67499112.2372262776 515478.8055343628
67984634.8124286383 531454.4117431641
68074677.4991382957 535006.7664794922
65932183.9178040773 438495.0981703997
67810208.7076331526 526778.3813476562
67687801.3335573077 522038.3389892578
67292437.1789156497 507589.3859863281
67958854.8255446255 530513.8886718750
66490928.1185932159 472458.4803466797
68525406.2284641266 543263.0400390625
67630933.8149645180 519683.6456298828
67883689.1176913083 529472.2568359375
67439771.8447308093 512763.3192062378
68040870.2904944122 533856.1021728516
66309855.6908385679 464719.3834152222
67318177.4572833627 510265.7819824219
67634926.0172872692 520507.9581298828
67524844.7267678082 517299.9362792969
67695000.0213602781 523219.7843017578
67688954.9665374905 522992.7188720703
67116443.1580443680 500383.8985519409
65826678.2488826290 429381.8149952888
67157664.7314472049 504261.7004394531
68004942.8587869704 533260.5535888672
67915658.9362226725 530256.0157470703
66048196.7081544176 447752.5166602135
67116757.7601169497 500454.5903320312
67307180.0454875082 509217.0729980469
66297900.4489804506 464478.5463790894
67271877.4769971520 506557.5483322144
68186465.8437152505 536813.5073242188
67844698.2012014091 527862.1744384766
67452949.9047518075 514298.5270996094
67349406.2685589641 510973.6730957031
67509918.9943951219 516977.7546386719
66219536.2943297029 457472.7533187866
66065808.7277836353 449028.3439636230
67489274.7006343007 514864.6907958984
67965666.4811655581 531133.7520751953
67837981.7394344807 527230.6547851562
67314031.2102611214 509236.7758712769
67659617.1742362529 521334.2033691406
74868637.2616120726 545239.1528320312
66017000.0418473780 444593.8288555741
67578690.5392214805 518112.1578369141
67645911.2888539881 520820.8321533203
67126107.6177328527 501429.9665093422
67730577.9092575014 524013.4309082031
67546243.7902776152 517542.8538818359
67615015.3351039886 518676.3103027344
67570065.1834213436 518009.3493652344
66485804.8988996297 472141.7468261719
74058329.1862588823 544994.5131835938
70710109.3677954674 544289.5146484375
68443995.1979512721 543032.9628906250
66102570.0139196143 450482.9366341233
74534690.1690240204 545201.4985351562
72243269.1122994274 544782.3286132812
71069245.0657376498 544364.2290039062
68049191.8614878058 534095.0880126953
74244902.8419642597 545047.8574218750
74377983.0680576265 545165.7998046875
74303580.3461037427 545159.1577148438
67467398.3690424562 514592.7316894531
67385731.0644414574 511539.4525146484
67373797.9461108297 510982.7546386719
66965594.8918966949 495425.8849663734
67179063.7949570119 504504.7181396484
67652683.7273872197 521071.0782470703
66997991.3672023714 496764.1260910034
67235710.4913381785 505345.9239501953
70121189.8268319815 544205.9033203125
70779179.5193746984 544309.4916992188
67603082.2167733610 518119.6124267578
67545978.9839566499 517482.4602050781
66925778.0481303111 492026.5219726562
65795576.6792514399 421717.3345432281
68437427.0907976776 543021.9550781250
67738505.4938136786 524182.5343017578
69762567.2737378776 544182.7685546875
67214135.4077009112 505067.3330078125
67087509.8754625991 499023.0690484047
67280571.3688780814 506742.0023117065
67078930.1909769699 498874.9113769531
67381216.2406906784 511079.9194335938
67022283.4945958182 498034.4472656250
66607058.0125705451 478613.6480712891
68051855.5620611310 534166.1690673828
67770983.2306285352 524300.8548583984
66741387.1554062665 484986.7885742188
70149690.0075519681 544238.9570312500
70244884.9411510378 544250.1811523438
68432951.2501563430 542982.8237304688
68151226.4089429229 536725.5385742188
68928234.2908160686 543681.1523437500
68797912.1447844505 543611.3549804688
68940160.7479712516 543699.0639648438
70189560.0160277486 544247.4272460938
69988026.9258734584 544199.2998046875
66477370.0265497044 471495.7868576050
72219253.3210455775 544772.3266601562
67233631.9128009081 505333.3414306641
68493892.2656542361 543158.9653320312
67393944.8732738942 511803.5922851562
67964927.3574200422 530527.7668457031
67075766.2097024471 498859.2390136719
69964714.0745235682 544186.9594726562
66930911.4716869518 492112.2882080078
73040345.6647728235 544882.9960937500
67076851.6124397144 498861.2023925781
70496461.6296549290 544282.4809570312
66640228.2554953620 478991.6048583984
70639352.4192291945 544285.7265625000
71545636.9707813859 544505.2280273438
68199181.3317776769 536994.6357421875
69157808.8350683004 544021.5717773438
73248842.7293550521 544900.4829101562
69486309.4760993719 544063.8818359375
74127709.9174582362 545019.5371093750
68668507.7702303380 543564.1044921875
69091924.9522408098 543888.9843750000
72157369.7092640400 544754.5214843750
72898916.2704292238 544814.5297851562
71874201.6022766829 544618.5883789062
73288850.1362412125 544984.0307617188
69762511.2346993089 544177.6445312500
69533767.7286616415 544126.6235351562
69044476.6659603715 543862.3916015625
68428133.4450157881 542866.7197265625
71661546.5560597330 544567.9438476562
69049565.2920493931 543863.2905273438
72770263.5253246725 544814.4907226562
71393722.3272093534 544422.8496093750
73000462.6398463696 544877.4555664062
72126985.4459775984 544748.4687500000
68808930.7550409138 543655.6782226562
72630560.1054207385 544807.5478515625
68210395.2181921303 537556.0048828125
71850697.4497958571 544614.8144531250
71414145.5806329399 544467.7099609375
68999641.4988092780 543791.5742187500
71345821.9957035929 544406.1987304688
68993091.9279805869 543790.5546875000
70955704.4220311791 544354.7685546875
68947171.7425594181 543731.7714843750
69032085.6707831472 543805.0717773438
72016255.2227637321 544669.2636718750
72122941.6278245002 544674.8041992188
71372557.4458695799 544418.8139648438
71176632.9763380587 544384.2319335938
70838731.3869550973 544336.4243164062
