50184536.1654091403 1983456.0000000000
48278212.5128271356 1974593.4414062500
48072087.9083520174 1959288.9277343750
48288950.0964432955 1975123.9726562500
50377811.7340892330 1983704.1425781250
48310960.7793365866 1975184.5253906250
48108331.7513878196 1959812.5292968750
49253032.8143706098 1981360.5585937500
48690322.3185101599 1978735.2949218750
48246418.5641710535 1969054.6757812500
48056596.3912464380 1951948.6777343750
50400879.6088535935 1983785.9863281250
49078342.6361111403 1980723.5234375000
49743236.7221544310 1982530.9101562500
48752040.4848406315 1979256.5742187500
48356129.3959044367 1975447.4394531250
48218526.4737172797 1968680.0566406250
48070045.8943151236 1952784.4589843750
49636751.2848617658 1982346.9843750000
48179411.3973148018 1967228.7167968750
48456086.1588461325 1977414.8906250000
48256870.2344548032 1973749.3808593750
48367353.5955816582 1975820.1894531250
48399054.1693791077 1976945.3906250000
48368888.5447383672 1976457.9824218750
49701775.3779246360 1982449.5664062500
50254484.7000568211 1983636.1621093750
49600806.2357875630 1982059.9531250000
48853961.3130627945 1979769.0527343750
48213670.2976616025 1968463.5917968750
48383025.4518245086 1976777.3574218750
48393246.2122850418 1976797.7792968750
49507563.9950661659 1981991.7617187500
48174347.6096549034 1967186.1875000000
48421138.3027388230 1977177.6933593750
48189632.1577753276 1967249.1386718750
50294957.9758557826 1983644.0156250000
48715216.9491129518 1979000.4960937500
48410917.5422782898 1977151.9765625000
49387040.8222122788 1981704.4824218750
49354881.0918141305 1981567.5996093750
48378169.2757688314 1976560.8925781250
48031847.4157914668 1951417.6816406250
50584572.7449545190 1983967.3769531250
49216913.3266591802 1981194.9062500000
48695008.4953736067 1978787.0742187500
48234555.1912718788 1968848.0898437500
49648149.4845541492 1982364.5117187500
48208220.0856474042 1967737.9179687500
48607930.1838842779 1978529.1132812500
49207283.0353450999 1981096.2167968750
49135070.6508946195 1980984.2109375000
48277010.9586309046 1973978.7773437500
48228747.2341778055 1968700.4785156250
49365060.8419895321 1981661.7753906250
48725178.3242399246 1979161.6113281250
48163080.0967341959 1966617.8964843750
48316126.0350333899 1975430.1171875000
49767807.2146001607 1982574.1171875000
50204252.2958290800 1983566.8632812500
49090572.2330417484 1980816.5156250000
49282668.7073636577 1981455.5937500000
48900037.0718411133 1980041.2382812500
48196884.7617654726 1967612.0996093750
49417224.4966242239 1981707.9062500000
49469817.4792025760 1981965.1699218750
48167936.2727898806 1967020.4863281250
49529543.9752889052 1982034.4687500000
49186961.2408095375 1981083.8593750000
48500519.1244236082 1977690.1718750000
49604774.5989035890 1982061.7539062500
48767263.8138442189 1979491.5449218750
49065710.6596124023 1980671.6953125000
48529489.9043939486 1978031.2285156250
48261726.4105104804 1973915.8261718750
48255813.8359329775 1973346.2617187500
49111554.9440832883 1980932.3828125000
49457331.5908384323 1981922.4628906250
48131667.2214823142 1959827.1230468750
50456575.7896105126 1983947.9101562500
50442618.7088085040 1983904.7031250000
49066003.9486564174 1980692.7109375000
48923802.3844938800 1980104.5117187500
48855924.8537950888 1980015.1464843750
49672034.4135099724 1982374.5917968750
50648348.7406092510 1984234.6894531250
50250845.7578097582 1983617.9238281250
48159466.7092075944 1966018.5664062500
49004594.5250720754 1980602.3964843750
48755400.4409450367 1979284.9589843750
48026486.3634717613 1948339.1582031250
49801949.8909145072 1982831.3808593750
48777484.5743047521 1979517.2617187500
49238719.7483721152 1981283.3847656250
48812432.4304120615 1979754.4589843750
49143165.2156201079 1981073.7792968750
49788240.4667803645 1982694.4980468750
50067869.3289341703 1983280.0839843750
49291312.7309504673 1981540.6484375000
49259153.0005523264 1981403.7656250000
49122731.9634398967 1980953.3984375000
48952001.5424937159 1980345.1328125000
48521295.8723751307 1977701.6699218750
48929672.9648341611 1980136.2734375000
48095423.3784465194 1959303.5214843750
48975517.2493050471 1980396.9609375000
49213308.7160814404 1981143.0781250000
49962903.3502551466 1983161.3671875000
49199306.3167490214 1981084.5683593750
48899805.5975336805 1980029.7402343750
48906157.2580228299 1980084.4453125000
49916275.4681997597 1982913.2109375000
49612320.6322792098 1982295.1562500000
50003376.6260541007 1983169.2207031250
49782120.2805986553 1982651.2910156250
49956783.1640734226 1983118.1601562500
48664786.3786684945 1978663.7265625000
48983611.8140305355 1980486.5292968750
49338426.4661583677 1981551.4375000000
48366738.6782159209 1975708.1269531250
49433815.8840271011 1981870.6347656250
50402145.4330095425 1983896.8496093750
48937767.5295596495 1980225.8417968750
50090938.3516745344 1983380.0800781250
48485215.5133802071 1977680.5332031250
48444473.7728333175 1977192.2871093750
50210372.4820108041 1983610.0703125000
48599209.8219257444 1978170.7363281250
48596776.0498390645 1978057.3925781250
48477183.6543291062 1977675.5781250000
48525193.0374077484 1977749.1777343750
49059358.9991232380 1980616.9902343750
48688121.8487629965 1978678.3203125000
48651944.9180001467 1978638.0097656250
48697113.5345679969 1978900.9238281250
49902362.8976858258 1982836.3359375000
