44238916.5051457584 228542.6848428249
44135516.3310426921 218447.1371952891
44630946.5163532123 264600.5126953125
44745956.2569396123 270634.0433349609
44298761.9327986240 236740.1508178711
44247695.8703212962 232622.7019891739
44110824.5502990410 214609.4059462547
43980711.5343357548 188663.2635871470
44307813.4781622440 237684.9007797241
44498153.5782217383 255268.2745513916
44159998.4793963581 219193.9865522385
44606726.0606180951 263421.7266845703
44807931.8791283220 272773.3617553711
43960804.0031989068 173497.9206569716
44754847.2947856560 271279.1573486328
43970329.6506942436 180247.6278583109
44826950.5557414070 275596.5495605469
44485980.9122590870 254468.0352935791
44672221.0105006397 265370.8034057617
44258136.7435389906 233020.3263254166
44569545.9361652136 260488.5128326416
44055973.3164038882 208245.3194125891
44338977.7265194580 241927.2289607525
44947820.6336153299 278537.6386108398
44711607.6838539988 269163.2147216797
44572300.2310583666 261185.4522247314
44363833.8409976512 245314.9832992554
44182379.9360967577 220577.4048166275
44227058.5991269350 227091.8853909969
44598298.1769264489 263420.2960815430
44046551.5351228938 207276.2651991844
44132246.1997647211 216562.8083767295
44287024.1151546240 236551.8654353619
44507044.6160677820 255913.3885650635
44326237.3623544723 240871.1028757095
44672353.1843976676 267141.7975463867
43968737.8225795999 174212.0602914393
44624638.2922263071 264478.2673950195
44473835.0420766324 253361.2096252441
44092771.9936894774 210689.3038561344
44886045.2960726172 276933.5103759766
43965757.2784269005 174202.9705226943
44284027.2333320081 235421.5028169155
44681244.2222437188 267786.9115600586
44016454.5176265836 201693.9467179775
44801287.4581955224 272517.1610717773
44194974.2689992934 225853.1363935471
44586068.8649664149 261630.9187011719
44728507.1794857904 270221.1860351562
43994958.1858917549 200475.3752455711
44092840.1500363648 210939.6290184557
44479833.7047279924 253586.0990753174
44589619.1525960639 261831.9968414307
44415324.6837044433 248210.7355499268
44429690.7147316933 249346.5427169800
45261448.3945935667 292780.6114501953
44422889.8163248152 249324.5042207241
44639625.7940962017 264845.8225097656
44231702.4379186854 227757.7199246883
44523897.1661008075 256364.1876831055
44313008.7796354666 240729.0307321548
44035179.2811146826 203317.9206425250
44033234.0480329096 202118.3567521572
44208642.2599219978 227039.0993032753
44057374.4695999920 209451.4974992275
44422308.4545841590 248559.2924394608
44011395.2423383147 201230.4261399508
44552093.5865463614 260105.6409530640
44430231.2873781025 249434.1364772320
45120932.3546805978 286760.1339111328
44548882.6016188413 259408.5825119019
44189577.2452828810 224490.5503950119
45129497.1671006605 287016.3345947266
44108522.5411320776 210991.4685900211
45110275.9187585935 286347.2766113281
44458149.5834794044 252821.8908157349
44590332.0270077959 262150.9779052734
44353119.1136389896 244198.3870189190
44623109.3103767857 263787.8511962891
44584380.6307556555 261353.5767211914
44852878.9508093894 276265.6075439453
45345014.2906349301 294211.0764160156
45134618.1844550967 287405.2479248047
44490577.2648777291 255093.0488739014
44545584.4913363084 257509.9000101089
45292728.7330463901 293193.4687500000
44079535.6729814187 210506.0970737934
44272512.6952490658 233170.3837728500
45454482.7312920541 299213.9462890625
43974534.6933094338 181204.2886859477
44960942.8271594644 279913.9417724609
44074154.0000063181 209875.9075334072
44436511.7773298472 250405.1342318058
44526851.4025600106 256864.7859964371
45210622.2548676208 288835.7128906250
44962806.3423563391 280326.7990722656
44042412.1291375980 203447.1601463854
44348202.1425328106 243873.1084630489
44444372.6744976491 251705.2945353985
44439455.7033914477 251380.0159795284
44913223.7506562546 277712.4921875000
45160958.2997549698 288463.2192382812
44816177.0859378874 274171.0231323242
44820226.6466556415 274538.5782470703
44279417.5927184448 235341.0141553879
44696546.5527814776 268795.6596069336
44512110.4026558846 256186.4824218750
44452759.6340511814 252064.9093790054
44396233.6010684967 246741.1987457275
44863466.2575872838 276654.5208740234
45027479.6775749996 283087.8557128906
44271734.0381011590 233046.3941812515
44345436.5614120737 243810.4907951355
43978485.1062642485 181819.5896126898
44969668.3634849489 280971.9130859375
44343897.7218550742 243779.3806886673
44347977.0909745470 243870.7900857925
44480807.1396199614 253929.7694702148
44441327.8095559627 251489.4224710464
44516656.4875451848 256341.8472290039
44331636.2554661706 241817.5967042446
44342632.2822772413 242099.7959451675
44897202.6884771138 277067.3781738281
44996008.4787848070 282029.8843994141
44276169.9417438954 233681.7448835373
45301619.7708924413 293838.5827636719
44989146.4576562047 281384.7703857422
44172157.8960216939 220271.9689712524
44389618.3495906442 246252.9773416519
44506578.2445631027 255717.6430664062
44528260.6432277858 256986.9612426758
44398297.6273336411 247326.5500192642
44543487.3336135522 257398.1751413345
44439230.6518331990 251377.6976022720
