29537928.0708014779 4637.4854340479
29532140.2339474298 4637.1730866358
29480304.1090616398 4521.4765898436
29798758.9205052927 4835.8790994175
30046169.1129763573 4837.8284603506
29494770.1212650910 4533.3449654579
29579544.2902345583 4724.5614274740
37918810.3451188356 5926.0734481812
29511375.4099051096 4539.1576994734
29544850.6470760256 4639.4347753376
29521308.2294104286 4628.8900495023
30111542.0048039928 4839.6809841543
30097133.9449046366 4839.6551919468
29495148.9122447744 4533.3675756380
36901692.1533249915 5908.4293899536
29766965.9938259721 4835.3828154877
29761530.8595316932 4835.0327020176
29800534.6689367667 4836.0903698355
29983201.1179305911 4837.7151409537
29487871.3444562927 4531.8506455347
29527670.3476675339 4634.5969355106
29767845.1445243359 4835.5006023794
29508026.2435254641 4536.6124721467
29590379.8507581577 4730.2208401114
29473005.4625051320 4416.2059235554
29508144.6486659907 4537.3583288789
29498766.7029529400 4534.2369945512
29598780.0650227182 4733.3487169221
29502105.5067512989 4534.8350932002
35730728.1844541878 5806.4238872528
36244014.7557350770 5816.9066133499
29727711.0295103416 4829.3853715658
29517424.5600806922 4628.4660341218
29519675.8799147718 4628.7250835896
38587859.8640391827 5926.3120422363
29577580.6423155740 4656.9086875916
36790163.0615450367 5907.4943466187
37004768.6447847635 5909.5346221924
29516483.5802379437 4619.0081208944
29472247.8880097866 4415.2122403309
29505712.4971234463 4535.2256074622
29642921.3765329383 4750.2375268362
38588384.1589101925 5926.4762802124
29606291.5825682953 4740.0209426880
29511837.5980998650 4618.7280534506
29477617.1485730112 4511.8045839071
38573274.9964083061 5926.1067504883
29525103.1550196484 4628.9960663319
29472723.2030410022 4416.0957945548
37642801.2877594158 5923.3716049194
37315647.6383901015 5922.8952407837
29475880.4233569242 4511.2227416746
29473414.4696037956 4418.3429359961
29485853.0899683833 4522.1458065510
29475233.8835926615 4420.1486751102
29529023.2242233455 4635.1382598877
37566773.3244899139 5923.2450790405
36745972.5130147636 5895.2349395752
36536349.5516311750 5873.9962387085
36417937.9517445713 5842.9894256592
29873147.0038425103 4837.4417738519
30297192.7410292774 4908.6742682331
30319259.5635803342 4910.1182557195
30386560.6501232944 5009.0419267192
30525937.0605636239 5132.0895713344
30380361.3730395138 4930.3767341152
30768918.7561711930 5233.9271769226
30524391.0145838968 5033.4505181015
30909568.9776661061 5325.3064308167
30855429.7410887107 5235.1475048065
30746108.1716091111 5154.0332679749
30755660.2918446101 5193.9736469984
30764199.9394121133 5196.2104804516
30882997.6786007509 5264.8117169142
30744527.2841808945 5153.7723187208
30703980.9902510084 5152.9026135206
30941872.3668005913 5334.9030017853
31049844.1399443038 5384.1838712692
31074211.7628749311 5422.1678900719
31007418.2240672223 5335.8067188263
31241413.0763118230 5488.7852048874
31061400.0057768747 5417.7151465416
31250322.8660069332 5513.7220487595
31545865.0112876557 5556.1051607132
30895104.7781403959 5270.4986610413
31116465.4587938339 5423.4933376312
31422663.9479405545 5555.1151142120
31841692.6020599008 5640.1950778961
31326433.9546632990 5529.3081178665
31323870.9053173512 5528.1965742111
31160889.9321174622 5452.2100667953
31616650.3577036150 5614.5203418732
31570857.7909788340 5561.8212871552
32065678.7760837786 5652.9007072449
31824526.3722115457 5615.3751430511
31382724.3250794895 5548.2471323013
32115932.5979507305 5716.5783615112
31577267.1247661114 5607.9824466705
33633362.1531699002 5721.4903182983
33720466.5033788830 5803.6946411133
33688263.8676483780 5781.8288764954
