139786684.6353508532 529557.7396554947
139410264.5220456421 516625.9570683539
139493830.2574239671 519855.5860710144
136197814.4701650143 365586.9339188971
138191689.8483662903 467574.3686065674
139869148.5339384675 532370.0663566589
142300905.0146082640 604093.8618164062
137214462.7262157202 424624.3309162268
140252761.3302064538 544688.2985839844
141582684.6850329340 587396.1177978516
139195174.6200528145 507680.5050203800
138794956.6049453318 493976.9686946395
136991495.5624934733 413495.7018923955
141384698.0265857577 581191.9339599609
138085840.8676237464 463649.2661179602
135943289.5528784394 352835.1511467164
137269724.5214046538 427970.1320859818
141932518.2555586398 593830.4693603516
140795837.1701564789 564372.7908935547
142839941.7924182415 609593.7136230469
141763833.3735703528 590561.5083007812
140574026.9053075910 556727.8277587891
143715404.8800141811 622227.1308593750
141480761.2614350319 581384.4723510742
141138486.7865199447 570677.8809204102
137025754.1655647755 416712.1987371454
140993351.4425509870 570576.9747314453
137287765.1224506199 429853.7200134424
137159896.1388191283 423698.3318298487
139011387.8294469118 500997.8050081730
140390885.4050719142 548265.6642570496
141331951.3298908174 579169.6844482422
139899142.3781888783 532958.4672355652
143273847.1084158123 618903.3872070312
141908635.2256288826 592283.8311767578
143550233.1625134349 621633.4692382812
138712185.2823776603 489029.0260478854
137632505.4185708761 444566.9439999787
143873051.4484524727 625901.8745117188
141148422.7887471020 571973.1306762695
137910175.4709085822 458713.3554305136
141296462.3344503343 575843.5835571289
139458858.4729127884 519607.2376213074
135861944.3418917060 346679.7486916054
136581491.3368890882 386844.6679876475
141141560.6498302519 571053.7363891602
137506264.7316921055 438132.5924374787
136110826.8557924628 363277.2186257895
138634643.1309621930 484371.4803935885
136266560.4635175169 372031.7154350919
140760865.3856453598 564124.4424438477
135814652.6067960560 345076.3029017700
139240463.4076418281 508827.0044011176
140082691.1138530970 536674.7291374207
135852443.4323450923 346589.9859185275
136446516.2319648564 381478.9261277542
141048329.0703755617 570674.5841064453
138908477.2465938926 497654.7381156683
137349856.7123357952 432126.7619033679
138326892.6202628613 474422.1423939764
140401576.3363011777 551122.6501464844
139197718.0288508832 508740.2115592957
136835508.1673617661 404114.1069320068
139097315.7315591574 505795.6070010662
142270994.7506566048 601579.2084960938
137717222.4433944821 450506.8770904541
138839864.3916837573 495520.5669002059
142196174.4375816286 599534.1823730469
142114616.9559432566 599304.0146484375
140586476.0151358843 557690.0908813477
138189160.7826596498 466985.9677276611
140834945.5695360601 564496.1470336914
139169974.6691587865 506512.7398550510
138195346.6004008353 467914.4374731211
136516234.5972075760 385697.8792343778
139430965.6060475409 517099.1403312683
138479849.1031070352 480723.9356068671
136763055.8655127585 397395.9586837487
137372808.0207588673 433721.3739479212
139084064.8226570785 505393.4978504181
138829928.3894564807 494225.3171443465
139367792.9614004791 515261.3559636176
139612151.0795113742 526408.3255729675
143351304.4514879882 619424.8291015625
139179084.4007495642 506895.6872863770
140172842.6262787580 540641.9291992188
136975810.3641720712 412654.3696883544
140708118.6889503896 562102.1929321289
137403028.0708968937 435067.5800759988
140552699.7934009433 554234.5933227539
138205282.6026280224 469209.6872289805
139325047.5826094747 515174.5631217957
140039725.4863669872 535996.5157928467
141540072.0972585380 585981.7811279297
136873233.3794152141 411270.2049258277
136503114.2625471056 385438.1682557804
137061941.9400661588 419185.1726020202
137528248.9988265634 443228.7953193812
141211527.5522323847 572979.9888305664
136901305.8904183209 412151.3153096065
136599288.0212871134 389785.9315130636
139715291.3350741863 526813.2416620255
139144440.2368919849 506357.3625859320
137802767.6566565633 451870.1587456763
137707417.7599600255 448134.4325874476
144179378.4420844018 626035.0932617188
137358244.4007261693 432543.7682559416
137155186.7158021629 422736.9008322582
137463900.8723767698 436923.7389028696
139581098.6106006205 522875.0396432877
140503395.6100787520 552683.5474243164
138640983.1715008020 485310.4610614777
140636046.7303380668 558513.3936157227
143176084.0172343552 614634.9819335938
143027431.8632327318 614245.8415527344
137798596.1964065135 451535.8007046906
136014564.0861431956 354421.1902378071
137327975.4862716496 430375.0559277460
136335249.9744643271 375335.2632728443
142957770.9769020975 610528.2133789062
142954005.3446643054 610149.3933105469
140214473.1001865864 543631.1764526367
140154617.0618573129 540393.5807495117
140888066.2445043921 564815.1868286133
141884025.0230525136 591597.5640869141
140354162.4388010800 548081.1004638672
141271834.7602186799 575332.5366821289
142433812.5111686885 604666.1472167969
136091544.0983194411 357687.2772213845
138559797.1103795469 483314.3582622409
140106248.5214490592 538738.3303680420
142657442.4721547067 607956.1762695312
138618418.8908635080 483409.2172710299
139295493.4789416790 509012.3352775574
136394539.8735209703 378245.8145595221
139109468.4523808360 506109.0141362250
137118591.4736967683 420401.0267500803
139544590.0603379011 522571.1778068542
138704621.8938356638 488970.4252376082
135883683.7315763831 349935.7177574886
138749180.1250266135 490805.8319560885
136166161.8879915476 365470.8033889160
138461660.3622494340 478873.4398245923
139985362.5845462382 535796.9732170105
138412673.1443990767 474707.3682987392
136030249.2844646275 355262.5224418482
141885735.5186049342 591759.1486816406
138083895.5785674751 461844.8875082163
137820424.3377403617 452742.0544863641
139323497.6554927528 514293.0488166809
139063062.0920302868 501165.1634521484
138232844.9499855340 470048.6472878568
136809964.8673461080 399831.2481201319
137242820.6565327942 425971.3594482569
140517728.0088898242 553986.2448730469
138939524.1652171612 498474.6739501953
140466168.2992675006 551830.6936035156
137854802.1173887849 455645.9788970947
137187117.0733780265 424347.1022931775
136362622.2198903561 377969.8897514981
139369660.7471781671 516136.8262443542
137982908.8139342964 460641.1402077787
138134945.6886872947 466373.9731161296
135927621.2414793968 352824.9501691116
135786539.1894885004 344929.1743004574
136549643.3415298462 386026.7104375986
137399633.0621547103 434765.1659846930
136467386.5663072467 382250.5014349259
138980220.8978772163 499569.9486395717
136424903.8287297785 381120.9929309725
141281060.7962236404 575779.6080932617
140304982.2976526618 545498.0666007996
136288468.2576698959 374985.9112733230
137049187.6918940246 419091.8842280731
143208192.0316585898 614767.2834472656
140555555.8904782534 555186.4450073242
141233651.9113789499 574757.5823974609
142554024.1468121409 606179.3703613281
138426228.4645012021 478409.9094122080
136802721.2056100368 399347.7678425014
137767425.5451175570 450955.8046492636
139182210.7150143087 507089.4195060730
136625324.3228048682 390310.9013220109
136781753.6724995077 398643.3533544540
138956735.2688984573 498959.1462879181
141191625.4783133268 572242.9290771484
142322716.3679102659 604289.8542480469
137704843.1353624165 447236.8242717413
138982138.8986222148 499674.6625737250
137269237.3496360481 426981.7518392839
138990461.1908321083 499768.8869769573
136653445.9535853565 390798.0705915727
138116804.9375689030 465780.2420144193
138667627.0511867106 487542.6171321395
136751040.7975534201 394855.0500994762
139723967.4136549234 527374.4715690613
136084977.0069775283 357366.8262215126
137518375.4607922435 440276.9403315485
142651594.4191489518 606311.6718750000
136656987.4101307392 394027.3231249889
140343338.6383803487 547551.8933105469
138038590.7607222199 461224.9413931074
139308262.0461962819 511556.2821416855
136485818.4818314016 383091.8336389670
137430518.0711357594 435547.3791235527
137645844.5428427756 445810.5074378094
139740944.0422810912 529483.4618806839
137952031.6092666388 458894.3339043260
139301403.3494336009 509865.1890983582
140512160.0800164640 552985.3049592972
140951475.8163294792 566452.6449584961
137697193.5088166595 446127.9138405733
141714927.0089101493 588309.9836425781
137853704.5821332335 452797.3834936135
139829958.0950688422 530911.1570281982
140874228.5332151949 564808.1405639648
137694289.7569200099 446024.2559722094
138275333.0572771132 472214.5935769193
137697647.7168038189 446570.0634778850
142093938.8289785385 594461.1588134766
137635287.1053191125 445296.4121170184
142746453.8875595927 609455.9943847656
139494283.5359672606 521996.2235221863
142930854.1264596581 609977.4362792969
144429211.9321058989 628483.0815429688
137468089.5353581905 437684.9243327221
139700928.3842667341 526408.5050163269
141231366.5687655509 573688.0322875977
138259688.1733944118 470246.9343617260
142053628.6882868111 594351.9112548828
136215570.3138827085 368895.7252393430
141714866.0604510307 587626.2855224609
137625782.7933564782 444119.2758952221
139082786.4256295264 503648.0889444351
141515308.1621014774 582836.4383544922
