45033557.8643651158 287156.4481737651
44948054.9564778581 271706.1050315052
44956784.0134296194 273444.9915359467
47440757.6503850222 478664.1325683594
45459457.3807744086 348370.0647884905
44996508.5109939054 283934.8512483835
44984077.4284885079 274822.3362004757
45019066.9226067215 286674.3824682403
45846764.5026508942 381601.1792988181
45647067.8040234298 361232.9259612858
46653437.5327178761 439963.1683729887
45399852.2512274086 344480.9611195251
46903548.1323300675 451448.3555183411
44952190.9339188635 273438.9179171361
45236781.8303891942 323389.7852478623
47519878.9753273875 479287.5789184570
45350814.5035797805 336142.1849056780
55561992.7367230207 523282.7529296875
45123473.4121831432 307820.6912971325
45894791.3637181222 385055.1696192622
45031244.6071480289 287050.2160832882
55116673.7052710950 521959.5732421875
45106715.5147093013 299352.5844823122
45657643.0557920858 367192.1512985229
45143196.6375632808 310152.9418492094
46194961.1684918925 408369.5887960196
45083107.7337626889 298902.2616309607
45362417.1392162368 336143.4813976586
46284052.3445487246 415477.2121922374
44975864.8579837382 274446.5025854278
45440163.3257081062 347226.7142323703
45476139.7545762062 348371.5057348609
45258841.2734281421 323914.3050228655
45325208.4243118018 335617.6651306748
45183722.4862745255 311681.3055169359
45277092.9048698843 324436.1628100276
46290109.8831097260 416032.1472631097
46125230.0214979425 403249.3323094249
45570381.6617481932 359054.4225329608
46496581.3852889612 430067.4352186918
45015679.6789980233 286674.3817481482
46612232.2012809515 438749.0345839262
45302792.9644619226 332271.5168372220
45224067.8809162155 322380.7880931552
45289901.8615189567 332253.0812367126
45531998.0532558784 355009.0567920581
47361104.7672623023 474468.0573120117
45139341.7039749473 310129.5095327962
45820889.5045463815 379464.8135002907
45005022.7937150747 285675.4514198788
45210819.7343102917 320043.6369544095
46225499.5686370581 409542.8926279545
45442601.0736785308 347250.9407317936
45170643.5926626399 311580.4643651247
45713517.2085087746 371706.7004974186
45149877.3623522520 311148.8849162459
45528017.7313034460 354964.2714157104
45139443.1987928897 310152.9082103427
44993521.8392866701 283364.9315315075
48075169.2623165622 491810.5748291016
46033415.6467758045 397283.0495020747
46008219.6469080225 396024.3751413822
45057638.5574308485 295565.2561338190
46246652.9409814551 411912.2951401770
46015253.9452337772 396138.1347397864
45610274.3943710178 360599.4098536372
45115721.7210160866 307807.8937397108
45953016.7669800967 391645.8594276807
44947465.6115657017 263397.7073135078
45935893.8458206132 387020.1084239185
45013459.8388973624 285693.6954270490
45575747.9198793098 359478.8206146061
45661015.8178921044 367236.2183179855
46111513.0095788166 403001.3672436476
45532850.3378160819 356727.2715402258
45396238.5570743680 338089.2931384295
45310503.4290991053 334598.6627673358
47818342.7306508869 489184.4776611328
45403832.5731798634 344499.3967200345
48700146.0085933656 510899.1042480469
48198110.8144344464 500233.7069091797
47099383.0616514981 462609.7715454102
45747423.0514919758 372827.2897364497
45047935.4856269360 287189.9168397933
45592604.2269751951 360597.9446713030
46914613.2930486649 451710.7539558411
44971261.1259927452 274439.6468872428
45419146.3062937185 346826.5426501483
46924937.0803887248 454082.6709480286
44963225.1504143327 273447.5715370663
45197928.6313673109 320025.2013539001
45218530.1989474520 322370.7828845233
45709615.8455299586 369373.2994160056
45281111.1069677547 325489.1908435076
45072806.3582969755 297899.2417750359
45139250.0313325524 308256.0083358288
45799203.0655282959 379459.3685686145
45306549.4442489967 332307.9801952182
45700533.0409674048 369074.9646012038
45702435.8791452870 369371.0625594705
45843500.8457043171 381280.8491105586
44941322.3995783329 263397.3722445741
46204066.1651974842 408476.3008275628
45989927.5220560879 393512.7972944975
45829586.0878789574 381171.6713194735
45663602.3254746497 367236.9366748706
45213428.7721428648 320090.1140584284
45535436.8453986272 356727.2766028470
45683626.2247813717 368987.2340555042
46208196.6021789983 408493.3595710397
45474991.8379089832 348371.3612804711
45059545.3342298046 295592.8114143200
46809286.2643967271 445401.0715827942
44931679.6384498030 260981.7712160302
47130364.1411352307 465286.2734756470
46099837.1282399073 402748.2486131787
48227073.0549004972 502869.6247558594
45971671.6481638774 393399.5512022860
44939149.9011329040 263260.4476275668
45607465.7569137365 360599.3856176734
45300856.3546456844 332257.5796210538
45845028.9026164040 381432.0280654617
45930277.2368724644 385222.6045385003
45516077.9294538870 350317.0584838688
46488124.5902850628 429451.2831604779
45569459.6024287641 359054.3079955876
45079483.3338404968 297921.5753098615
45049443.9874260128 294754.2115129493
48398883.7999640852 504012.0524902344
45580473.0716486201 359526.4343592823
45307458.3822054639 332314.8297571018
45520124.0959495828 350546.9957397282
45267565.3082163259 323918.1084318459
46729125.0375644267 441705.5965547562
46299369.1829368100 416042.8572240472
45630949.3369381279 360929.1644778252
45888796.5744211301 385053.7752423584
45113958.9805700779 299417.7967226058
45822363.5907126367 379516.8382194033
47035063.6393573657 458523.6203994751
45651858.0661351010 363017.0647303760
46368310.8395596966 421735.8192244768
45863191.1556317285 383910.2548569739
45068448.9382418022 297898.2449326292
45856632.5908996463 381607.5904732347
47366735.0322557986 476784.4725341797
45206652.6661554947 320043.1257013035
45927729.6891041100 385153.7666478753
45498253.5482078344 348701.2845950127
45275723.3030038550 323919.0640061796
45102575.5152706131 299275.3098957241
45994920.1982076168 393835.3660131097
45104914.5556156337 299292.8862700313
45068296.2678407133 295610.3790977299
46064811.3981797695 397381.6465306878
45679313.7991633713 368936.6280684852
48109418.8369644880 492992.5798339844
45379934.5770156160 336143.6258520484
45853267.5644383505 381607.4861302972
45827883.9323602989 381164.5079512977
45076528.1042438075 297905.2007775027
46148973.4507165924 406063.2458959222
46125797.7092446163 404946.6951146722
46186628.6670968682 407249.3775272369
46477153.3074488342 429401.2860901654
45745349.0399276391 372827.2655004859
46169486.7583296821 406077.2197329402
46348914.1677242890 419557.0177796185
45796621.2780367211 375228.6554917395
46464564.9837162718 428238.6171448529
45799168.8258050829 375297.4933823645
46893218.8911190033 450974.8593096733
46148014.4454618841 404960.6689516902
46350756.7907736376 419564.0404456258
46466407.6067656279 428245.6398108602
45709987.0097494200 371277.0665437281
45217047.0252994597 320098.9482704327
46370153.4626090527 421738.4033474922
46478995.9304981679 429408.3087561727
46363345.1145061776 420726.7093909383
46059784.2874109894 397285.4444193840
46209351.9342178628 409502.6803777335
46102577.5836060345 402797.9062560201
46453850.4718983173 422650.6185461655
45795155.8595330417 374881.2642693073
45859922.4653065726 383494.0257439166
47959909.7397081703 490499.3980712891
45790093.4933254942 374756.7762321979
46982836.9957478493 456962.5586395264
45560314.5919059739 359054.2766206115
45394255.7874811217 336511.8006642759
46490321.8723491281 430024.8718779739
46881520.2420097739 448151.4534645081
48121799.7015782371 494436.9882812500
46232745.7406323478 409608.7074378133
46782638.1766001582 444242.1811599731
52168748.9782650545 513807.2685546875
46069284.8635284305 397985.5036370754
46539928.6440394968 430526.8695227280
45789664.3064446002 373549.0971829891
47011504.0327885821 457241.8987197876
47298686.4184564203 470526.8428649902
48134388.0253107846 495574.9873046875
46307502.9321072698 417174.7296546102
45514981.4378693849 348711.1944849601
51899022.5041530132 511169.6865234375
47204221.4771916270 469957.5660247803
46396305.6668404713 421773.8619241716
46348396.5566243455 418290.3068030477
46323652.4552533031 417191.3956702352
48615015.2181874067 504078.4411621094
46681751.4488340765 440098.7769780159
53141112.4198471084 513842.0771484375
47565120.7351220250 483434.6032714844
46176595.7720173821 406154.5447041988
46341570.9936283529 417717.7141271234
46521826.2289710641 430223.0973362476
46918812.3229461461 452324.6508436203
46762518.9266650528 441763.5360078812
46688955.4012191147 440554.5021155477
46244280.8306071833 409617.3012145758
47510751.6992443278 478703.8598632812
46684896.8141573071 440394.0372717977
47020033.7694592923 458265.4084854126
47865278.9278877601 489984.2302856445
46777651.6548847035 442832.3301515579
48130329.4382489622 495508.5986328125
48060139.3924185112 491695.9859619141
46573798.5992654711 432992.9372701645
47963968.3267699927 490652.4967041016
48064197.9794803262 491762.3746337891
46821658.9716294780 447295.6363983154
47024092.3565211147 458425.8733291626
47772863.2940142453 489084.8839111328
46715006.7575871348 440576.3129935265
47081209.7531012967 459507.5598526001
54405063.0977646261 519871.0322265625
47303885.0502578616 471608.5293884277
55242584.2940290794 522467.6142578125
47646464.5432650745 488867.6877441406
47593493.6151516587 484111.6938476562
46772708.0135059878 442590.1582889557
55373283.7837531567 522681.9580078125
54707722.3014650121 521809.9384765625
54488651.0608864650 520597.8779296875
55204088.7410516962 522303.9082031250
53894599.8262683228 517873.4794921875
54429971.1209113821 520252.7158203125
53298895.9053747281 516772.5429687500
53689024.8594186082 517793.9628906250
54183208.0848929435 518823.7353515625
53297595.2559619769 514166.3818359375
