274254270.2746930122 2708305.5288085938
274289233.7512921095 2716234.9291992188
274336749.6148607135 2719420.2324218750
274476340.0080199242 2731292.3046875000
278195843.7185417414 3106999.6601562500
285118842.1763710380 3483411.9355468750
274566146.2959446311 2738363.5136718750
274724779.2393992543 2766671.8984375000
275375411.2428941131 2850934.3745117188
278067349.1268162131 3097795.1933593750
274194955.2107146382 2702436.6489257812
274447985.9676595926 2724837.7880859375
275060399.2709221244 2804277.1489257812
275026117.5190638304 2797614.9243164062
275431355.9321812391 2851269.2270507812
275699880.7481545210 2887966.0585937500
275699880.7481546402 2887997.3779296875
275993472.1929908395 2911209.1376953125
324840416.7540553808 3875482.0449218750
324623108.0879870653 3872457.8261718750
274671176.1700516939 2759518.2656250000
274625684.7932291627 2750613.0034179688
275767298.0396391749 2894553.0190429688
276025874.8064206243 2914905.0361328125
275896139.2884837985 2905039.7734375000
277127481.6307127476 3019564.3588867188
277654594.0449402332 3062994.0493164062
285923651.6456746459 3500392.0966796875
275350137.4835007787 2842680.9663085938
278340081.4874245524 3117670.5498046875
290530219.8508927226 3588297.2255859375
274944206.6800789833 2790591.1030273438
275253835.9023578167 2833638.9985351562
275817336.7936391830 2898531.2226562500
276704233.2026380897 2978645.8320312500
290759557.4440115690 3593502.7558593750
274250824.3238435388 2706731.6582031250
274476340.0080198646 2731233.7568359375
274905344.2374522686 2786003.2778320312
275316891.3119747639 2838208.5483398438
287083507.7877352238 3529492.5537109375
274096210.3785954118 2664875.2119140625
274438505.2133492827 2722666.7607421875
275019152.6698843837 2797447.6372070312
275095086.0842300057 2806459.4267578125
275186529.5982577801 2825153.5571289062
275727142.7232243419 2888153.4165039062
275586205.6020588875 2875114.5561523438
275523060.8210125566 2874232.8061523438
275778092.4017111659 2895919.6005859375
276289596.1459951401 2946260.2441406250
276964909.5516129732 3008982.7749023438
276804936.2269886136 2992507.6279296875
286638616.1933225393 3524246.0185546875
274190160.3467244506 2692287.7304687500
274524430.5043664575 2735354.2275390625
274621584.0801419616 2745337.9296875000
274724779.2393992543 2766675.0781250000
275746212.1186500192 2891433.1855468750
332615204.6492787004 3924394.5644531250
274632900.3296415210 2751693.1494140625
275600832.0987559557 2878232.7524414062
275626103.9912193418 2882697.2290039062
314228075.9998943806 3811590.8876953125
274042000.5513271689 2663320.1748046875
275135697.8422020078 2809833.8271484375
277566992.8936467171 3054615.1074218750
290309546.0408029556 3580926.3671875000
275280546.1659334898 2837053.2114257812
276324504.8657398820 2946487.7812500000
276728612.7722879052 2988329.1181640625
276596316.4295731187 2973518.9663085938
290351596.8409937024 3582965.2685546875
277576250.3561170697 3055664.0087890625
276722346.4252405167 2982089.5556640625
296011784.1071108580 3662472.9873046875
277735123.7393347025 3066534.9853515625
277805253.3197977543 3073950.3251953125
280902535.0167213678 3310411.3203125000
274476340.0080198646 2731284.2968750000
275746212.1186500192 2891358.1572265625
276910414.5246261358 3001401.2416992188
280666110.3520929217 3305899.7158203125
274566146.2959445715 2738316.0517578125
287473590.6780909300 3540896.0878906250
274004087.3402799368 2652653.5234375000
275746212.1186500192 2891358.1269531250
276494289.0261002779 2960598.1284179688
317665152.3678160906 3827285.8232421875
318083525.3722025752 3834020.8603515625
277576250.3561171889 3055692.3271484375
274130627.9382205009 2667466.3525390625
274130627.9382205009 2667466.3984375000
275817336.7936391234 2898511.8183593750
277976343.9126944542 3088401.5244140625
279349360.0599424243 3199068.9726562500
290681273.9414317608 3590533.1767578125
297492136.4547160268 3694401.3203125000
274004087.3402799964 2652693.1347656250
275817336.7936391234 2898516.5410156250
276165591.6092910171 2935903.3330078125
276533429.9762349725 2966425.0258789062
277576250.3561171889 3055697.9990234375
277262827.9055279493 3028547.9179687500
274005935.6231408119 2654772.9355468750
297503385.3285837770 3696329.4248046875
274157882.3725086451 2682154.6826171875
276281056.0141263008 2945825.0107421875
329717454.4953478575 3905207.7558593750
277650314.2918756604 3061161.1049804688
276123788.9230875373 2929260.7714843750
290368919.7902422547 3583287.0107421875
296935631.7742135525 3669583.4414062500
290041646.8539717197 3577765.9521484375
276046386.9153833389 2923901.6943359375
275817336.7936391830 2898517.4648437500
280212000.2670780420 3266939.1835937500
280244760.9297708273 3277156.2509765625
332758831.4993894100 3924974.9101562500
284664687.8566535115 3470707.0859375000
278085066.3197078705 3099451.8730468750
276107831.7959361672 2928392.5253906250
314229114.6935436726 3814162.0576171875
276388950.3434087634 2956595.7319335938
275434951.9181708694 2855925.7104492188
276165591.6092910171 2935908.9863281250
276409338.7985543013 2957243.3051757812
284489948.8321625590 3460415.7675781250
285200020.4821155071 3489567.0673828125
287108490.4990365505 3531789.0625000000
286967324.9504709244 3529177.9013671875
280984020.8773274422 3314564.0625000000
284717906.9507173896 3475802.9853515625
277127481.6307126880 3019558.8178710938
293564644.1563366652 3625836.2070312500
292447327.4954382777 3614850.6464843750
296952642.9620139599 3670343.6757812500
278700884.9276762605 3139188.7460937500
297573769.4887052178 3698436.5732421875
297232352.6541228890 3693248.6435546875
277881957.6008661389 3081623.4604492188
277944286.5641077757 3083413.2114257812
278036581.0664961934 3091189.4541015625
286166117.2852889299 3505497.5537109375
281036850.6959796548 3321969.3876953125
275487795.7827877998 2864112.4916992188
280005280.8350600004 3251236.9345703125
297005136.1918560266 3687967.2714843750
281222183.9189336300 3336147.9970703125
278722458.8659355044 3148156.0830078125
279842980.6001926661 3238349.9013671875
286844343.6614730358 3526840.0341796875
278190476.5894547701 3099740.1401367188
277831943.7868117690 3076918.2641601562
279657627.0627468228 3220627.5244140625
277744713.0541692972 3071146.5200195312
275162407.7964339852 2810860.6225585938
300673391.5010187030 3706545.7861328125
315149270.7344035506 3818828.2666015625
280087191.2843235731 3263698.4970703125
280351859.7637685537 3283485.8808593750
286844343.6614728570 3526795.1738281250
285209082.0734739900 3492358.5937500000
280087191.2843236923 3263699.7265625000
276005470.8832436800 2911417.5517578125
280035133.8031095266 3254680.0214843750
275374721.9949468374 2842891.3510742188
280163148.3284202218 3266332.0429687500
280441966.1146858335 3290375.2441406250
279657627.0627468228 3220627.4287109375
297105994.1101756096 3688450.1816406250
275374721.9949468374 2842858.5854492188
277566992.8936467171 3054637.6103515625
278483162.0293316841 3122348.0820312500
288549211.2111305594 3558887.6884765625
288153900.8177517056 3550556.9042968750
318337493.5679836273 3835007.8085937500
278268299.4830940962 3110061.9526367188
287120434.2001758814 3536019.8496093750
307610552.4968644977 3759287.8642578125
280087191.2843234539 3263690.4238281250
276888339.9877417088 2998721.4741210938
332201363.3563297987 3924340.1035156250
276948933.1913219690 3004890.9223632812
286844343.6614730954 3526849.7294921875
277647402.6279254556 3059132.3007812500
277233027.3415336609 3028262.0600585938
279636756.8408799767 3219679.3105468750
325293680.3717873096 3877726.5410156250
277705232.5493052602 3065437.7797851562
291732520.1884521246 3610705.0527343750
291422196.5952124596 3608191.1210937500
284890901.3216019869 3477380.6738281250
278892794.2490356565 3160800.6308593750
278795225.0318617225 3153965.8310546875
278900417.4019994140 3165007.6250000000
279423237.9157860875 3204112.9501953125
288541088.4602404237 3553761.7802734375
298209008.2028788924 3698804.0107421875
291419418.9365329742 3596395.1308593750
295954451.8776250482 3652966.2226562500
277181464.3241333961 3022526.4155273438
279020614.0519239306 3173315.8457031250
302217676.8772975206 3721036.0625000000
324907169.2607281804 3875546.1445312500
277904950.0387457609 3082874.4487304688
281036850.6959796548 3321866.3076171875
281131598.5963762403 3325022.1611328125
278544433.6465160847 3133516.2304687500
310890075.7504301071 3771801.7666015625
310465877.5764219761 3769328.0693359375
288110725.0595917106 3542107.9580078125
278588595.1793206930 3138769.5000000000
291150634.4413003922 3594056.1894531250
323323967.3075570464 3866879.0615234375
278808185.3130488992 3156975.7802734375
275891571.2292595506 2899822.2744140625
283817222.0235936642 3435575.3154296875
318861800.3739669323 3841680.6171875000
319239312.3307334781 3846170.2148437500
279630513.1651148796 3214239.9423828125
282916526.3020179272 3413706.9960937500
312793845.6220469475 3791202.0244140625
319283373.6415812969 3852504.4160156250
277332867.3075948358 3034270.8261718750
274937463.8073487878 2786642.2036132812
275989776.7256612778 2910964.7822265625
282529344.2978785038 3398014.2441406250
282125792.1190627813 3371100.6621093750
285031446.6474399567 3482316.5820312500
320019480.0133921504 3853608.7460937500
327009757.0725935102 3897731.8125000000
277459802.1125177145 3044972.9101562500
294419242.1533629298 3637147.6699218750
294052491.1515363455 3632620.8867187500
282064254.1147658229 3369415.6826171875
283623003.5426301360 3428420.9306640625
277507968.0007905364 3052393.7343750000
295115231.7579811811 3638746.5683593750
279528530.7413499951 3211977.4179687500
282165703.9857784510 3371271.9707031250
283909110.3325637579 3438050.6445312500
281927226.6674634814 3364808.8964843750
282243204.0489165187 3383977.3388671875
283976884.1178106070 3442588.8828125000
282778485.7928861976 3408127.6357421875
282529344.2978783846 3398010.8291015625
282243204.0489165187 3384065.8710937500
286518316.9698420763 3516063.1806640625
284026555.7214457989 3455254.8173828125
327003034.1249022484 3882380.8789062500
326029230.0197826624 3880111.9765625000
296515665.9290161133 3667268.2636718750
279313343.6148291826 3197757.3623046875
284890901.3216019869 3477407.7724609375
278780645.9833718538 3150846.1171875000
316206054.3112525344 3824325.6972656250
316278767.5055176020 3825104.5996093750
282180126.8183045983 3378307.1396484375
281744914.0453801751 3362001.1826171875
283766253.2384738326 3430308.0498046875
326320671.2899371982 3881727.3027343750
277405436.4015577435 3043228.2783203125
284169805.4172896147 3457165.5585937500
282243204.0489165187 3384030.9023437500
284169805.4172896147 3457127.5410156250
305834572.7496213317 3741315.9716796875
305681567.5498810410 3727711.6582031250
282062042.3241603374 3366004.5175781250
311662255.0210018754 3785421.3046875000
284169805.4172896743 3457220.9335937500
280940574.2420110106 3312859.4335937500
322488404.0002303123 3857915.1679687500
279236723.0028567314 3190187.2734375000
278945830.5013242960 3168894.3603515625
295221927.5021275282 3647879.0214843750
277273646.3279865980 3030664.5595703125
281621845.9302145243 3346765.1474609375
307832506.0741793513 3763469.3193359375
281480833.0194792747 3340088.7636718750
279068098.7904716730 3181398.1328125000
279750359.6870996952 3225504.5898437500
281399211.1178082824 3338594.0351562500
281607728.4185057282 3346170.0107421875
283575597.6174519658 3427407.4257812500
280639739.3605847955 3292453.0019531250
281577799.3457563519 3340651.1152343750
279498081.7625457644 3210678.2617187500
278437114.3879266977 3118268.0917968750
283763234.0960863233 3428947.2890625000
283244727.4817854762 3417396.1220703125
283399806.6691102982 3425874.4687500000
283397788.2767875791 3418054.7207031250
279771594.3651453853 3225932.5634765625
279404083.6386629939 3202949.6582031250
279455246.9599692822 3204682.9384765625
279473384.8500949144 3207997.5917968750
279654033.3335493207 3220369.7929687500
295021098.2930011153 3637522.2197265625
289876557.7943916321 3558921.2138671875
