9825683.0853358787 898626.8046875000
9829114.5765002836 899458.8037109375
9839767.9041457996 911609.7001953125
9856382.9192306064 915032.7382812500
9824737.0504735727 896431.0312500000
9822142.7096149884 886569.3974609375
9844533.0291577075 913618.3925781250
9886811.2631581128 921768.8291015625
9826535.1421474777 898682.0380859375
9910911.0183618255 927955.6123046875
9838854.4542649705 911332.9960937500
9831777.2577088475 903359.0537109375
9951236.8593743183 928133.6699218750
9836860.2576062232 911029.0244140625
9909397.8213610742 927953.7353515625
9971479.7287762742 928147.6386718750
9972392.5459738504 928149.8583984375
9913386.3687842377 928082.9599609375
9979226.5541069489 928353.3144531250
9861109.3405082021 920503.9013671875
9842601.4343360066 913446.6943359375
9823071.4134978987 886769.8222656250
9830114.4129549097 899888.4863281250
9850480.5052496623 914544.8222656250
9838243.0972011983 911163.2812500000
9860794.7674144488 920153.2734375000
9973757.5308459867 928152.6708984375
9926289.7579293158 928091.7304687500
9834158.4582979493 910482.4707031250
9975266.0354498401 928346.3632812500
9882027.4897665791 921761.2646484375
9866915.1327255536 921133.9042968750
9904941.5557761695 922267.2412109375
9859083.9793321136 920081.4023437500
9821829.3933228347 886279.7524414062
9832574.5959103554 910237.4667968750
9846661.4841546211 913877.0830078125
9887943.6873982362 921789.4560546875
9830982.2391060721 899981.2626953125
9840644.8634299636 913114.1523437500
9897173.1955237892 922078.7558593750
9864285.6435123552 921000.2285156250
9889652.2090029642 922070.0410156250
9958195.3113069795 928139.4375000000
9831241.4627920482 900874.5722656250
9951026.6080091652 928098.7617187500
9950639.7293374613 928097.3085937500
9834662.8283663616 910560.6962890625
9868664.1102000438 921318.6054687500
10070834.6660515927 928505.8710937500
9867414.3533019647 921195.5068359375
9959263.0927043837 928140.2978515625
9827193.3372808658 898869.2207031250
9861682.4665597063 920659.9335937500
9968130.0257131197 928145.1025390625
9876767.4400472511 921682.0546875000
9862199.7982009351 920801.6796875000
9828661.0028937329 899086.9433593750
9860925.6543131862 920449.7529296875
9823166.9510684852 888368.0576171875
9873316.7672829069 921681.3701171875
9821980.3856775649 886451.5361328125
9865262.7353945412 921132.0332031250
9942563.7787659150 928096.4501953125
9871165.1493754871 921619.7089843750
9835690.4147791769 910600.2382812500
9829705.4085243121 899516.5712890625
9931847.2641108222 928094.7441406250
9854015.7119734865 914578.1767578125
9848113.2979925424 914090.2607421875
