134368371.2290595472 224253.8115171194
136782188.9834134877 242790.2434441596
136846502.1935637295 247009.3534678072
131996308.4932158291 163047.0603103638
132609877.9086651802 183835.4362899438
134541484.9283589125 227718.8939145803
131844307.9143662155 159013.4517152011
133309663.3053348362 199904.8629606962
133477382.7218236774 207245.1752790213
132039799.2874343246 167025.1669461429
132285219.0228249133 175079.5615973920
132281556.9640967399 175079.3548102826
132357756.2102517337 175375.6981886150
133778636.9159892201 211994.4293531179
133594481.1053251922 208110.7325757742
136534550.4760599732 240266.1542107612
131967799.8981244415 162906.7606427372
133632396.0428807288 210758.0842603445
133993393.9537209570 215317.6246274710
134247386.6706742644 220628.5021266751
131917401.3195037246 162902.8559109867
132168713.5841467381 167156.1974768341
132202831.9301676899 171234.3347554654
132077625.7801904976 167090.9270759076
132194650.8949720114 171213.2381110638
132822876.8210376054 191177.1092048138
135845067.1077978611 238351.3262876272
132524434.6585601121 183358.2674874961
132416901.1484996527 179241.0429151775
133323368.9887517989 202896.3134908947
132438469.8896293342 179473.5193893090
132460749.9529155046 179498.0092237713
132307932.9398972690 175335.5491462201
132733482.7028174400 187480.5785226524
133680325.8375603557 210916.6233053479
135184937.9973372221 234211.2989438772
132007621.0160889179 163129.5862185955
134504367.6261906326 224343.5891050100
133324742.4267102778 203055.4259489775
133154501.0150341839 198923.2272185087
132180400.0705377907 167362.0572412014
133210608.2116939425 199190.8610075712
133348234.2290688455 203475.9963454008
139634139.7983954251 268898.0169427658
136813446.1274262071 242928.7555291206
152492444.3392237723 341543.5252075195
132134699.6517279595 167139.5519265831
133460837.1995137334 203932.3046407971
133067433.8075491637 195206.6341799498
132516381.6658700854 179534.1520908624
132596209.5290394872 183443.1758834496
132927862.9558725357 191713.7589298040
133224214.2686502635 199353.6853102446
134014200.7917526066 217490.3435596228
152370378.2396756113 339896.8684082031
135012369.8793237805 233196.0582212210
133748982.5410003066 211525.5917066336
134167763.6521546692 220202.0688413382
132404896.6223178655 178702.3363395184
133096317.0126338601 195298.0023440123
132959364.8966713846 194490.4129948169
132817145.2258279920 190942.5301823169
132712801.6247527450 187461.1751510277
134816657.8673635721 231925.0067075491
151361299.5753935874 327449.3128051758
132230376.6013834924 171238.0945935994
132414455.5433283448 179216.5530807152
134106527.0670554042 219459.9493345022
132352830.2269895971 175365.9518968957
132520164.8396312445 182485.5189490765
135436489.8919519484 238241.7811216116
132192729.7109911591 170411.8618923277
133246021.3696449101 199760.2577155828
134279818.1210453510 223589.4705747366
135319112.9827325046 235400.5721372366
131989534.5528139174 163019.2148535699
132262032.5399479121 171243.6408617394
132622853.8623191416 187072.2150136605
139482534.4653138518 265943.4780607224
140179737.6730615497 270399.2274862230
135422413.9858769476 237981.8467954397
132128001.2369150370 167096.8399921209
143524099.6510020196 278524.2530889834
132798428.5061213672 190924.7723946124
133932822.7658144832 215052.9765943289
132381562.6024229676 175766.0072379559
135147924.3684574962 234101.7537778616
134769166.9541419446 231234.7469419241
132967209.6655115932 195181.2473641112
145242683.1567819417 293302.4584481642
133834388.3917775005 214900.3220533133
134018713.1103038639 219075.8887037039
132021134.8729270548 166604.8545977110
132408893.3100481033 178838.7469001263
132523336.2381191552 182993.4400436059
136542801.9553844333 242181.7822625190
133149925.6702540666 198913.6812597737
151353156.3518369198 325261.2631835938
140135789.9263371229 270362.9479819462
134161103.9930438995 219527.5918294415
132674634.7494986355 187089.5211376697
152463393.4332896173 341302.0985717773
136369702.6667783558 239326.0018486157
149619789.5557767153 324170.8100814819
151875720.0513551533 331524.4214477539
151749729.0112159550 330797.0767211914
136772453.9697917998 242648.9631707221
136780564.4949630797 242768.4941765815
150510251.1345698833 325069.8454513550
152446994.4364936352 340017.9456787109
144197395.6837155223 287314.8230151394
143946602.7257120311 287059.0922564724
152230960.0949038863 337044.7794799805
151967004.7632071674 335984.8228759766
140017259.6382455230 270128.4528178386
138284206.0179251432 255022.3053014502
137921842.4032771885 249382.0477834456
151914246.3462059200 333343.7626342773
139952391.2328506112 269597.0550074577
133136031.4542277753 195312.0231787190
152283720.6396021247 338473.3941040039
151881613.8051333725 332318.6400146484
143245960.5294457078 272804.2328796536
146802688.8239508271 299497.0299015641
137229898.6497374475 247979.4837344596
136348247.6494094133 238748.5877749473
137527245.1340309083 248182.6727037542
143482304.6211741269 272997.8563899994
137882297.0830376446 248529.9820844606
137836532.3532758951 248439.0674246252
138044137.4784834981 249980.7376516759
138015062.8104897738 249412.9756887853
148141087.9883488417 312227.1523361206
147916609.9316063523 308347.4810051918
145730866.1060577333 296377.2715945244
138697277.2882927358 257126.3137850463
138917788.1274327934 257403.3806004226
138847246.5292441547 257247.2797427773
138744689.3192252219 257144.4919933975
138206453.9272860289 252839.4218509197
139034129.0705123544 261214.0785374343
138607261.4358149469 257046.4691013992
143657961.0835194588 281465.9785712957
147274014.3742150664 302858.9932518005
147121239.9825896621 300857.9377708435
