266454423.4869037867 4467102.4277343750
265722767.7858039737 4447015.3027343750
261917233.1797029376 4299453.6132812500
265613500.1342490613 4446929.5976562500
267700981.6496787965 4490827.7070312500
260191738.7312183678 4190425.2871093750
262571370.8870316148 4337529.1855468750
263355092.3319008350 4371353.5527343750
280118736.3745003939 4544768.8554687500
276644444.4818961024 4542563.9824218750
263783106.2584951818 4385146.5761718750
265940551.4481375813 4456836.0820312500
272370757.6417334676 4533677.8027343750
263273339.0692284703 4366841.8535156250
261959760.7245209217 4304707.2773437500
265785768.7057903111 4451232.5039062500
259945285.0243976116 4161512.1640625000
263161167.4808954000 4361788.1601562500
264802801.7975281477 4419966.2597656250
262023499.4648256898 4307973.2441406250
276973573.7270466685 4543145.6445312500
265785768.7057902813 4451222.5722656250
261137919.5341895521 4258744.0097656250
261196208.5877558291 4265307.1425781250
260888634.5044981539 4241372.7382812500
262663869.1598915458 4338191.9863281250
261437609.7385364473 4273754.0468750000
261037789.2932167649 4249635.9101562500
261070719.7198267877 4252670.5625000000
283115988.9795740247 4545938.8437500000
275622896.3551880121 4540856.7949218750
267903444.5028233826 4495023.3339843750
260945608.0623114109 4241793.4179687500
263783106.2584952116 4386039.1953125000
261029356.8265170455 4246562.1035156250
263224590.9223208725 4363550.2636718750
263821145.5760342479 4386185.5742187500
260843219.0751241148 4240027.1718750000
260563897.7213421166 4221015.8789062500
260563897.7213420570 4220788.0390625000
259638862.5034267902 4118405.7285156250
261827161.8608594835 4298059.8925781250
274886749.4461479187 4540118.7929687500
260191738.7312183678 4190421.1562500000
260054173.6378616691 4176433.1640625000
264926971.7408862412 4423086.7187500000
274331789.6093178391 4538625.9687500000
261923769.7621816993 4302665.4628906250
259708666.0694854259 4126560.9589843750
262920367.5621452630 4348424.2460937500
260451444.0417060554 4210089.6738281250
260394688.0415381193 4207747.5039062500
261827161.8608594835 4298216.8417968750
260336645.0635873675 4202473.1777343750
260169430.4568491280 4189129.9121093750
262111584.8881590366 4312529.3144531250
263830020.0671698749 4387717.8906250000
260246379.7052845061 4193770.7187500000
271566562.6831185222 4530082.1015625000
260563897.7213420868 4220891.0761718750
262743162.9241812527 4345273.4843750000
263292305.3202600777 4368086.4531250000
262991546.7305075228 4354377.0605468750
260514329.6753937900 4220375.2812500000
260481595.4104111791 4219198.3945312500
261771945.5985435843 4295467.1933593750
260095782.2520434558 4179259.5097656250
260631998.0452417731 4227430.0859375000
259764218.4048244953 4127453.0156250000
281941329.8607532382 4545519.2597656250
261687536.8735120595 4289616.8535156250
259806836.2716016471 4144908.3437500000
268360669.6579365134 4504759.8984375000
260843219.0751242042 4240402.0351562500
265274477.9165560007 4434374.7949218750
261892090.4953767955 4298776.2441406250
262111584.8881590068 4311790.2714843750
262727976.9086559117 4340057.5468750000
263161167.4808954298 4362018.4296875000
271730088.6663845181 4531472.3457031250
260129706.7459114790 4187189.3476562500
259962446.0532354116 4165334.2773437500
265019694.2317230701 4425866.9355468750
264614235.7394920588 4415668.3417968750
264174846.2611496150 4402802.7402343750
260065057.5108365715 4177072.5410156250
265042556.7430500686 4427347.0097656250
260321167.3428764343 4202313.7753906250
271623947.8778747916 4530704.5546875000
260299412.2000625730 4202166.3710937500
260104241.4917165339 4184954.2382812500
264345589.0358325839 4405027.8398437500
262197324.0675654709 4316216.8339843750
264643793.1334853470 4416332.9570312500
264614235.7394920886 4415818.1503906250
264126871.6025975347 4399384.4121093750
264126871.6025975347 4398419.0351562500
261109403.7419250309 4257610.9296875000
271623947.8778747916 4530675.2246093750
261286801.7003072500 4268155.9687500000
261109403.7419250011 4257388.2636718750
261468045.1331373453 4279354.0839843750
265448337.2430775464 4440059.1523437500
259794725.5992709994 4128380.7636718750
261481893.6470354795 4279713.8730468750
264009683.3699781597 4396136.8066406250
267071980.6342283785 4478769.7304687500
266292031.4131855369 4464628.2578125000
261286801.7003072500 4267905.4414062500
260006508.9496204257 4171690.3652343750
264680994.0218264759 4417458.9824218750
267626365.0117316544 4488956.3007812500
265448337.2430775762 4440135.8457031250
265398635.0562893450 4438174.0683593750
261109403.7419250011 4257380.6601562500
267368171.0471056104 4482739.5488281250
276226798.6976324320 4541800.5546875000
260865286.0338309407 4241251.8964843750
262684981.5935807824 4338589.4941406250
264680994.0218264759 4417403.5214843750
260778481.1880001724 4233339.9765625000
265448337.2430775762 4440281.7109375000
276214411.2273483276 4541791.7656250000
259934347.9145399928 4146007.7890625000
260291646.3425979912 4200727.8007812500
261074104.0351214707 4255205.8906250000
268854275.4023134112 4512007.4082031250
264802801.7975281477 4420807.3261718750
265448337.2430775762 4440275.4453125000
264869560.0798625648 4422397.9140625000
267383256.1682090461 4483681.6484375000
268116115.0342909396 4498636.2871093750
266516944.6564867496 4468079.0527343750
261684378.5173977911 4289601.2480468750
261383636.4081058502 4273332.3945312500
266206195.9397602677 4463855.1914062500
267790070.7424575984 4492549.8554687500
263227925.7632297873 4364013.4843750000
268130815.8650079668 4499231.7363281250
261383636.4081058502 4273484.9355468750
264474637.0139001906 4410549.8046875000
266702205.3708099723 4470088.4941406250
266702205.3708099723 4470179.0410156250
268006175.0874341726 4498275.7167968750
282582811.3222265244 4545585.6308593750
266177150.3595183194 4461295.6289062500
266910503.1688532829 4474534.5117187500
263568241.1805354953 4377176.6093750000
269634864.4769078493 4520286.2285156250
261815540.8738168180 4297287.4550781250
269634864.4769078493 4519996.8398437500
266198223.1085638702 4461517.7695312500
265990091.5947836637 4457296.4570312500
261815540.8738168180 4298026.4980468750
266198223.1085638702 4461622.7285156250
265271143.0756470859 4434198.6621093750
264590857.0178680420 4413622.2773437500
261188323.0390207767 4261698.6914062500
264527433.5764425397 4411867.0136718750
265368876.7964542508 4435886.0175781250
261108899.8538597226 4256256.1855468750
263634999.4628698528 4379268.6679687500
263493576.5887297392 4372071.4687500000
265784735.1812472641 4448666.0820312500
269634864.4769078493 4519956.0429687500
268707684.9286524057 4507796.2519531250
267790070.7424575686 4491942.3007812500
269713680.2143200040 4520726.2851562500
262559078.5429289043 4331998.1347656250
260455078.5679808557 4210299.9843750000
268990498.4822227359 4513706.3437500000
269546186.9053294659 4516597.6953125000
266177150.3595183492 4461392.2539062500
269546186.9053294659 4516148.6855468750
274508470.6349666715 4538772.3710937500
266587790.0429626107 4468830.9375000000
264411213.5724746883 4409540.7148437500
260842976.7006377876 4234792.4160156250
267093600.9565204978 4480148.3378906250
266827599.2881223261 4474413.7968750000
264765719.9942788482 4418844.2382812500
277961145.6146472692 4544152.2148437500
269546186.9053294659 4516255.9101562500
260472194.1808458567 4210789.3750000000
264765719.9942788482 4418353.6113281250
260650825.3803143799 4229114.7890625000
268990498.4822227955 4513779.6035156250
263870128.3891839981 4388951.1933593750
263782558.2308840454 4384134.7343750000
274863707.3383324146 4539503.5898437500
268153022.0327990353 4501033.4511718750
280118736.3745003939 4544734.9667968750
263713420.9807094634 4384088.8984375000
265576026.7553004920 4444613.6933593750
260427749.7288577259 4209029.7539062500
269754899.5803448558 4521279.5761718750
263846680.0966535509 4388475.4062500000
260791757.3769896328 4234574.5039062500
260427749.7288577259 4209127.0371093750
260805605.8908877373 4234589.0664062500
269903081.3934293389 4521530.3925781250
264249570.5771118104 4403752.9765625000
259934784.4410794675 4155188.8222656250
276271975.2155810595 4541861.3691406250
268783697.3211170435 4510399.5566406250
263897996.5369509757 4392550.3398437500
282599494.2401512861 4545931.5937500000
261606409.4761005640 4286756.0312500000
261545029.9339422882 4283279.8417968750
262310568.5958831906 4321372.2500000000
270158778.1042681336 4523113.6601562500
270040990.9085675478 4522487.6093750000
278889524.9130725265 4544714.0312500000
262720519.5657041967 4340014.2988281250
277340953.8288679719 4543505.6367187500
269157731.6688262224 4514804.3027343750
278528654.4525246024 4544594.5156250000
261499631.8342909217 4281049.1406250000
259907277.3830979764 4145396.3964843750
270154351.7815766931 4522616.9121093750
263051354.0972828567 4356502.5429687500
271276646.7659549117 4527800.7519531250
266946185.8099116087 4475516.1250000000
266946185.8099115789 4475390.3222656250
271119030.0502766371 4526605.6445312500
281167358.4917066693 4544868.7695312500
261371481.0439243615 4273175.0566406250
262265297.7494904995 4321291.8378906250
262729530.0453563035 4343139.4472656250
262159559.0946662128 4315370.7460937500
262830317.8926835656 4347789.0292968750
268506788.4663211703 4505921.6542968750
277416737.2021441460 4543528.2285156250
263106797.0800445080 4361397.9687500000
262563045.7763158977 4332826.6582031250
262969378.3244935274 4351953.6523437500
262316719.0331555605 4322493.3183593750
267346329.7237925529 4482651.0917968750
262450314.1272541583 4329221.5546875000
262484488.3366564512 4330521.8417968750
264061545.1746132374 4397107.7226562500
263539775.8371416330 4375358.9316406250
262945930.0319630206 4351455.2539062500
262546895.9957549274 4331855.4628906250
267416039.6380910277 4483714.1210937500
260842976.7006377876 4234681.6093750000
277223481.0642188191 4543156.8945312500
263099367.3788761199 4357208.7675781250
281553751.8504682183 4545294.4960937500
277340953.8288678527 4543505.2265625000
261335501.3672514856 4268516.6289062500
271020475.5369341373 4526388.2851562500
262093362.1630518734 4309141.4628906250
265144603.3105857670 4429371.0371093750
263501719.7623104453 4372297.1425781250
265785316.3511306643 4451074.9980468750
261879746.7702564895 4298682.5976562500
262249489.4087262452 4317895.9863281250
267595676.3545289934 4488658.1738281250
263501719.7623105049 4372529.8203125000
278182734.2554056048 4544423.5625000000
276833213.1828132868 4543095.6660156250
273298389.7946996689 4534586.3750000000
270551449.9599696994 4525120.2871093750
271338872.8112173676 4529966.6386718750
265553660.9187217355 4442592.1132812500
270334932.1475684643 4524152.2363281250
275214148.6321654916 4540207.0859375000
274001378.9704523683 4536809.7187500000
277769016.0849196911 4543989.4550781250
281908890.7842092514 4545499.0585937500
273215320.9662084579 4534242.6015625000
273736293.7317475080 4535666.2695312500
270262735.0475034714 4523536.9062500000
278110517.4442012906 4544256.1171875000
273736293.7317475080 4535672.5058593750
274231611.4462854862 4537010.8515625000
270976292.3146190047 4525839.0410156250
273736293.7317475677 4535916.2382812500
278110517.4442012906 4544232.9355468750
273606482.2883080840 4535126.2578125000
272089060.7529323697 4533119.9882812500
278110517.4442012906 4544398.7812500000
273375584.7596213222 4535044.0683593750
273404206.5875329971 4535124.8027343750
276089023.6467574239 4541310.4472656250
272860523.5348550677 4533909.4316406250
274697863.7300093770 4539401.3769531250
275107395.0964526534 4540182.8398437500
269606159.8343930244 4516922.1835937500
277459955.9414277673 4543529.9609375000
276498555.0132006407 4542054.5390625000
269301449.5017252564 4515096.7148437500
271931561.7028338313 4532381.6914062500
281316100.8810776472 4545145.0488281250
272051134.4154733419 4532457.7949218750
274262268.0530713797 4538228.0136718750
271903251.3500347733 4531735.2089843750
270927018.8133246899 4525706.7792968750
270927018.8133246899 4525413.4101562500
