84653546.4948109388 196029.4764345773
85485086.5863499194 290673.7082629204
86424608.8723262250 349749.7835121155
87568439.8786082268 368535.0972290039
86390272.5387546569 349014.5344886780
85208037.6867949814 264230.1564159393
85406077.1311007142 284711.9206652641
85086095.9218361229 251334.5938466787
86635438.1372906119 356233.3988342285
85336163.0865524411 276662.0156683922
85501473.0359862149 292599.2598586082
85215513.7765572816 265791.7400946617
85505901.7625630200 293111.1913490295
85208037.6867949814 264252.3647613525
85957615.5847054571 325649.1127624512
85710941.1890488714 308110.0355777740
85951055.7377522439 325555.4784851074
84897802.1714736074 230456.5397161245
86211707.0075528324 340131.1000518799
85005082.9435880631 243332.5608648062
85205840.9306458086 264213.5595645905
85125085.0798498541 255488.5464478135
85659583.8301208764 304854.8140368462
85155382.3278186470 258955.0505328178
85614391.5869513154 301122.4090685844
84877911.5902102441 229406.9294751883
98143066.1053483188 398948.9460449219
85385652.0202018023 283351.1305232048
84874628.9324989170 228650.5559514761
86358755.5071873516 343928.1398353577
84745752.2395516485 212756.9692420959
84766539.1770838946 214775.1445745230
97983495.8680522442 398833.4445800781
85729032.2228065431 308874.7208037376
85877079.6550749540 320943.8616828918
85498752.9525963217 292561.4710021019
85738446.5895395130 308884.0607280731
85435454.9432532787 285212.1652560234
84590711.0758205503 175540.3330569230
84927765.9141517729 235948.4796251059
85795590.6343672127 314448.3547019958
84851859.6888707578 227396.9614366293
86083641.9633297473 333734.1272125244
85437009.3791298121 286581.1559486389
86358755.5071873516 343933.2951087952
84924117.8661482781 235498.0035642385
85560149.2639728040 297575.9169707298
85710941.1890488714 308039.2037677765
87568439.8786082268 368384.8524169922
85996262.7676068544 327606.3422546387
84947291.1051229686 237216.6882432699
85159030.3758221418 259365.0830035210
84946352.7254577577 236119.2172704935
85751382.0854059458 311729.6305789948
85689985.7740294784 306718.4713764191
85631825.9485538155 301235.5957679749
84911138.0067605823 234540.8446153402
85514957.0208032429 293833.4065051079
84643796.7586422116 195643.2221169472
84947291.1051229686 237269.7978242636
91462628.7094955891 382813.0067749023
85996262.7676068544 327659.3803405762
85978037.1029920131 325958.2725296021
85852010.7243677229 317919.2029037476
84877911.5902102441 229497.9172605276
84877911.5902102441 229526.5857919455
84858386.3992390186 228060.4488843679
85454544.4036350697 289926.8016180992
85852010.7243677229 317876.6506576538
85137865.5176735371 257963.0638823509
85454544.4036350548 289885.4874453545
85852010.7243677229 317873.2580795288
85978037.1029920131 326004.2173538208
84911138.0067605823 234590.4842847586
85957615.5847054720 325656.3705749512
85663774.3511688113 305686.2244453430
84911138.0067605823 234632.0013669729
85852010.7243677229 317825.5686264038
85978037.1029920131 325910.5830764771
84643796.7586422116 195556.1129498482
86534535.1385017335 351435.8283386230
86289800.5722732544 342133.3930206299
86016684.2858934104 328062.3389358521
85454544.4036350548 289892.7646040916
86016684.2858934104 328055.0811233521
85553978.9697831422 297044.1049914360
86083641.9633297473 333640.4929351807
86117978.2969013155 334506.9372711182
85065776.5961830765 250940.1016267538
85474863.7292881012 290323.2814745903
86122289.1462311447 335739.0461578369
85454544.4036350697 289914.6457858086
85037823.1655612141 245861.6349328756
85816012.1526537836 315001.0131702423
84643796.7586422116 195556.0841488838
84643796.7586422116 195615.8634457588
84808897.4655896574 221300.3003572226
85037823.1655612439 245866.0419343710
85655325.1065477878 302355.3704409599
85858181.0185573846 318401.1726989746
84638559.0480573326 190156.0087285042
84746436.4126891494 213617.0236181021
85037823.1655612439 245899.6903299093
85426396.4567537308 285106.4128851891
86117978.2969013155 334600.5715484619
85052386.1325517446 248727.4755421281
85474863.7292880863 290240.4969916344
85076047.6572677344 251037.6732000113
85037823.1655612141 245806.0175203085
85590551.2078814059 299561.3665695190
97964138.5116041899 398634.4919433594
85590551.2078813910 299520.3711566925
85028256.1825627536 245173.2243169546
86055452.4481994659 331214.3662757874
85271730.2573031187 269509.9258842468
85300200.6695829183 274397.1616911888
84590711.0758205354 175494.0949290004
84607449.4496031553 182668.9954164233
85028256.1825627536 245164.3955396414
87612785.4692197293 368646.6982421875
84839883.4879396409 223008.1517791152
85382003.9721983373 282956.2142443657
85426396.4567537606 285193.8865180016
85450285.6800619811 287427.3868956566
84828422.6565608680 222646.6119817495
85008730.9915915579 243845.9716447592
85336163.0865524858 276662.1455607414
86122289.1462311447 335691.3567047119
85001670.0671987981 243179.6516197920
98318471.8127604574 399340.7829589844
85100345.1040531993 252202.2372298241
85680347.5274359137 306023.6220664978
85246869.7075707763 268081.5941538811
85816012.1526537687 314844.4812393188
84643796.7586422116 195648.1274476051
84607449.4496031553 182669.4291131701
84607449.4496031553 182669.4012391772
84808897.4655896574 221250.8296540976
84817171.9375144243 221396.5260099173
84802370.7552214116 220591.8226960897
84828422.6565608829 222697.5042775869
84851859.6888707727 227422.1568368673
85911200.4049603194 321526.0687217712
84616913.4079775959 183256.6934317350
84828422.6565608829 222696.2516511679
84802370.7552213967 220542.1830266714
85921617.0129915029 322574.3645648956
86016805.2652980834 329202.6734046936
84590711.0758205503 175494.2556879725
84590711.0758205503 175532.7521523256
85927008.9457435459 322688.7582283020
85369842.5131599754 279732.3355441093
85453018.8247188330 287487.9193553925
84607449.4496031702 182741.6340272631
84877911.5902102441 229456.4001783133
84607449.4496031553 182728.8104608264
85369842.5131599605 279627.6138644218
84643796.7586422116 195624.2951149940
85375042.3260850608 281226.7840304375
84629095.0896829218 189610.7840149291
84590530.3754135519 169093.4410889354
84622151.1185624748 188745.7940691710
84643796.7586422116 195613.7335553169
84652586.8975792676 195648.1876968034
84622151.1185624748 188720.4618757963
84622151.1185624748 188710.5794752836
84622151.1185624748 188710.3623083830
84629095.0896828920 189607.8398951348
84656749.2348388582 196359.5175626166
84622151.1185624748 188714.0841940641
84690928.3809142262 204707.3060306311
84629095.0896828920 189599.4149359521
84607449.4496032000 182805.3910463061
84590530.3754135668 169203.5885079112
86183992.9274088442 336004.6277618408
84607449.4496031553 182728.4046380725
85125085.0798498541 255462.1681938767
84607449.4496031851 182776.2322589867
85178555.5667933524 260723.6876540184
85647688.7956847996 302116.1703758240
85406077.1311007142 284751.4033389091
84590530.3754135519 169093.4132149424
84590530.3754135519 169152.8224365916
84590530.3754135519 169093.5739739146
84607449.4496031553 182669.1561753955
85369842.5131599754 279658.3735117912
86190854.3158615083 336458.5181739330
90640113.6039257348 379117.6690673828
90481767.4452219307 378694.8941650391
85174251.6373084635 259402.6618380547
85828612.3825405985 315809.7775764465
85178555.5667933524 260757.8400702477
85541184.0154193640 294386.2870502472
85302501.8946483284 274398.1375174522
84797017.6508938819 216405.6889051199
85728277.8964648545 308663.9427070618
85366194.4651564658 279217.5813937187
91670457.2446704209 385074.5075683594
85439729.4625197202 286668.6295814514
85747123.3618328720 309314.2705955505
85306149.9426518232 274808.1699881554
84704078.1241833866 206783.4630025625
85356417.1503287554 277592.7755737305
85008730.9915915430 243795.5310548544
85110222.9072870612 253139.9980978966
85541184.0154193640 294423.1552143097
86693500.6225124747 357255.0858459473
86794026.5327761620 362573.5072326660
86340905.3462926298 343880.4503822327
84757893.6196246147 214106.7775090933
85541184.0154193789 294534.0317230225
85541184.0154193789 294460.0695629120
85325675.1336230487 276196.7703623772
85325675.1336230338 276092.6999239922
84725948.0713252276 207914.6362394094
84994890.3673028201 242558.6805547476
87697494.8594598472 371725.9384765625
85640618.5815674514 301584.3872699738
85028256.1825627536 245243.2362493277
84982170.8797423989 241740.4726060629
85018063.6062775254 244452.7305406332
85028256.1825627536 245191.6600698233
84982170.8797423840 241731.9449666739
85306149.9426518232 274696.7486300468
84780378.5353600979 214985.1515916586
85058354.9325724989 249550.2663282156
85018063.6062775254 244468.0426286459
86854679.7233406752 363879.7203063965
85018063.6062775105 244364.6643193960
85028256.1825627536 245138.5446294546
84737408.9027039856 208130.7745823860
85370261.3714844137 279738.2025828362
85287701.9509824514 272627.4093856812
84797017.6508938819 216463.1776479483
85439729.4625197053 286618.3232192993
87656643.8401789218 369156.1351318359
85058354.9325724989 249525.2580617666
84702389.2122929841 205071.7496248484
85287701.9509824514 272695.4440002441
85192895.3020853996 261103.7815890312
84715538.9555621594 207155.3129622340
84690928.3809142262 204649.8255904913
85058354.9325724989 249498.7484258413
84675173.2338579148 199023.2946904898
84725948.0713252276 207826.1543573141
84725948.0713252276 207818.9769872427
85238553.1856002212 266244.7288966179
85229952.2683047354 266097.3739852905
85229952.2683047354 266147.6513290405
84757893.6196246147 214012.3082898855
86625582.8410585821 354024.7582702637
84704078.1241834015 206869.0613874197
84675173.2338579148 199085.4705671072
84690928.3809142262 204769.4819072485
86376141.5997918844 344615.6994056702
84779015.2746556848 214828.6244500875
84690928.3809142262 204699.3722614050
84690928.3809142262 204699.2962936163
84704078.1241834015 206814.3528169394
84675173.2338579148 199015.2849534750
84675173.2338579148 199056.7732347250
86310177.8361570686 342566.7097167969
89752142.5950532556 377914.8326416016
86358755.5071873516 343970.0417251587
84978767.2489133924 238426.4820398092
87770454.6314479262 375128.6038818359
87036275.5788181275 366101.8309936523
86590381.7941584140 352427.5671691895
88120409.0771769136 375656.4270019531
86358755.5071873516 343941.9420814514
97858994.1409716755 398146.8200683594
86699254.2458779067 358912.8353576660
86699254.2458779067 359057.7377014160
87379615.1833724380 368152.5145263672
86608231.9550531358 352465.4421691895
86882882.8470328003 365984.3182983398
86699254.2458779067 358955.9569396973
86358755.5071873516 343974.0846595764
86699254.2458779067 359069.8055725098
86699254.2458779067 358916.4110412598
86699254.2458779067 358915.1673889160
86699254.2458779067 358862.3226623535
86699254.2458779067 358907.9667053223
87832750.7197663635 375189.7385253906
92223698.2462466508 385140.0780639648
86559704.0641876608 352051.7633972168
86480423.0813178569 350371.2044105530
96047590.8353322744 395216.9206542969
97055354.3005344868 397991.8610839844
95570258.5079109073 393424.3254394531
97739880.7829412669 398021.7590332031
90796964.5638145208 380723.2049560547
87120267.8771450520 367458.8775329590
93419366.4880659580 392520.8034667969
93061006.6393650919 386777.4332275391
96823562.2087412328 397468.7326660156
96752462.9230784029 397411.5012207031
96543215.3254544139 396899.7770996094
96697703.0599659979 396972.7692871094
96398646.7142195851 395434.5441894531
