87366115.1922414005 387127.7764282227
87399453.4661128372 388796.1312866211
87669194.9211017191 398617.8029785156
87057707.7551746666 373968.7071533203
86954326.3468388766 368100.8905944824
87043472.0039993525 373181.8641662598
87173113.0246402621 378988.7478027344
86548298.5017076433 344946.0093994141
86076392.1192963421 299835.7866020203
87564205.3930105418 395327.6276855469
86799804.3427706659 360738.7063598633
87854925.2998534143 399206.2277832031
87125123.7420860231 376830.3717041016
86484434.0954928696 340451.4587707520
86708856.1976668984 356130.8694152832
86990787.4136215150 371055.7337646484
87854925.2998534143 399246.6755371094
86643476.5179326832 351628.4318237305
86555079.1046678424 345471.7566528320
87021498.6216241419 372605.4639892578
86859364.1922940612 364968.1337585449
86505128.8565340191 342794.3701171875
86618735.7471958846 350299.2013549805
86650680.2889730483 351723.6051025391
86894450.7613735497 366376.6381530762
86529869.6272708178 344226.5131835938
86527583.7842041403 344199.3691406250
87540200.5388196558 394026.3786621094
87237141.8048379272 381963.7360839844
86779249.9980597347 358966.8235168457
87330443.6065495014 385975.5097045898
87529118.8239310384 393635.1853027344
86437353.8917579055 336634.4923095703
87496789.4060991555 392423.1286621094
87136728.7668572217 377559.9086914062
87204836.7241833508 380499.4121093750
86396445.5089286566 333134.4998168945
86973078.2036065459 370298.6661071777
86723837.5076318383 357114.2205200195
86575101.8517566174 346304.7488403320
86561590.9052934349 345626.1594238281
87469827.7333054543 390799.7836303711
87270373.1249070168 383334.5466308594
87271065.0953217447 383371.9377441406
87043472.0039993525 373181.8308410645
86418382.1544593871 336397.1864471436
87041084.0850239992 372880.8130798340
87290731.1329934299 383511.0129394531
86240088.3212416917 317819.2046102285
86355067.4248214662 327565.9476299286
86437447.6208108366 338042.6939697266
86928374.0518573672 367784.8398132324
87203649.1084103882 380472.8820800781
87332729.4496161789 386113.7733764648
87307516.0720305443 384029.3967285156
86059144.0037149489 291422.7774105072
87315408.4243988544 384218.0900878906
87564205.3930105418 395389.6359863281
87330443.6065495014 385917.4169311523
86156990.0070099235 309950.6812343597
87245034.1572062373 382102.8112792969
87854925.2998533994 399168.8366699219
87042780.0335846096 373057.2793884277
86343668.2592437714 326210.3031997681
86359237.6299744248 329661.1086025238
87332729.4496161789 386059.4569702148
86197352.8061719239 315780.7573446035
86976056.0170879662 370436.9297790527
86398814.2101786435 333666.0725708008
87598820.6539090872 396759.1530761719
86393788.4721497595 332448.5548095703
86105268.0726614296 304444.6017704010
86349427.2441062033 326753.7787075043
86810406.4577775002 361660.0743560791
86812692.3008442074 361786.0841217041
88474191.2956878692 400258.2673339844
86530561.5976855457 344239.5390625000
86132572.5693050027 305589.3588638306
87254204.0832918286 382321.9451293945
86825440.9018102288 363559.9320983887
86120642.4394443929 305413.2923355103
87271065.0953217447 383391.9631347656
89485351.6244644821 401193.5251464844
86618720.0342736244 349974.1942443848
86267305.1567660272 323340.3995113373
86929066.0222720951 367931.5048522949
86691702.0559676886 353992.2381286621
86965516.9989808947 368521.2699890137
86156823.7300068736 306223.4736099243
86812692.3008442074 361707.1129302979
86793539.3376099020 359931.0705566406
87598820.6539090872 396552.1423339844
87058895.3709476143 374041.9655609131
86793539.3376099020 359930.9265747070
86439733.4638774991 338111.0878906250
87610594.3392124772 396773.2204589844
86317889.5776018053 325607.1883144379
86317889.5776018351 325693.8001308441
86736898.6110688448 357483.1612243652
86240425.6313896775 319441.7493495941
86254837.6329735070 319640.1140956879
86194984.1049219370 311609.3471883535
87489330.2773821652 390926.5045166016
86696799.5671156496 354288.4584503174
86895142.7317882776 366617.9530944824
86989091.4650608897 370879.2674560547
87899002.0613815933 399442.7092285156
86965516.9989808947 368683.6137390137
87043472.0039993525 373298.5943298340
87029288.8980837315 372639.4766845703
86827726.7448768765 363745.1314544678
86519402.4831619263 343512.2246551514
86497380.7973376513 342739.3403320312
87137420.7372719646 377651.9057617188
87056507.4519722611 373740.9320068359
86929066.0222720951 368026.1547546387
87092199.7393405586 375212.6055908203
87015730.5447381139 371728.0394287109
87029288.8980837464 372801.8204345703
87564897.3634252697 395443.2980957031
87634579.6602031440 397393.2883300781
86746693.7838466465 358553.2494812012
87092199.7393405586 375337.4058837891
87096704.8849951178 375514.1671142578
86317889.5776018202 325640.5113582611
87324578.3504844457 384295.6087036133
86657229.5917844623 351922.2299499512
86259233.4198808670 320375.3554458618
86726123.3506985158 357121.0891723633
86370349.9734406173 332047.9163208008
87531404.6669977009 393699.5007324219
88788299.9002170712 401093.9372558594
86991479.3840362430 371147.7308349609
86575809.3222391307 346608.1339416504
87899162.7557860911 399637.5510253906
87669194.9211017191 398605.4221191406
87986560.2124465853 399642.3366699219
86965516.9989808947 368442.2987976074
86530561.5976855457 344318.5102539062
86296128.0803846121 324928.5413417816
86575809.3222391307 346556.3067932129
86464410.7552829534 339229.8336181641
86361523.4730410874 329677.0148525238
86646454.3314141035 351708.3361206055
86630801.0501181036 350974.0969543457
86575809.3222391307 346623.8541564941
86675744.8888935596 353002.8612670898
86666477.0785028785 352329.8536987305
87096704.8849951476 375541.5074462891
87692826.2687778473 398846.5256347656
86308058.2102452219 325049.7155361176
87315408.4243988544 384168.4719238281
86464410.7552829534 339058.8653564453
86435677.7851734757 336582.6651611328
86760046.6411823332 358637.9617309570
86464410.7552829534 339122.4893798828
86218704.1155900359 317407.8141072989
86555626.1976060718 345551.6609497070
86861650.0353607386 365164.4902038574
87177618.1702948213 379408.2517089844
86454231.1086263955 338991.4299621582
87377407.5352323949 387921.4613647461
86464410.7552829534 339183.7281494141
86696799.5671156347 354179.1845245361
86895142.7317882627 366501.0776062012
86464410.7552829534 339110.6925048828
86671131.6228195429 352715.0958862305
87377407.5352323949 387933.6937866211
89522291.3649837226 401227.4802246094
86296128.0803846121 324917.8955745697
87692826.2687778473 398834.2932128906
86420667.9975260794 336553.6773681641
87242646.2382308394 382018.3420410156
88376180.9162535816 400071.2541503906
86519402.4831619114 343476.6555175781
87007591.3885964453 371571.1744079590
86296128.0803846121 324860.8079433441
86439733.4638775289 338115.3062744141
86621021.5902625620 350352.2789916992
87692826.2687778175 398801.4899902344
87434068.7270113826 389901.2211303711
86738637.3611973077 357501.5196228027
87121965.2095618993 375606.1695556641
87182098.8228881657 379662.9480590820
87018346.1837288141 372035.3482360840
87356980.6103180647 386644.8827514648
86726123.3506985158 357229.7600708008
87445842.4123147726 390175.1278686523
87041084.0850239992 372913.6163024902
87332729.4496161789 386004.4994506836
86895142.7317882776 366508.6791687012
87377407.5352323949 387936.4081420898
86413030.1831059307 333670.7844848633
87053540.0587856472 373300.5445556641
87219908.3369356841 381242.7106933594
87464652.9859767556 390269.0455322266
86671131.6228195429 352651.4718627930
87464652.9859767556 390231.6544189453
87692826.2687778473 398879.3288574219
87236254.4769370556 381262.8107299805
87073966.9836999476 374576.7052001953
86660510.4367451966 352134.8084106445
87669194.9211017191 398797.7478027344
87564897.3634252697 395427.7463378906
87219908.3369356543 381159.8513183594
86781576.6966850758 359484.8673248291
87356980.6103180647 386544.7640991211
86851977.9055788070 364224.6703796387
87056255.2129920721 373331.8956298828
86798993.6949682385 359994.7522125244
86854693.0597852170 364286.3637390137
87497481.3765138835 392585.4382324219
86650838.9265421629 351743.9713745117
87497481.3765138984 392660.6096191406
86539829.4080762267 344872.3767089844
87669194.9211017191 398560.3864746094
88064917.7488384545 399825.9885253906
89522291.3649837226 401426.5998535156
86892957.2848442346 365652.8974304199
87377407.5352323949 387988.7767944336
87669194.9211017191 398676.0568847656
86890285.7911906540 365632.8720397949
86515589.0301295966 342894.6669921875
87219908.3369356692 381205.7429199219
86876950.1200256646 365576.2089538574
88478736.5852204114 400317.8771972656
86876789.4256211221 365531.1733093262
86781576.6966850758 359411.8892517090
87041084.0850239992 372958.6519470215
86711834.0111483186 356158.0134582520
87610594.3392124772 396768.6325683594
87542159.4621300846 394594.8098144531
87201237.4223674089 379893.4870605469
88672063.0335485637 400501.8317871094
87497481.3765138686 392502.0998535156
86615684.9743283093 349756.3126220703
87101493.1799355000 375541.8125000000
87381792.1303604245 388033.7479858398
87407201.5253091902 388975.4379272461
87521732.5372157693 393212.5305175781
86965516.9989808947 368493.4324493408
87313020.5054234713 384147.5651855469
87470519.7037201971 390908.6386108398
86711834.0111483186 356171.0393371582
87899162.7557860911 399578.0290527344
87199481.4120213836 379866.3742675781
87313020.5054234713 384041.6237792969
87356980.6103180647 386642.0140991211
87198361.5737564564 379736.9860839844
87524447.6914222091 393341.6628417969
87524110.1777497530 393287.8972167969
87470519.7037201971 390837.1747436523
87445842.4123147726 390179.7157592773
86856362.5007068366 364312.0795593262
86789225.4917874187 359866.6189575195
87598820.6539090872 396494.7258300781
86635042.1370123029 350977.2247314453
88064917.7488384545 399930.7126464844
88441796.8447012305 400224.9367675781
87811460.6230181903 399075.2575683594
86799641.2546942085 360111.8381958008
86588561.4102384150 349739.5064697266
87440201.6173474938 390163.7407836914
87737063.7247105390 398910.3449707031
87199481.4120213687 379775.6306152344
87635271.6306178868 397565.6647949219
88673602.3942809552 400552.4841308594
87241687.0943704695 381983.7614746094
86880152.8896894604 365631.7099304199
87313020.5054234713 384103.6320800781
86621195.9449436367 350373.6212158203
86924787.6514830887 366622.3422546387
88679811.0927449316 400554.2551269531
87404530.0316555947 388858.9232788086
87352202.0326985717 386229.2294311523
87219787.7864091396 380829.6530761719
87289580.6454373151 383424.8801269531
87598820.6539090872 396532.1169433594
87521732.5372157693 393134.6916503906
88060533.1537104100 399688.4055175781
87524447.6914221942 393296.0129394531
88625609.2244344354 400455.6921386719
88390382.8417089432 400132.1218261719
87085143.3536795527 374673.8404235840
86927459.1451366842 366692.6889343262
87226964.4257172942 381246.3884277344
88380726.2057861090 400108.6452636719
87517418.6913933158 393032.2985839844
88679811.0927449316 400614.3103027344
88478736.5852204114 400381.1140136719
87571953.4522068799 395584.2692871094
87759055.7642998695 399055.2648925781
87617650.4279940873 396908.2058105469
87759055.7642998546 398913.7346191406
87697371.5583103746 398905.7912597656
87249702.3270124793 382200.5227050781
87822373.3024190068 399142.1789550781
88478736.5852204114 400319.8815917969
87889052.1834126562 399264.7360839844
88408396.8941286951 400169.3859863281
