84811273.5483103693 219987.9440604934
85612659.6087882221 301785.7652225494
84647522.9884700477 195247.0528663695
84674654.9171042144 197339.1811879873
85617447.9037285894 301858.9488201141
86650167.4311176836 358481.1522407532
84639900.7494049370 190200.9682738781
85560557.7654344887 299569.9887523651
101611717.9152986407 399787.0588378906
85813080.4035254121 316528.1797771454
85773031.0970492810 313752.7220592499
84666065.7071645856 196630.6914483905
84653076.2844010890 195703.9088832736
85493861.8656025082 293474.9547576904
85310289.9811413586 279559.7186565399
84622642.9896414280 189107.6220851243
86043509.2384584844 332316.0508450270
85360016.3580682874 283956.6798121929
87007631.5523786843 366015.8853149414
84521727.2027917951 154094.4107989911
85284716.9379477799 276856.4994971752
85820477.7836396843 316892.6179180145
86002404.8131149858 329372.6606025696
86289890.9805807471 343685.2888526917
86049851.4997054040 332564.7501564026
84574437.7256930768 175989.8097472118
85056829.2835826129 253482.1705904007
85962143.9761517197 325003.4143867493
85679121.7565230727 308170.5817852020
85828410.0520177484 317727.0613536835
84550531.8826552927 168276.7077656481
85565346.0603748560 299644.1083507538
85203894.3253132403 268850.1186962128
85478532.2171101421 292139.8310680389
85820477.7836396843 316944.9234600067
87152633.0049362034 372429.2628784180
87473155.1667824835 379207.8645019531
85966932.2710921019 325126.5369148254
85805148.1351473629 315693.5809459686
85597463.0984729379 301637.4281749725
85550016.4118825048 298445.2509155273
85550016.4118825048 298445.2267742157
86096102.6231540889 333361.0123786926
85959308.8555393964 324495.9500770569
85699239.6999558061 309541.5000762939
85560557.7654344738 299520.9858226776
85989951.3214699924 325796.4852932692
85597463.0984729379 301676.8563976288
85576634.5845841020 300510.8478984833
85545228.1169421226 298322.1042461395
84528745.8766696006 160716.3814229313
86017734.4616073221 330621.4445381165
85882221.8482984453 322153.6398342848
84524862.6147990227 154169.1979947519
84614053.7797017992 188282.0327615440
84596480.4893033504 182751.5491822399
84618842.0746421814 188468.8984684050
85592674.8035325557 301514.3056468964
85612659.6087882072 301735.8262920380
85694451.4050153941 309369.4633617401
85694451.4050154090 309472.3632640839
84596480.4893033504 182743.5395062603
84606822.0801748633 183238.9396887757
84592011.0160915256 181577.7737056205
84596480.4893033504 182789.4543687217
85644131.0838516206 302486.1513347626
85683910.0514634401 308293.7043132782
85895991.3708084971 323022.9840283990
85558509.7103874385 298535.3742351532
85699239.6999557912 309492.5858898163
85667122.6618577093 307499.2660655975
86184797.0068148971 337646.1571083069
84528745.8766696006 160767.3588780705
85959308.8555394113 324598.7478828430
85107459.4004225284 258404.2890872955
85153612.3747094870 264381.4553833008
85368272.2805436850 285151.3288009167
85056829.2835826129 253431.9150552750
85787378.4193382263 313959.5863640904
85334751.0154938400 282258.1359603405
85388243.6356269717 286317.8072052002
86732538.8886073232 363095.5926704407
84521727.2027917802 154059.4407364521
85366157.4831358194 284382.4474837780
85294960.3326490074 278497.0791931152
84521727.2027917802 154052.2399670277
85117753.1063312143 260232.4541115761
85388243.6356269717 286262.4764842987
84525420.0168989897 154989.9265794102
84567342.2583357543 174985.9887250103
86362498.3366458118 347149.1710548401
84683323.4669280946 197791.6734149754
87063474.8992635608 369919.4494018555
84932729.3242469579 240000.1073892713
85294960.3326490074 278360.8370800018
101255364.8866221309 399630.0549316406
84906854.0329795331 234444.1050791740
85318381.9367764741 279691.0019385815
85046333.8091248274 252383.3205971718
85334751.0154938251 282193.7038314342
84966594.9358029217 242310.0799422264
85743829.4407404512 309713.4627221227
85030666.7638069093 249998.6186037064
85224936.9151284248 272010.7746219635
85112247.6953629106 258527.4116153717
85286975.4691344500 277628.2162940502
85535280.0574426651 294659.2567348480
85286127.9824090600 277502.2582862377
85224089.4284030199 271926.0815868378
85535280.0574426502 294593.7071533203
84845137.3919135034 226720.6062037835
84911642.3279199153 234567.2276072502
85237415.5903630853 272133.8971500397
84927941.0293065757 239880.7070253491
84911642.3279199153 234497.1343379021
85056829.2835826129 253560.4998693466
87401371.4288883507 378621.4389038086
85224936.9151284248 272062.3236999512
84511425.4999185503 141043.1928814743
84954459.1716601402 241931.7292761803
85264821.2402239591 274687.4218776226
86281140.1326419413 343352.9236488342
85193575.2174701691 266956.9039535522
84828645.4260378182 225492.5490131268
85088757.6795194596 257563.9678096771
86281140.1326419413 343250.0237464905
85030666.7638069093 249924.8889665604
86288624.0364870280 343464.5120277405
85949140.8167791814 323370.3358345032
85739041.1458000690 309590.3401940465
85206152.8564999104 269737.3379344940
85006337.4519575685 248763.1021966934
84562811.1329437494 172972.1944145858
84545237.8425453007 167433.4701842964
84889435.9006868154 233345.0040340314
86733357.9598997831 363532.3447151184
84550026.1374856830 167570.8651880324
85056829.2835826129 253460.9743967056
84943224.7987047285 241050.1693747640
85033225.9380689412 250016.0012125969
85514960.7317896485 294276.4322185516
84511425.4999185503 141135.3553268258
85188786.9225297868 266854.4191398621
85535280.0574426800 294729.8028564453
84545237.8425453007 167441.7597942054
84875495.0024483651 229614.5226764569
85056829.2835826129 253439.1148386002
86281140.1326419413 343300.0379524231
85514960.7317896336 294248.2178630829
85044226.8684244454 250886.5128483772
84511425.4999185503 141079.3772885427
85056829.2835826129 253397.4775552750
85514960.7317896336 294268.4156169891
85510172.4368492514 294076.0924053192
84884647.6057464331 233221.8815059552
84889435.9006868005 233250.0997943768
85515327.8316665143 294325.3172302246
85188786.9225297868 266833.7814254761
86288624.0364870280 343381.9793128967
85148144.2785127908 263415.6886892319
85140553.6220914572 262986.1158828735
97728847.0039567202 394452.2810058594
85143355.9835724086 263292.5661611557
84511425.4999185503 141043.3553932998
85188786.9225297868 266769.7261047363
84943224.7987047285 241017.9865115285
84961806.6408625394 242186.9574141502
84938436.5037643462 240894.8639834523
84884647.6057464182 233126.9772663006
84562658.5186136663 172046.9297775924
84833001.6277707219 226297.7233738193
84511425.4999185503 141138.4189556930
84511425.4999185503 141093.1844948623
84812364.0684258193 220761.0094710588
87439782.6520875096 379057.3480834961
84541135.3841369152 162622.0679675212
97693891.3711642474 394448.3137207031
85082545.0441043377 256724.4910516739
87353617.2083457112 376029.3382568359
85077756.7491639555 256624.8071203232
84535841.3440269232 161779.4695101811
84917349.5074373037 235458.2620372772
85128248.5807889998 261409.6333837509
85011125.7468979508 248815.3331232071
85006337.4519575685 248807.3298559189
84922137.8023776859 235581.3845653534
96824193.4363564849 389826.3686523438
92831891.9531730860 381364.4578247070
86186877.9028735012 338702.3891639709
84788338.1979806870 218848.8141109237
85011125.7468979508 248891.3602247238
86331350.0582292974 344333.4373207092
85082545.0441043377 256727.3340616226
85006337.4519575685 248692.2105951309
85082545.0441043377 256747.9296483994
85128248.5807889849 261246.6110696793
84584915.5487342030 180573.9495038688
95704280.0366833657 389448.8898925781
84574437.7256930768 175997.8194231914
100624477.7285585701 398370.4733886719
84579226.0206334591 176135.2144269274
84589703.8436746001 180719.3573631346
84592011.0160915256 181585.7833816001
84572130.5532761514 175073.7727992572
86625534.2968646884 357034.7609977722
86281140.1326419413 343299.9358558655
86866750.0911685973 365174.7489204407
87165537.2356825918 372659.6129760742
87058532.6439399719 366154.6411743164
101139646.5439324379 398818.1223144531
100923721.4435586631 398704.9763183594
84712004.3807559311 204621.0250995457
84720424.7234046757 205278.2984411010
84715636.4284642935 205140.9034373650
84840349.0969731212 226597.4836757073
84778634.2037843764 217912.1358362922
87254917.2043769062 374708.6207885742
84521727.2027917802 154002.2758289967
84853606.2942420989 226783.2154475937
84521727.2027917802 154002.2483536396
84819879.6967460513 224310.0588995516
86449411.4894609302 351607.9620704651
84521727.2027917951 154097.4744278584
84795891.9635478854 219800.2701122055
84521727.2027917802 154060.3227039967
86126926.7866316140 335752.3733711243
86126926.7866316140 335689.1223945618
84555863.9848272949 168607.5913659558
84533534.1716099977 160913.0434917156
84528745.8766696155 160775.6484879795
84534039.9167795926 161560.7665662151
84783422.4987247586 218035.2583643684
86581791.5391078144 354360.5466499329
100165236.7391197681 398260.4855957031
84534039.9167796075 161655.1361824758
84534039.9167795926 161610.2372693401
84534039.9167796075 161618.2469453197
100800687.4514589310 398463.5339355469
84694746.6209924221 203458.4855768085
87180234.5267531574 372674.3671264648
86625534.2968646735 356919.8488960266
87058532.6439399421 366111.3652954102
86606963.9423820525 354617.1887397766
84515349.1890992820 152638.4213859737
86174135.5408993065 337004.4103431702
84709782.3495431244 204400.0426546821
84567342.2583357692 174993.9984009899
86625534.2968647033 357100.1662788391
86716058.5623174459 359005.8122558594
86270053.6820044070 341070.2796058655
97415009.8978546262 394253.0334472656
97767295.2053538561 395698.0197753906
86219156.8097437173 338808.5880775452
86525554.1131515503 352175.9391059875
86398628.1794163287 351070.2307739258
87143783.7045530081 370329.7213745117
84994446.4782749861 243780.0461334884
84704994.0546027422 204262.6476509461
84698378.6687007844 203978.2286607215
84670334.0441645980 196866.4515855610
84704994.0546027422 204205.0270454774
99696843.5236192346 397680.1662597656
84545085.2282152176 166406.7264502700
84545085.2282152325 166514.1393766794
84584915.5487342179 180581.9623593986
84572130.5532761514 175131.3934047259
84545085.2282152176 166479.1956828292
84657864.5793414712 195849.3167425394
84776807.1128228009 217750.8393741438
84868348.9043597579 227813.4978482017
86608284.2462567836 356072.3702725172
84868348.9043597579 227746.1511589775
85878899.6417243630 318952.0253233910
86608284.2462567836 356019.4093006849
84726716.4335826933 209421.3604475260
84726716.4335827082 209492.0980898142
84768386.7701740563 217175.9339615107
84736002.4156923294 209817.6392093489
86233777.4135995656 338858.5001869202
87602902.2749558538 379849.9232788086
84657864.5793414712 195841.3070665598
84794064.8725863099 218973.4405805359
84726716.4335826933 209303.9295450449
84726716.4335826933 209371.1517416239
84726716.4335826933 209397.2581869364
89416101.5433054119 379930.1112670898
84740943.8912286162 211583.8475553691
84731504.7285230756 209520.3807150126
84726716.4335826933 209353.4002481699
84785644.5299375653 218270.5132848918
84653076.2844010890 195703.9120628238
86256887.4415324926 338983.4596595764
96293057.0017533451 389610.7092285156
93920375.7123257220 382265.6603088379
90065085.1982035637 381286.0447387695
94508515.6636522859 385958.3713378906
87878957.9727606624 379901.3012084961
94920180.0003758520 388116.0222167969
86264419.8795301020 340109.2253903151
96900645.0058193952 393630.9465332031
