9827777.5895345211 0.7759019941
9823536.9045307264 0.7544924140
9831863.0862926375 0.7766460588
9836749.2278049029 0.7771857518
9847283.2772364952 0.7976567762
9821342.1419971101 0.7333520711
9825544.9841604084 0.7545744883
9853524.5583383031 0.7978927356
9823424.2786604017 0.7544852089
9827088.3134841509 0.7751045123
9845322.8338863719 0.7973530426
9821585.8505830579 0.7536516743
9835352.5932925977 0.7769626988
9831636.8146236055 0.7765234576
9837679.8553768396 0.7772622000
9852999.0483474154 0.7978248543
9819011.9318262301 0.7329305234
9822086.6971987784 0.7543815719
9823296.1949905623 0.7543873605
9841012.3711811807 0.7965555609
9818933.4589118361 0.7328812951
9858997.1995063648 0.8179872259
9854934.1068063695 0.7979318949
9842034.0728908200 0.7965671416
9825666.9933666177 0.7545745023
9828993.0576099288 0.7760613239
9832452.9506944045 0.7767490382
9833603.6326747313 0.7769017270
9842221.8689729646 0.7972802421
9858752.0214471295 0.7981098809
9826384.9557669088 0.7546081345
9826731.9463487864 0.7551256367
9839392.7974079624 0.7775835381
9840543.4793882910 0.7777794311
9827842.3756296001 0.7759049755
9856882.4049424045 0.7980295173
9828056.1467039939 0.7759321730
9835431.0662069935 0.7770527717
9833171.0918372087 0.7767792171
9822791.8249221519 0.7543838125
9827338.0055611879 0.7751079392
9823333.5758556500 0.7544827681
9838786.4357334636 0.7774028971
9847087.0199576914 0.7974608832
9838607.3509965781 0.7773531547
9826886.2582949623 0.7552251891
