121926.1820880447 121972.9328127337
122227.9244277617 121926.4732822633
121949.3930372537 121949.7030474985
121879.7601896267 121926.4732822633
121949.3930372537 121926.4732822633
121856.5492404177 121903.2435170281
121879.7601896267 121903.2435170281
121949.3930372537 121903.2435170281
121972.6039864627 121903.2435170281
121879.7601896267 121880.0137517929
121902.9711388357 121880.0137517929
121926.1820880447 121880.0137517929
121902.9711388357 121856.7839865577
121926.1820880447 121856.7839865577
121995.8149356717 121856.7839865577

121786.9163927907 121949.7030474985
121810.1273419997 121949.7030474985
121833.3382912087 121949.7030474985
121879.7601896267 121949.7030474985
121949.3930372537 121949.7030474985
121856.5492404177 121903.2435170281
121879.7601896267 121903.2435170281
121902.9711388357 121903.2435170281
121949.3930372537 121903.2435170281
122111.8696817167 121903.2435170281
121879.7601896267 121880.0137517929
121902.9711388357 121880.0137517929
121926.1820880447 121880.0137517929
121926.1820880447 121833.5542213225
121949.3930372537 121833.5542213225

121995.8149356717 121787.0946908521
121879.7601896267 121833.5542213225
121856.5492404177 121833.5542213225
121833.3382912087 121833.5542213225
121902.9711388357 121856.7839865577
121856.5492404177 121856.7839865577
121879.7601896267 121880.0137517929
121856.5492404177 121880.0137517929
121972.6039864627 121903.2435170281
121972.6039864627 121926.4732822633
121949.3930372537 121949.7030474985
121833.3382912087 121949.7030474985
122019.0258848807 121531.5672732648
121995.8149356717 121972.9328127337
122065.4477832987 122042.6221084393

114220.1469506562 114190.9614589396
113430.9746775501 114539.4079374677
112015.1067758010 114980.7734769366
114800.4206808812 115352.4497206999
116378.7652270933 115654.4366687576
116518.0309223473 116351.3296258138
115659.2258016143 116653.3165738715
123643.7923295108 117396.6690613981
116169.8666842123 118581.3870883936
118839.1258432475 119510.5776978019
126521.9500314270 119905.4837068004
122343.9791738067 120695.2957247974
121090.5879165206 121810.3244560873
122947.4638532407 124528.2069886064
123481.3156850478 124969.5725280753

122065.4477832987 122042.6221084393
122297.5572753887 121740.6351603817
122042.2368340897 121740.6351603817
121995.8149356717 121787.0946908521
121949.3930372537 121787.0946908521
121902.9711388357 121787.0946908521
121810.1273419997 121833.5542213225
121972.6039864627 121926.4732822633
121926.1820880447 121926.4732822633
121972.6039864627 121949.7030474985
121949.3930372537 121949.7030474985
121879.7601896267 121949.7030474985
121926.1820880447 121972.9328127337
122019.0258848807 121996.1625779689
121879.7601896267 121996.1625779689

121995.8149356717 121972.9328127337
121833.3382912087 121949.7030474985
121949.3930372537 121949.7030474985
121879.7601896267 121926.4732822633
121856.5492404177 121903.2435170281
121879.7601896267 121903.2435170281
121949.3930372537 121903.2435170281
121972.6039864627 121903.2435170281
121879.7601896267 121880.0137517929
121902.9711388357 121880.0137517929
121926.1820880447 121880.0137517929
121902.9711388357 121856.7839865577
121926.1820880447 121856.7839865577
121879.7601896267 121949.7030474985
121972.6039864627 121833.5542213225

121926.1820880447 121972.9328127337
121833.3382912087 121949.7030474985
121949.3930372537 121949.7030474985
121879.7601896267 121926.4732822633
121949.3930372537 121926.4732822633
121856.5492404177 121903.2435170281
121879.7601896267 121903.2435170281
121949.3930372537 121903.2435170281
121972.6039864627 121903.2435170281
121879.7601896267 121880.0137517929
121972.6039864627 121949.7030474985
121926.1820880447 121880.0137517929
121902.9711388357 121856.7839865577
121926.1820880447 121856.7839865577
121995.8149356717 121856.7839865577

122297.5572753887 121740.6351603817
122065.4477832987 121787.0946908521
121995.8149356717 121787.0946908521
121879.7601896267 121833.5542213225
121833.3382912087 121833.5542213225
121879.7601896267 121880.0137517929
121856.5492404177 121880.0137517929
121972.6039864627 121903.2435170281
121995.8149356717 122042.6221084393
121949.3930372537 121949.7030474985
121833.3382912087 121949.7030474985
121810.1273419997 121949.7030474985
121694.0725959547 121949.7030474985
121995.8149356717 121972.9328127337
122065.4477832987 122042.6221084393

121786.9163927907 122274.9197607914
121879.7601896267 121996.1625779689
122019.0258848807 121996.1625779689
121926.1820880447 121972.9328127337
121879.7601896267 121949.7030474985
122831.4091071957 121415.4184470888
121972.6039864627 121949.7030474985
121926.1820880447 121926.4732822633
121972.6039864627 121926.4732822633
121810.1273419997 121833.5542213225
121902.9711388357 121787.0946908521
121949.3930372537 121787.0946908521
121995.8149356717 121787.0946908521
122042.2368340897 121740.6351603817
121810.1273419997 121345.7291513832

122042.2368340897 121578.0268037352
121902.9711388357 121810.3244560873
121949.3930372537 121833.5542213225
121926.1820880447 121833.5542213225
121902.9711388357 121856.7839865577
121926.1820880447 121880.0137517929
121902.9711388357 121880.0137517929
121879.7601896267 121880.0137517929
121949.3930372537 121903.2435170281
121879.7601896267 121903.2435170281
122135.0806309257 121926.4732822633
121879.7601896267 121926.4732822633
121879.7601896267 121949.7030474985
121833.3382912087 121949.7030474985
121810.1273419997 121949.7030474985

121995.8149356717 121972.9328127337
121810.1273419997 121949.7030474985
121833.3382912087 121949.7030474985
121949.3930372537 121949.7030474985
121786.9163927907 121903.2435170281
121856.5492404177 121903.2435170281
121879.7601896267 121903.2435170281
121902.9711388357 121903.2435170281
121949.3930372537 121903.2435170281
122158.2915801347 121787.0946908521
121902.9711388357 121880.0137517929
121926.1820880447 121880.0137517929
121902.9711388357 121856.7839865577
121926.1820880447 121833.5542213225
121949.3930372537 121833.5542213225

122065.4477832987 122042.6221084393
121995.8149356717 121972.9328127337
121810.1273419997 121949.7030474985
121833.3382912087 121949.7030474985
121949.3930372537 121949.7030474985
121972.6039864627 121926.4732822633
121972.6039864627 121903.2435170281
121856.5492404177 121880.0137517929
121879.7601896267 121880.0137517929
121856.5492404177 121856.7839865577
121902.9711388357 121856.7839865577
121833.3382912087 121833.5542213225
121856.5492404177 121833.5542213225
121879.7601896267 121833.5542213225
121995.8149356717 121787.0946908521

121995.8149356717 121972.9328127337
121833.3382912087 121949.7030474985
121949.3930372537 121949.7030474985
121879.7601896267 121926.4732822633
121786.9163927907 121903.2435170281
121856.5492404177 121903.2435170281
121879.7601896267 121903.2435170281
122088.6587325077 121670.9458646760
121949.3930372537 121903.2435170281
121879.7601896267 121880.0137517929
121902.9711388357 121880.0137517929
121926.1820880447 121880.0137517929
121902.9711388357 121856.7839865577
121926.1820880447 121833.5542213225
121949.3930372537 121833.5542213225

121810.1273419997 121949.7030474985
121833.3382912087 121949.7030474985
121879.7601896267 121949.7030474985
121949.3930372537 121949.7030474985
121879.7601896267 121926.4732822633
122135.0806309257 121926.4732822633
121879.7601896267 121903.2435170281
121949.3930372537 121903.2435170281
121879.7601896267 121880.0137517929
121902.9711388357 121880.0137517929
121926.1820880447 121880.0137517929
121902.9711388357 121856.7839865577
121949.3930372537 121833.5542213225
121926.1820880447 121833.5542213225
121902.9711388357 121903.2435170281

121926.1820880447 121972.9328127337
121833.3382912087 121949.7030474985
121949.3930372537 121949.7030474985
121995.8149356717 121856.7839865577
121926.1820880447 121856.7839865577
121902.9711388357 121856.7839865577
121926.1820880447 121880.0137517929
121902.9711388357 121880.0137517929
121879.7601896267 121880.0137517929
121972.6039864627 121903.2435170281
121949.3930372537 121903.2435170281
121879.7601896267 121903.2435170281
121856.5492404177 121903.2435170281
121949.3930372537 121926.4732822633
121879.7601896267 121926.4732822633

121995.8149356717 121972.9328127337
121810.1273419997 121949.7030474985
121833.3382912087 121949.7030474985
121879.7601896267 121926.4732822633
121786.9163927907 121903.2435170281
121856.5492404177 121903.2435170281
121879.7601896267 121903.2435170281
121902.9711388357 121903.2435170281
121949.3930372537 121903.2435170281
121879.7601896267 121880.0137517929
121902.9711388357 121880.0137517929
121926.1820880447 121880.0137517929
122251.1353769707 121880.0137517929
121926.1820880447 121833.5542213225
121949.3930372537 121833.5542213225

122204.7134785527 121787.0946908521
121833.3382912087 121949.7030474985
121949.3930372537 121949.7030474985
121879.7601896267 121926.4732822633
121949.3930372537 121926.4732822633
121856.5492404177 121903.2435170281
121879.7601896267 121903.2435170281
121949.3930372537 121903.2435170281
121972.6039864627 121903.2435170281
121879.7601896267 121880.0137517929
121902.9711388357 121880.0137517929
121926.1820880447 121880.0137517929
121902.9711388357 121856.7839865577
121926.1820880447 121856.7839865577
121995.8149356717 121856.7839865577

121949.3930372537 122228.4602303210
121833.3382912087 121949.7030474985
121879.7601896267 121949.7030474985
121949.3930372537 121949.7030474985
121879.7601896267 121926.4732822633
122135.0806309257 121926.4732822633
121879.7601896267 121903.2435170281
121949.3930372537 121903.2435170281
121879.7601896267 121880.0137517929
121902.9711388357 121880.0137517929
121926.1820880447 121880.0137517929
121902.9711388357 121856.7839865577
121926.1820880447 121833.5542213225
121949.3930372537 121833.5542213225
121902.9711388357 121810.3244560873

121995.8149356717 121972.9328127337
121833.3382912087 121949.7030474985
121949.3930372537 121949.7030474985
121879.7601896267 121926.4732822633
121856.5492404177 121903.2435170281
121879.7601896267 121903.2435170281
121949.3930372537 121903.2435170281
121972.6039864627 121903.2435170281
121879.7601896267 121880.0137517929
121902.9711388357 121880.0137517929
121926.1820880447 121880.0137517929
121902.9711388357 121856.7839865577
121926.1820880447 121856.7839865577
121995.8149356717 121856.7839865577
121856.5492404177 121856.7839865577

121786.9163927907 122274.9197607914
121879.7601896267 121996.1625779689
122019.0258848807 121996.1625779689
121926.1820880447 121972.9328127337
121879.7601896267 121949.7030474985
121949.3930372537 121949.7030474985
121972.6039864627 121949.7030474985
121926.1820880447 121926.4732822633
121972.6039864627 121926.4732822633
121229.8536117746 122530.4471783787
121902.9711388357 121787.0946908521
121949.3930372537 121787.0946908521
121995.8149356717 121787.0946908521
122042.2368340897 121740.6351603817
121810.1273419997 121345.7291513832

121786.9163927907 121949.7030474985
121810.1273419997 121949.7030474985
121833.3382912087 121949.7030474985
121879.7601896267 121949.7030474985
121949.3930372537 121949.7030474985
121879.7601896267 121926.4732822633
122135.0806309257 121926.4732822633
121879.7601896267 121903.2435170281
121949.3930372537 121903.2435170281
121902.9711388357 121880.0137517929
121926.1820880447 121880.0137517929
121949.3930372537 121833.5542213225
121926.1820880447 121833.5542213225
121902.9711388357 121856.7839865577
121879.7601896267 121880.0137517929

121995.8149356717 121972.9328127337
121995.8149356717 121810.3244560873
121949.3930372537 121949.7030474985
121879.7601896267 121926.4732822633
121786.9163927907 121903.2435170281
121856.5492404177 121903.2435170281
121879.7601896267 121903.2435170281
121902.9711388357 121903.2435170281
121949.3930372537 121903.2435170281
121879.7601896267 121880.0137517929
121902.9711388357 121880.0137517929
121926.1820880447 121880.0137517929
121902.9711388357 121856.7839865577
121926.1820880447 121833.5542213225
121949.3930372537 121833.5542213225

121926.1820880447 121972.9328127337
121833.3382912087 121949.7030474985
121949.3930372537 121949.7030474985
121879.7601896267 121926.4732822633
121856.5492404177 121903.2435170281
121879.7601896267 121903.2435170281
121949.3930372537 121903.2435170281
121972.6039864627 121903.2435170281
121879.7601896267 121880.0137517929
121902.9711388357 121880.0137517929
121926.1820880447 121880.0137517929
121902.9711388357 121856.7839865577
121926.1820880447 121856.7839865577
122227.9244277617 121972.9328127337
121972.6039864627 121833.5542213225

121995.8149356717 121972.9328127337
121810.1273419997 121949.7030474985
121833.3382912087 121949.7030474985
121949.3930372537 121949.7030474985
121786.9163927907 121903.2435170281
121856.5492404177 121903.2435170281
121879.7601896267 121903.2435170281
121902.9711388357 121903.2435170281
121949.3930372537 121903.2435170281
121879.7601896267 121880.0137517929
121902.9711388357 121880.0137517929
121926.1820880447 121880.0137517929
121972.6039864627 121717.4053951465
121926.1820880447 121833.5542213225
121949.3930372537 121833.5542213225

121995.8149356717 121972.9328127337
121833.3382912087 121949.7030474985
121949.3930372537 121949.7030474985
121879.7601896267 121926.4732822633
121786.9163927907 121903.2435170281
121856.5492404177 121903.2435170281
121879.7601896267 121903.2435170281
122111.8696817167 121670.9458646760
121949.3930372537 121903.2435170281
121879.7601896267 121880.0137517929
121902.9711388357 121880.0137517929
121926.1820880447 121880.0137517929
121902.9711388357 121856.7839865577
121926.1820880447 121833.5542213225
121949.3930372537 121833.5542213225

121786.9163927907 122274.9197607914
121879.7601896267 121996.1625779689
122019.0258848807 121996.1625779689
121926.1820880447 121972.9328127337
121879.7601896267 121949.7030474985
121949.3930372537 121949.7030474985
121972.6039864627 121949.7030474985
119721.1419131895 115561.5176078168
121972.6039864627 121926.4732822633
121810.1273419997 121833.5542213225
121902.9711388357 121787.0946908521
121949.3930372537 121787.0946908521
121995.8149356717 121787.0946908521
122042.2368340897 121740.6351603817
121810.1273419997 121345.7291513832

121972.6039864627 121833.5542213225
121995.8149356717 121856.7839865577
121926.1820880447 121856.7839865577
121902.9711388357 121856.7839865577
121926.1820880447 121880.0137517929
121902.9711388357 121880.0137517929
121972.6039864627 121903.2435170281
121949.3930372537 121903.2435170281
121879.7601896267 121903.2435170281
121856.5492404177 121903.2435170281
121879.7601896267 121926.4732822633
121949.3930372537 121949.7030474985
121926.1820880447 121949.7030474985
121833.3382912087 121949.7030474985
122227.9244277617 121810.3244560873

121786.9163927907 122274.9197607914
121879.7601896267 121996.1625779689
122019.0258848807 121996.1625779689
121926.1820880447 121972.9328127337
121879.7601896267 121949.7030474985
121949.3930372537 121949.7030474985
121972.6039864627 121949.7030474985
121926.1820880447 121926.4732822633
118908.7586908745 115329.2199554647
121810.1273419997 121833.5542213225
121902.9711388357 121787.0946908521
121949.3930372537 121787.0946908521
121995.8149356717 121787.0946908521
122042.2368340897 121740.6351603817
121810.1273419997 121345.7291513832

121995.8149356717 121972.9328127337
121833.3382912087 121949.7030474985
121949.3930372537 121949.7030474985
121949.3930372537 121833.5542213225
121926.1820880447 121833.5542213225
121902.9711388357 121856.7839865577
121926.1820880447 121880.0137517929
121902.9711388357 121880.0137517929
121879.7601896267 121880.0137517929
121949.3930372537 121903.2435170281
121902.9711388357 121903.2435170281
121879.7601896267 121903.2435170281
121856.5492404177 121903.2435170281
121786.9163927907 121903.2435170281
121879.7601896267 121926.4732822633

121949.3930372537 121833.5542213225
121926.1820880447 121833.5542213225
121902.9711388357 121856.7839865577
121926.1820880447 121880.0137517929
121902.9711388357 121880.0137517929
121879.7601896267 121880.0137517929
121949.3930372537 121903.2435170281
121902.9711388357 121903.2435170281
121879.7601896267 121903.2435170281
121856.5492404177 121903.2435170281
121786.9163927907 121903.2435170281
121879.7601896267 121926.4732822633
121833.3382912087 121949.7030474985
121810.1273419997 121949.7030474985
121995.8149356717 121972.9328127337

121786.9163927907 122274.9197607914
121879.7601896267 121996.1625779689
122019.0258848807 121996.1625779689
121926.1820880447 121972.9328127337
121879.7601896267 121949.7030474985
120672.7908307586 122391.0685869674
121972.6039864627 121949.7030474985
121926.1820880447 121926.4732822633
121972.6039864627 121926.4732822633
121810.1273419997 121833.5542213225
121902.9711388357 121787.0946908521
121949.3930372537 121787.0946908521
121995.8149356717 121787.0946908521
122042.2368340897 121740.6351603817
121810.1273419997 121345.7291513832

121949.3930372537 121833.5542213225
121926.1820880447 121833.5542213225
121902.9711388357 121856.7839865577
121926.1820880447 121880.0137517929
121902.9711388357 121880.0137517929
121879.7601896267 121880.0137517929
121949.3930372537 121903.2435170281
121902.9711388357 121903.2435170281
121879.7601896267 121903.2435170281
121856.5492404177 121903.2435170281
121786.9163927907 121903.2435170281
121949.3930372537 121949.7030474985
121833.3382912087 121949.7030474985
121810.1273419997 121949.7030474985
121995.8149356717 121972.9328127337

121995.8149356717 121972.9328127337
121995.8149356717 121903.2435170281
121949.3930372537 121949.7030474985
121879.7601896267 121926.4732822633
121856.5492404177 121903.2435170281
121879.7601896267 121903.2435170281
121949.3930372537 121903.2435170281
121972.6039864627 121903.2435170281
121879.7601896267 121880.0137517929
121902.9711388357 121880.0137517929
121926.1820880447 121880.0137517929
121902.9711388357 121856.7839865577
121926.1820880447 121856.7839865577
121995.8149356717 121856.7839865577
121972.6039864627 121833.5542213225

121995.8149356717 121972.9328127337
121786.9163927907 121949.7030474985
121833.3382912087 121949.7030474985
121949.3930372537 121949.7030474985
122135.0806309257 121926.4732822633
121856.5492404177 121903.2435170281
121879.7601896267 121903.2435170281
121879.7601896267 121880.0137517929
121694.0725959547 122274.9197607914
121926.1820880447 121880.0137517929
121902.9711388357 121856.7839865577
121949.3930372537 121856.7839865577
121879.7601896267 121833.5542213225
121926.1820880447 121833.5542213225
122181.5025293437 121624.4863342056

121833.3382912087 122298.1495260266
122065.4477832987 122042.6221084393
121694.0725959547 121949.7030474985
121810.1273419997 121949.7030474985
121833.3382912087 121949.7030474985
121949.3930372537 121949.7030474985
121972.6039864627 121926.4732822633
121972.6039864627 121903.2435170281
121856.5492404177 121880.0137517929
121879.7601896267 121880.0137517929
121856.5492404177 121856.7839865577
121902.9711388357 121856.7839865577
121833.3382912087 121833.5542213225
121879.7601896267 121833.5542213225
121995.8149356717 121787.0946908521

121926.1820880447 121972.9328127337
121833.3382912087 121949.7030474985
121949.3930372537 121949.7030474985
121879.7601896267 121926.4732822633
121856.5492404177 121903.2435170281
121879.7601896267 121903.2435170281
121949.3930372537 121903.2435170281
121972.6039864627 121903.2435170281
121879.7601896267 121880.0137517929
121902.9711388357 121880.0137517929
121926.1820880447 121880.0137517929
121902.9711388357 121856.7839865577
121926.1820880447 121856.7839865577
121995.8149356717 121856.7839865577
122320.7682245977 121856.7839865577

122042.2368340897 121949.7030474985
121833.3382912087 121949.7030474985
121949.3930372537 121949.7030474985
121879.7601896267 121926.4732822633
121856.5492404177 121903.2435170281
121879.7601896267 121903.2435170281
121949.3930372537 121903.2435170281
121972.6039864627 121903.2435170281
121879.7601896267 121880.0137517929
121902.9711388357 121880.0137517929
121926.1820880447 121880.0137517929
121902.9711388357 121856.7839865577
121926.1820880447 121856.7839865577
121995.8149356717 121856.7839865577
121972.6039864627 121833.5542213225

122065.4477832987 122042.6221084393
121995.8149356717 121972.9328127337
121694.0725959547 121949.7030474985
121810.1273419997 121949.7030474985
121833.3382912087 121949.7030474985
121949.3930372537 121949.7030474985
121972.6039864627 121926.4732822633
121972.6039864627 121903.2435170281
121856.5492404177 121880.0137517929
121879.7601896267 121880.0137517929
122297.5572753887 121740.6351603817
122065.4477832987 121787.0946908521
121995.8149356717 121787.0946908521
121879.7601896267 121833.5542213225
121833.3382912087 121833.5542213225

121786.9163927907 122274.9197607914
112734.6462012801 113703.1363890003
114220.1469506562 114190.9614589396
112061.5286742190 114492.9484069973
112015.1067758010 114980.7734769366
116912.6170589003 115375.6794859351
116378.7652270933 115654.4366687576
116518.0309223473 116351.3296258138
123643.7923295108 117396.6690613981
116355.5542778843 118558.1573231584
118839.1258432475 119510.5776978019
126521.9500314270 119905.4837068004
126336.2624377550 120300.3897157989
122343.9791738067 120695.2957247974
121090.5879165206 121810.3244560873

121995.8149356717 121972.9328127337
121810.1273419997 121949.7030474985
121833.3382912087 121949.7030474985
121949.3930372537 121949.7030474985
121879.7601896267 121926.4732822633
121856.5492404177 121903.2435170281
121879.7601896267 121903.2435170281
121949.3930372537 121903.2435170281
121972.6039864627 121903.2435170281
121879.7601896267 121880.0137517929
121902.9711388357 121880.0137517929
121926.1820880447 121880.0137517929
121902.9711388357 121856.7839865577
122204.7134785527 121833.5542213225
121926.1820880447 121833.5542213225

121786.9163927907 122274.9197607914
121879.7601896267 121996.1625779689
122019.0258848807 121996.1625779689
121926.1820880447 121972.9328127337
121879.7601896267 121949.7030474985
121949.3930372537 121949.7030474985
121972.6039864627 121949.7030474985
121926.1820880447 121926.4732822633
121972.6039864627 121926.4732822633
121810.1273419997 121833.5542213225
121902.9711388357 121787.0946908521
121949.3930372537 121787.0946908521
121995.8149356717 121787.0946908521
122042.2368340897 121740.6351603817
122297.5572753887 121740.6351603817

121786.9163927907 122274.9197607914
123852.6908723918 118604.6168536288
122019.0258848807 121996.1625779689
121926.1820880447 121972.9328127337
121879.7601896267 121949.7030474985
121949.3930372537 121949.7030474985
121972.6039864627 121949.7030474985
121926.1820880447 121926.4732822633
121972.6039864627 121926.4732822633
121810.1273419997 121833.5542213225
121902.9711388357 121787.0946908521
121949.3930372537 121787.0946908521
121995.8149356717 121787.0946908521
122042.2368340897 121740.6351603817
121810.1273419997 121345.7291513832

121786.9163927907 122274.9197607914
121879.7601896267 121996.1625779689
122019.0258848807 121996.1625779689
121926.1820880447 121972.9328127337
121879.7601896267 121949.7030474985
121949.3930372537 121949.7030474985
121972.6039864627 121949.7030474985
121926.1820880447 121926.4732822633
121972.6039864627 121926.4732822633
121810.1273419997 121833.5542213225
121902.9711388357 121787.0946908521
121949.3930372537 121787.0946908521
122227.9244277617 121624.4863342056
122042.2368340897 121740.6351603817
121810.1273419997 121345.7291513832

122065.4477832987 122042.6221084393
121995.8149356717 121972.9328127337
121694.0725959547 121949.7030474985
121810.1273419997 121949.7030474985
121833.3382912087 121949.7030474985
121949.3930372537 121949.7030474985
121972.6039864627 121926.4732822633
121972.6039864627 121903.2435170281
121879.7601896267 121880.0137517929
121856.5492404177 121856.7839865577
121902.9711388357 121856.7839865577
121833.3382912087 121833.5542213225
121879.7601896267 121833.5542213225
122297.5572753887 121740.6351603817
121995.8149356717 121787.0946908521

122947.4638532407 124528.2069886064
121090.5879165206 121810.3244560873
122343.9791738067 120695.2957247974
126336.2624377550 120300.3897157989
126521.9500314270 119905.4837068004
118839.1258432475 119510.5776978019
116355.5542778843 118558.1573231584
123643.7923295108 117396.6690613981
116518.0309223473 116351.3296258138
116378.7652270933 115654.4366687576
116912.6170589003 115375.6794859351
112015.1067758010 114980.7734769366
112061.5286742190 114492.9484069973
114220.1469506562 114190.9614589396
112734.6462012801 113703.1363890003

122065.4477832987 122042.6221084393
121995.8149356717 121972.9328127337
121694.0725959547 121949.7030474985
121810.1273419997 121949.7030474985
121833.3382912087 121949.7030474985
121949.3930372537 121949.7030474985
122297.5572753887 121740.6351603817
121995.8149356717 121787.0946908521
121879.7601896267 121833.5542213225
121833.3382912087 121833.5542213225
121856.5492404177 121856.7839865577
121879.7601896267 121880.0137517929
121856.5492404177 121880.0137517929
121740.4944943727 122321.3792912618
121972.6039864627 121926.4732822633

122065.4477832987 122042.6221084393
121995.8149356717 121972.9328127337
121694.0725959547 121949.7030474985
121810.1273419997 121949.7030474985
121833.3382912087 121949.7030474985
121949.3930372537 121949.7030474985
121972.6039864627 121926.4732822633
122111.8696817167 121717.4053951465
121856.5492404177 121880.0137517929
121879.7601896267 121880.0137517929
121856.5492404177 121856.7839865577
121902.9711388357 121856.7839865577
121833.3382912087 121833.5542213225
121879.7601896267 121833.5542213225
121995.8149356717 121787.0946908521

122065.4477832987 122042.6221084393
121995.8149356717 121972.9328127337
121694.0725959547 121949.7030474985
121810.1273419997 121949.7030474985
121833.3382912087 121949.7030474985
121949.3930372537 121949.7030474985
121972.6039864627 121926.4732822633
121972.6039864627 121903.2435170281
121856.5492404177 121880.0137517929
121879.7601896267 121880.0137517929
121856.5492404177 121856.7839865577
122297.5572753887 121740.6351603817
121833.3382912087 121833.5542213225
121879.7601896267 121833.5542213225
121995.8149356717 121787.0946908521

121995.8149356717 121972.9328127337
121786.9163927907 121949.7030474985
121810.1273419997 121949.7030474985
121833.3382912087 121949.7030474985
121949.3930372537 121949.7030474985
122135.0806309257 121926.4732822633
121856.5492404177 121903.2435170281
121879.7601896267 121903.2435170281
121949.3930372537 121903.2435170281
121879.7601896267 121880.0137517929
121902.9711388357 121880.0137517929
121926.1820880447 121880.0137517929
121902.9711388357 121856.7839865577
122019.0258848807 121647.7160994408
121926.1820880447 121833.5542213225

121786.9163927907 122274.9197607914
121879.7601896267 121996.1625779689
122019.0258848807 121996.1625779689
121926.1820880447 121972.9328127337
121485.1740530737 122646.5960045547
121949.3930372537 121949.7030474985
121972.6039864627 121949.7030474985
121926.1820880447 121926.4732822633
121972.6039864627 121926.4732822633
121810.1273419997 121833.5542213225
121902.9711388357 121787.0946908521
121949.3930372537 121787.0946908521
121995.8149356717 121787.0946908521
122042.2368340897 121740.6351603817
121810.1273419997 121345.7291513832

112734.6462012801 113703.1363890003
114220.1469506562 114190.9614589396
112061.5286742190 114492.9484069973
112015.1067758010 114980.7734769366
116912.6170589003 115375.6794859351
116378.7652270933 115654.4366687576
116518.0309223473 116351.3296258138
123643.7923295108 117396.6690613981
116355.5542778843 118558.1573231584
118839.1258432475 119510.5776978019
126521.9500314270 119905.4837068004
126336.2624377550 120300.3897157989
122343.9791738067 120695.2957247974
121090.5879165206 121810.3244560873
127844.9741363401 117838.0346008670

112734.6462012801 113703.1363890003
114220.1469506562 114190.9614589396
112061.5286742190 114492.9484069973
112015.1067758010 114980.7734769366
116912.6170589003 115375.6794859351
116378.7652270933 115654.4366687576
116518.0309223473 116351.3296258138
123643.7923295108 117396.6690613981
120742.4236783856 122182.0006998506
118839.1258432475 119510.5776978019
126521.9500314270 119905.4837068004
126336.2624377550 120300.3897157989
122343.9791738067 120695.2957247974
121090.5879165206 121810.3244560873
121137.0098149386 123041.5020135532

121601.2287991187 122321.3792912618
122065.4477832987 122042.6221084393
121972.6039864627 121972.9328127337
121995.8149356717 121972.9328127337
121694.0725959547 121949.7030474985
121810.1273419997 121949.7030474985
121833.3382912087 121949.7030474985
121972.6039864627 121903.2435170281
121879.7601896267 121880.0137517929
121995.8149356717 121856.7839865577
121810.1273419997 121345.7291513832
122042.2368340897 121740.6351603817
121995.8149356717 121787.0946908521
121949.3930372537 121787.0946908521
121902.9711388357 121787.0946908521

122065.4477832987 122042.6221084393
121995.8149356717 121972.9328127337
121694.0725959547 121949.7030474985
121810.1273419997 121949.7030474985
121833.3382912087 121949.7030474985
121972.6039864627 122367.8388217322
121879.7601896267 121880.0137517929
121856.5492404177 121856.7839865577
121995.8149356717 121856.7839865577
121833.3382912087 121833.5542213225
121879.7601896267 121833.5542213225
121949.3930372537 121787.0946908521
121995.8149356717 121787.0946908521
121856.5492404177 121763.8649256169
121926.1820880447 121531.5672732648

112734.6462012801 113703.1363890003
114220.1469506562 114190.9614589396
112061.5286742190 114492.9484069973
112015.1067758010 114980.7734769366
116912.6170589003 115375.6794859351
116378.7652270933 115654.4366687576
116518.0309223473 116351.3296258138
123643.7923295108 117396.6690613981
116355.5542778843 118558.1573231584
126034.5200980379 119185.3609845090
126521.9500314270 119905.4837068004
126336.2624377550 120300.3897157989
122343.9791738067 120695.2957247974
121090.5879165206 121810.3244560873
121137.0098149386 123041.5020135532

122065.4477832987 122042.6221084393
121995.8149356717 121972.9328127337
121694.0725959547 121949.7030474985
121810.1273419997 121949.7030474985
121833.3382912087 121949.7030474985
121972.6039864627 121903.2435170281
121763.7054435817 122251.6899955562
121856.5492404177 121856.7839865577
121995.8149356717 121856.7839865577
121833.3382912087 121833.5542213225
121879.7601896267 121833.5542213225
121949.3930372537 121787.0946908521
121995.8149356717 121787.0946908521
121856.5492404177 121763.8649256169
121926.1820880447 121531.5672732648

112734.6462012801 113703.1363890003
114220.1469506562 114190.9614589396
112061.5286742190 114492.9484069973
112015.1067758010 114980.7734769366
116912.6170589003 115375.6794859351
116378.7652270933 115654.4366687576
116518.0309223473 116351.3296258138
123643.7923295108 117396.6690613981
124990.0273836329 118674.3061493344
118839.1258432475 119510.5776978019
126521.9500314270 119905.4837068004
126336.2624377550 120300.3897157989
122343.9791738067 120695.2957247974
121090.5879165206 121810.3244560873
121137.0098149386 123041.5020135532

112734.6462012801 113703.1363890003
114220.1469506562 114190.9614589396
112061.5286742190 114492.9484069973
112015.1067758010 114980.7734769366
116912.6170589003 115375.6794859351
116378.7652270933 115654.4366687576
116518.0309223473 116351.3296258138
123643.7923295108 117396.6690613981
116355.5542778843 118558.1573231584
123504.5266342568 119115.6716888034
126521.9500314270 119905.4837068004
126336.2624377550 120300.3897157989
122343.9791738067 120695.2957247974
121090.5879165206 121810.3244560873
121137.0098149386 123041.5020135532

121601.2287991187 122321.3792912618
122065.4477832987 122042.6221084393
121972.6039864627 121972.9328127337
121995.8149356717 121972.9328127337
121694.0725959547 121949.7030474985
121810.1273419997 121949.7030474985
121833.3382912087 121949.7030474985
121972.6039864627 121903.2435170281
121879.7601896267 121880.0137517929
121995.8149356717 121856.7839865577
121833.3382912087 121833.5542213225
121879.7601896267 121833.5542213225
121856.5492404177 121787.0946908521
121995.8149356717 121787.0946908521
122158.2915801347 121763.8649256169

112734.6462012801 113703.1363890003
114220.1469506562 114190.9614589396
112061.5286742190 114492.9484069973
112015.1067758010 114980.7734769366
116912.6170589003 115375.6794859351
116378.7652270933 115654.4366687576
116518.0309223473 116351.3296258138
123643.7923295108 117396.6690613981
116355.5542778843 118558.1573231584
120974.5331704756 121368.9589166184
126521.9500314270 119905.4837068004
126336.2624377550 120300.3897157989
122343.9791738067 120695.2957247974
121090.5879165206 121810.3244560873
121137.0098149386 123041.5020135532

121786.9163927907 122274.9197607914
119860.4076084436 115561.5176078168
122019.0258848807 121996.1625779689
121926.1820880447 121972.9328127337
121879.7601896267 121949.7030474985
121949.3930372537 121949.7030474985
121972.6039864627 121949.7030474985
121926.1820880447 121926.4732822633
121972.6039864627 121926.4732822633
121810.1273419997 121833.5542213225
121902.9711388357 121787.0946908521
121949.3930372537 121787.0946908521
121995.8149356717 121787.0946908521
122042.2368340897 121740.6351603817
121810.1273419997 121345.7291513832

112734.6462012801 113703.1363890003
114220.1469506562 114190.9614589396
112061.5286742190 114492.9484069973
112015.1067758010 114980.7734769366
116912.6170589003 115375.6794859351
116518.0309223473 116351.3296258138
123643.7923295108 117396.6690613981
116355.5542778843 118558.1573231584
125175.7149773049 121183.1207947367
126521.9500314270 119905.4837068004
126336.2624377550 120300.3897157989
122343.9791738067 120695.2957247974
121090.5879165206 121810.3244560873
121137.0098149386 123041.5020135532
116378.7652270933 115654.4366687576

121601.2287991187 122321.3792912618
122065.4477832987 122042.6221084393
121972.6039864627 121972.9328127337
121995.8149356717 121972.9328127337
121694.0725959547 121949.7030474985
121810.1273419997 121949.7030474985
121833.3382912087 121949.7030474985
121972.6039864627 121903.2435170281
121879.7601896267 121880.0137517929
121995.8149356717 121856.7839865577
121833.3382912087 121833.5542213225
121879.7601896267 121833.5542213225
121926.1820880447 121531.5672732648
121856.5492404177 121763.8649256169
121995.8149356717 121787.0946908521

112734.6462012801 113703.1363890003
114220.1469506562 114190.9614589396
112061.5286742190 114492.9484069973
112015.1067758010 114980.7734769366
116912.6170589003 115375.6794859351
116518.0309223473 116351.3296258138
123643.7923295108 117396.6690613981
116355.5542778843 118558.1573231584
118839.1258432475 119510.5776978019
126521.9500314270 119905.4837068004
126336.2624377550 120300.3897157989
122343.9791738067 120695.2957247974
121090.5879165206 121810.3244560873
121137.0098149386 123041.5020135532
116378.7652270933 115654.4366687576

121995.8149356717 121972.9328127337
121694.0725959547 121949.7030474985
121810.1273419997 121949.7030474985
121833.3382912087 121949.7030474985
121949.3930372537 121949.7030474985
121972.6039864627 121926.4732822633
122135.0806309257 121926.4732822633
121856.5492404177 121903.2435170281
121972.6039864627 121903.2435170281
121879.7601896267 121880.0137517929
121856.5492404177 121856.7839865577
121902.9711388357 121856.7839865577
121995.8149356717 121647.7160994408
121879.7601896267 121833.5542213225
121926.1820880447 121833.5542213225

121926.1820880447 121833.5542213225
121879.7601896267 121833.5542213225
121995.8149356717 121856.7839865577
121902.9711388357 121856.7839865577
121879.7601896267 121880.0137517929
121995.8149356717 121903.2435170281
121972.6039864627 121903.2435170281
121879.7601896267 121903.2435170281
121856.5492404177 121903.2435170281
122135.0806309257 121926.4732822633
121972.6039864627 121926.4732822633
121949.3930372537 121949.7030474985
121833.3382912087 121949.7030474985
121810.1273419997 121949.7030474985
121694.0725959547 122205.2304650858

112734.6462012801 113703.1363890003
114220.1469506562 114190.9614589396
112061.5286742190 114492.9484069973
112015.1067758010 114980.7734769366
116912.6170589003 115375.6794859351
116518.0309223473 116351.3296258138
123643.7923295108 117396.6690613981
116355.5542778843 118558.1573231584
118839.1258432475 119510.5776978019
126521.9500314270 119905.4837068004
122320.7682245977 120393.3087767397
122343.9791738067 120695.2957247974
121090.5879165206 121810.3244560873
121137.0098149386 123041.5020135532
122854.6200564047 123529.3270834925

122065.4477832987 122042.6221084393
121949.3930372537 121787.0946908521
121995.8149356717 121972.9328127337
121694.0725959547 121949.7030474985
121810.1273419997 121949.7030474985
121833.3382912087 121949.7030474985
121972.6039864627 121903.2435170281
121879.7601896267 121880.0137517929
121856.5492404177 121856.7839865577
121995.8149356717 121856.7839865577
121833.3382912087 121833.5542213225
121879.7601896267 121833.5542213225
121995.8149356717 121787.0946908521
121856.5492404177 121763.8649256169
121926.1820880447 121531.5672732648

121786.9163927907 122274.9197607914
121879.7601896267 121996.1625779689
122019.0258848807 121996.1625779689
121926.1820880447 121972.9328127337
121972.6039864627 120672.0659595622
121949.3930372537 121949.7030474985
121972.6039864627 121949.7030474985
121926.1820880447 121926.4732822633
121972.6039864627 121926.4732822633
121810.1273419997 121833.5542213225
121902.9711388357 121787.0946908521
121949.3930372537 121787.0946908521
121995.8149356717 121787.0946908521
122042.2368340897 121740.6351603817
121810.1273419997 121345.7291513832

121786.9163927907 122274.9197607914
121879.7601896267 121996.1625779689
122019.0258848807 121996.1625779689
121926.1820880447 121972.9328127337
121879.7601896267 121949.7030474985
121949.3930372537 121949.7030474985
121972.6039864627 121949.7030474985
121926.1820880447 121926.4732822633
121972.6039864627 121926.4732822633
121810.1273419997 121833.5542213225
121902.9711388357 121787.0946908521
122692.1434119417 121485.1077427944
121995.8149356717 121787.0946908521
122042.2368340897 121740.6351603817
121810.1273419997 121345.7291513832

121786.9163927907 122274.9197607914
121879.7601896267 121996.1625779689
122019.0258848807 121996.1625779689
121879.7601896267 121949.7030474985
121949.3930372537 121949.7030474985
121926.1820880447 121926.4732822633
121972.6039864627 121926.4732822633
121647.6506975367 121856.7839865577
121810.1273419997 121856.7839865577
121856.5492404177 121856.7839865577
121810.1273419997 121833.5542213225
121902.9711388357 121787.0946908521
121647.6506975367 121345.7291513832
122042.2368340897 121740.6351603817
122251.1353769707 121624.4863342056

121995.8149356717 121972.9328127337
121694.0725959547 121949.7030474985
121810.1273419997 121949.7030474985
121833.3382912087 121949.7030474985
121949.3930372537 121949.7030474985
121972.6039864627 121926.4732822633
122135.0806309257 121926.4732822633
121972.6039864627 121903.2435170281
121856.5492404177 121856.7839865577
121624.4397483277 122228.4602303210
121833.3382912087 121833.5542213225
121879.7601896267 121833.5542213225
121949.3930372537 121787.0946908521
122088.6587325077 121717.4053951465
122204.7134785527 121647.7160994408

121786.9163927907 122274.9197607914
121879.7601896267 121996.1625779689
122019.0258848807 121996.1625779689
121879.7601896267 121949.7030474985
121949.3930372537 121949.7030474985
121926.1820880447 121926.4732822633
122738.5653103597 121252.8100904423
121647.6506975367 121856.7839865577
121810.1273419997 121856.7839865577
121856.5492404177 121856.7839865577
121810.1273419997 121833.5542213225
121902.9711388357 121787.0946908521
121949.3930372537 121787.0946908521
122042.2368340897 121740.6351603817
121554.8069007007 121461.8779775592

121786.9163927907 122274.9197607914
121879.7601896267 121996.1625779689
122019.0258848807 121996.1625779689
121879.7601896267 121949.7030474985
121949.3930372537 121949.7030474985
121926.1820880447 121926.4732822633
121972.6039864627 121926.4732822633
121647.6506975367 121856.7839865577
121810.1273419997 121856.7839865577
120881.6893736396 122321.3792912618
121810.1273419997 121833.5542213225
121902.9711388357 121787.0946908521
121949.3930372537 121787.0946908521
122042.2368340897 121740.6351603817
121554.8069007007 121461.8779775592

121786.9163927907 122274.9197607914
121879.7601896267 121996.1625779689
122019.0258848807 121996.1625779689
121879.7601896267 121949.7030474985
121949.3930372537 121949.7030474985
121926.1820880447 121926.4732822633
121972.6039864627 121926.4732822633
121647.6506975367 121856.7839865577
121810.1273419997 121856.7839865577
120858.4784244306 122576.9067088491
121810.1273419997 121833.5542213225
121902.9711388357 121787.0946908521
121949.3930372537 121787.0946908521
122042.2368340897 121740.6351603817
121554.8069007007 121461.8779775592

121786.9163927907 122274.9197607914
121879.7601896267 121996.1625779689
122019.0258848807 121996.1625779689
121879.7601896267 121949.7030474985
121949.3930372537 121949.7030474985
121926.1820880447 121926.4732822633
118815.9148940385 116397.7891562842
121647.6506975367 121856.7839865577
121810.1273419997 121856.7839865577
121856.5492404177 121856.7839865577
121810.1273419997 121833.5542213225
121902.9711388357 121787.0946908521
121949.3930372537 121787.0946908521
122042.2368340897 121740.6351603817
121554.8069007007 121461.8779775592

121786.9163927907 122274.9197607914
121879.7601896267 121996.1625779689
122019.0258848807 121996.1625779689
121879.7601896267 121949.7030474985
121949.3930372537 121949.7030474985
121926.1820880447 121926.4732822633
121972.6039864627 121926.4732822633
121647.6506975367 121856.7839865577
124061.5894152728 118604.6168536288
121856.5492404177 121856.7839865577
121810.1273419997 121833.5542213225
121902.9711388357 121787.0946908521
121949.3930372537 121787.0946908521
122042.2368340897 121740.6351603817
121554.8069007007 121461.8779775592

121972.6039864627 121972.9328127337
121995.8149356717 121972.9328127337
121694.0725959547 121949.7030474985
121810.1273419997 121949.7030474985
121833.3382912087 121949.7030474985
121949.3930372537 121949.7030474985
121972.6039864627 121926.4732822633
122135.0806309257 121926.4732822633
121972.6039864627 121903.2435170281
121879.7601896267 121880.0137517929
121856.5492404177 121856.7839865577
121902.9711388357 121856.7839865577
122042.2368340897 121647.7160994408
121833.3382912087 121833.5542213225
121879.7601896267 121833.5542213225

121786.9163927907 122274.9197607914
121879.7601896267 121996.1625779689
122019.0258848807 121996.1625779689
121879.7601896267 121949.7030474985
121949.3930372537 121949.7030474985
121926.1820880447 121926.4732822633
125407.8244693949 118581.3870883936
121647.6506975367 121856.7839865577
121810.1273419997 121856.7839865577
121856.5492404177 121856.7839865577
121810.1273419997 121833.5542213225
121902.9711388357 121787.0946908521
121949.3930372537 121787.0946908521
122042.2368340897 121740.6351603817
121554.8069007007 121461.8779775592

121786.9163927907 122274.9197607914
121879.7601896267 121996.1625779689
122019.0258848807 121996.1625779689
121879.7601896267 121949.7030474985
121949.3930372537 121949.7030474985
121926.1820880447 121926.4732822633
121647.6506975367 121856.7839865577
121810.1273419997 121856.7839865577
121717.2835451637 121810.3244560873
121786.9163927907 121787.0946908521
121554.8069007007 121461.8779775592
121949.3930372537 121787.0946908521
121995.8149356717 121787.0946908521
122042.2368340897 121740.6351603817
122088.6587325077 121740.6351603817

122297.5572753887 121229.5803252071
114220.1469506562 114190.9614589396
112061.5286742190 114492.9484069973
112015.1067758010 114980.7734769366
116518.0309223473 116351.3296258138
123643.7923295108 117396.6690613981
123620.5813803018 117652.1964789854
116912.6170589003 115375.6794859351
118839.1258432475 119510.5776978019
126521.9500314270 119905.4837068004
123388.4718882118 120277.1599505637
121090.5879165206 121810.3244560873
121137.0098149386 123041.5020135532
122854.6200564047 123529.3270834925
125477.4573170219 126572.4263293046

125477.4573170219 126572.4263293046
122854.6200564047 123529.3270834925
121137.0098149386 123041.5020135532
121090.5879165206 121810.3244560873
123388.4718882118 120277.1599505637
126521.9500314270 119905.4837068004
118839.1258432475 119510.5776978019
129214.4201396712 118395.5489665120
123620.5813803018 117652.1964789854
123643.7923295108 117396.6690613981
116518.0309223473 116351.3296258138
112015.1067758010 114980.7734769366
112061.5286742190 114492.9484069973
121554.8069007007 121461.8779775592
122042.2368340897 121740.6351603817

121786.9163927907 122274.9197607914
122274.3463261797 120764.9850205030
122019.0258848807 121996.1625779689
121879.7601896267 121949.7030474985
121949.3930372537 121949.7030474985
121926.1820880447 121926.4732822633
121972.6039864627 121926.4732822633
121647.6506975367 121856.7839865577
121810.1273419997 121856.7839865577
121856.5492404177 121856.7839865577
121810.1273419997 121833.5542213225
121902.9711388357 121787.0946908521
121949.3930372537 121787.0946908521
122042.2368340897 121740.6351603817
121554.8069007007 121461.8779775592

112061.5286742190 114492.9484069973
117098.3046525724 115050.4627726423
116518.0309223473 116351.3296258138
123829.4799231828 118999.5228626273
123620.5813803018 117652.1964789854
123643.7923295108 117396.6690613981
116332.3433286753 118047.1024879839
129214.4201396712 118395.5489665120
118839.1258432475 119510.5776978019
126521.9500314270 119905.4837068004
123388.4718882118 120277.1599505637
122901.0419548228 121113.4314990311
121090.5879165206 121810.3244560873
122251.1353769707 122600.1364740843
125802.4106059479 127013.7918687735

117098.3046525724 115050.4627726423
116518.0309223473 116351.3296258138
119674.7200147715 117141.1416438108
126336.2624377550 117280.5202352221
123643.7923295108 117396.6690613981
124734.7069423339 117745.1155399262
116332.3433286753 118047.1024879839
122808.1981579867 118302.6299055711
126521.9500314270 119905.4837068004
123388.4718882118 120277.1599505637
121786.9163927907 120788.2147857382
122901.0419548228 121113.4314990311
121090.5879165206 121810.3244560873
122251.1353769707 122600.1364740843
125802.4106059479 127013.7918687735

117098.3046525724 115050.4627726423
116518.0309223473 116351.3296258138
126545.1609806360 116955.3035219292
126336.2624377550 117280.5202352221
123643.7923295108 117396.6690613981
124734.7069423339 117745.1155399262
116332.3433286753 118047.1024879839
122808.1981579867 118302.6299055711
122901.0419548228 121113.4314990311
126521.9500314270 119905.4837068004
123388.4718882118 120277.1599505637
121786.9163927907 120788.2147857382
121090.5879165206 121810.3244560873
122251.1353769707 122600.1364740843
125802.4106059479 127013.7918687735

122692.1434119417 123297.0294311405
122251.1353769707 122600.1364740843
121090.5879165206 121810.3244560873
121786.9163927907 120788.2147857382
123388.4718882118 120277.1599505637
121926.1820880447 121415.4184470888
122251.1353769707 121670.9458646760
122042.2368340897 121740.6351603817
121624.4397483277 121763.8649256169
122227.9244277617 121856.7839865577
121438.7521546556 121856.7839865577
121694.0725959547 121880.0137517929
122413.6120214337 121926.4732822633
121786.9163927907 121926.4732822633
121276.2755101926 121926.4732822633

120672.7908307586 122460.7578826731
120974.5331704756 122135.5411693802
121833.3382912087 122089.0816389098
121067.3769673116 122065.8518736745
121508.3850022827 121996.1625779689
120603.1579831316 121972.9328127337
121276.2755101926 121926.4732822633
121786.9163927907 121926.4732822633
121694.0725959547 121880.0137517929
121044.1660181026 121810.3244560873
122088.6587325077 121670.9458646760
121578.0178499097 121508.3375080296
121926.1820880447 121415.4184470888
122599.2996151057 121322.4993861479
124711.4959931249 118325.8596708063

120672.7908307586 122460.7578826731
120974.5331704756 122135.5411693802
121833.3382912087 122089.0816389098
121067.3769673116 122065.8518736745
121508.3850022827 121996.1625779689
120603.1579831316 121972.9328127337
121276.2755101926 121926.4732822633
121786.9163927907 121926.4732822633
121694.0725959547 121880.0137517929
121044.1660181026 121810.3244560873
122088.6587325077 121670.9458646760
121578.0178499097 121508.3375080296
121926.1820880447 121415.4184470888
123063.5185992857 119324.7395759202
122622.5105643147 121090.2017337959

120672.7908307586 122460.7578826731
120974.5331704756 122135.5411693802
121833.3382912087 122089.0816389098
121067.3769673116 122065.8518736745
121508.3850022827 121996.1625779689
120603.1579831316 121972.9328127337
123574.1594818838 118395.5489665120
121786.9163927907 121926.4732822633
121694.0725959547 121880.0137517929
121044.1660181026 121810.3244560873
122088.6587325077 121670.9458646760
121578.0178499097 121508.3375080296
121926.1820880447 121415.4184470888
122599.2996151057 121322.4993861479
122622.5105643147 121090.2017337959

120672.7908307586 122460.7578826731
120974.5331704756 122135.5411693802
121833.3382912087 122089.0816389098
121067.3769673116 122065.8518736745
121508.3850022827 121996.1625779689
120603.1579831316 121972.9328127337
121276.2755101926 121926.4732822633
121786.9163927907 121926.4732822633
121694.0725959547 121880.0137517929
121044.1660181026 121810.3244560873
122088.6587325077 121670.9458646760
121578.0178499097 121508.3375080296
121926.1820880447 121415.4184470888
122599.2996151057 121322.4993861479
123179.5733453308 120555.9171333861

122158.2915801347 122530.4471783787
121508.3850022827 122483.9876479083
120672.7908307586 122460.7578826731
120974.5331704756 122135.5411693802
121508.3850022827 121996.1625779689
120510.3141862956 121926.4732822633
121786.9163927907 121926.4732822633
121995.8149356717 120788.2147857382
121902.9711388357 121740.6351603817
123133.1514469128 121694.1756299112
121578.0178499097 121508.3375080296
121601.2287991187 121345.7291513832
122599.2996151057 121322.4993861479
123550.9485326748 118070.3322532191
123388.4718882118 118697.5359145696

122158.2915801347 122530.4471783787
121508.3850022827 122483.9876479083
120672.7908307586 122460.7578826731
120974.5331704756 122135.5411693802
121508.3850022827 121996.1625779689
120510.3141862956 121926.4732822633
121415.5412054466 116862.3844609883
121020.9550688936 121880.0137517929
121902.9711388357 121740.6351603817
123133.1514469128 121694.1756299112
121578.0178499097 121508.3375080296
121601.2287991187 121345.7291513832
122599.2996151057 121322.4993861479
123388.4718882118 118697.5359145696
123550.9485326748 118070.3322532191

122158.2915801347 122530.4471783787
121508.3850022827 122483.9876479083
120672.7908307586 122460.7578826731
120974.5331704756 122135.5411693802
121508.3850022827 121996.1625779689
120510.3141862956 121926.4732822633
122854.6200564047 120834.6743162086
121786.9163927907 121926.4732822633
121020.9550688936 121880.0137517929
123133.1514469128 121694.1756299112
121578.0178499097 121508.3375080296
121601.2287991187 121345.7291513832
122599.2996151057 121322.4993861479
123388.4718882118 118697.5359145696
123550.9485326748 118070.3322532191

121508.3850022827 122483.9876479083
120672.7908307586 122460.7578826731
120974.5331704756 122135.5411693802
121067.3769673116 122065.8518736745
121508.3850022827 121996.1625779689
120603.1579831316 121972.9328127337
121276.2755101926 121926.4732822633
121786.9163927907 121926.4732822633
121020.9550688936 121880.0137517929
123133.1514469128 121694.1756299112
121578.0178499097 121508.3375080296
121601.2287991187 121345.7291513832
122019.0258848807 122809.2043612011
122622.5105643147 121090.2017337959
123550.9485326748 118070.3322532191

122158.2915801347 122530.4471783787
121508.3850022827 122483.9876479083
120672.7908307586 122460.7578826731
120974.5331704756 122135.5411693802
121508.3850022827 121996.1625779689
120510.3141862956 121926.4732822633
121902.9711388357 121740.6351603817
121786.9163927907 121926.4732822633
121020.9550688936 121880.0137517929
123133.1514469128 121694.1756299112
121578.0178499097 121508.3375080296
121601.2287991187 121345.7291513832
122599.2996151057 121322.4993861479
123388.4718882118 118697.5359145696
123550.9485326748 118070.3322532191

121508.3850022827 122483.9876479083
120672.7908307586 122460.7578826731
120974.5331704756 122135.5411693802
124015.1675168548 118953.0633321569
121508.3850022827 121996.1625779689
120603.1579831316 121972.9328127337
121276.2755101926 121926.4732822633
121786.9163927907 121926.4732822633
121020.9550688936 121880.0137517929
123133.1514469128 121694.1756299112
121578.0178499097 121508.3375080296
121601.2287991187 121345.7291513832
122599.2996151057 121322.4993861479
123783.0580247648 118000.6429575135
123388.4718882118 118697.5359145696

121508.3850022827 122483.9876479083
120672.7908307586 122460.7578826731
121253.0645609837 121206.3505599719
121067.3769673116 122065.8518736745
121508.3850022827 121996.1625779689
120603.1579831316 121972.9328127337
121276.2755101926 121926.4732822633
121786.9163927907 121926.4732822633
121020.9550688936 121880.0137517929
123133.1514469128 121694.1756299112
121578.0178499097 121508.3375080296
121601.2287991187 121345.7291513832
122599.2996151057 121322.4993861479
123783.0580247648 118627.8466188640
121369.1193070286 115677.6664339928

121508.3850022827 122483.9876479083
120672.7908307586 122460.7578826731
120974.5331704756 122135.5411693802
121067.3769673116 122065.8518736745
121508.3850022827 121996.1625779689
120603.1579831316 121972.9328127337
120881.6893736396 121996.1625779689
121786.9163927907 121926.4732822633
121020.9550688936 121880.0137517929
123133.1514469128 121694.1756299112
123783.0580247648 118000.6429575135
123388.4718882118 118697.5359145696
122599.2996151057 121322.4993861479
121601.2287991187 121345.7291513832
121578.0178499097 121508.3375080296

122158.2915801347 122530.4471783787
121508.3850022827 122483.9876479083
120672.7908307586 122460.7578826731
120974.5331704756 122135.5411693802
121508.3850022827 121996.1625779689
120510.3141862956 121926.4732822633
121276.2755101926 121926.4732822633
121438.7521546556 122902.1234221420
121020.9550688936 121880.0137517929
123133.1514469128 121694.1756299112
121578.0178499097 121508.3375080296
121601.2287991187 121345.7291513832
122599.2996151057 121322.4993861479
123783.0580247648 118000.6429575135
123388.4718882118 118697.5359145696

121067.3769673116 122065.8518736745
121508.3850022827 122483.9876479083
124224.0660597358 118349.0894360415
120974.5331704756 122135.5411693802
121508.3850022827 121996.1625779689
120603.1579831316 121972.9328127337
121276.2755101926 121926.4732822633
121786.9163927907 121926.4732822633
121020.9550688936 121880.0137517929
123133.1514469128 121694.1756299112
121578.0178499097 121508.3375080296
121601.2287991187 121345.7291513832
122599.2996151057 121322.4993861479
123388.4718882118 118697.5359145696
123783.0580247648 118000.6429575135

122158.2915801347 122530.4471783787
121508.3850022827 122483.9876479083
120672.7908307586 122460.7578826731
120974.5331704756 122135.5411693802
121508.3850022827 121996.1625779689
120510.3141862956 121926.4732822633
121276.2755101926 121926.4732822633
118351.6959098584 115631.2069035224
121020.9550688936 121880.0137517929
123133.1514469128 121694.1756299112
121578.0178499097 121508.3375080296
121601.2287991187 121345.7291513832
122599.2996151057 121322.4993861479
123388.4718882118 118697.5359145696
123783.0580247648 118000.6429575135

121508.3850022827 122483.9876479083
120672.7908307586 122460.7578826731
120974.5331704756 122135.5411693802
121508.3850022827 121996.1625779689
120510.3141862956 121926.4732822633
121276.2755101926 121926.4732822633
121786.9163927907 121926.4732822633
121020.9550688936 121880.0137517929
123133.1514469128 121694.1756299112
121578.0178499097 121508.3375080296
123109.9404977038 121438.6482123240
118282.0630622314 116119.0319734617
123388.4718882118 118697.5359145696
123783.0580247648 118000.6429575135
121369.1193070286 115677.6664339928

120812.0565260126 122483.9876479083
121508.3850022827 122483.9876479083
120672.7908307586 122460.7578826731
120974.5331704756 122135.5411693802
121508.3850022827 121996.1625779689
120510.3141862956 121926.4732822633
121276.2755101926 121926.4732822633
121786.9163927907 121926.4732822633
121020.9550688936 121880.0137517929
123040.3076500767 117234.0607047516
122599.2996151057 121322.4993861479
122436.8229706427 120741.7552552678
123388.4718882118 118697.5359145696
121369.1193070286 115677.6664339928
123783.0580247648 118000.6429575135

120812.0565260126 122483.9876479083
121508.3850022827 122483.9876479083
120672.7908307586 122460.7578826731
120974.5331704756 122135.5411693802
121508.3850022827 121996.1625779689
120510.3141862956 121926.4732822633
121276.2755101926 121926.4732822633
121786.9163927907 121926.4732822633
121020.9550688936 121880.0137517929
118235.6411638134 116537.1677476955
122599.2996151057 121322.4993861479
122436.8229706427 120741.7552552678
123388.4718882118 118697.5359145696
123783.0580247648 118000.6429575135
121369.1193070286 115677.6664339928

120812.0565260126 122483.9876479083
121508.3850022827 122483.9876479083
120672.7908307586 122460.7578826731
120974.5331704756 122135.5411693802
121508.3850022827 121996.1625779689
124990.0273836329 126386.5882074229
121276.2755101926 121926.4732822633
121786.9163927907 121926.4732822633
121020.9550688936 121880.0137517929
123133.1514469128 121694.1756299112
122599.2996151057 121322.4993861479
122436.8229706427 120741.7552552678
123388.4718882118 118697.5359145696
123783.0580247648 118000.6429575135
121369.1193070286 115677.6664339928

123713.4251771378 118302.6299055711
121508.3850022827 122483.9876479083
120672.7908307586 122460.7578826731
120974.5331704756 122135.5411693802
121508.3850022827 121996.1625779689
120510.3141862956 121926.4732822633
121276.2755101926 121926.4732822633
121786.9163927907 121926.4732822633
121020.9550688936 121880.0137517929
123133.1514469128 121694.1756299112
121044.1660181026 121043.7422033255
121531.5959514916 120555.9171333861
123388.4718882118 118697.5359145696
123783.0580247648 118000.6429575135
121369.1193070286 115677.6664339928

120812.0565260126 122483.9876479083
121508.3850022827 122483.9876479083
120997.7441196846 122460.7578826731
120974.5331704756 122135.5411693802
121508.3850022827 121996.1625779689
120510.3141862956 121926.4732822633
121276.2755101926 121926.4732822633
126127.3638948740 118209.7108446303
121020.9550688936 121880.0137517929
123133.1514469128 121694.1756299112
121044.1660181026 121043.7422033255
121531.5959514916 120555.9171333861
123388.4718882118 118697.5359145696
123783.0580247648 118000.6429575135
121369.1193070286 115677.6664339928

120812.0565260126 122483.9876479083
121508.3850022827 122483.9876479083
120672.7908307586 122460.7578826731
120974.5331704756 122135.5411693802
121508.3850022827 121996.1625779689
121786.9163927907 121926.4732822633
121020.9550688936 121880.0137517929
121044.1660181026 121043.7422033255
122877.8310056138 120672.0659595622
123481.3156850478 117512.8178875741
121763.7054435817 120346.8492462693
124595.4412470798 118953.0633321569
121369.1193070286 115677.6664339928
123783.0580247648 118000.6429575135
123574.1594818838 118790.4549755105

121438.7521546556 122855.6638916716
121044.1660181026 122530.4471783787
120812.0565260126 122483.9876479083
121508.3850022827 122483.9876479083
120672.7908307586 122460.7578826731
120974.5331704756 122135.5411693802
121786.9163927907 121926.4732822633
121415.5412054466 121763.8649256169
124015.1675168548 121392.1886818536
121044.1660181026 121043.7422033255
122668.9324627327 120230.7004200933
122970.6748024498 119928.7134720356
123574.1594818838 118790.4549755105
119187.2900813825 115515.0580773464
123783.0580247648 118000.6429575135

122320.7682245977 122902.1234221420
120812.0565260126 122483.9876479083
121508.3850022827 122483.9876479083
120672.7908307586 122460.7578826731
120974.5331704756 122135.5411693802
121786.9163927907 121926.4732822633
121415.5412054466 121763.8649256169
123249.2061929578 121438.6482123240
124015.1675168548 121392.1886818536
121044.1660181026 121043.7422033255
122668.9324627327 120230.7004200933
123574.1594818838 118790.4549755105
123388.4718882118 118697.5359145696
121369.1193070286 115677.6664339928
123783.0580247648 118000.6429575135

122320.7682245977 122902.1234221420
120812.0565260126 122483.9876479083
121508.3850022827 122483.9876479083
120672.7908307586 122460.7578826731
120974.5331704756 122135.5411693802
121786.9163927907 121926.4732822633
121415.5412054466 121763.8649256169
123249.2061929578 121438.6482123240
124015.1675168548 121392.1886818536
121044.1660181026 121043.7422033255
122668.9324627327 120230.7004200933
121369.1193070286 115677.6664339928
123783.0580247648 118000.6429575135
123574.1594818838 118790.4549755105
122970.6748024498 119928.7134720356

121369.1193070286 115677.6664339928
123783.0580247648 118000.6429575135
123388.4718882118 118697.5359145696
123574.1594818838 118790.4549755105
122970.6748024498 119928.7134720356
122668.9324627327 120230.7004200933
121044.1660181026 121043.7422033255
124015.1675168548 121392.1886818536
121415.5412054466 121763.8649256169
112177.5834202640 114771.7055898198
120974.5331704756 122135.5411693802
120672.7908307586 122460.7578826731
121508.3850022827 122483.9876479083
120812.0565260126 122483.9876479083
122320.7682245977 122902.1234221420

122320.7682245977 122902.1234221420
121044.1660181026 122530.4471783787
120812.0565260126 122483.9876479083
121508.3850022827 122483.9876479083
120672.7908307586 122460.7578826731
120974.5331704756 122135.5411693802
121369.1193070286 115677.6664339928
123783.0580247648 118000.6429575135
120904.9003228486 121345.7291513832
123574.1594818838 118790.4549755105
122970.6748024498 119928.7134720356
122668.9324627327 120230.7004200933
121044.1660181026 121043.7422033255
124015.1675168548 121392.1886818536
121415.5412054466 121763.8649256169

120812.0565260126 122483.9876479083
121508.3850022827 122483.9876479083
120672.7908307586 122460.7578826731
120974.5331704756 122135.5411693802
121508.3850022827 121996.1625779689
121786.9163927907 121926.4732822633
121020.9550688936 121880.0137517929
121044.1660181026 121043.7422033255
122877.8310056138 120672.0659595622
121531.5959514916 120555.9171333861
121763.7054435817 120346.8492462693
124595.4412470798 118953.0633321569
121369.1193070286 115677.6664339928
123783.0580247648 118000.6429575135
123574.1594818838 118790.4549755105

120812.0565260126 122483.9876479083
121508.3850022827 122483.9876479083
120672.7908307586 122460.7578826731
120974.5331704756 122135.5411693802
121508.3850022827 121996.1625779689
121786.9163927907 121926.4732822633
121020.9550688936 121880.0137517929
121044.1660181026 121043.7422033255
122877.8310056138 120672.0659595622
121531.5959514916 120555.9171333861
121763.7054435817 120346.8492462693
124595.4412470798 118953.0633321569
123388.4718882118 118697.5359145696
121369.1193070286 115677.6664339928
123783.0580247648 118000.6429575135

121044.1660181026 122530.4471783787
120812.0565260126 122483.9876479083
121508.3850022827 122483.9876479083
120672.7908307586 122460.7578826731
120974.5331704756 122135.5411693802
121786.9163927907 121926.4732822633
121415.5412054466 121763.8649256169
124015.1675168548 121392.1886818536
121044.1660181026 121043.7422033255
122668.9324627327 120230.7004200933
122970.6748024498 119928.7134720356
121369.1193070286 115677.6664339928
123783.0580247648 118000.6429575135
123574.1594818838 118790.4549755105
121438.7521546556 122855.6638916716

121369.1193070286 115677.6664339928
123783.0580247648 118000.6429575135
123574.1594818838 118790.4549755105
122970.6748024498 119928.7134720356
122668.9324627327 120230.7004200933
121044.1660181026 121043.7422033255
124015.1675168548 121392.1886818536
121415.5412054466 121763.8649256169
117539.3126875434 117605.7369485149
120974.5331704756 122135.5411693802
120672.7908307586 122460.7578826731
121508.3850022827 122483.9876479083
120812.0565260126 122483.9876479083
121044.1660181026 122530.4471783787
122320.7682245977 122902.1234221420

122320.7682245977 122902.1234221420
124966.8164344239 126433.0477378933
121508.3850022827 122483.9876479083
120672.7908307586 122460.7578826731
120974.5331704756 122135.5411693802
121786.9163927907 121926.4732822633
121415.5412054466 121763.8649256169
124015.1675168548 121392.1886818536
121044.1660181026 121043.7422033255
122668.9324627327 120230.7004200933
122970.6748024498 119928.7134720356
121369.1193070286 115677.6664339928
118699.8601479935 115886.7343211097
123783.0580247648 118000.6429575135
123574.1594818838 118790.4549755105

122320.7682245977 122902.1234221420
118537.3835035305 117303.7500004573
121508.3850022827 122483.9876479083
120672.7908307586 122460.7578826731
120974.5331704756 122135.5411693802
121786.9163927907 121926.4732822633
119605.0871671445 121601.2565689704
124015.1675168548 121392.1886818536
121044.1660181026 121043.7422033255
122970.6748024498 119928.7134720356
123388.4718882118 118697.5359145696
125570.3011138579 118256.1703751007
121369.1193070286 115677.6664339928
118699.8601479935 115886.7343211097
121160.2207641476 115933.1938515801

122320.7682245977 122902.1234221420
120812.0565260126 122483.9876479083
121508.3850022827 122483.9876479083
116587.6637699743 116839.1546957531
120974.5331704756 122135.5411693802
121786.9163927907 121926.4732822633
119605.0871671445 121601.2565689704
124015.1675168548 121392.1886818536
121044.1660181026 121043.7422033255
122970.6748024498 119928.7134720356
123388.4718882118 118697.5359145696
122668.9324627327 120230.7004200933
121369.1193070286 115677.6664339928
118699.8601479935 115886.7343211097
121160.2207641476 115933.1938515801

122320.7682245977 122902.1234221420
120812.0565260126 122483.9876479083
124665.0740947069 119301.5098106850
120672.7908307586 122460.7578826731
120974.5331704756 122135.5411693802
121786.9163927907 121926.4732822633
124015.1675168548 121392.1886818536
121044.1660181026 121043.7422033255
121369.1193070286 115677.6664339928
118699.8601479935 115886.7343211097
123783.0580247648 118000.6429575135
123388.4718882118 118697.5359145696
123574.1594818838 118790.4549755105
122970.6748024498 119928.7134720356
122668.9324627327 120230.7004200933

120974.5331704756 122135.5411693802
121786.9163927907 121926.4732822633
121508.3850022827 121880.0137517929
122274.3463261797 121647.7160994408
121044.1660181026 121043.7422033255
119419.3995734725 115375.6794859351
121508.3850022827 120346.8492462693
123388.4718882118 120277.1599505637
124270.4879581538 119719.6455849187
121369.1193070286 115677.6664339928
121160.2207641476 115933.1938515801
124316.9098565718 118232.9406098655
124525.8083994529 118581.3870883936
123388.4718882118 118697.5359145696
124595.4412470798 118953.0633321569

125732.7777583209 126735.0346859510
121786.9163927907 121926.4732822633
123829.4799231828 121392.1886818536
122158.2915801347 122902.1234221420
123109.9404977038 121159.8910295015
120696.0017799676 120648.8361943270
123388.4718882118 120277.1599505637
122065.4477832987 120161.0111243876
122993.8857516587 118813.6847407457
120278.2046942056 121833.5542213225
122808.1981579867 118302.6299055711
123829.4799231828 118023.8727227487
121369.1193070286 115677.6664339928
121160.2207641476 115933.1938515801
118699.8601479935 116815.9249305179

121786.9163927907 121926.4732822633
121044.1660181026 121043.7422033255
117608.9455351704 115305.9901902295
125872.0434535749 117210.8309395164
119605.0871671445 121601.2565689704
122622.5105643147 117559.2774180445
126475.5281330090 118163.2513141599
122808.1981579867 118302.6299055711
123388.4718882118 118697.5359145696
121369.1193070286 115677.6664339928
124595.4412470798 118953.0633321569
122970.6748024498 119928.7134720356
122088.6587325077 120114.5515939172
123388.4718882118 120277.1599505637
131187.3508224363 119115.6716888034

