29733849.9555326290 200756.1693611741
29659887.1833700351 191683.8880610466
29875982.4154456332 209301.7823184766
30057174.2716903202 217660.4867687225
29707139.8844637573 196601.2476656437
30344969.8094046712 225411.8370361328
29846132.6970228776 209035.1093883514
29934531.7551673055 213173.5240497589
30669189.6018689051 233112.0313720703
30051063.8909391314 217266.0332031250
29754272.9185909182 204636.7855811119
29749178.5355800577 204171.4984679222
29735453.3087599501 200961.5610259175
30804272.0607047714 236183.2602539062
29775473.4966277108 204912.7983531952
29833069.4218499549 208827.1606817245
29972832.0313954540 213720.8284220695
30241589.9251732267 222184.2805480957
29681099.1515079886 192387.9025574327
30153335.1107852794 220575.7188758850
30769410.1184824668 233371.3177490234
29938654.5049820021 213225.4844889641
30096678.4654416032 218064.2115015984
30589889.6093239821 230040.8024902344
29717843.5907318406 200224.3186035156
30454421.2501372956 226391.9147949219
30437766.0307190716 226124.5739746094
30393409.0266542621 225963.9580078125
30298246.5705168955 224694.5983581543
30277872.9099167064 222464.7723388672
30311699.3197808228 225255.5094299316
30153556.1741744652 220602.0892047882
30075716.6135459207 217796.8706812859
30138124.6170626208 218417.7540588379
30463152.0188689195 229184.8889160156
30220628.0732775442 221916.9397277832
30166787.8600491993 221135.4403834343
30372080.7723656408 225846.3192138672
29820076.4621163420 208291.5675144196
30170500.8593189642 221195.2402458191
29713529.8334325962 197301.4691697359
30080318.9355790168 217856.6705436707
29932930.8259236217 213057.1125469208
30180698.0538639724 221250.4935455322
29917752.7052279226 212949.1992263794
30110547.0824521445 218108.2382888794
29985832.2933390141 214011.2472953796
30665142.3554511629 232844.6905517578
30543992.4294026457 229773.4616699219
30507509.0229337253 229345.5048828125
29890323.7970548272 211898.6672172466
29981229.9713059068 213951.4474329948
30525450.4703899175 229612.8457031250
30626977.4604359381 232684.0745849609
29692543.5715028234 196584.4582836628
30039194.4525374435 217099.4032535553
30196163.2030432597 221756.3237609863
30189054.4169701971 221326.1299438477
30264195.8134255819 222186.5175781250
29713505.4233985096 196628.2419006824
29905823.2208284065 212458.4917254448
30061699.7355995551 217696.0545768738
29890815.8580325842 212292.3049197197
30020308.6820905693 216556.2982158661
30147165.0705251656 220113.4866924286
30154772.1495342776 220674.3977642059
29892809.9112470262 212413.8785495758
29927112.5285307132 212980.5925006866
30449743.3069662601 226274.2760009766
30002474.6741827391 216020.9775390625
30401865.8228687234 226113.6600341797
30097983.1704669185 218071.5164794922
30353461.5723861754 225685.7032470703
30014490.3846976608 216479.7781696320
30022576.4199894182 216578.5607719421
30079694.7608987503 217826.9442749023
30041919.2928707562 217206.0608973503
29944946.5364385433 213518.1881732941
29928328.5038905218 213055.1430487633
29962941.5617377385 213706.8752284050
29954212.8314159922 213560.2124552727
30139028.1838290952 218535.3928527832
29906041.5971217602 212947.2297282219
30119505.4170831554 218257.1380920410
29885721.4750217274 211898.6665039062
30029903.5823558345 217067.2987747192
29935416.9401158206 213182.9393692017
30057097.4135664590 217636.2547144890
29686492.7350877859 196040.8196117878
30015706.3600574732 216554.3287177086
29855574.7049120739 209062.8703227043
29727419.0505968481 200238.0554790497
