287245798.0288566351 239257.8633135855
290507240.3626839519 265099.0502102375
286286013.4629941583 232022.2180130655
282950517.2375499010 197367.6779854256
289816401.2668667436 260531.0034725666
284011509.5113457441 210132.3912781446
289221583.2064540386 257108.5685894489
283654993.4655881524 207706.5498888451
282102134.4550200105 171723.9292454678
283433269.6948685646 206152.1652910667
289637800.4345934987 259934.2694485188
289119905.6737328768 256342.7606022358
293991496.9948047996 285064.5474424362
282762632.1373775601 187221.9737150247
289246826.5371901989 257598.1457951069
283342759.7204877138 204586.3795667464
289841138.8893715143 261592.7439968586
288246715.1744421721 247681.8599824905
289685072.2803371549 260166.2585313320
283175295.5575919151 198312.5537915188
282428835.2414613962 178793.7620529706
300367247.5135602355 305727.2855224609
286031870.0548236370 229495.1659558672
306175094.9195837975 312519.6253662109
289300127.0667586327 258250.6140606403
286138213.5279182792 230176.5841469342
285566274.4617749453 225657.4963698859
282155391.0333604813 173467.4952549892
286377850.0448125005 232814.7523249686
293929885.6180347800 284371.0546140671
283605496.9795491099 207458.5512433822
282230196.6328247190 173773.4955611187
283294336.5437395573 200408.0219581897
286060422.4147173762 229956.5589335263
284323195.2989496589 212792.2703675001
305498987.2130659819 311741.7449951172
285737910.8230052590 226815.4764096315
300467567.9434561729 305824.8873291016
283881031.1987851262 209407.5674329574
299023723.6473227739 302186.2426147461
298806067.4729332924 302026.7139282227
288406184.5218133330 250229.1011154652
290601390.4470350742 266068.7113430500
298565342.6234085560 301648.2761840820
286234106.3668683767 231801.2869013846
293575023.5943827629 282501.5826902390
286186042.1547278166 230975.2910435498
300127924.1036441922 305236.6278076172
283724518.2386093140 208819.4653137891
283421303.5807923079 205674.3452039535
286286660.1194202304 232574.8186991513
300125358.6860347986 305184.6376953125
294214296.7803892493 286176.2709226608
286147269.6453934908 230696.9720804989
282919619.7508844733 189605.3868295724
282686693.2756299376 186681.8969919259
289521534.0477110147 258789.2811753750
288794487.8310937285 252570.6552422047
294245474.3587473035 286503.2328672409
283564869.8216305971 206470.9155215795
287104084.3146552444 238758.1567706168
284520179.9087265730 214627.2803281620
286669235.3427389860 235148.9225329459
295128027.6514202356 290327.5009336472
282619797.0674747825 184496.5251838739
286715992.1967342496 235264.3819293082
294523107.3629832864 287896.8993711472
293817449.1542701125 284123.3917722702
282817649.2208878398 188943.9795267160
288551650.2900953889 250881.7302448750
286721610.8090504408 236338.2912921011
308509990.0777055025 312879.1633300781
287520716.0407900810 242061.5979937613
283695766.1991652846 208027.1374939649
282288779.5460401773 178507.2077154691
292954695.8533324599 278945.2888135910
293756427.1511098742 283705.5842771530
294275190.4658302069 286779.7333555222
288977276.7267727852 254406.3294746876
288968403.2974305749 253883.9361851215
285789574.3669793010 227086.1498410279
289609496.6722903848 259559.5369560719
282435197.8426026106 179178.8209747846
287037618.9278193712 238460.4903548062
286871885.1349965930 237930.9410097897
287361749.3474681973 241686.8077105582
288994922.8352467418 254770.9872715473
289003565.3835407495 255293.7702915668
287278077.3981710672 240589.2748736441
288800226.9287626147 253635.2957432270
294918528.0349178314 289753.7060728073
295888904.7296027541 292780.4370298386
294669893.4464356899 288600.7852964401
294917810.3435887694 289717.9513120651
286194409.3094375134 231608.5160464346
295080305.8258061409 289955.2912101746
294033274.3140344620 285494.9803647995
290795032.5195897818 267059.6775035858
288664444.2832893729 252099.0472996235
295311158.8844617009 290784.4748106003
291189735.5001954436 268870.8543224335
289480759.3037208319 258461.6948375702
282780768.3950527906 187694.3703136193
288919782.9957861304 253745.8604710102
286527766.1617374420 234432.8674967587
284791638.4019600749 217524.9872765876
289599332.1605020761 259358.6024448872
288716107.8272634745 252369.7207310200
295408123.4359104633 291001.0909538269
286834280.4730412364 236749.6248762906
294670611.1377647519 288636.5400571823
289912164.6039854884 261665.8846199512
292948344.6017847657 278825.1943104267
287822593.1565569639 243198.5912020504
295408841.1272394061 291036.8457145691
295604828.4575712681 291263.1612119675
287647795.2673580647 242270.8248884976
300821896.8437471986 306183.0405273438
288569597.8301946521 251389.2460691929
287842120.2370894551 243214.4941237271
296531430.7328142524 294842.7124814987
308221506.5521312952 312848.4086914062
296435472.3193072081 294803.8293027878
291048178.3585089445 267743.0463516712
288101491.4631045461 247063.3725988865
287852787.3846266270 245807.9874060154
286503801.9210838675 234077.6849043667
284333803.7857014537 214301.3980934280
289461751.5858229399 258422.4404430389
288065030.7078821063 245928.5750753880
294357705.2254894376 286879.6726255417
286566391.7734119296 234753.6479475796
295685568.1877726316 292518.4671812057
284820343.0931011438 217593.4179766352
300497162.0973785520 306121.0556640625
292626052.0828298926 277392.1904652119
293057081.7698758245 279722.3743031025
292176579.1789534092 275017.4546253681
292133318.0990942121 274705.6240589619
284877117.9557150602 218438.0204202110
283490505.3387145996 206292.3868364838
282390409.3753156662 178531.7405075605
290198599.8464578390 264088.5229294300
290260856.8175624013 264145.7471446991
292403852.9117875695 276328.4300892353
292403135.2204585671 276292.6753284931
282540085.8698492050 180950.2150690133
287194382.5561159849 239016.8006880581
295492317.0565003753 291112.3951597214
284955155.9660330415 218520.2984087641
302087054.7108397484 308934.4483642578
290194287.8998789191 263505.1248886585
300497879.7887075543 306156.8104248047
293292527.9356750846 281157.6789197922
282465401.1308431625 180695.5156921918
293598161.8994945288 282720.2484998703
292613554.1318396926 277024.8055775166
302008540.1845522523 308893.6662597656
293598879.5908235312 282756.0032606125
285003191.3540469408 219180.2038042719
305730806.7214807272 312283.4501953125
300285207.0658693910 305317.1732177734
294453940.4216782451 286911.3119382858
290338177.2290832400 264597.6799423695
300097717.0401597023 305117.4836425781
303572626.7399199605 310106.2796630859
302464520.0807992220 309555.0339355469
293340990.9961569905 281284.9438831806
299310383.2894049883 303261.2896118164
282572466.5155714750 182738.6053299482
290134465.9487459660 263413.0640366077
287740968.5007048249 242686.6812727749
292214233.7363671064 275059.2541248798
285300530.3983560205 222929.6511890548
299841061.5260644555 304653.2880859375
293008025.2524536848 279161.9425022602
292596281.3665159941 276873.3472340107
291061763.8914324045 268283.4060699940
282612888.3950532675 184392.8369581277
292023633.2622694373 273803.4824879169
287632518.6196605563 242179.6913464367
307534290.1920160651 312824.2885742188
305670200.5362616181 312018.5009765625
306410536.8264219761 312612.4377441406
299461239.9934767485 303677.5424804688
297842863.4958758354 299683.7456665039
284247237.2772724032 211831.1952408130
285513069.8054382205 224800.3051807540
285427508.8620057702 224377.3945756728
287273454.7969120741 239739.6902478039
284189277.1082752347 211600.3042106206
282643267.4393942952 184820.2516309793
285029789.7013902068 219795.1350147384
288163539.8650813699 247426.8108990192
285352140.8887167573 223254.1172840255
288279609.8860648274 248846.4339458942
289575223.3000536561 259228.1155197620
290374328.5317932367 264951.4222214222
284144146.1020372510 211277.6810231979
291986099.8324477077 272992.1578419209
292231445.3349546194 275139.7719166279
284103892.0551089644 210898.5131239469
287078758.8904279470 238603.9987194836
296811939.0364314914 295995.6310424805
289572610.4671927691 258979.5699548721
289538354.3060148358 258838.6184799671
290337459.5377542973 264561.9251816273
285968553.6456928849 228578.1027018602
286104336.2911661267 230114.3511454637
283995461.7145116329 210107.5964178617
284591274.0473956466 215098.9890632207
298227372.3516846299 300551.2985839844
285037668.3334446549 220960.5758273179
284623926.5468388200 216008.4676673342
285915139.4581851363 227580.8262126023
295947897.9258120656 293038.3942871094
285422286.4708001018 224357.7665283340
291058916.0892369747 267949.4506103992
284710804.7256381512 216686.3644294316
298342895.7955905199 301030.4687500000
297820240.1918492913 299554.4732055664
285954469.9261209965 228526.9757792527
285396116.2241470814 223880.9801513809
302405752.4384838939 309207.5207519531
290887762.3481945395 267177.4431564808
305855915.4274960756 312446.3521728516
297985791.6293481588 300158.9726562500
286028157.9802231193 228616.8224784988
285150640.1825388670 222396.4690604384
283999987.8876502514 210122.4723408963
297591973.3869379759 299282.8254394531
297699062.3860169053 299391.9476318359
302975208.1421973705 309749.0859375000
296967176.7310928106 297173.0808105469
296877495.3698901534 296624.3726196289
300077807.6085174680 304782.7653198242
301573645.1942896247 308154.2011718750
303359016.9278586507 309958.9848632812
296628875.5417136550 295768.0604248047
297342833.7092374563 298449.5014038086
301565694.2852660418 308094.9250488281
301008352.3907656074 306911.4392700195
290887876.6702789068 267430.0887277126
292841873.7113511562 278246.9489185810
301341349.2631385326 307445.9682617188
304615766.2975977063 310938.8964843750
304009229.9221314192 310677.5181884766
301804081.6245077848 308460.9241943359
296049550.2120559812 293410.0464477539
301889626.0659928918 308797.9892578125
296053881.7166652083 293587.1024780273
296240177.9382494688 294298.1059570312
293733947.1938264966 283563.8019993305
297153472.9526770115 297884.0842895508
297431971.7040962577 298546.4517211914
298230366.0476163626 300583.0271606445
297133032.3746098876 297428.2515869141
298285913.6926175952 300586.4524536133
291379010.0884147882 269825.8327057362
293939255.9328026175 284567.9418919086
304244162.6567175984 310691.2531738281
303184046.1710324287 309770.3491210938
303921460.9514763951 310442.9111328125
293544504.6954835057 282315.6055881977
302695413.6307348013 309591.1134033203
296301972.7600768805 294532.6325683594
296285318.5336508751 294314.5198974609
296890238.8220878839 296745.1214599609
302103458.0577186346 309011.1297607422
291525545.1236722469 270700.0353863239
291457438.0435119271 270285.4371197224
300028490.8685598373 304758.2636108398
291788684.0144354105 271969.7354767323
302199718.0036145449 309144.7796630859
291712628.4251698256 271454.8435089588
291927632.8453546166 272987.9753448963
307327888.1623136401 312756.1127929688
303943009.1688809991 310498.1126708984
291754272.7491923571 271525.6127960682
304671777.8373602629 311023.7565917969
299212083.1979420781 303073.1372680664
307209897.7484368086 312621.8679199219
293484320.8692339063 282066.8723118305
304256425.3770818114 310694.0351562500
303475815.1412568092 310056.1213378906
301104223.6670467257 307081.9207153320
303813501.1446641684 310405.2609863281
301302234.8846798539 307169.3687133789
291619547.2463043928 271056.9162933826
305280466.0504539013 311623.2889404297
304817730.6509891152 311594.7535400391
299087228.5531294346 302743.7180786133
303762686.0957704782 310107.7076416016
301008295.2706412077 306881.1021118164
299727220.9361647964 304257.1166381836
298212299.3506426811 300398.7854614258
299129130.2360482216 302915.0294799805
301228367.0508540869 307162.8147583008
298558700.9947453737 301188.7820434570
299631561.0245146751 303837.4799804688
