286684451.6841371655 866284.3329772691
294077378.4190809131 1054893.6041355729
287464085.6721479297 894371.3459885269
293665071.9634289742 1045859.7724775821
293782445.1626700163 1049472.6620510593
287432154.0279199481 893737.2541916519
294081704.5255693793 1055112.3168362156
293404176.6653234363 1040480.8032393008
290693301.1174218059 977966.7858213931
293962913.0591296554 1050863.3623684421
285397450.9394699335 807304.1212013701
288356640.8653424978 918300.6388597861
286255660.1330017447 850538.8168639878
293527264.9942843914 1044043.7557469010
285066561.9228885174 791459.1009987334
288576310.8833780289 921863.2212417498
288584259.1402142644 923143.6149185076
285442130.2456684709 807370.8014152984
301116672.3264697790 1159831.3359375000
293655083.4474813342 1044240.7905979753
289259407.5096716285 934729.9234873801
311142781.0489827394 1200179.0371093750
293329101.8529391289 1039717.7031956315
301818999.8418008685 1168218.9287109375
315814845.8572649360 1201518.0815429688
285455113.7615710497 810384.6103981475
290915864.7668677568 983281.0848936588
297455439.4587121606 1116533.9466552734
284942252.4833175540 769148.1959084014
287279835.9054710269 881809.0037337691
285196149.7449831963 801045.6770485381
287334213.1620591879 890232.1885178238
286651888.1736922860 863682.5949356705
298538987.2144306302 1129580.0172119141
285055016.5850900412 776006.8170021514
286925126.3391126394 872293.6912491471
287432154.0279198885 893732.1829025894
288882768.1822378635 932216.8252015114
286408614.6487494707 853811.2004044205
296603363.7280861139 1105452.6004638672
290326123.9633525014 967616.0820860416
286912879.3223855495 871514.4138748795
284831741.6850140691 766439.1342703700
286508577.9518169165 858519.9748184830
289369422.3269984722 941516.6823985130
295508217.6853359938 1078090.6074829102
313941323.1033753157 1200460.8950195312
285524757.5832886100 819451.9443619400
286581011.4868466258 862074.9668839127
289074879.7267087698 933868.0035489947
300294223.2452777624 1152375.7980957031
285524757.5832885504 819444.5495865494
290934148.4714970589 983706.9213194400
286726286.9617651105 866922.4641983658
289399788.9403132796 943786.9056350738
296530399.8170565963 1103309.4779052734
287657060.4015483260 898074.5226546675
289022800.8563024402 932478.4319526106
285281826.8108342290 807052.4145973662
285006817.5186058283 774789.0801857451
285718399.6095674038 827628.8269302994
285202000.6387907267 803023.3408668975
285459765.9937009215 810900.1731422881
288487865.7044234276 920205.7455533892
296006030.7649465799 1093154.0874023438
295636221.3534811139 1084776.5881347656
294011204.7091802359 1052738.5957668796
295517905.0102171898 1080070.7288818359
285459765.9937007427 810860.7468727569
301215351.7334613204 1162395.8212890625
293503926.5489640236 1043437.9087551609
296289728.6487318277 1100399.9112548828
297581919.3095444441 1119427.9886474609
285281826.8108341694 807007.1973122100
285909195.9281091094 832804.6378433853
285705799.7499293685 825177.7779801041
288766774.4931982160 928665.1579183489
296371515.9139665365 1101856.9588623047
298546622.6911952496 1131854.0948486328
300199152.5612710118 1149440.3220214844
289586659.7001700997 947256.0955764800
315528049.0393452048 1201493.9243164062
296211962.2797474265 1097984.4744873047
293500753.0971542597 1041098.1403975040
288001262.9033844471 907959.6175490767
296685646.5157130957 1107034.9329833984
296211962.2797473073 1097861.6824951172
301411511.0054360628 1166427.0737304688
301411511.0054360032 1166422.8642578125
296211962.2797474265 1097922.4246826172
301370641.8753221631 1165949.4091796875
288640680.0451692939 923917.9875283297
297566694.8758717775 1117439.1297607422
287784863.6427450776 900747.9726516157
301615007.6322816014 1167494.7363281250
294727126.4908063412 1065420.8137130737
288689545.4449473023 924920.1883498579
294554388.7409418225 1061053.6267013550
285986752.0080599189 838210.4609812051
286966916.7628065348 876668.3853103071
288638767.0311170816 923906.8182326704
285057496.1478500962 781756.7640236358
298588844.6525925398 1133278.6300048828
284996895.9808165431 774119.4737404326
285960115.1265484095 837069.2132393122
285577703.6246857047 823960.2788933257
287073569.1393507123 877543.9394987563
296944019.9740909338 1111363.3885498047
292613451.9519137740 1022391.2003340274
292875477.1709014177 1027321.8702559024
298283664.6792401075 1128224.3175048828
297869916.4792747498 1123658.1427001953
297010149.1849883199 1111851.1824951172
286898043.8130337596 870974.1182204634
285903472.9865489602 832485.9444406778
297993913.4267078638 1124471.2628173828
296877488.8441252708 1109565.2669677734
297993913.4267078638 1124340.6480712891
294576871.0159330964 1061798.2431049347
305457283.3736594319 1188673.1015625000
289799011.3782954812 955316.3663894683
314977984.0105319619 1201320.6655273438
287703491.5726162195 899546.5335647017
289830992.3789691925 956212.3532058746
285841300.5506937504 828379.0151830057
288246770.4514936805 915219.4735061079
288143873.7993764281 912284.8382522017
292636974.3903219700 1024725.9642500430
292701394.3604105711 1025096.8754913360
287703491.5726161599 899528.9818068892
298576470.2244693041 1132249.2862548828
301297342.7502525449 1163575.2514648438
292353889.0460507274 1016971.3111602813
305160298.4918258786 1188133.2480468750
287832530.6303789616 904370.3821975142
285894335.6511124969 829433.9418772012
285994495.4002555609 839471.1038643122
294333483.2364594340 1058462.7536137104
287330652.9299767613 883380.7795974165
288108227.9463391900 912156.1673537642
287937992.1643952131 907286.5325881392
287211914.6097286344 881590.1738845259
296587765.7474273443 1104317.2877197266
285057496.1478500962 781696.1184547881
287937992.1643953323 907309.0555373579
292308822.4629921317 1016719.5079376251
293795508.0042181015 1050379.9432850480
293842959.5770007968 1050820.5878162980
286109005.3526034355 841512.6941355020
298050435.0016204119 1124794.3316650391
287080447.5880302191 878228.2792922407
285960115.1265483499 837041.1457344294
297790358.8713676333 1121166.3663330078
302481900.3074383140 1176413.3627929688
298888913.9600767493 1136394.4381103516
292263275.4469690919 1015203.4063751251
314382049.9080833793 1201272.4653320312
296168760.9859777093 1097149.5506591797
293586192.3640115857 1044114.8044676781
296680371.8700043559 1105693.7803955078
293257916.5500587225 1038228.9597067833
302318417.8493401408 1174914.3066406250
286109005.3526034355 841490.6764353067
292443550.0470928550 1019981.0499298126
291423363.6512377262 995210.2452117950
291359585.8756989837 993642.0657684356
292535793.0131178498 1022089.1035186797
293033947.6771813035 1033257.0988669395
287298976.4760273695 882467.4379226118
286874699.8433492780 870634.5728103071
292887518.3897451162 1029506.8684112579
292925336.6600968838 1031515.5510284454
300050351.4793244600 1147227.4765625000
312728015.3437613845 1200194.8403320312
290300276.8493182063 967378.0720779449
298981170.6685278416 1138210.8507080078
292067334.2876104712 1010528.3614532501
291680365.0291905999 999314.6065399200
292125836.4390398860 1012234.8470489532
291583591.3613330126 998226.9136688262
299827188.7036633492 1145805.5185546875
314357874.5291266441 1200973.3657226562
313952853.3090236187 1200703.2739257812
292705635.6583289504 1026647.8596221954
289865873.9376057386 957728.9415847808
298328053.4815536737 1128896.2789306641
289882014.3604136109 957933.4948074371
289769737.1864801645 952509.7260086089
304399006.6362170577 1186394.4272460938
303130222.3155583143 1180344.2539062500
295908462.3163977861 1090357.7418212891
295933862.7515203953 1091397.9317626953
303018311.9469771385 1179938.9404296875
302817394.9033883214 1178996.1982421875
295745673.3079647422 1086820.5739746094
289531396.1099594831 946878.6032058746
295848687.7418323755 1088919.1016845703
298870510.7080761790 1134634.3530273438
302504046.2163820267 1177336.6362304688
290970008.7499485612 984531.3508865386
300353227.3598874211 1154032.1650390625
291906045.4089779854 1006701.5235015899
299891198.3830143213 1146759.1242675781
298870510.7080761790 1134448.5170898438
299327291.5569107533 1142544.9448242188
290553961.5084100366 977124.9287673980
299327291.5569106936 1142401.8955078125
300034556.5474298000 1147133.4187011719
290477675.1315958500 974203.0947830230
300510140.6654308438 1154118.8159179688
303409748.2678684592 1182609.5683593750
303149264.3859511018 1181809.2133789062
290819640.9691482186 981867.6909744292
300353227.3598873019 1153981.2192382812
299494070.3916064501 1142892.1372070312
299272729.7106359601 1141209.1904296875
290506658.6706089973 975153.0274002105
300706663.3739542365 1158729.3874511719
297142224.9616006017 1113439.2406005859
290880776.2840620875 982870.5825759917
297204810.4681838155 1114822.9256591797
291008552.5510847569 987125.5325603485
289587238.2147558928 948041.5760968758
289607198.6545169950 952286.7684890777
292489853.4648874402 1021671.7930938751
291342830.4572927356 993331.8579998016
290155999.2247457504 966093.8600418121
291704982.6351825595 1000872.5178253204
291511342.6711834073 996008.2361736298
314005398.3357869983 1200761.6889648438
310605773.7419234514 1199374.5644531250
290429984.5303511620 973895.3877517730
291511342.6711833477 995880.2767009735
290697610.4371506572 980125.5073806792
291867312.5560991764 1004262.5900909454
290697610.4371505976 980113.1690017730
291867312.5560991764 1004286.4309112579
289511383.6954042912 945094.3137771636
313210638.0266774893 1200388.5507812500
289265461.4313539863 936241.2507278472
289954170.2176023722 959774.2996170074
290018394.6637335420 962554.7013504058
286133036.0075963736 841546.0975683481
289074420.4880255461 932955.9642288238
290345238.9809321761 971153.8101150542
294402967.6522215605 1060326.3775634766
310470114.9299806952 1199030.5146484375
286453609.6978667974 854646.0920141488
294621299.9905543327 1063819.1060791016
297387023.5553560257 1115985.1542968750
297504040.5282446742 1116914.5722656250
310167270.9525936842 1198668.7958984375
310435992.1545844078 1199024.3857421875
310167270.9525936842 1198979.5903320312
294308955.6968861222 1056762.1304931641
295359406.4242854714 1077235.2336425781
295265844.6960275769 1075219.3438720703
295359406.4242854714 1077268.4479980469
295534679.1862451434 1081194.0157470703
313176515.2512811422 1200196.9296875000
304497353.0372968316 1187119.7817382812
304868395.4040478468 1187767.4370117188
294735004.4494695067 1066313.0882568359
304813979.7161312699 1187274.7192382812
304109138.5965833068 1184702.4545898438
295116517.7411637902 1073041.7672119141
310081687.5090069771 1198578.4018554688
294983649.1676679254 1070037.8043212891
294970542.5489313006 1070003.4390869141
294983649.1676679850 1070042.6783447266
309799697.1004188657 1197910.4082031250
294244402.4320995808 1056088.2902832031
307571752.3208134174 1194138.4877929688
308857103.7299119830 1196709.4584960938
306801345.8260260820 1192113.8212890625
306898031.7350334525 1193269.7890625000
306986184.9500470757 1193387.9692382812
308764284.1629719138 1196062.0952148438
308786788.7192175388 1196410.0092773438
308532721.0935425162 1195516.8750000000
308831696.6608179808 1196585.7856445312
308831696.6608179808 1196705.5708007812
307971916.1322858930 1194924.0600585938
300580263.5835795999 1154896.5937500000
302166180.7593048811 1172588.7988281250
302270494.5650849342 1173805.8461914062
304029273.4520115256 1184505.1040039062
306513116.9335234761 1191682.0019531250
301211873.1137660146 1162170.0837402344
305183291.4053903222 1188276.6977539062
306867166.1269453764 1192232.1621093750
305924945.2919127941 1190178.1020507812
306736340.6475037336 1192078.3144531250
306001150.2304766774 1190335.8281250000
305766204.1060867906 1189789.1464843750
306229887.9620531797 1191123.3857421875
305536766.6748644114 1189145.2988281250
303847961.1593368053 1182775.3471679688
305660732.6300771832 1189286.4882812500
303889046.8223736286 1183038.1503906250
