137686010.3578904867 304582.4576798081
137927366.0484330356 312655.8897820115
131001686.7941237688 190962.6755309105
130860584.8288118839 186112.0824661255
131634837.3419665098 210193.0487788743
130587748.6627072245 175107.8243635893
132471306.4968049824 228195.5235004253
132053074.2476216555 219009.2972529954
130520411.2463331521 174259.5339298248
131307484.2268548608 202833.0757880211
133312220.8773404211 245039.0285199708
130731329.4618437588 181438.3270812035
130953006.6458964348 189488.4016661644
130753941.0776114613 181905.8532820344
130837288.5056567937 186027.7292442322
132528594.4096318483 230868.7153339214
131112772.4975155890 195209.6645331383
130656456.0162549019 178243.0034549683
131176152.6034599692 197645.3890154171
131188650.9393377453 198710.7647528648
130798476.6282027662 185477.1431708336
131103849.1222747415 195077.8560614586
135545736.8598159254 279223.4305481911
131048663.4080891907 193658.1679511070
131039740.0328483582 193526.3594794273
131658090.8230947107 210995.5260386169
132035911.7455203384 218724.6949580736
132195609.5125811547 223028.0791644878
135858495.7354597449 285568.0521912575
135939609.2959082127 285731.7350525856
130637867.4868414700 177294.1793117523
131552523.6013846993 209404.4246767289
130928022.8884084076 189404.4835172296
131087989.0717171431 194120.7286741543
132633076.9803317338 231489.7370281219
130821746.1953662634 185477.5782437921
131151138.8773804456 197163.1171762752
130544689.0105761439 174651.8339933157
131598504.5161922723 209880.3239512146
135653796.6045320332 282320.5695252419
130742554.4593448788 181904.7621283531
136863653.5804637074 297267.0288671083
136471480.5050744116 293574.4277928895
131158846.7050233036 197178.9539682674
131701518.1332668513 213452.7049936950
131177843.3027256578 197777.1974870968
135897715.7472076714 285709.3973283768
131091810.3578426987 195054.2959399223
150068405.7113845944 367125.8542480469
131554670.7041471452 209618.6698374450
132292268.8718291968 223202.6567706889
131451657.0870725662 206046.2887949646
131542139.0171042681 209330.3939585388
130826617.0553489178 185555.1106046438
132733947.6440565884 234775.1587079591
130668217.2138867676 178778.6673520803
135593218.0165274441 281931.1085877419
151547243.8911749721 378256.3818969727
132317511.2869181037 224008.8175983257
132332778.0781447291 226626.8367328472
131408025.0879132748 205509.4630068070
150413780.3342200518 369429.0980834961
150696154.3921256661 372582.5587768555
130970349.2221703082 190955.5450263023
130916199.4846103191 189404.0484442711
132657160.8111523837 232222.9222019739
134728052.2414304316 270581.9685887654
130666637.9835680127 178774.8011091948
132279813.9600090832 223179.6413760185
130547883.2572619319 174652.4900740385
130723186.7936657369 181432.7995694876
131535377.7870671600 209134.9881968200
131638391.4041417390 210707.2501597106
135457811.2569624484 277699.5081944466
146790356.3417614698 351033.5938339233
130967494.3872086853 189682.9491515160
130640136.4561958015 177511.9739039391
130581506.7042217702 175035.7184842825
132807144.3892477304 235540.9568731558
131617638.3979713172 210189.4542712867
130651235.4643548131 178242.3473742455
136059610.4389586151 285892.3720154762
131028865.0174291283 193059.9244322777
130791314.4836425334 184815.3023619652
141808898.8274173141 319686.2667112350
131257591.0435617119 201278.2977068233
131679313.8825879395 211037.3265321977
154442297.6437151432 387517.9536132812
130624161.3105715811 175207.9088529348
131477089.1416561753 206865.5538271195
131395080.4411683679 205321.8074817359
133624046.1137467623 254147.5440093089
131460843.3635904491 206067.1432361305
132017763.7058458924 218649.7993488139
131490658.7543478161 206873.3040637672
131020722.3492511213 191054.2778409719
132343667.1586704552 227199.9413471050
132849115.4782083780 238006.1898969240
132531624.6151450574 231188.2749652690
145179100.3778501749 344922.1077461243
131458771.7583252043 206059.3929994828
131990336.5392526686 218568.6160382032
133474012.3867946863 250390.7850981761
135460290.7718589902 278013.3020691872
132973020.9982071668 239135.1601728029
130677315.7372532040 180888.3970885277
132024737.1446202397 218707.3213679618
131528944.0086217970 206967.9563539750
147280693.1095100641 353398.4790039062
130778800.1196906716 181982.7295621634
131939363.6599939167 217778.9679311342
132888510.1040282100 238751.5256513185
131803659.0236837268 214585.0103328056
132101877.0727337301 221617.4361623353
132024456.3183083683 218653.7346515483
132299480.6701288074 223737.4343280620
131759080.9696003199 214081.8121999330
149681551.9673193097 365930.1588134766
134994971.1933644712 277078.9921458787
133044207.4689648002 242589.5498212404
132043957.3086769134 218795.7434406108
132241254.8413897604 223174.0232562847
132747096.7059209645 235157.3223516714
131737455.6884488165 214017.6405552453
131708120.3280030042 213473.5594348609
134818727.7987324297 271568.1895970661
131561785.3753997982 209631.7740419633
131837095.3628514111 217595.8704700172
132178447.0104798377 222743.4768695659
131374955.7308722287 203061.3043549242
132383276.8850379288 227296.3342914409
131242878.8532210886 199328.6940691280
133001953.3318838924 242110.6757367677
132015789.1693299860 218646.9300655127
131504277.4749507308 206886.3192079789
138228530.4127972424 313058.8549638391
131262790.6089129746 201285.4282114315
130798075.7136796415 185010.7081236839
132765924.0452226251 235307.3665411245
131917883.2216499448 217641.1717580385
131075437.6844902337 193779.0113909054
131835106.1578409672 214727.3421199149
131170100.6597277075 197300.6807634640
153882231.5408115983 386813.9599609375
131536726.8979861140 209135.1241396195
131381510.8284767121 205314.0572450883
131604575.1407956034 210181.3639195985
131140220.8477746397 197155.9866716671
143648032.0248047411 332455.3903170656
134657763.4836087823 270369.0734057664
130720997.3542132080 181237.3938077688
132978763.7193808258 241827.3908246583
133120971.7869550735 243204.2470258302
137551570.0516068041 301263.4256546423
133303577.8124481142 244889.4218305177
130784388.1173910648 182989.8236632347
130579186.9953919649 175020.0492976159
132428188.9530653507 227296.3348028433
132504581.0926253647 230673.3095722026
131219537.8048371077 198714.6137583065
132916031.4569569826 239012.9243887663
131968653.2195508778 218410.9956843681
131295972.9134569913 201812.9570253617
138245933.1904030144 315320.4434929490
142699736.3784062862 324879.6409330368
154305960.4654534161 387065.0410156250
130912910.6017935872 187112.1346983910
132472155.8185232133 229842.6213629019
131781695.0855272561 214569.9976374931
132678071.7491601259 232224.8061542339
131720059.0911594927 213530.3638857133
143170126.4733014405 327064.5640897751
137653930.2765063941 303641.1771888508
134886365.1654071808 276591.4929174013
131833362.2173493952 214648.5520808524
133265518.6945750862 244755.7436078615
133227709.9831615239 244655.3939984865
130912134.9147678912 186239.1624693871
133883364.9071226269 258698.9949370450
133735374.7345858216 254576.6839018888
132162584.4320956022 222048.0850881166
150488320.7205803394 370010.9241943359
132698535.5751022846 234514.8623907339
131652920.8639791906 210750.9751765556
135584338.0427382886 281238.9470729828
152689986.1820883751 380118.1318969727
132474292.0659972578 230392.5508441753
132800861.9718485773 235540.9563617534
150107863.7435508370 367628.1501464844
132127411.3219909519 221902.1409963197
131286830.2994523793 201336.4403017289
133055155.8589407951 243194.0154508180
133212715.4965649247 244599.5679410524
132430961.7064650804 227296.3814846515
131946793.4389555305 217779.8299611635
137470397.0577834547 298915.6880369075
131474136.2645335793 206082.0201810426
131959848.8413686901 217925.7740529603
132551048.2273226380 231418.6453265972
133266705.6333485842 244879.1902555055
133182615.6091122329 244595.9053433961
133126500.7345263213 244358.2149137086
132851637.9249287397 238741.2940763063
133754478.5875096619 254581.1181585789
133324684.8294846714 247108.1847357750
144698428.2323039472 339484.1772245988
144310035.7149097621 336097.5081266984
132073429.3926048577 219009.4748834372
136216700.4589828849 289982.0625585145
133562151.3951306790 250536.6400786466
137764538.7105678320 307540.1109541357
154215888.0299157798 387000.3593750000
133674741.6399321556 254293.3989897794
153527431.2390048802 384999.8172607422
153472729.2845068276 384798.9615478516
133393679.2803272307 249522.8664364815
132634737.2774081528 231590.2728510140
133463671.0962928236 249933.3975249357
132318576.5495436788 225375.7354067094
137441952.3230038285 297329.3164781688
151929393.4591248035 378452.9982910156
133831255.7503937781 258178.0195952482
134437134.1200517118 269958.3986729939
134120241.8396840394 262277.1876744587
134062023.5966097116 262079.3287267048
134251297.7617685497 265836.0876378376
133803584.7935534567 257713.4484587735
132602091.5535849631 231465.8360080547
133504056.6076971143 250444.8937407560
137866405.8366755247 308697.5176027119
133546364.6536230594 250453.0824480555
134429072.9834564626 266411.6718292964
152948885.5864908695 382801.4885253906
133618550.3679908961 254055.7085600919
134218899.8995893896 265659.5485753376
153375764.7772921324 383112.4960937500
143492644.7391254008 328831.0230768919
132565948.7189093977 231418.6925198077
144443916.2999598980 338124.7736171484
132790928.0923505723 235317.9737987346
146350850.9019219279 345514.6518859863
132297763.7808569074 223213.2039259672
134629332.5181453824 270227.8086640347
135827460.1664978266 285096.0488540530
135506012.4676570296 278662.5319778323
146431364.9254657924 345977.7831573486
149383594.0375142097 357772.1760705113
148358549.6167598367 353913.3463134766
152877186.6940784156 381387.6325683594
149322956.6851956248 356171.1160729527
134422579.5686761439 266158.6789593152
151335049.0304204226 375779.2340698242
152885812.1889680028 381750.9812011719
152863983.1546008289 380442.7155761719
152649574.8278536499 379956.5466308594
152130545.4429909885 378498.9265136719
134871925.6104193032 273087.4593297220
152433073.2937327325 379848.0888671875
134838581.0687269270 273061.3217560757
152266249.6190207899 379529.3929443359
152202807.6971311867 378673.4467773438
