65822037.3225642443 444279.6701850891
65828408.6187247187 444673.3752378225
66385588.2231930718 474306.7543964386
66465175.5586439371 477196.2924919128
65757944.6733354926 438224.5717353821
66426565.6607671678 475545.8365592957
66259702.3278838098 467971.0904560089
65915298.3799977079 451100.0207301378
66193201.7561460659 466154.6997750998
66572400.6465259418 483164.1856803894
66037578.6138872579 457599.5631599426
66238659.7050509751 467726.1303730011
66309624.8358250186 468339.1043720245
66732294.7881589904 489678.0450553894
66722935.0404340625 489540.7392692566
65441143.4813285619 407349.6654113531
65739618.4240595251 437674.3321315050
67970475.6715456992 523574.4406738281
66370473.9808707535 474304.6391620636
66264393.2521476075 468335.7591571808
66124418.2708462104 461312.1605525017
66645066.2801313996 483969.3093261719
67273012.1039127707 508717.7230339050
66392929.6516991481 474547.5375971794
66358489.0917999372 473939.9069843292
66210480.1002916992 467222.3918476105
65787223.8666671589 442862.6263923645
66056034.5892649814 458917.5691413879
65445860.0734502822 408082.4233306646
65959095.1981478855 453494.2666206360
66405672.2906794846 474725.7122797966
66452571.2597769946 476950.2494010925
65769506.8603509590 439124.4085458517
65730347.8576806560 436885.2465095520
66001340.6433779150 454002.2270979881
66136403.1599170268 461676.8292536736
66355884.6016950011 472662.1924508810
66096579.0940532535 461252.5943622589
65931988.9588164762 452329.8621101379
66081457.7437926754 460451.6056232452
65445686.5580974147 407382.9983886480
65779098.0364312455 441399.0172602609
65792591.8019227535 442980.0371589661
66053831.6160939485 458890.6930917501
65904362.8311177567 450769.3861020803
66508565.9829926640 480203.5631122589
65722512.5130652264 436754.6931648254
65833976.2323490828 444886.6396266222
67548084.6510147005 516017.5229492188
65827352.1813955307 444604.1072578430
66229890.7382507995 467569.2666034698
66736747.1998082250 489805.7946891785
67671917.8340387195 517137.5408935547
65806355.5270487070 443355.3401374817
66522835.6450822204 480581.5159931183
65924782.5073473006 452086.5123786926
65749731.0365104005 438105.4700998068
65919489.0522724763 451384.7145932913
65894294.6285125613 449816.5099372864
65764791.5105021149 438566.2402534485
65941770.8747162521 452667.2631601095
66342900.0929780826 470475.2934684753
65943973.8478872925 452694.5308113098
66608990.7417959720 483772.6186637878
66567083.7564338893 482107.3453483582
65882309.7394417450 449451.8783454895
66229344.9517920837 467451.0731220245
67665300.8802234977 516890.3439941406
67458297.4622575492 515438.4154167175
65751934.0096814260 438132.7382392883
66237381.6340923160 467725.1318378448
65818594.8704807460 443742.3093440011
65838116.0544437245 445596.3234628439
66317818.6535331383 469312.4560006857
65736276.2381911874 437130.0483894348
65752400.9493566602 438204.7088559866
66208198.4134609774 466281.2585639954
65907504.1632016599 451020.0830014944
65668062.7391809151 430176.5985603333
65840319.0276147649 445623.5916023254
65799208.7557379752 443227.2950935364
66556337.1260587871 481937.8601069450
66358087.5748660415 472688.6168403625
67270513.4110705256 507161.1890144348
66202830.4782053828 466163.6812934875
65936767.3964181170 452451.1439704895
65548526.2443948910 418869.4674453735
65897435.9605964646 450067.1951179504
71850693.8575772643 540573.8623046875
65852303.9166855812 445988.2603034973
66074251.2923234850 460208.2182941437
66345481.6205098182 472444.7749214172
65488310.6114989594 410796.4438451529
66062266.4032526687 459843.5867023468
66446514.7512166873 476828.5217399597
65829097.1920294166 444676.3498471975
67665023.7901214510 516819.5915527344
66091403.1826037616 460886.3455829620
66458499.6402874961 477193.1904411316
65771709.8335219845 439151.6766853333
66540977.1039350107 480814.5039081573
68160785.6996751577 530206.7194824219
66439308.2997475117 476584.7784538269
67828838.6384327114 523488.0544433594
66041846.7270231321 458526.0614999533
67059100.5491867736 499494.0966815948
66435010.3709320500 475984.7623286247
65642918.9800847620 429040.5579414368
66182290.5794640779 462098.8857612610
65823040.6834691241 444555.9644712210
65718614.6725743786 436389.8901863098
66329803.5426039472 469677.2282174826
65549926.4570644200 419046.2506008148
65538702.1481417567 418186.6430721283
65800987.5917931125 443237.9293708801
65850100.9435145333 445960.9921640158
65922579.5341762602 452059.2442392111
66451882.6864722818 476945.9325065613
66192072.4953638464 462437.0973581076
65764245.7240433842 438447.9408149719
66072094.2984384373 459939.9246286154
66608482.3582265303 483750.4629020691
65655546.5975540578 429378.8383369446
65953919.2866983935 453128.0178413391
66225396.7450214997 467360.5002460480
65934564.4232470766 452423.8758310080
66060109.4093676135 459575.2930368185
67372719.7497119606 509325.5567569733
66180087.6062930301 462072.4657663107
65812972.4808639288 443602.5980720520
65734655.6655357853 437065.1096433401
67285616.4027797282 508959.8535270691
65541360.5726077557 418213.6763973236
65634967.0681756213 428186.7750282288
66521171.9373488724 480447.6384296417
65623312.5447106883 427480.7595729828
65885451.0715256482 449702.5635261536
66822370.6470912844 489831.4195671082
65835025.5725399330 444920.6331723928
66719690.4892920628 489434.0234489441
66977627.7437519282 496357.6392936707
67061236.2723167092 502586.1796989441
66232603.1964906752 467604.2430438995
66862414.5343279690 493166.9870444536
66867129.8841768205 493729.1737079620
65777077.7687775791 439269.1382331848
65479511.9333556145 410321.2064540386
66682037.3819368184 485577.1073678732
65491221.8900437579 415678.4063053131
66687627.9326893613 486983.6252460480
66244588.0855614915 467968.9117450714
66901539.4874153733 496207.9039421082
65749185.2500516549 437987.2131417990
65832355.6596936584 444821.3934396505
72730225.9084562212 541032.5434570312
67067466.8841063231 502832.0562858582
66591811.2844850495 483511.0604362488
65453460.0628371537 408753.0752525330
65881440.6960366741 447032.0362739563
74179746.4792788923 543975.2387695312
65929785.9856454358 452302.5944589376
67082131.7707532942 503038.5322570801
65448092.4894899949 408745.6470298767
65797588.1830825806 443162.8851560354
65849679.9831252992 445648.3983650208
65478928.3079324141 410060.0248845816
65869455.8069658577 446667.3368110657
65455827.6140286028 409218.6822452545
65811351.9082085341 443538.1778806448
65469003.0000148639 409788.1293462515
65768961.0738922134 439006.1086190939
65872620.7690504119 446757.9188913107
65727267.2829764262 436808.1402829885
65864116.3726050332 446204.0196298361
65458313.9969964325 409310.4813379049
65466049.1215350404 409783.5165532827
65487247.0578942224 410794.2576040626
65826427.2791831344 444577.7014230490
65471416.6948821992 409790.5976079702
65740667.7642503902 437708.3251889944
65490194.2673678473 410800.9218724966
65481925.6282229498 410323.1405360699
65746035.6995059848 437825.7867368460
65720891.9404098317 436689.7632077932
65642554.3011722416 429013.1579170227
65463493.2846296057 409463.7883377075
65689475.1928066909 433496.1126918793
65628956.4045215547 428095.7843055725
65635331.7470881492 428214.1755409241
65693239.4027652740 434565.2324702218
65668304.3504295498 430305.4291267395
65661687.3966143280 430058.1907234192
65608059.6411130577 426190.9904842377
65525340.1500202045 418010.2939580679
65463635.4266677052 409781.5814946890
65784697.4823997915 442205.5480537415
65879237.7228656337 447005.1568063498
65712602.5738597810 435747.0745429993
65615725.3117140606 426896.6229457855
65648929.6437388361 429131.5882148743
65656319.4613587335 429940.7291755676
66012307.6381268203 454543.1261005402
65698838.8487338200 435371.7715644836
65515078.2793057784 416828.6419519186
67452437.3200067580 510341.9660644531
65674679.6929961443 430423.8369636536
65805747.2131709158 443246.0300788879
65609636.2104556188 426685.6178340912
65559466.7051606178 419499.8270149231
65650307.3626441285 429297.5224189758
73942639.5470282733 543972.7978515625
65616089.9906265885 426924.9858608246
65602040.4759800807 425947.8214015961
66018924.5919420421 454790.3640155792
65623677.2236232162 427509.1224880219
65662694.8039253280 430059.1370124817
66006939.7028712258 454425.6645526886
73368673.5389279425 543818.0732421875
65609714.6480599940 426806.6458950043
65602048.9774589911 426101.4802303314
65617301.8810566217 427390.7825222015
65549393.3090795502 419013.8139419556
65630944.1915496290 428115.6154047921
65636543.6375181749 428922.1671943665
65554607.9173708782 419255.1021766663
65555708.4717965201 419287.5544471741
72971042.6114668548 543779.2724609375
65708001.2397270352 435730.9558906555
71701742.4695801437 534498.5977783203
65565018.5797647834 420325.9441871643
65544484.1628738567 418427.5601997375
65455900.3021290973 409308.5462793112
65477486.1354486197 409999.2453283072
73548847.2874456197 543825.4121093750
65461267.8754762560 409315.1009668112
65482038.3176229894 410612.5562719107
65985431.1874541193 453831.7291940451
71691577.4137306511 530990.4001464844
65705214.1913004145 435490.0802803040
67219696.8065551370 503812.5725097656
65719888.5795049444 436413.4801521301
67987199.8322997838 523758.2064208984
67428632.4709503800 510007.8666992188
65868308.5989132747 446211.7337684631
65455758.1600909978 408990.7531223297
67744564.3109592199 517224.6857910156
67747187.2056633532 517318.8382568359
67757407.2853706330 517565.8320312500
65568585.5588483736 423890.8040828705
65562530.1509000733 419645.6697496176
65537812.9941697791 418181.6099758148
65545400.2271664068 418765.7490444183
65540471.4186357781 418209.7067775726
65548058.6516324058 418793.8458461761
65536989.4459834173 418172.9372736886
67057732.3679936156 496687.4839324951
65545367.9963185042 418540.4967575073
65535276.4726693854 418024.7088985443
65558210.9338380322 419404.1095759347
66834329.5117280558 490400.4332733154
71430970.9966291487 530512.5471191406
