133202966.6498797834 27947.3004121757
133079667.5141086876 22794.3288861439
133202108.3709904253 27944.5154445595
133195952.9151986837 27919.2359115011
133252259.8250748068 28831.1654769308
133180187.8493137062 27766.1151534445
133154105.7140435874 26903.7551689125
133382934.5962635428 31330.4678195450
133373996.4314372540 30750.8440519329
135445397.2496686280 41584.9184129834
133081173.3128158450 22832.2870268933
151775347.2845496833 67129.2004389763
133090876.2398290038 24354.8692707270
133317805.1262829155 29813.7438605758
133152093.7491965592 26854.1855880148
133161866.1346594691 26964.0035551074
133269204.1706981063 29510.9345027334
134522258.2724277079 38601.5587007391
133430672.1258500218 31539.9229324311
133279205.4654498100 29602.8723219391
133138706.7013171911 26165.5201774123
133532208.1716088355 32586.2748157140
133236969.7386179417 28788.2797576315
133371883.1458932161 30691.9418396354
144201477.7976125479 55820.4198305607
133295521.1108293682 29697.4243554450
154179953.6444446743 73155.9136352539
133146101.0687744915 26810.8827970508
133169870.7799285948 27056.8759269691
133057152.2532812059 21617.6463617678
133492661.8819445819 32446.5044692010
135831875.7098734677 43312.6508112550
133217600.0613540709 28703.3242519326
142338806.6515344977 55112.2710609436
135414308.2479738593 41390.9444064485
133153882.5625641644 26872.6545867897
135706452.2730889618 42525.1270838380
134968418.9446048141 40479.0148410188
133081661.1580415070 23598.9706027322
133352315.2604893744 30609.7713015527
133343465.2266868800 30528.2430656380
133764790.2705676109 34410.9501672294
153454173.3921825886 71036.7159957886
145485335.9739066362 57691.7756451224
145813039.9646006525 57991.7734764670
133209595.4160849452 28610.4518800708
133661221.4813517034 33526.2321571019
133254975.6786387861 28882.7187550515
133632980.4748407006 33499.0206017997
133428440.1090332121 31534.6899570823
133478093.7206838429 32321.1166524268
148274807.5409954786 61346.9393174648
133243477.1375736445 28805.9955966920
133130736.0258948505 26098.8798793289
133449716.7454137504 31662.7736173626
133520468.3172952533 32572.8418222424
133286074.9279970229 29625.7508857674
133401818.3907583505 31440.1726310677
133740966.2305038422 34410.8067904655
133210453.6949743330 28613.2368476870
133185295.2178999037 27787.6202336675
153899166.1641545296 72881.2821655273
138086101.0951218009 47367.2954226020
137737384.9356956780 46927.8557649255
138211654.1725647449 47839.7853303552
133596188.6312717795 33484.7713876721
133607928.4855853319 33498.2043811437
133185362.4702922404 27815.6847343422
133483927.3353456259 32424.9563106894
136095083.2126720548 44224.5803766847
145983289.1996077597 59010.1891907309
133398057.7734732777 31424.8700922485
133461456.5997273028 31676.2066108342
133392860.6926799417 31399.2340936041
133346745.0120355487 30593.5211548209
133224612.9186634272 28706.2452953286
133124266.3423939496 26019.8734673145
133272212.1837250441 29587.1893166876
134582136.2968732417 38601.6185071742
133568937.2118700743 33327.4484905601
133310644.2880390733 29791.8266281486
133548026.1830600649 32607.5402666088
133416941.5679680556 31534.5749037713
133559766.0373736173 32620.9732600804
133132445.8827659190 26115.6395321372
133468581.0066564679 32311.1636590338
133331621.8348257989 30499.1188821173
133218458.3402434289 28706.1092195488
133134390.5952205956 26137.1446123603
133407983.8698896766 31493.6363663077
133088610.0687867850 23713.1107642464
133235472.4923045337 28775.9349869248
150850101.1940178573 65263.3494625092
149366654.9214113057 63255.2820053101
148891711.9646375477 63072.0682530403
133059931.8252698779 21750.7771756127
133100554.9060415924 25164.7738910797
133093539.7054427415 24391.8513621385
133331398.6833463609 30469.3199657775
133310421.1365596503 29762.0277118087
133435235.2892913669 31650.9592634197
133211444.6055623293 28678.0447188742
133105104.7650231719 25193.1494561317
133522410.9923610240 32576.3218223210
133282966.0827349126 29618.1748607582
135824029.9175530970 43225.7299264073
133177357.8250231147 27722.8123624804
133236111.4597285837 28785.4947900153
149789710.6184239089 64622.3226833344
133298089.2599446177 29712.5771334618
133087104.2700796425 23675.1526234969
133264082.2882400900 29508.4700492355
151207987.8266191185 65452.7747249603
133096319.3518671393 24431.0512914918
133112814.6037586182 25289.1797290924
133510955.6032678932 32562.8888288494
146588439.0654900670 59918.3402029462
134461966.9138463140 38580.3270601761
133483704.1838661879 32405.5659317374
133340444.3233039826 30502.9875334259
133114995.2649648190 25310.4206011775
133119716.4834123850 25991.4979022625
134552694.9593552947 38601.6171899276
133119545.1239463985 25338.7961662295
142663795.2763488591 55356.5682928562
133092586.0967000574 24371.6289235353
133065144.8546476662 21810.4050891213
133078177.0805246383 22739.4963629059
133110068.6498169303 25234.1977273966
134717887.8676112592 39506.7003083663
147257816.7607673109 60725.9934265614
133733979.1149333119 34364.6353866607
135641689.0968002081 42349.4469369054
146655929.5150363743 60106.4197937250
133364751.1802421957 30632.0827391595
135338476.7633554637 40834.5781846521
134918636.1997489333 40268.3458159398
133097825.1505742967 24469.0094322413
146518494.2408629954 59526.1696826108
133739583.1137968600 34386.7479597088
134072476.2582745701 36505.1814969573
133111574.4485240877 25272.1558681461
135604047.8411000967 42306.7677670121
135811367.1226949692 43197.4508209825
133076119.6063407063 22728.2862627320
133099535.0074453503 24485.7690850496
133095613.1089951694 24397.7827734048
133359328.1177987605 30612.6923449486
133145877.9172950387 26779.7822149280
137386515.8898122907 45928.9057632089
133064131.6143703759 21810.3479905240
133117834.1643766910 25317.2910860064
133996364.0836711079 35609.5663532857
134310289.3484204412 37672.7434416786
141907728.9043439925 53198.8516366482
133177134.6735436767 27693.0134461406
134507939.7379237711 38587.4448157530
133142859.1624763608 26755.6591692450
133322125.1481497139 29861.3881898671
134898287.9978522658 39757.0995523846
134626550.0538145900 38669.6153538357
135754319.1387686133 43043.3999208249
134260591.7074081004 37672.7312488090
135510214.1501512229 41774.3829069771
134819230.0991034508 39619.4547426831
134692637.5081508458 39492.5279341917
133691419.1013997048 33593.7174706999
136119521.8923785090 44946.7861894406
135921951.1424633861 43948.4830392636
134326634.2537697554 37700.0931014549
133066764.9199052453 21820.6963126473
133702940.5708413869 33661.0261723362
134476953.8521515429 38585.6644925606
133069240.3737023324 21901.7516494617
133136995.7417474687 26144.0150971892
134754968.2876720130 39618.6109362375
134664879.8740682006 38707.4281696212
134007607.4311911613 35613.0528920684
134204963.3903340101 37665.8848018181
138736170.7545840442 47912.0843819417
134114689.8664267659 36760.8016833793
133663629.9231247455 33566.2241812679
136024558.2663885653 44132.9166191854
133083993.7712379694 23605.8464376740
133056308.8756153733 20860.2546023238
133076557.0152669996 22729.2051393799
133330851.2569829524 30437.8841618872
133165089.8418646455 27055.9446626189
133130046.8310021758 26029.8749356749
133325321.1460942477 30408.5852607223
145966300.2137982249 58304.2694042777
133809540.1667615175 34527.2390150819
133829603.3169384599 34616.1952928100
133881410.9710158706 35173.0816914174
133710912.4444109797 34249.8750792476
151664754.7695559263 66316.2110877782
134643241.1633144319 38678.7132495772
133928203.0560546219 35506.8783467803
133910559.6336331815 35449.7681392822
134012663.6331074387 35900.3542143889
133911472.7597359717 35484.9444624968
133235249.3408250958 28746.1360705849
148543734.3418345451 61478.6989550591
133829030.7848054171 34594.2614085265
139939400.9721021056 49737.1632326879
139734493.5008972585 49469.3666323461
135771318.4558561444 43072.2000497617
133209372.2646054924 28580.6529637310
133263859.1367606521 29478.6711328956
135295651.0747537315 40498.4131596219
141809120.9723539054 53193.5898593701
136015872.5472576320 44014.9451738633
133290858.4847721159 29650.4910072684
136519370.0552458763 45032.1001938619
134201245.0154627860 36907.0759944450
133230018.4206008017 28742.6310023721
133299240.4516472965 29714.7132974598
134065438.2775601745 36455.9399547111
133094603.2951634228 24393.1340037584
133359898.8773161173 30626.6428628895
142112076.8651646674 54471.6674653925
134194371.4664933085 36879.0114937704
133061615.3927864730 21752.6087463945
133271989.0322455764 29557.3904003478
151531092.8986664116 65489.8593726903
133158140.9311193526 26941.8045011046
134411067.2201071382 38195.5866339244
134326114.4835281968 37677.2190209934
133211221.4540828913 28648.2458025343
133086211.0170230567 23627.3461677842
133074499.5410830677 22717.9950392060
134058564.7285906971 36427.8754540365
133193880.5742418468 27821.8441563579
133961031.7839952111 35544.7300864398
140949951.4277735054 52720.3517383374
133195729.7637192458 27889.4369951612
133057874.3510859460 21748.6870990843
135740971.8244952857 43036.5534738339
133894712.5180112869 35428.5375797241
133882972.6636977494 35406.5003685444
133077952.7409860492 22730.9170083813
134680053.5096041858 39166.4481518399
134391485.3837584853 37887.8835546412
133205578.4586978853 28565.4399016830
133812475.1099729538 34572.9290053933
133073028.6275903285 22698.2511374764
133783834.6678502262 34498.3985321611
133070971.1534064114 22687.0410373025
134892137.7821358740 39632.4288637880
133061616.4669709504 21779.4510872178
133876752.7895419300 34814.2108562715
133254757.7607756853 28848.7964805961
133952110.3562945724 35530.0610966728
134041992.8677414060 36324.2315606713
133179964.6978342682 27735.0145713217
133962490.5198269486 35587.2831847757
133151870.5977171212 26823.0850058920
134669901.6909587383 38774.0009001773
133796691.7431188375 34503.1217000573
134015878.8291116506 36316.1626903504
140583026.9120588601 51633.9453854035
140328603.1932088733 50720.3884285726
153012167.8575663567 69673.0242309570
133175096.7535382062 27643.2986868354
144416794.8959603608 55961.0456333538
140062319.5844103396 50571.2513431348
146929767.2509500086 60666.8884086609
148563815.1481657922 62486.7101593018
134371531.1219579279 37701.9560814537
152954950.5869646966 69039.3992919922
152983591.0290874243 69130.9875488281
134017964.1797254980 36316.7578563332
133799261.3906438202 34523.8842695444
133850504.3481808156 34730.5086898446
133837333.7120200396 34630.6287254337
134035745.4208593220 36316.8071483276
148122650.9396375120 61118.1979866028
153268639.5893928707 70273.5136260986
145196502.3627511859 57525.7724197959
144878039.5057898164 56527.4692696189
152123460.2126011550 67638.4404907227
152584836.2126653492 68848.1303710938
146205661.4813315868 59299.4995362163
153355997.4721217752 70464.1800537109
149545651.1765007973 63550.2279739380
