9826724.6454383265 35.3635377120
9828305.2553311009 38.1858998998
9826328.5937729888 33.4516951442
11757567.5534407608 44.5093496740
12155310.5944233984 44.6768725812
12986087.1922860667 44.9113629758
12354030.8867266215 44.7672472894
11927111.3024290986 44.5909803808
11300451.9147488028 44.3503187597
9825901.5627611801 33.1732340143
9839928.7451017406 38.4136306550
9864900.6645382233 38.5200236868
12091112.1899759099 44.6308308542
9929184.9371657073 38.5200270247
9843335.9355175439 38.5136569571
9938999.2003539968 38.6814996824
10036102.6506972276 39.5632229447
10033538.7002554536 39.0780800581
10422689.3357551545 43.8395121992
10298303.1625832804 43.7585724294
10332808.5076911785 43.7934003770
9982474.7447602190 38.9379396737
10123774.9627641737 39.8704471886
10345638.5903884079 43.8258355558
10297003.7523212843 43.7033899724
10480961.4764679670 43.9789470136
10562211.1574723776 43.9994162023
10692078.4396143034 44.0561977327
10201333.6994595397 41.6007141173
10194426.0039164219 41.5492250025
10276907.2149924301 43.6906460226
10128982.4116475154 41.5110427439
10327444.3572382331 43.7711428106
10234898.1636167448 42.4392751157
10915092.6907929480 44.0620778501
10435103.1056183074 43.9750081003
10603867.0246744473 44.0352998674
10224530.3402063139 42.3102693260
