30137116.9140849151 5379.1239265501
31015158.4400020801 5952.9894714355
30925800.3479954004 5946.5398254395
30914562.1491903774 5909.2950286865
30846329.5106304958 5892.7902593613
30328094.7189246491 5591.5749621391
30064284.2188541740 5089.7321197540
30052504.2627649345 5080.0660527050
30263496.0891846567 5477.4931296110
30269050.7684101388 5489.6986927986
30016867.3306607567 5071.9971165881
30592490.7839220576 5732.7956933975
30710622.0466516130 5795.3462505341
30738831.4557765052 5841.6809010506
30192122.5278414711 5386.5388421118
30411627.9394848533 5592.9507559538
30783100.1308192536 5885.3753437996
30199588.7822357491 5404.0092986822
30553920.6093429402 5727.4616174698
30435437.0346864313 5675.6574950218
30254594.3959923014 5411.4242142439
30775320.0023084581 5848.1305470467
31024007.7314865738 5990.2342681885
30732292.1905780286 5832.3205418587
30290331.0252313092 5500.9585528374
30321760.0647485331 5578.2134861946
30547795.8572301567 5706.7972536087
30078458.5110608153 5180.3485290557
30525711.2002180517 5690.4873261452
30652821.3532131240 5787.9313349724
30310349.0045791380 5570.7985706329
30474449.7719780356 5683.0724105835
30596131.2386003584 5780.5164194107
