11876429.5220432188 160486.6899414062
11324118.1159535907 160229.2258300781
12342358.8928216174 160751.5410156250
10157860.2010841463 159464.5056152344
10063445.2321130969 157049.2536621094
10105525.5830724444 157062.1434326172
10059023.3327056617 157019.6440429688
10020954.2111596186 156655.7060546875
10003749.5616898052 156279.3862915039
11045464.3699550442 159986.8208007812
11818741.7934089303 160263.5688476562
10022795.8744127546 156667.5256347656
10343036.5651961882 159729.8852539062
10013965.3875575587 156304.3721313477
10033011.7002805080 156692.5114746094
10143497.4970323108 159373.4777832031
10397403.6155810878 159737.7788085938
10512744.3822707776 159741.7822265625
9955147.5298082046 153548.1657104492
10255220.8132786583 159625.2880859375
10895108.1409115978 159923.8237304688
9931297.5951800998 153158.6651000977
10134118.4720991701 157330.1114501953
9984409.6683989055 153961.2908935547
9918213.5039130934 150068.3623962402
10177703.5484755822 159473.6843261719
12050843.7401044741 160544.1533203125
9930591.0275778975 150164.9225463867
9912267.5507476665 149680.2069702148
9960559.7337708026 153571.7902832031
9950343.9079030491 153546.8044433594
10098025.0248441156 157059.9190673828
9894363.5692849904 149678.8617858887
10001907.8984366711 156267.5667114258
10266076.8943495508 159663.1694335938
10012123.7243044227 156292.5525512695
9974193.8425311539 153936.3050537109
9941513.4210478533 153183.6509399414
9965363.3556759581 153573.1515502930
