29717498.2386886366 186338.0104893148
31376986.3108833283 199671.6401367188
29840769.1062353477 194120.2306060791
29722405.7990578637 187049.1483919621
29674595.4933752380 183185.1249410287
31108180.2888563499 199410.5393066406
30022239.8972391635 198183.8276367188
33948179.2437327430 201463.2153320312
31519827.8681839406 199853.2678222656
29868819.8973865882 195019.5614013672
29759032.5871482417 187115.8205261230
29849469.5841808319 194660.6018676758
31247183.8026202843 199592.1669921875
31070533.6036482342 199388.2446289062
30001094.5656706020 197999.5004882812
29939662.8430768363 197914.9123535156
29559331.7574737482 171669.6547164917
33717273.3961538002 201372.7294921875
33378906.8324406818 201183.4201660156
29847898.6487131678 194324.1311645508
29740499.3414814174 187057.0237703323
30798480.9988781884 199100.1884765625
34609765.1651423126 201665.4611816406
29606408.6255619675 175537.8449020386
29522936.4569053762 148513.9735636818
30529521.0678369515 198791.0998535156
34876092.1828457341 201820.4892578125
33646310.7626043111 201277.2824707031
29634043.2049206831 179392.0780563354
29774627.5375169031 190374.3257141113
31058439.8994286209 199383.2983398438
29542925.7862511799 159975.8978190782
30930910.4217799790 199288.1232910156
30831464.0591172539 199129.0891113281
31100623.1123919636 199402.8576660156
33431234.3016875088 201206.0039062500
33460168.2682449818 201218.5673828125
31346191.2022945620 199651.2934570312
30573958.9152671620 198844.6047363281
30555013.6344281994 198837.7104492188
32079358.5879779086 200357.2072753906
31205000.5896569416 199572.6076660156
31489142.4134194478 199834.3430175781
30680955.5128784254 199003.6254882812
33675244.7291617915 201289.8459472656
31369429.1344189458 199663.9584960938
29591805.6942261532 175530.8678512573
32336297.8339618444 200545.2614746094
30873647.2720805965 199148.6484375000
30988688.5851119868 199331.0634765625
29687138.5478314273 183212.1292114258
29712982.4034489393 183791.4372558594
29589464.0796956196 175530.8334274292
29544301.4098104089 160507.8048634082
29532260.2747535631 152337.8756620437
30344930.1706172526 198553.2126464844
34847158.2162882611 201807.9257812500
30815869.1087485887 199105.7082519531
29555851.3088982180 171094.3729671985
32072040.3441553190 200355.9521484375
32153301.7799596228 200391.0993652344
33932349.8570705950 201444.0080566406
31805746.2939809412 200112.2590332031
31654471.1826443672 199929.8439941406
31664675.3862191960 200002.2346191406
33111322.5808487833 201016.6945800781
34409378.6716926694 201641.8417968750
31829880.1596444808 200115.6335449219
29767172.2131973580 187655.5475008488
29539352.2264860980 156171.9559326172
32508553.6230391003 200663.0302734375
31293235.0234728232 199597.9877929688
31423763.1326073147 199735.9506835938
31605892.0365148559 199864.8474121094
31977853.0749576241 200287.9990234375
29656060.7478634082 179392.5489950180
34161958.3857717365 201617.3774414062
29795343.8302952647 190923.3232603073
32094945.6297935024 200362.8430175781
31694090.1862027422 200020.4450683594
31859960.1520289183 200121.2734375000
32768160.3745463192 200834.8737792969
29551265.6721283160 163882.7611083984
34837230.2832427919 201801.0634765625
33229417.6568105146 201114.2402343750
31888894.1185863987 200133.8369140625
34639164.8775886446 201686.5744628906
32442410.0700154416 200645.5644531250
34368347.7894326374 201622.4370117188
30312095.7021447681 198481.4250488281
33907372.9696767405 201439.7702636719
33866917.8079284355 201428.0681152344
35080706.5743288100 201844.5534667969
29731945.0762841105 187049.1539887423
29765356.5025829971 187297.1431884766
29632783.8492657430 179364.9843063354
32798342.5595944971 200855.7111816406
29622399.1684990823 176133.5701828003
30718036.2857046314 199050.4038085938
29967713.6342280731 197928.0119628906
34642418.6989330128 201700.3142089844
31799948.4808153436 200065.1337890625
29762296.8452202864 187157.9479162097
32537487.5895965770 200675.5937500000
34378275.7224780992 201629.2993164062
34611824.0805186555 201665.9270019531
32012693.9938203692 200294.8413085938
29668181.4762212075 183185.0381469727
29758306.2667187229 187076.4553311765
32361743.6612186097 200568.6555175781
31415209.3054885827 199684.4326171875
29842429.4502367638 194235.5364074707
31558580.0907877833 199859.0419921875
29633960.3311165199 179368.6810836792
30607341.1036750264 198860.2941894531
30222396.8868923485 198468.3220214844
30702441.3353359662 199027.0229492188
29785013.4826905578 190470.2901015282
32591127.1353811771 200681.3371582031
31174636.3550512716 199424.0942382812
32097486.1714120917 200379.3461914062
30684989.3006296530 199027.0197753906
29553057.8899267465 167260.0894580248
31203570.3216087446 199436.6577148438
30636275.0702325031 198872.8576660156
30323471.3917772211 198529.9963378906
31652046.6338989586 199871.8525390625
30344957.2142347656 198553.3937988281
30575203.8888625279 198847.1359863281
30533554.8555881716 198814.4941406250
30896107.7867237777 199149.0705566406
31339907.4574783854 199605.0153808594
32990767.3717760965 200960.0781250000
30250447.6780435890 198481.4216308594
33140256.5474062599 201029.2580566406
30460531.1418545358 198765.9194335938
32909505.9359717891 200924.9309082031
29626436.9405603260 179323.8279418945
30365120.4250515848 198562.6381835938
29784499.8947020099 190414.1411361694
30431051.5268465430 198719.1311035156
30363202.1442027800 198560.0839843750
32554682.8857464269 200677.5917968750
35127044.5640232489 201974.6513671875
29559062.0092537776 171115.4760131836
30156361.3871990144 198268.8859863281
29698379.6611123607 183253.7565145493
32880433.1902773008 200866.9011230469
29655930.8081866540 179392.1335366964
29756645.9227173068 187076.2426302433
31949915.5082081966 200176.3808593750
32494354.7495138608 200660.5651855469
32273230.0997900553 200486.2844238281
31956072.0291241109 200260.7636718750
30439045.3193969950 198742.5219726562
30144773.1809640639 198268.7182617188
29687206.0846764073 183212.2369756252
32832321.2421229780 200860.2062988281
30604047.0903340876 198857.0935058594
31923798.1953136139 200157.1401367188
29688146.2153151929 183253.2855758667
30123314.4021240361 198245.5019531250
30452308.3729652651 198742.5253906250
31185648.0545377620 199435.8925781250
30321710.2390473448 198518.3054199219
31141858.9120219089 199420.1418457031
30422231.6016223282 198588.3632812500
32247309.5098207258 200469.3378906250
31805673.2953591235 200071.4543457031
30946505.3721486405 199311.5041503906
31651586.2717004754 199865.8356933594
32665017.0672452189 200770.7687988281
30911003.2724500969 199157.3420410156
30377977.1556922309 198576.5966796875
29801054.0258675516 191300.7536468506
34406239.9317804724 201637.6037597656
32255857.2958500199 200473.7075195312
29693485.4565368444 183253.3410562277
30210224.6922565289 198297.7673339844
32315676.0116324276 200501.8107910156
30050290.6883904003 198196.9272460938
32635407.1195809692 200757.8129882812
32255181.3147432394 200473.3151855469
29811914.3725884669 191457.1616516113
30177820.1660390422 198292.1022949219
30480232.2121131681 198768.6882324219
30167898.7760690488 198280.4079589844
30168457.8554909490 198280.4213867188
30680506.2436736561 198897.9748535156
30248686.5253137015 198469.7307128906
29928100.3634722717 195035.1405029297
30590259.4715725221 198849.4001464844
34658162.0702130944 201796.0249023438
30143057.3121406399 198254.6210937500
30142693.8706858605 198247.1489257812
30316904.0588251166 198493.7814941406
