163501518.3692637086 213.5434778691
164364207.0642715693 224.9200955033
163827533.1948850453 217.9932385093
164939234.4914995134 232.2283256054
165747061.4341843724 240.2488353252
166027994.0250988603 242.9622152448
164129128.1874909699 220.6057198346
165004532.3860798776 232.8784715235
166928641.6490917802 250.8412005305
163302096.6849667728 210.3876687349
165223964.4546212256 234.6236281097
163814153.1295467019 217.2453375519
167407619.3263064623 252.8576793075
166905568.8506091535 249.9059081674
164092252.2482420206 220.4695502836
166572815.2974752188 247.2788634896
167235317.7577110827 252.3657268882
163447508.7262529433 212.5324782790
164615699.1344076097 227.9060469866
163982977.0340386331 219.4555886150
163104425.5450554788 203.8837791444
164507920.5634236932 227.5861750841
164725134.4083028138 229.5622460246
166471273.6079122722 246.6869152188
164027425.9826944172 219.9964655047
164140348.9089668989 221.6800393481
168042858.1230670512 254.5889827609
165297875.7733904421 236.2031689584
164755528.0703673661 230.4126931727
164618462.6305554211 228.5787466764
164664084.0509675443 228.8189932108
163855210.3109816909 218.3184919674
163015113.9283272326 196.6356678805
164182884.7167790830 222.8412760198
165029369.3110187352 232.9086685181
165098563.5385059416 233.8649177253
163651212.2122574747 216.0240121544
163783482.3616467118 217.0165837468
163864099.7087368965 218.5933771194
163646930.4105499089 215.6882874132
164801149.4907794595 230.6529397070
166738257.4348822832 248.8379735351
165967853.5888840556 242.3998936415
163249728.0210548937 208.0337628634
164964820.2830862999 232.4587185383
165917567.8887406886 242.2137065530
162888593.8135656118 196.4654101334
165871003.0766353309 241.6475685835
163709798.2696954906 216.1736824233
163770432.7867810726 216.7416985948
166075642.8483164907 243.9766870141
166661697.1743600368 247.7441843152
164290978.8709979057 223.8248488922
166140191.8762488961 244.4266369939
164423143.0392230451 226.0093817115
164468764.4596351087 226.2496282458
166676205.2766026556 247.9026811719
166192334.9487730861 244.6668835282
166700637.1819188893 248.6901422143
165693087.4777821600 240.0626482368
165168068.0292634368 234.3098253608
163032307.3127177060 199.1314897141
166036702.8407575786 243.0307291150
166019996.6614082158 242.6401401758
164334693.6615866423 224.8615408540
164404362.5473586917 225.9126670957
166896624.2914673090 249.4876015186
165818860.0041112006 241.4073220491
164029541.8461440206 220.0217265845
166691692.6227769554 248.2718355656
167337323.5560272932 252.4057402015
166993190.6770241559 251.2911505103
164553541.9838357866 227.8264216185
165585436.0803632736 238.7469961345
165667060.1392978430 239.4965102673
167110419.9719004929 251.4424862266
163230649.8528550863 204.0992959426
166765186.2098512948 249.1400921941
163635716.9595596790 213.7482442320
167119755.6182908714 251.8337721229
165793456.5037231743 240.2593708038
163748136.8312910795 216.2895731092
167710651.8142559230 253.7221438289
167175693.7022084296 252.0569664836
164901912.5115583837 231.5445144176
165578180.5221326351 238.4858548641
166376081.1707332432 245.5012133718
166355004.1560668051 245.4326995015
165614917.0667736530 239.2562637329
165040923.4428994954 233.1976882219
166432333.6003534794 245.7409573197
165239544.8327637017 234.7064499557
165427907.3919587433 236.7746864259
163411009.3428117633 211.9956657276
166127785.9208407104 244.2169335485
165802616.7124208808 240.8241897523
164864915.7358091474 231.0916131437
167393261.6399447620 252.6289345622
163077655.5915861428 200.0444697668
165467638.4550008774 237.4932832718
166462216.3899576068 245.8952674568
163960583.9982851744 219.0133383591
167207484.0148332119 252.0961627364
165339984.6523940265 236.6305324435
167566712.3191236258 253.1509003043
165124161.2021280527 234.2499261200
164880835.4968919754 231.4760005474
165452787.4949968159 236.8251896203
166535822.6358447075 247.1368651986
164133336.7506332397 221.1113430578
165490324.0850878656 237.8644551933
168517029.7078581750 254.5935348868
165390148.5296553969 236.6745292246
167622650.4030411243 253.3740946651
167497830.5365610719 252.9376949668
165562059.9773980975 238.2681646943
166620267.1926851869 247.6794868112
166652057.5053098500 247.7186830640
169175127.0235152245 255.7480837703
168541326.9831608236 254.6984538436
163184890.3919518590 204.0831807692
164286539.2715615332 223.0965652168
169090534.9709655344 255.4706720710
165202887.4399549067 234.5551142395
167794585.1994049549 254.0015866160
165247205.1506929994 235.2340635061
169020772.3442671299 255.3708094954
169142760.8339534998 255.6795699000
166567530.1580056846 247.2074101567
166619756.0209936500 247.4163079858
170166490.1082198620 255.7744120955
166332536.2393070757 245.1515906453
166580374.5243705213 247.3026489615
166323591.6801651418 244.7332839966
168793134.0974152982 255.3147529960
167974902.4934113920 254.1095048785
168979749.1429131925 255.3531219363
168728094.4949823320 254.8721706271
168012153.2200653255 254.1389233470
166889074.3256146610 249.2172788978
