85093966.1041613519 66651.4634638466
85173618.5486202091 68292.1339523363
85066485.5507554710 65269.3059710860
84610678.2091980875 53079.3105266728
84830439.6268546432 59585.5934025384
84837831.4218677431 60855.4938023890
84694906.9121520072 56819.4743412584
99093370.4065362215 111506.7177734375
85603877.2026734054 75794.2074617147
84772287.8485707939 59109.8763969578
84766274.6568103433 58868.1007301658
84570734.0882503241 49339.8136223741
84721250.5133222044 57113.7087177671
84870985.8290919065 61091.8208112158
85675779.5130759627 76341.1237198114
84992240.8715302050 64055.1508574523
84605297.9151638597 52838.4778530449
84695539.8098782450 56820.4173344225
86756105.3612104803 85450.2449222580
84700920.1039125025 57061.2500080504
84757951.9792705625 58780.4064692892
84996102.7442603856 64367.7064313330
85149898.1758650839 66987.7937640548
84736055.9325298518 57271.5123446621
85006179.7397543937 64415.9546904601
84976873.4643488377 63256.0274251699
84757319.0815443099 58779.4633540548
84680571.0428517908 56490.0042915195
84745277.5340195894 58598.5769574232
84885321.6983921528 61421.2907388844
91217329.1209753603 95088.6773614287
85743121.1241009235 77662.3248704672
84700287.2061862499 57060.3070148863
84792618.2579805106 59162.3351066746
84720617.6155959517 57112.7657246031
84808056.5749144107 59321.0817267336
84736688.8302561045 57272.4553378262
85432902.7503457963 73762.5718975700
84950865.2716890872 63166.9105857218
84686584.2346122861 56731.7800803818
84868645.4109178334 61039.3051543273
84872904.2847240716 61306.6575601734
84905951.8456827551 61497.9231589640
84857935.5176975727 60976.2392682470
86240833.0656930357 81878.0957738161
84826072.4030855745 59422.8358258642
85647741.6957973093 75821.8946310282
84766907.5545365661 58869.0437233299
84643168.9092084467 54807.6608665623
84670999.4447654486 54963.7283332981
85050133.8838994950 64846.7829447555
84557866.5717070848 47405.5856244378
84606000.0172646046 52976.4851536209
84663499.3186181486 54860.1195762791
84813454.0040416867 59393.5235536732
85272223.0470334142 69957.8662125468
84685951.3368860185 56730.8369651474
84938447.8580210209 62999.0474265422
84930087.4895961583 62485.9488264302
87506461.1837527156 89898.0822629929
86916829.8180265278 87569.7912377715
85075982.1868575662 66420.8462546672
84739897.2399853617 58357.7442837954
87332271.9514923692 89529.5759811401
85191602.4659239501 68522.7511615157
85050273.0633619279 64896.1680099535
86490414.4979077429 82735.7570884824
85030880.3025847226 64722.9042607546
85114407.7931853980 66677.3304036856
84829263.5544265956 59575.8619083017
86677834.8944760561 85144.0631846786
85679075.5020405501 77134.9848260880
85017922.5174056888 64449.4850494303
84831818.2301072776 60613.7181355971
98761630.7638648003 110359.2946777344
84561513.7749878317 49207.4469368011
84832451.1278335005 60614.6611287611
84567802.6981846541 49289.3119769022
84637788.6151742190 54566.8281929344
84562028.9089666456 49263.1310891472
84914711.3621837944 62362.9334634150
85780455.0340779424 77953.7642781734
84591241.9579616338 51320.1338836307
85054068.1370874047 65101.4481830001
84601575.2923873514 51342.6950141544
84858568.4154238254 60977.1823834814
85960272.3549069464 79792.3299087286
85163017.4348614365 67046.0277728438
86230591.1920300424 81860.5810798407
85836435.1597556025 78434.7501544356
85293986.4287495762 70328.2165433764
85758058.4514741004 77726.1893100142
85939126.3636128306 79661.1316428781
84558866.9800408632 47406.7258062176
85530539.1121084541 75633.8595952392
85234515.6097342521 68682.9946755337
85278438.3007793128 70054.5906517506
84585468.1687436253 51293.9529958757
92729406.8466601074 101225.1298828125
97595504.1838003695 109575.0035400391
86075808.3197624087 80555.1780189276
85856027.9846449643 79100.7059882879
84932831.4898312539 62486.1875444817
85355755.4587587416 71884.9932607412
86082306.3082636595 81820.1562827826
85514761.2398711890 74109.1710908413
87147108.1411209852 88735.2948722839
86874692.7571428716 86702.9325236082
86022656.1476903260 79837.4184898138
96188327.7445477843 105181.6404647827
85314591.6864078492 70355.7909523249
85374356.1087081134 72076.8959707022
85453344.4393699020 73788.4388374090
87123753.2873179466 88018.0193003416
87235259.4247890562 88922.8323343992
96194587.4987506866 105354.3622970581
97416563.9508795440 108833.7892456055
98054155.7311637849 109982.3378906250
87764044.5141457915 90480.0592020750
86628263.4535577446 83620.4001291990
90336983.8796060532 92980.0036219358
96920315.6383288503 107562.2881774902
87793055.4058767706 90495.7498759031
85402884.2954806238 72481.8442972302
96500748.3915600777 106986.0942077637
97287168.0671073645 108305.5705566406
86436544.2527337223 81936.5429794192
90329865.4296647757 91709.1766970158
90125395.4088746905 91631.7901003361
86872380.7578485906 85505.8842676878
91890390.6017256230 95939.5631922483
90993890.8375960290 94731.5147781372
94391078.4525426626 103400.7155609131
90597048.7687458098 94563.3417053223
92134958.1004713923 98693.7132644653
92137621.0302012861 99626.2555007935
91990823.0472110361 98403.3309936523
