137305395.9668233097 1421930.8095703125
146024107.6506989598 1604923.9218750000
139694263.9995552897 1522330.3369140625
134166335.0522732884 1143176.2514648438
142775626.2251079381 1586464.4804687500
135240684.7529244125 1279943.9829101562
135278030.3171845973 1281592.8857421875
135317672.8079377413 1283207.0830078125
136015639.9244454205 1344273.7197265625
138014014.9480979145 1455822.6054687500
136926652.2580679655 1402199.0898437500
137474855.3615438640 1430237.7070312500
136974727.6836941540 1402877.4443359375
143075289.5682030320 1589180.7607421875
135870526.2906385064 1336602.5644531250
138001494.0417077243 1455098.7343750000
135771746.1421055794 1327164.4199218750
144774888.7255797088 1601008.4140625000
134172222.7386290729 1146019.1147460938
135925210.9012583494 1337663.5263671875
137483123.5721917152 1432704.9853515625
135986874.1680598557 1342701.9746093750
135997156.6626027524 1343186.9960937500
135621282.9622497559 1313901.0830078125
137090278.3332621753 1408953.0849609375
135942848.6941683888 1340633.1601562500
135611026.2346028388 1311522.4707031250
135516286.2185513973 1303185.6855468750
141607957.7585887313 1566832.0966796875
133928427.3708391488 1094549.3681640625
135674993.8097001314 1322657.4863281250
136620158.8094919622 1381461.4511718750
134726692.8134061694 1221056.2348632812
143328171.0856873393 1592075.3593750000
136037503.3595819771 1345188.1855468750
141520457.4799792767 1565681.6904296875
134568623.7695027292 1202159.6704101562
135848179.1404786408 1335889.0146484375
134781505.9201045036 1231506.3471679688
134508516.5417831838 1194597.4516601562
137074244.5224535763 1408690.9619140625
138905429.8465504348 1492478.7138671875
134666577.8335730731 1216284.9062500000
144246126.5137108564 1599031.6845703125
148358228.8239110410 1606565.7265625000
136775373.0791203976 1393346.2431640625
146175501.5301468074 1605297.5439453125
133786621.9942837059 1039412.0385742188
134603449.4700454473 1203986.3037109375
133782282.3042702079 1036562.8261718750
146942341.6714040935 1605692.3173828125
134623505.0344026983 1207843.1391601562
138536759.5645846128 1477746.3193359375
135573033.2407244742 1307061.1992187500
134691043.4084040821 1216957.3706054688
135454529.4068611562 1302492.0517578125
143888399.5853939056 1596374.4423828125
135534990.0195071995 1304657.4497070312
138426323.7019406557 1474025.3310546875
134407298.7162588239 1185512.8081054688
133784645.2647460997 1038289.2348632812
134400755.6381335258 1183901.3544921875
146029905.1392346323 1605224.9052734375
134687883.0751437843 1216332.7641601562
134757027.4518082142 1231153.9614257812
148194175.4240431190 1606501.7949218750
134634824.2319207788 1212428.5844726562
134487094.6434352994 1191761.3911132812
134748947.5193602443 1223046.5600585938
134834719.7234897614 1234501.2006835938
134784380.3080737591 1233681.3979492188
138523040.1478246748 1477334.7939453125
134323423.4907602370 1165953.9741210938
134709473.9840332568 1220126.9995117188
133907870.3224984556 1092445.2548828125
134907227.4799441695 1243359.6860351562
134703869.7531006932 1217304.4770507812
134365323.4620048702 1178128.1689453125
134870688.3930438459 1241503.8754882812
133795625.8727287948 1051450.0156250000
134783488.2378543019 1233044.7133789062
134148904.4723914117 1139991.4208984375
134710366.0542527437 1220763.8715820312
134921797.6683007777 1246981.6108398438
135160267.1932807863 1267457.2929687500
133931341.2598611712 1094857.7299804688
135031789.2083208263 1256456.4926757812
133886187.2821608186 1082913.7993164062
134272097.7452711165 1158535.9394531250
138555168.8556916714 1479424.7207031250
134854922.8260794878 1236556.0288085938
145677048.0278157592 1604436.6035156250
134209666.2422188967 1156582.7294921875
143243644.4290057719 1591440.7080078125
144107751.6639054716 1597220.0537109375
134259021.7305217385 1157324.7910156250
134315983.3650836945 1163174.3525390625
147726216.8271551430 1606205.4316406250
134326741.3843124807 1170024.1738281250
144066442.9922212064 1596929.6191406250
134478232.2126482129 1190167.8237304688
147640209.0549959242 1606151.9189453125
133817653.1321577430 1068848.7226562500
134364041.6408782601 1170322.6533203125
134552645.2731531262 1197586.5649414062
135065226.8858489692 1260411.5942382812
136923276.9093326032 1399999.0009765625
133905426.2068045139 1088419.4335937500
135114564.9703990817 1266678.9101562500
133818813.5779335499 1075151.7832031250
135005079.6741198897 1252536.1054687500
134039833.4442779422 1122803.3017578125
144144075.9573240876 1598837.1630859375
134465505.3495543599 1186830.0234375000
134064945.6748737991 1130458.3696289062
147124392.5415980816 1605786.5878906250
134207571.0149329305 1146147.6787109375
134097858.6520564556 1132000.1538085938
135022280.4819295108 1254376.3940429688
134306701.5981572270 1162857.7338867188
133858275.3072442412 1080590.5478515625
134251274.8468861282 1156851.9599609375
133862667.0349253714 1080970.2465820312
143727529.4172939658 1595516.4433593750
134007152.5047290921 1116897.2387695312
134303232.0667341053 1162831.5737304688
133967439.0330052227 1112320.6933593750
146784388.5637551844 1605640.8574218750
134029152.6635033488 1120530.2338867188
133887529.7426306456 1087929.0791015625
134136503.9401562661 1136714.8872070312
141617015.0564094186 1567799.5488281250
134116597.8905680776 1136007.3969726562
136242191.8854765296 1360849.4619140625
136110114.0560412705 1352103.1806640625
136212000.3409408331 1360026.9707031250
136320204.8724309802 1367107.0869140625
144467925.7473055422 1599366.9443359375
146212762.7133869827 1605319.6757812500
146507122.4735403955 1605503.3437500000
136371701.0197413564 1370680.5654296875
134063026.3636731356 1123415.2749023438
146843280.8060807884 1605685.7441406250
143615166.4263977706 1594273.0966796875
141462326.2687324882 1565315.2705078125
135093962.5519408286 1261214.4912109375
135582466.1235191226 1309465.1547851562
135573186.2609523833 1308129.9145507812
136351368.2523870766 1369930.0771484375
137409890.0935172737 1427987.3115234375
137105153.7402896285 1411983.3496093750
137221865.2479625046 1417927.5722656250
137246588.2539649904 1420417.3955078125
138258250.8483284712 1471356.1220703125
138175259.1297954917 1466529.8769531250
143756387.9661734998 1596192.6074218750
137939002.6633709371 1454152.8046875000
138386544.2420925200 1473996.4521484375
138562228.7064962983 1483089.1806640625
141639208.2402467728 1568458.0449218750
138234123.0166487694 1469042.4414062500
138446190.7036995888 1476271.5332031250
138750471.5814770460 1487716.3623046875
138687242.0982272327 1484941.8349609375
138102160.2971614897 1462232.5625000000
138136968.2157128751 1463609.0292968750
137446557.9586756229 1428966.4648437500
143987751.5421397984 1596519.6630859375
135007764.8984812796 1253976.1879882812
138344742.5537891090 1471479.9326171875
144011781.4336973131 1596530.4365234375
144801294.3806551695 1601642.8994140625
137530450.9476921260 1432774.8994140625
137769363.1008770466 1448027.7792968750
135200341.7387853563 1273335.6269531250
139745047.2960061133 1522436.8730468750
137789971.2789323330 1449106.8476562500
137725321.2084188759 1445337.7744140625
138632022.4684500992 1483962.7500000000
137620701.3803940713 1438700.5810546875
138962246.6255932152 1497072.9707031250
137844116.4055505395 1450277.4599609375
138795166.5059280694 1489358.9902343750
138036168.7178133726 1460481.7705078125
138670671.8339338601 1484864.0185546875
144528509.4756253958 1599650.1386718750
139603858.8528711498 1518541.5185546875
139616017.1871035099 1519258.8759765625
139275646.0581895709 1507965.4169921875
139452659.8087582886 1513559.8710937500
139431705.1790354550 1513551.5605468750
137825994.7357135415 1449776.6328125000
142516926.0955089629 1582485.5126953125
137868273.4964042902 1452420.3632812500
139463077.5308688879 1514331.1103515625
137555922.2925882339 1434424.2900390625
139362838.4005648792 1511821.5283203125
139251023.6494457424 1506778.2158203125
138782512.4400112629 1488471.8613281250
136815078.4101463258 1396785.7197265625
136780915.5101009011 1393820.4814453125
136667088.3333052993 1387035.1582031250
136744069.8072489798 1391607.4580078125
136981601.5844634771 1407278.2734375000
141734842.6342864633 1570344.0566406250
139222843.1522725523 1506485.8339843750
141657726.0898159444 1570223.4863281250
139876476.7706095874 1526355.4287109375
144632561.1896949708 1600352.2919921875
141545045.1431581974 1566478.4375000000
143457286.7023157477 1592754.9072265625
139950940.5501460433 1528851.2871093750
139025645.5153052211 1499129.5205078125
143595758.2347179651 1594030.8544921875
143104150.9042185843 1589740.0449218750
138811676.0727007091 1490083.8867187500
135651716.1951198876 1316975.3505859375
135320989.3312653005 1285033.5283203125
137191786.4474732876 1416392.0791015625
138975642.7568372786 1497334.7148437500
138919374.4703673124 1494222.5556640625
139122104.9925087094 1502073.1933593750
145163001.5026781559 1601786.8398437500
135394141.3157489896 1293389.9873046875
135985496.4565089941 1342260.5302734375
136534778.2528966963 1377988.0742187500
135771054.2423481643 1326806.6083984375
143132425.6333246231 1589981.6132812500
136697583.0365107656 1388017.8320312500
136462723.5884496570 1374268.9287109375
136513356.9245276153 1377460.0004882812
142977065.7074351609 1588503.8740234375
142771516.0120170712 1585236.6816406250
137155344.3053362668 1414220.6289062500
136745196.5130677521 1392636.9560546875
137167759.5495427251 1414886.0644531250
136757611.7572742403 1393302.3916015625
136535363.0777185857 1378176.0458984375
135545622.9374628663 1306179.7275390625
135709687.1850559711 1323111.0966796875
135520807.3083571196 1303815.9887695312
142621188.2852862477 1585151.3281250000
135219132.4830618501 1274633.9409179688
136171371.5969963670 1355303.4497070312
135354357.7175180912 1288299.8876953125
142856573.8180373311 1587302.8994140625
135325024.7423738539 1286705.7548828125
136147134.0159319937 1354891.1259765625
135349156.1718613505 1288170.9960937500
141245216.6294245422 1561307.5361328125
145317307.1371875107 1603061.7431640625
142938121.5519769490 1587691.4199218750
145662219.2516752183 1603387.9873046875
135517159.8012912869 1303347.4692382812
136070900.9475449920 1348174.5361328125
140050981.0957800448 1531731.7011718750
139919926.5469687283 1527620.5039062500
139752673.2262766659 1524125.2802734375
140227259.4995286167 1536724.9453125000
140470391.7166485190 1544722.9062500000
140523882.6055975258 1544760.0136718750
140249628.6216328144 1537996.7285156250
140122045.5996973813 1532964.1025390625
140283157.0126016736 1538298.0908203125
140633236.0448049009 1547576.5908203125
142373579.3119311333 1581909.1669921875
140777318.3746761382 1551433.5019531250
142905095.1100702882 1587329.5332031250
140674620.9542087913 1549220.6562500000
140339731.8151163757 1539844.9833984375
144572660.1233325303 1600297.6074218750
140441408.4858941436 1542001.1250000000
142267900.2300782800 1580513.4697265625
136204340.4885937572 1357557.8525390625
143121119.7848932743 1589973.3613281250
141899230.6558325887 1573659.7958984375
141920730.4236502945 1574357.1689453125
143537395.5547989905 1593565.6210937500
141973183.1751345694 1575934.7783203125
142320442.4940653145 1581042.1181640625
141847643.4177660048 1573491.9472656250
142138342.4538181722 1577532.5205078125
141865055.6489883661 1573563.8935546875
142010487.7459223270 1576568.1494140625
141753646.5510618389 1572157.7158203125
143421450.2375988066 1592606.2080078125
142367109.9936328530 1581226.9101562500
142840657.9601846039 1586571.7509765625
141622154.1444517374 1568154.9296875000
141260446.8960583210 1561992.1630859375
141107464.2772659361 1558781.3564453125
141028161.3517640829 1558246.7246093750
141002233.5222888291 1557551.6318359375
140895990.8057545722 1554479.4667968750
141167390.4360690415 1559539.7333984375
140907365.1821636558 1554808.1044921875
141039535.7281731367 1558575.3623046875
140775102.8940914273 1551008.7871093750
141167734.9844446778 1560610.3750000000
140798554.8358247876 1551582.5625000000
