66968128.2937105745 1198441.0576171875
68380942.0152479708 1260199.2607421875
67075679.5035076141 1205164.5136718750
68090862.6707957834 1251172.3242187500
66662715.4977666885 1173836.5117187500
68949542.4571601003 1275293.5800781250
66713155.5745467544 1178532.7050781250
66920387.0864733905 1194225.8974609375
67565481.2327542454 1231979.5009765625
67230380.6775554568 1213253.7656250000
66834908.0117824450 1190867.3056640625
66435079.9944727644 1154066.3085937500
67307214.5749400854 1217909.9570312500
67266261.7217484713 1215102.5283203125
66325661.0617710054 1141640.5283203125
66467571.1148249879 1157814.2158203125
66540923.3074562252 1166788.4726562500
66914291.3327913433 1192383.8652343750
67019946.6875175759 1200652.2226562500
66619765.8238972351 1171184.5068359375
66672735.1728802398 1173963.5439453125
66090484.9356847852 1119928.7792968750
66890621.8391304389 1191916.6074218750
66951585.9854771197 1198072.4580078125
66475247.9051653743 1159823.3300781250
67063200.3351995200 1202345.2304687500
67546328.5673579872 1230122.8046875000
67719179.1152377129 1237917.8574218750
66595590.7690662518 1170323.8681640625
66519902.2490405589 1165717.1787109375
66215405.2054093555 1131490.2177734375
66818945.3231676742 1189598.4287109375
67100507.0776064843 1207827.2939453125
68634083.8415809572 1266472.5097656250
67069308.1786027774 1203980.7333984375
67434714.2176355720 1225850.0322265625
68304502.8414004147 1257799.5576171875
68164220.6367577761 1252823.7880859375
66645874.2452119663 1172894.1826171875
66624574.6793716401 1171563.0390625000
66684303.1967294514 1175461.8906250000
66947507.6263131276 1198042.3769531250
66378249.0559868142 1150353.9658203125
67419261.1730418354 1224887.4453125000
66200608.3927031904 1130934.0253906250
67601955.3357636631 1234013.3818359375
67896477.6375423521 1244545.0908203125
68514247.6365018785 1263951.7607421875
68862619.8785397261 1273627.9960937500
66502230.8788741603 1161748.1972656250
66348256.7313285470 1149727.4902343750
66866951.6891665459 1190875.3945312500
66741191.1029800475 1181926.3349609375
67003983.9989028275 1199383.3457031250
67953845.4443157166 1246457.2373046875
66566368.2142265365 1168472.9218750000
67090320.8750392571 1206161.7099609375
66789040.3906258792 1183670.2421875000
68533229.3140342534 1264914.3476562500
66972097.3998717517 1198908.3154296875
67225344.7843063027 1211745.2949218750
67349981.1100027412 1219149.4902343750
66237674.0107807070 1131667.4511718750
66941399.7829098850 1196406.8740234375
66241929.1401434466 1135773.9648437500
66133999.3304791972 1123310.0351562500
66269990.4903441221 1137618.0859375000
66437693.5060419515 1157470.8134765625
67517667.2653629184 1228203.4912109375
68738000.8827884644 1269355.2236328125
68443232.5960928053 1262286.1767578125
67221687.8841789216 1210712.8935546875
67048420.9538019523 1201585.1035156250
66134937.7773164064 1123477.2421875000
67443105.5175947547 1226341.1562500000
66720679.6885854155 1181090.4775390625
68610932.0094733834 1265677.5986328125
67692548.6270704120 1237214.8603515625
68091943.3431930095 1251418.8867187500
66264932.1205432117 1136192.0693359375
66285443.5349378511 1139155.2207031250
67381330.5452934355 1220148.8486328125
66788530.7466048524 1183363.9521484375
67736669.5265843421 1238880.4443359375
68144210.2010423392 1252609.4404296875
68374421.0432635695 1259236.6738281250
67580934.2773479819 1232942.0878906250
66421763.4507812113 1153735.2216796875
67677095.5824766755 1236252.2734375000
66798586.5341837555 1188287.5410156250
66065221.1425172687 1114062.2290039062
66456155.9015851617 1157551.0292968750
66490090.6710429192 1160693.5419921875
66716377.7911851481 1180041.1757812500
67011201.9456410930 1199878.6748046875
67298161.4479024708 1217712.3740234375
68643215.0178953856 1267475.7929687500
66490700.9497590959 1161201.9375000000
66129929.8224473745 1122804.5761718750
68589073.2032249719 1265388.8769531250
66039445.8068028316 1100519.7373046875
67406052.9156405032 1223930.7187500000
68466382.5889444649 1263248.7636718750
66044753.1237696633 1106336.9179687500
66638470.9455868080 1172844.1123046875
66886225.5833157673 1191204.7001953125
66299809.9223663062 1139739.7216796875
67160615.0412028283 1208890.0439453125
67488432.0330803245 1227992.6201171875
68774567.1006579399 1270103.9638671875
67530875.5227642506 1229160.2177734375
66626941.0164717436 1172297.8525390625
67770849.7458970398 1240640.6152343750
66412183.8254445493 1152981.6787109375
67393020.7309034914 1220913.8525390625
67269163.1791420728 1215678.4931640625
67938414.2312909514 1246196.5546875000
67164201.3969344646 1209663.5917968750
68817179.0080320835 1270867.2148437500
68279225.9674947113 1257310.4072265625
68089070.4903846830 1250812.3447265625
67153322.7291961312 1208125.0400390625
67281406.3811810762 1216641.0800781250
68107396.3877867162 1252381.4736328125
66063159.3277650699 1111568.8720703125
66189202.9654046297 1125456.4604492188
68142208.7410146296 1252595.3203125000
67393573.7473324239 1221111.4355468750
67269716.1955710053 1215876.0761718750
68215186.8987086564 1254260.9042968750
68084840.9342412949 1250683.1738281250
67998346.1520976573 1248108.7011718750
68031702.6836113334 1248900.1982421875
66762210.0423277915 1182658.9541015625
67281959.3976100087 1216838.6630859375
66731830.8357788846 1181419.7832031250
66694559.3975722119 1176900.1855468750
66470957.5177011713 1158579.7685546875
66110837.8188671544 1120690.8027343750
68228960.5696730614 1256133.9736328125
68522085.5692912042 1264012.0146484375
68244413.6142667830 1257096.5605468750
68300277.7209387571 1257324.5273437500
68319955.8859941214 1258762.1445312500
68034575.5364196450 1249506.7402343750
66915209.4936211407 1192443.8710937500
68050028.5810133666 1250469.3271484375
68180479.1418376565 1252898.1621093750
68660041.4728649557 1268438.3798828125
67192395.0444479585 1209810.3125000000
67262499.6972756535 1214482.7265625000
68718757.2896227241 1269141.3769531250
67292593.4340805411 1217603.6669921875
67428039.0294184983 1224996.1523437500
67153397.0944645554 1208394.7148437500
67258818.5947901905 1214139.9414062500
67313614.4924961776 1218674.9609375000
67371100.9797406495 1219724.2626953125
67667343.1799606532 1234389.4121093750
68106315.7153895050 1252134.9111328125
68354768.2392220497 1258975.9912109375
67841459.1372476071 1241683.7402343750
67197834.0493636727 1210596.4726562500
68182938.6595140696 1254047.0576171875
67157269.2064510137 1208571.1416015625
67440282.2314575016 1225958.7392578125
68799902.6290106028 1270578.4931640625
67852356.7380284071 1242879.5068359375
67544208.8229538202 1229268.9248046875
67455735.2760512233 1226921.3261718750
67551896.5811799169 1230231.5117187500
66704134.5891461596 1178305.0410156250
66337564.1803665161 1146822.8896484375
66471567.7964173630 1159088.1640625000
66580096.5747109950 1168945.2607421875
67813563.2396730781 1241481.4677734375
66393091.8218643367 1150867.9052734375
67969298.4889094383 1247419.8242187500
67911930.6821360886 1245507.6777343750
67756195.4328997284 1239569.3212890625
67867809.7826221436 1243842.0937500000
68227142.0599441826 1254643.3212890625
67398684.4842553586 1222729.0917968750
67925177.5893954933 1245754.2402343750
67343894.5341209620 1218842.8378906250
67263196.8738648295 1214659.6230468750
