133260598.4610638916 239091.7781782988
134107813.7300517559 319396.6606648415
133224170.6278785765 230654.0602244977
133571425.6559662372 279165.3920625299
133172069.2543847263 206490.0376155930
133341773.9845788926 252822.4174856991
133649151.0546974838 286828.2722781748
141561263.1512813568 515813.4852943420
138350894.5689691901 475355.5470499545
135754999.9841429293 402975.5986062586
133482425.1836635172 271905.4398711771
135586910.3071422577 396294.5496361256
133328643.8474973738 248164.7844268922
134185393.5154351890 324771.7331374735
135001771.8831093907 372017.4783404154
137821096.5387457311 459978.8261065036
133465878.5258444250 271212.9554267973
133553190.4971046895 278950.5821221918
133180582.6767849028 207773.2561280685
140750744.1281880736 505030.9611854553
133219674.6132204533 229972.9999217633
133230382.8775339723 231489.6717177276
133618731.5666433573 282171.5944189876
133859992.7829625607 302595.9291518778
133225886.8628758341 230808.6114149932
133553835.0601019710 279090.6455827802
133582029.0566546470 280959.1105435938
133417222.7737535238 264373.8137906641
133484932.2427447140 272251.5039466470
133737612.1680475771 292530.9251388162
133399666.5255242735 261760.8153394312
135653263.8168597221 396338.7078116221
134061059.7200191021 317189.9284194559
135518663.6377472281 395200.0066673756
133290441.1781966388 244652.2633977775
133367064.9726810604 256599.0320733637
133691228.7480803430 288914.2403291315
134573796.2886085808 348507.9943402857
133352015.7835330218 254332.0976976007
133600264.2155162096 281173.9204839319
135066235.5418393016 372906.0847690386
134428384.0653032959 340344.3097652048
134428015.2803380191 340285.6567638963
133505843.4765918106 273184.3288262933
133637020.9241080880 284520.8190463632
135332404.5987837315 387317.7874308509
134435494.6746578217 341318.9546292871
133306017.3600091636 247112.6703507546
137984713.2769955993 467608.4042162448
133160291.9279148728 198653.1701419907
133841159.4553976506 302190.5266145319
135030421.2862742543 372269.8858096880
137859423.3960303664 465062.5386205837
133291775.8691128939 246128.4163376931
133252397.1073253453 237575.7729192618
134486307.6425338686 344263.0256818384
134447501.5119310319 342447.8106349558
150061545.9922094941 573721.9985885620
135928080.2152590454 405550.9317205233
141680079.4086401165 519626.1696205139
134500633.0633356571 344510.5434735864
133454790.7647967935 268339.6227496713
133524078.6354533583 273399.1387666315
135735363.4940133691 397825.2041788978
135516458.1611363590 394434.9158488197
133573789.6327872425 279871.6844171137
135989257.8333206773 410482.1196254492
135141155.0118764043 378928.6702182573
140982471.4506056011 514871.4975700378
133909098.6722092628 306877.4066146463
134406695.8738677204 338808.5248044580
135386378.9905681014 388412.3303996009
133845667.3621606082 302348.4113601297
133170427.3343871534 206349.8521567299
133394890.8218999207 261171.2393337339
134498251.7475523353 344295.7335332483
138107371.0184591115 469551.6364979744
133428962.6280670762 264493.9531653970
133853680.1061062813 302438.0444062799
138035931.9667598605 468514.9151550531
133920724.9206164330 307603.8854598533
135181223.1969351768 379595.3190884275
148554211.2727726102 564149.0115280151
135837425.8397530317 404231.5346753878
136909431.3095630407 437228.3394832611
133755974.8686317950 294838.3783706278
145074138.4556849301 538926.8328781128
145228338.4520371854 544305.0809249878
155121124.5556331873 604052.3710937500
155644078.2208116055 606567.0244140625
137129482.6982939541 441946.7608699799
136437999.6551507711 420492.1877799034
155526097.3103879988 606514.3691406250
137072324.0298403800 441360.1299462318
133172069.2543847561 206490.0376155931
135180992.8918288350 379534.0101427120
135178645.7357315421 379434.2516140622
138869515.1712443233 489507.4855570793
136086211.1540092230 412122.1985662264
134394403.2365206182 337445.5697606653
154787651.5229161978 600759.8715820312
136028398.1489387751 411724.7014074326
133185198.4956759810 214382.2558524255
135900227.4186108708 405498.9231712818
133203844.5122532248 229820.9152878169
134302898.9475499988 332528.1059826463
133928319.4083326906 309217.5676978678
135973225.5607987940 409838.5518377108
134373916.4763769507 336849.9351705164
135364781.6114988327 387442.4558861256
134332726.5629633963 334697.2229610533
135837102.9982742965 404091.3689153475
133188527.2128065825 214537.8228308801
134413691.2979750633 340280.7670863718
134347050.5453263521 334702.1126385778
133173421.1692061275 206545.3883788232
136185015.3391130269 412854.3169521093
134070284.0307756066 319053.8474877924
133939982.0235021114 309432.3776382059
150979230.8821944296 583731.2427597046
137527154.0194077790 455178.3649044037
133226787.1760559678 230809.2779519204
134520326.1359091997 346110.5630611032
141934329.8320597708 525145.6991615295
136506833.2930234671 420615.2707738876
135767048.5151915550 403341.2481732368
138810069.9059800208 486503.8219828606
134603193.5766811073 348896.6755078882
133301521.3453510553 246431.6100480203
133837768.8792646676 301674.8268569559
134243851.4626777172 330531.9188197702
134526624.4456213713 348038.3178676218
135037215.9622392058 372653.6772997660
133332227.6550662965 248893.0643059853
133278607.4023824632 239356.1668744925
134128170.9331775606 322559.5580981821
135579205.0878734291 395331.3861992359
133520990.1897361577 273326.6175112575
136281360.3164253831 419331.0679509920
136732427.7779178023 428593.1459926963
136206833.2961210310 418239.6704066992
135164091.4482622147 379368.0529908222
139249495.8497563004 497160.4036326408
133222181.5237954259 229973.6664586905
133333892.1763050854 251297.1011518091
134919294.5513739884 365305.7004702372
134011311.8164467365 314634.9573958963
141901635.3158513904 524324.7788009644
133187175.2979852408 214482.4720676499
134041618.6220495105 316975.1184791178
134029674.5170309693 316942.4106277078
135000143.3635331690 371398.0668566508
133542545.9865805209 274396.8127016872
133826106.2640952170 301460.0169166178
133873495.5476083159 303666.1243423074
139078351.8069992065 493826.8339016438
140774963.2228522301 507029.1461601257
140429241.1934954822 498949.5719006062
134195008.1313886046 326937.5987499803
134066369.4908889979 318927.6404994577
138336165.5511569083 472298.4572049975
150035085.9996847510 569943.7322311401
134626337.4826103449 349654.6447302533
137259749.9109288454 449113.4158696532
134133579.3307329714 324726.6016467661
134080694.9116908908 319175.1582912058
133868081.1945441663 303451.3144019693
133502522.8386089802 272328.9435762018
138790545.8288689554 486016.0461039543
133909956.7077484578 306910.1144660562
133193387.5476405919 215318.0835608798
133965014.3821907341 311202.7975696176
133867223.1590050012 303418.6065505594
133765868.0503067076 295693.7636207193
133725949.5528780967 292316.1151984781
141965410.4087678194 527392.5709838867
135803323.3496443033 403815.9663884920
133642484.5286574513 284651.9676507562
133679566.1329108775 288699.4303887933
134827522.9496813118 363148.3309197706
154548653.7903312445 600549.5913085938
135187068.9312727749 380601.9430640620
140844130.6524162889 507278.1605339050
137216838.9375983775 444985.8902645111
135245911.1463714838 381267.2122481150
133200304.5392764211 222374.6903044824
133222291.1613978148 230128.2176491860
135317148.1018410325 386624.5285132808
135109515.3927605450 377164.3201525492
137290542.5117035806 449301.9074077606
134288574.9651870430 332523.2163051218
135459148.5498090386 388742.4653551859
135966762.1131783724 409427.9871404452
138195937.8560099602 471286.0144476891
133339001.7713466436 251986.8059924692
134924960.0329973698 365496.4154532832
137204129.6437669396 443701.9403438568
135149996.3325667083 379346.3326209468
133235707.6360375881 231730.3802468423
134274249.5443851650 332275.6985133737
134698853.9965736568 355171.6684263796
133793141.7349868715 296671.7911103815
142051857.6868721545 527889.4111251831
133350325.1616682708 253168.2778846473
134241470.1468943954 330317.1088794321
133247901.0926672071 236894.7126165275
134767798.5452826917 357886.9645703882
133287934.1191153973 244323.4302583579
133201580.4139958471 222500.7073048907
136426060.8461033404 419936.7951549292
133254113.3423226029 237730.3241097573
133175397.9715153575 206645.6045940476
133732937.8019315004 292409.5184320062
134569512.7305419445 348078.3441443724
134670204.5934087932 354919.2609571069
135738796.2773886621 402493.6924174113
141755955.7572985291 521023.7962150574
133181900.1332778037 207840.6643009428
133175397.9715153277 206645.6045940476
135112505.6087115407 378676.2627489847
136581234.2431423366 428244.8488836288
146467390.7549601793 553879.0316085815
145795784.2712473571 548397.5167160034
134652114.8402933478 349795.0468420982
134868820.8103740215 363853.7937653345
133389817.4359229058 261128.0272058100
135320806.7043589354 386802.0335228443
140449276.5136323273 504740.2336463928
133195368.1643404514 221665.0958116608
135126831.0295134187 378923.7805407328
137523113.5366459191 452480.3670134544
141858302.3072650731 523894.5748939514
133193387.5476405919 215318.0835608798
133187175.2979851961 214482.4720676499
135276810.2154529691 384542.5401289744
138619897.5552030504 480402.7858500481
139088799.4918423295 494137.2186796963
133198315.4351933002 221731.2655849103
140107184.4591254592 498755.3046646118
155074232.0728667378 602111.0283203125
135467720.1719990969 390084.8331585974
136817820.8662405610 434402.2012517733
136354086.9642935097 419855.8656499666
134684530.0142107010 355166.7787488550
134744122.0552316606 356632.7944083214
133179945.4875231683 207185.1821717266
135290480.1714702845 386411.1763079447
133166794.0896773338 199848.2298488859
133824999.3520428538 299684.6671746820
135310805.0022999942 386444.0570238513
134572131.7468174398 348121.9095740599
138019174.8542989790 467879.9036093978
138959978.6414090693 492932.0766711235
133807743.5635109842 299152.5636848062
140504551.9499726593 504782.9814643860
138984464.2738908231 493089.2274687588
134869534.0216188431 363908.5545708967
137883271.7176367939 467552.3160881996
138538298.8957442045 479606.3734965324
133183209.3915928602 213738.8311328534
135495304.7711932361 391993.4544909281
137935708.9395232201 467604.3298745155
134642799.1105456054 349777.7686410231
137071705.1301490366 441111.0640926361
138633907.4000188708 483071.8744730949
138668305.3740056455 485219.6337504387
137669243.1733810604 459922.7379784584
137633093.8575475216 457694.8741416931
135107567.7312111855 373307.2607577724
134601093.9398756921 348857.9654259962
134431314.4330332577 340628.8954633325
134759067.6899168193 356739.9100882245
134701672.8932101130 356208.4673836082
134580797.2256315649 348576.8862984031
147530037.3228344619 559783.4508285522
149422808.2439027727 566130.4705123901
134898451.9453224540 364570.9880297465
134884839.7357653677 364378.2310435605
137848224.6635849476 463264.4642815590
133273547.3745794594 239332.4867074136
134884126.5245205462 364323.4702379984
154903204.3058007956 601678.7177734375
149583378.9614150822 569895.4554443359
133340518.7176904976 252791.9215110391
133347011.6502320915 253167.6530649513
141657955.8787245750 517135.4599037170
136509183.0900502801 422114.2054652572
134612836.9272796512 348959.7271638197
136192085.3486993611 413442.7531621737
136195512.2595033348 415842.6952123642
135944637.5420857966 407933.9601934237
144259228.1146838069 530177.0983314514
138567400.9171402454 479923.8165602386
134641169.4838962555 349744.2869893163
141617566.3278571963 516325.4002418518
141454980.6033017039 514896.3126869202
134953463.3805804849 368674.4902287573
141764508.1597307920 521620.0486183167
133908977.5584146231 306129.4034703821
133718588.1025250107 291388.9452899545
