43985934.8081442714 447.6985893622
44001400.1241641119 450.8736216426
43949967.4986438304 438.6805861778
44142967.6130381674 468.5353839118
44291217.1416095942 468.5621025283
43988663.9778030738 448.5902262367
43992097.4631248266 448.9176862370
44268310.5278870463 468.5587455947
43943789.4709692374 436.1140024997
43986342.4270116612 448.5826887242
43977972.0935007483 445.9137428389
43982244.7147287428 446.1942160726
43997446.7177243829 450.3196196072
43960547.6883374676 440.1810686388
43975352.4227937832 443.5069771297
43985662.6099394485 447.1077890340
57547494.7839840427 923.7797136307
43999097.1304214150 450.4885010514
44094733.3189045712 458.0504417056
43985729.6330755278 447.1978038847
44302240.5321195722 468.5622827727
44095406.6926610395 459.4211333133
43959747.3772757575 439.1500318861
44096435.3548807353 459.4221179821
44114585.8790606707 460.0352243111
43982573.3508539647 446.4772737753
44127456.1051266119 460.0452054664
44042811.1341134459 451.9705509171
44099267.8163033277 459.5592766702
44198032.8955510929 468.5433242042
43996083.5538033098 449.6244699731
44082059.0628395602 453.0824503228
43992714.5798231736 449.3254636060
43976434.8894647062 443.7446268462
43964222.3586528301 442.0674796498
57605426.0582577065 923.8482522964
44048091.0772427544 452.6219174583
57617317.1539574265 923.8717718124
43948470.4279309660 436.4114450440
44008967.3913132176 451.9444015957
43999056.2301058844 450.4884109292
43974265.5987726748 443.0192330396
44102699.9001016915 459.7219008431
44411402.2666084468 469.9385971248
44318759.1816751808 469.9113417305
44384013.7047992647 469.9120426811
57148204.7603286952 920.5104541779
57502550.1464913785 920.5333809853
53968105.7571629807 813.8605710380
44762734.0309980363 481.8055484141
57117268.2735219896 919.0584712029
56947373.0353212804 918.7949070930
56933526.5784505904 917.8207087517
53353807.4423864037 803.7168227704
56652330.8617117703 915.6588106155
56755563.4438762367 916.1293334961
53810291.2259955928 812.5144721568
55264941.1697447598 881.5241942406
56517890.8152329624 914.1722669601
56438050.4477660209 911.9722495079
56032965.9593512118 899.1930079460
56054006.8699271530 909.8406496048
44691726.5810160637 481.7537051116
54186929.4889543951 840.0912064761
55827106.4079799354 896.2693924904
54636954.9898158535 863.1832119226
56259139.5973176211 911.5344643593
55981218.0033275858 898.3670587540
55659726.7542931363 892.7095713615
55138105.5527701676 881.4200921059
55481610.6289481223 883.0815448761
55648581.3507108614 889.6403489113
46574410.0522628725 551.9755022757
45361101.0807144716 528.8438793058
46042345.5773443654 530.1935858894
46032886.5795129091 529.5056227087
44893121.3799060956 482.9170602443
46090049.1026980206 530.6732690192
46671541.3872564360 552.0562598732
46891286.8532315120 554.8846046952
44602447.1417812333 473.3286282210
44480994.0491926447 471.8984512221
44488101.1142856255 472.7473466162
54162427.8731843308 820.7907749414
47000844.7161022350 564.4845656939
46268633.6289122254 541.1521310396
44951003.6046469435 484.7725745882
46128042.3635780737 531.3821823278
44917536.9276231155 484.2136063877
45044873.9578367770 486.2880321778
44993485.4740366712 486.2828604020
45199784.9519905001 486.3069602288
45359329.2136372253 494.3875970874
46937481.5372235551 563.5515639228
47109376.2643984482 577.7823552524
46807966.2583228946 553.6264752769
47096405.7390335798 568.9794891556
47013822.3292885795 565.0129937431
47159802.1531709880 578.4277707564
47465764.8988097906 599.1869383287
47103276.8174644932 574.5207046773
47400543.8137599230 596.0471353307
47662797.1362829655 601.8765976496
47389119.9746551514 583.0629025083
48091469.9754399806 627.5667087659
47894728.4152321368 615.5965796541
48250095.0801663026 651.8441536129
48478579.4537795559 652.8325577257
48166721.0641150400 645.6766311955
47869910.6699600741 611.8752455593
48482575.1582698002 654.1315324139
48402734.4200967774 651.8714819980
48494017.5424545631 655.7284018826
48531454.2642570809 678.4734651297
49028992.2362489402 680.8202361781
49718347.0807475224 733.8588449173
49580258.7834596634 722.1896817125
50903374.0710916147 771.8045451120
49245850.6688792109 696.6535500288
49068218.4397666529 690.3501121681
49213411.0856335536 695.7272021268
49314669.3114461601 708.3789530490
49723950.3582400978 735.6862222590
50239152.0106434226 749.4214121513
49947709.9964936525 748.2114218175
50326178.1669280007 758.0729633979
50487720.7153679430 759.4179421961
50697755.9911335930 767.8863522783
50408947.6641976237 758.7406231463
50256709.8255995438 756.3105227053
51106727.8803643957 781.3943862915
50640679.4223471284 764.4228845537
51997574.4242504984 789.9509845972
51971354.9711117744 789.8300123215
52076364.9736889228 799.8465811014
51918089.2890595123 784.1471270323
52464808.3672424629 803.4233915806
53989231.8267010152 818.8607444763
