66297572.1681986228 366015.1521453857
67782372.6347854137 438420.2460813522
67592896.2670275867 429691.4273490820
65670631.3193456233 318086.0139087480
68780001.4950983822 475336.3445243835
65825893.3881931454 334953.7841728479
66078018.9072729647 353733.3686652407
66767359.0276928991 390329.2461749315
66074145.1458364129 353458.8420775682
66988209.8003468141 402659.9744682226
68696256.8552369773 471283.6705169678
65620493.3245840743 315622.8286124319
67924533.8734289259 443966.8471228182
66816436.8982136399 393380.2118339452
69743336.1789591312 505520.8706054688
70324099.7527751625 512348.3198242188
66895357.7004522234 397374.7562675390
66155406.8419303373 358220.0725291967
66479147.0668475926 376070.0121955872
65804393.0884451866 334935.3037112951
68364732.1773973852 459779.5995788574
70077699.9056555927 510072.5034179688
68704358.1652511656 471366.0487890244
66035109.0160095170 351335.8964385986
69524719.7742068022 497141.1605834961
65564413.9503499046 305914.2039306676
65953970.8631194234 346997.0914258137
65542367.4944232479 298649.9091263907
65556619.0037054047 300326.7556530237
67048190.3426133916 404762.0856285009
66153282.5140002072 358010.5857315063
67969030.2883801013 445320.6729030609
65797048.6572706923 333840.8898208790
66764279.0423423201 390240.9569071531
65895274.8134929612 343496.5254253149
65561299.1826828942 305705.0127420444
66754388.0529429317 389235.6160240087
66723784.0246606991 389021.1992777586
65947501.9442309514 346787.6926566660
65574936.4979458749 306116.0947872372
66147948.9880912751 356940.9267015457
66542882.0381711274 379738.7319998592
65876579.2453010902 342414.5171484457
65864396.9655413106 341417.6065405384
66459811.6822530106 374710.0032511950
68102972.0808266848 450556.3992195129
66487734.2879567072 377110.3740545698
66439407.6578478366 373546.9205126402
68104394.1904227585 450615.7145254612
66189878.4736449867 360547.3908119015
66236960.6258736923 363252.4054263104
68860693.3467582911 478594.8169641495
67136157.2921717465 410000.6875512600
68108865.1119949222 451578.7425062656
68286912.1534836441 458003.9504647851
68960425.5179388225 481455.6429767609
66955972.9875491485 401013.5627681017
67017438.2831185237 403946.2974966764
66485503.6858315319 376155.9757391401
68296581.9450969845 458350.5266366601
68517444.0728304982 466969.6735534668
69454010.6813100129 496995.5605468750
65538935.6795018539 298358.5440059872
68287024.2808203250 458197.3287832737
66089582.5908878371 355196.2814025879
68852592.0367441177 478519.6371307373
66085742.8235008493 354590.4593077004
67416382.0453397334 423429.7835036889
67365525.2482961863 418883.7404932976
67954164.9905811846 445307.1505347267
69096523.8203773797 486324.9751586914
66605319.9617439583 381387.0187528506
67473041.3661370575 425925.5119105577
66690706.2940486223 386807.3925551176
66899003.1639152616 397472.3634310067
66106583.1722573042 356021.5062866211
65697439.9465183169 321685.8314395547
66151357.3531133533 357280.4046459198
66756009.6175681129 390007.0202184692
66007455.9046120793 350495.6945915222
66567756.0493707582 380160.2762271741
66107899.7560278103 356045.5915832520
66033515.6927628666 351291.6050415039
66014386.4101606011 350579.2274856567
66185017.3111780360 360210.2445220947
66230876.8283772543 362217.5101499557
66433315.1613271981 373270.0260118619
68934298.0528030992 480130.9216918945
66610698.4742880613 382249.4694372192
66572013.1129249930 380513.4235988737
66374421.8780785054 370387.3614168763
69069591.7506020367 484983.7426300049
66625131.9071851224 382758.6600193679
67768728.1580324322 438291.4651131630
66324550.9430437088 367362.4607958433
66903130.1281523630 397793.6646282056
69088004.3281632811 485908.2146148682
67904247.6333205998 443637.6974593446
66302489.5167950690 366817.5382232666
66606731.5046609193 381467.8219143033
69641064.3551478684 499870.4033203125
65703908.8654067889 322017.9242034405
65579684.1591894180 307266.3923474550
69077693.0606162101 485044.7028236389
67204359.2274080515 411947.2781867310
66331433.9811509550 367705.1734771729
66747913.8820780292 389059.4731576443
69349478.1044557989 493569.1091308594
65687809.5375706032 318569.9502724409
66403269.9238922000 371395.7952722311
67371047.8882807642 418962.8424902931
66683932.6657732502 385876.8721494913
68119214.8179249913 451738.0051641464
66776129.4278699532 391365.3353224039
69316022.2270775735 492783.6690673828
68769892.3195681870 475327.0225372314
65674505.0807821751 318337.6406722069
65829767.1496296972 335255.6783134043
65997586.9150789529 349335.8277382851
67846517.0795462281 440034.3376340866
69526543.4047223479 498555.2359619141
65582697.6039280221 309419.0177567303
66021735.4741953909 350918.2793478475
69667030.5517970473 502937.7109375000
66157178.3735149950 359059.9874420166
66268469.5842317343 364194.0614461899
65664988.2091954574 317585.0564248562
65616857.8106201217 313848.1293670801
65723779.7326212376 324556.1236397699
66045213.1774328128 351844.8173093796
66901983.5867585838 397772.6431405544
68957926.8250965625 481431.8013200760
69529042.0975646228 498725.8194580078
69888230.3759884536 507796.6870117188
66905063.5721091330 397871.6815830469
69566477.8183137327 499578.7202148438
66654945.4011791050 385318.2365007401
66626670.4957839772 383179.2283554077
65944101.9737607166 344681.2525728792
66824551.0464235246 393708.0781401917
66849461.8748617470 395681.1705554158
65751979.3182402328 325925.6409644783
65858986.5480523929 340499.1565513611
65773271.3977997750 327411.4888774463
65567650.2807958201 306054.4894952774
65728743.2934290618 324745.8532346785
65774932.0120315850 327451.6548978396
67710557.0835693330 435563.1633148193
67806297.5480796844 439309.1079818055
65919185.0924357474 344361.1245182601
67932126.3391156197 444049.7585916519
66284063.3856607378 365427.6338768005
67331774.3675856590 418710.0195197389
68367787.5714247972 460940.5798683167
69645530.4059434980 500831.0523681641
67415496.1645419002 423407.5517697334
65725768.9857584089 324580.9172085822
68044096.2705343664 447086.9656600952
65917195.8392985687 344355.2182309031
68525545.3828446716 467069.7706805244
67080092.9208775237 407539.1222690716
69646934.3233516067 501589.0617675781
67514834.8935831189 427758.3729812279
67701882.9413758814 435341.2943000123
68916363.1182338446 478656.5833539963
66718384.3694519177 388684.7437681556
67800164.4869010746 439245.9790259376
67177697.6524552554 411625.3279914185
68424926.4501240551 462669.3487396240
67466689.5964232385 425766.7835946083
65569458.2551053762 306054.4898415630
67659010.0664201528 433953.6591672897
69099022.5132196397 486341.5330200195
65663429.3356292620 317500.6822455011
67475030.6192742437 425939.9009878635
65846123.5334335268 335663.1275576949
67602350.7456228286 431488.3126473427
67542893.3619692028 428230.1651864052
69656045.1097483486 502430.5175781250
66513228.8659997582 377952.3315238953
67228739.0525039881 415224.2405053675
65715639.6491427869 324411.5716897555
66429317.8900696859 372492.3912359178
66223438.8842121810 361496.7282514572
65852772.5054644793 335706.8490056396
66588822.3498650119 381200.8171377837
69409614.6332728267 495464.8829345703
66608408.8693059683 382141.4604483306
67325233.5150350332 417907.2512459755
68833329.1646980941 476753.6403035074
66772351.6126775295 391236.6255990565
68952324.2079246640 481371.4344940186
67555533.9605191648 428587.9227547646
67297225.8941912204 416974.7117562294
68834101.8900927901 477167.5838050842
68858194.6539160162 478573.6622500420
68052260.2039720863 448970.7294463515
65721812.7878805399 324523.4286796153
67305978.5283056796 417678.1073266566
69078033.6737260669 485210.4518127441
69171729.2735678554 488062.2491760254
68427331.8019093126 462677.7610626221
68260938.0463881046 457683.9762878418
68565349.9700397402 467998.6774120331
68070940.9201160222 449891.4614822865
68961104.9022765160 482120.0987854004
67707982.7026848793 435399.1726294532
65793302.4390566349 328479.0205874443
68242257.3302441537 456763.4423522949
68230443.9714654684 455642.0026388764
68919943.8613418490 479625.2170391083
65782980.0075335577 327981.8609194756
67173621.2305120081 411211.9455819130
65778764.7932489514 327713.5384097099
68557248.6600255668 467960.7488555908
66913465.4029219151 398845.0485687256
69333548.8079347759 492951.2406005859
69216051.8418564647 490252.7230224609
67393463.5129205287 422027.3929711878
67096598.4495473951 407603.2943978310
68247722.9531323314 456868.4605360031
67160667.1781418920 410469.6829476357
68839704.5072646886 477453.0135264248
69041961.4876357764 483974.5026836395
66393194.4828033894 370967.2870154977
66371285.4832561165 369654.2679725289
65765040.3027257025 326846.0511050224
66843877.2464018986 394357.8056171238
68969621.3653809428 482511.9342346191
67205374.2144427896 412119.6963769495
69169323.9217825830 487835.5399932861
69307566.9215031862 492613.0855712891
66862218.2432920262 396405.0952830315
69664561.5728527755 502822.3530273438
66476219.3190843463 374828.7920900509
67946557.8270476907 444690.1014633179
66889896.3265518770 397345.3216058314
67292879.0391712338 416398.1088525355
68279684.9308029413 457792.6346607208
66706367.0637393519 387301.4513765499
68734144.9012405574 475318.6102142334
68481478.7844649106 465441.5270690918
68711327.6996451467 473540.3789081573
68396043.6778186858 462033.2619323730
66952524.9740213007 400922.2518087551
69148280.7040242404 487017.8438720703
69205111.2258901894 489914.5679931641
66946007.8367990628 400828.9707147181
66802916.7326981351 392529.2646255493
66883948.7956350669 396840.5967031643
67371554.5133732408 420499.2464868128
67106991.6883613169 408438.3314520717
66960910.5493172556 401157.4587725624
67563083.1326893419 428674.6423608363
67465490.2466014326 425178.4566481113
67850147.6252900511 441868.9623031616
68174611.2741524726 453980.2637948990
68223201.0932971835 454875.6943054199
68054524.8177433759 449630.9781503677
67657018.8659175336 433353.8525221348
68148193.5639615059 452452.1173105240
67471314.3171099275 425902.2970700264
69418131.0963772535 495856.7183837891
68621485.2896774709 470035.6224212646
67690096.9799192101 434711.3946762085
67880362.8872784674 442733.8938553333
68484676.0498515517 465686.3367767334
67498568.3606031090 426384.1416244507
69451541.7023657262 496880.2026367188
68159250.4972199053 452670.7002025843
68398618.0587031245 462141.9203052521
69288658.0450173914 491152.6022033691
68487081.4016368091 465694.7506740638
68688313.1294795722 470982.1817474365
68025637.8055077046 447040.2721108198
68525960.5359349251 467316.2497253418
69177840.3848870099 488227.3754425049
69544173.1792261153 498893.3909912109
68614592.9079678059 469066.1287689209
67635313.3616662174 431800.4803586006
68427411.2110954821 462878.0547943115
69426676.2131478041 496194.8734130859
69185941.6949011981 488301.2225017548
68327253.2833205312 459555.0692634583
68324056.0179339051 459263.2515878677
69636538.8800310940 499584.2338867188
68226928.8026905358 454984.3526782990
69031642.0748600811 483304.6968994141
68632988.5699978471 470174.1504974365
68034357.2955340147 447083.1794998646
68787091.5581174791 475537.4173116684
68411274.6675324142 462280.4483814240
68540661.0816419572 467699.5875091553
68033650.8582452834 447066.4205887318
68326777.8523624241 459508.9977781773
68332380.4695343077 459607.3938739561
69030861.2076130807 483303.8931274414
68338687.9129802883 459753.8158454895
69033040.3454776406 483462.4473876953
68572604.5755752325 468305.1287689209
