67936122.6143904626 444309.3460482471
65491855.5232661217 289652.5991151250
70070864.8039964139 510072.5034179688
66941365.5190446079 401675.3992128372
66071296.2305523232 355960.8929288760
70288272.4303428680 512348.3198242188
68791855.2183848768 476045.0741424561
68828319.4159588665 476778.1439819336
65753565.4853105694 328072.1993917928
66837536.5755175650 396567.3237629533
66535982.5729397982 380842.0629501343
66567154.2214839756 382250.9991073608
69201068.3622324169 491293.6870117188
65921817.5143399984 346582.8403496585
66910988.7673224583 399564.9684829712
69563181.9428703338 500446.0690917969
66230988.7392955124 364649.2983266115
66780947.8688423410 393476.9310220372
67092479.3214259893 407542.0504989624
66933297.4428966343 401060.6393990054
66379031.7272246182 372230.0827662945
69509765.8380972296 499602.2487792969
69717210.1437429786 505520.8706054688
69841055.7744239569 506421.8195800781
65515383.1674087346 297288.6734106243
69406068.1423644722 497036.6965332031
70090137.6347132325 510163.4926757812
69304702.8449998945 493768.2500000000
65609120.7461620420 313314.3552303314
69855737.7609331459 507887.6762695312
69171838.7450595945 489792.5625610352
65992076.6861560270 351519.0903619006
67170381.8083548248 411287.8129365593
67004017.9414102286 403933.0580741767
66880647.9447326660 399355.3575357091
67047011.8116772696 406710.1123980917
66477594.5220437944 377739.0163612366
66514983.7469671369 380201.0830650330
69490768.6717242450 497947.7296447754
65520973.3863009512 297841.5981781579
65732305.1904258355 327779.5954450263
67018726.7146714628 404088.2616722703
65518414.2626648843 297833.4565230993
65492167.8631090820 290209.9439487457
69414088.2327194661 497127.6857910156
68037572.2730636448 447838.9253623188
69729161.0511508733 505611.8598632812
65471215.2834426761 282454.0625336170
65519088.8780015856 297836.5823122658
69497744.1551411450 498893.3909912109
65486696.6636762023 289590.5769152716
65860305.1470859200 343338.6991353221
65696171.8009487092 322242.2258796692
65714088.9136966541 326801.9117660729
66812357.3520638496 395702.3113319352
65799009.7447675020 335258.2757039256
65508315.3688900173 292538.1531490888
65816087.7874504104 336857.8813462881
67299499.5316002518 417203.3723413050
65593739.4428497255 312301.8995828591
65808944.6746412739 335981.0369954295
65934275.4052748531 346758.4265211225
69625463.3554181159 503046.3076171875
68099033.8792486042 451741.4748783112
68942532.3036639839 480881.8113136292
65775225.4819567427 334903.2018897533
68852687.5925037712 478573.6622500420
67027445.2804557905 404354.6792000532
65936782.6461596787 347348.3225273928
65723552.4628003538 326929.0098870546
66337383.9947146475 370833.6715183258
65772922.4043794125 331681.3826345205
66000874.3986619934 351925.9643730960
67878010.1911747009 442342.4076395035
67875808.5433259010 442322.6558303833
68023058.3791714460 447417.2091531754
66411928.8339355960 373597.7089711428
67843217.8388767838 440733.0411597267
66401452.2656255960 373536.2127780914
67169585.8247529268 411037.8211922646
68797457.8355567753 476099.0992617607
67163675.3072699308 410950.5320840627
67029511.0675827563 405377.8084512502
67149601.4803351760 410624.4104222059
66126251.5177928731 359815.8956191540
66831625.4850331098 396558.3022665977
66078425.5466557071 356252.7755019665
66960383.8923158199 402679.2908731252
65543490.4495502487 305688.7742934227
67996481.2066633403 446589.8556128517
66351233.2703030035 371429.8562142849
65583620.8462544605 311083.7241997719
66058108.3978423327 355238.2537734509
66046413.3335553557 353949.3011254370
66192612.6701232120 363074.7603789568
65556563.1317799464 310287.1365265232
66714532.2874878794 389826.4063862860
66197112.7180801556 363634.7765980959
65600673.0631921887 312336.0076427460
66063431.1406192705 355431.9740032852
66052219.0248737484 354741.0941054821
66695332.6654674783 389501.5116739273
66686117.4345738590 388593.1151265204
65563569.2248954996 310549.0162509680
65504309.8874364495 291842.1879664063
66558820.5374066085 381542.6928578615
67285007.3332602829 416911.9852090627
67093781.7640406787 409080.5992227346
66153437.5913017988 360620.0082170740
65824729.8771621212 337079.4037212133
66278814.7104326785 368212.4184437990
69123745.2762818336 486860.8598632812
68354459.4660100937 461098.2809524536
68353000.5535619706 460794.5198211670
66774405.2489533201 392650.1800117493
66993583.9062399864 403762.2027883250
68802361.8801843226 476131.4319190979
67209419.4000096470 413800.6135049611
65486407.2994797230 289585.4625068903
66194453.3601984233 363458.0102565289
66265143.2515841722 366916.1559619904
66911169.3840199336 400151.7260161862
66651883.1380424351 386592.0195113644
67358398.2921551317 419599.6716561317
66190801.9552633241 362370.6455268860
65843294.8079789728 339774.7403005362
69606816.3122393042 502569.3100585938
66573149.3201110736 383651.1942911148
65602084.7566013783 312342.3546309769
68296988.3709805012 459409.1968231201
66660908.6932156608 387978.2302186266
66576292.7009540424 384152.4882752672
67435444.6187732667 424160.1986336708
66538929.2396975830 380991.4090156555
66416260.0861826241 375471.3203315735
65762712.6720807776 331596.3894708157
67533755.2052635849 428264.8335213661
67737046.6202177107 436536.1903296486
65469328.4812498689 281834.5969576538
68683043.1942053437 472309.0258026123
66414753.5741418526 375369.2926216125
66543602.5482947603 381147.4274557829
65518163.5620487332 297335.7625807208
65628460.0788767040 317562.2922557998
69854249.3472386450 507796.6870117188
65869210.1570858806 343428.3877834082
65563844.1152681559 310606.9945616722
65559810.7576985210 310382.4901131392
66723488.3525334671 391865.0429717526
66421918.8122957200 375932.3758125305
66250383.7526862770 365575.0643628538
69072926.0723682344 486126.2285766602
68932628.7715024650 480795.4535369873
67064519.3525468782 406987.8422805443
66796054.0936583579 394133.6399955750
66096314.0480057001 357076.8423426747
66776862.2225747406 392722.6413779259
66553865.5947962031 381494.0377543569
68406422.6699672341 461774.8420658112
68344692.2821536958 460538.7812101822
66623486.9511875212 386521.9189483151
66379530.4221525639 372645.8874849081
66238609.2464824766 364888.3367036581
66392678.9511630535 373386.8095570803
66693594.3134086281 388989.6111354828
65726491.5576828644 327624.4637002647
69275473.2278270870 492267.1255493164
65803527.7585355192 335684.5050852955
66478893.9115024880 378764.3681670651
69277971.9206693619 492283.6834106445
65936936.7483507320 347351.2977784132
68189586.6384996772 454859.7120152712
66470646.4475273490 377554.4375131130
66838905.4566886723 396747.1619167328
66278263.8652849570 368035.6521022320
69169529.8984262645 489683.9658813477
68307973.8130291998 459858.0757293701
65987120.9706665501 350728.6390410513
66456937.5272162333 376420.1199535131
68252758.2875609100 456344.6098289490
68257055.4946370721 456784.4948700061
68761036.8913150728 475420.9129486084
65705486.0951367989 324714.1329409182
68938231.3886743635 480849.4786562920
68985676.5592022091 483741.8154907227
68657160.5346910059 470762.0863494873
66710475.5926245674 389741.3196765026
67198012.3045302033 411997.3809309006
66614985.2908208966 384884.9762477875
66314211.7881571800 369166.8167592287
69199299.4322717041 490985.9494628906
69405032.4312060028 496491.3737792969
65648840.5765665695 319524.9665584564
66301380.8378326371 368700.0980072021
68763345.7379484326 475517.3567962646
68080451.4276004732 450263.9313621521
68279517.0400689691 458584.7174472809
68472165.9646494538 464665.3959140778
69391423.8043221831 496142.6597900391
66121488.3045734018 359024.1026391089
69494868.4408807307 498555.2359619141
66125787.4838510230 359713.9455903769
66169863.1543694437 361260.8850435019
68522707.7248537242 467663.3621673584
69070617.2257348895 486017.6318969727
69037144.0613657236 484522.1543474197
69160399.7548207343 488218.1091918945
65646134.7205355912 318945.4163279533
68217183.4722948372 455199.5307850838
68957810.4837558419 481668.3462524414
66323932.8590499982 369759.3578969240
69302704.0873662382 493472.6652832031
66372532.7000539526 371959.5449368954
67597725.5711775869 430925.1914315224
67627558.6712692678 431596.6985378265
67220566.2852126509 414055.5647536889
65675109.2638330907 320923.7461326160
67637888.6514641345 432948.3410897255
67620400.8434387445 431501.5557355881
66190507.2601449564 361649.7178783417
67723047.2262936383 436312.4176521301
67752364.8793223351 436869.6722918451
65898804.3071922362 344244.4133647680
67763151.2082130164 436874.2514724731
67694382.6899891347 435465.3789777756
67174028.5176003575 411663.3242751732
65911568.6134495512 345360.8114018627
67202036.1384441704 412273.6953689232
67470353.1421131194 425883.6503249779
67327296.1662405580 418454.8139142990
65552924.7936287746 307982.3804221749
69301897.7870047092 492783.6690673828
65616619.5631475225 315495.4275783300
67552535.6395104229 428662.9361066818
65627426.9449265450 315678.8290087620
67575445.6057456583 430232.9359695092
67152228.1608828157 410709.5288650170
67895608.0993528664 443588.1932220459
67497408.6953653991 426739.2339963913
69197096.8369046301 490029.9259033203
69082502.5739510506 486341.5330200195
65619508.8984608725 315622.8286124319
68891554.9271603823 479269.2648315430
67723891.5146888345 436352.5162849426
67914165.5086321235 444017.5213254094
65698225.3454396650 324212.6565370560
67413535.1945771873 423058.6094314232
67593127.8225461543 430274.7975550890
67309743.3110336810 417877.0902796984
67782372.6347854137 438420.2460813522
67136157.2921717465 410000.6875512600
67017438.2831185237 403946.2974966764
67416382.0453397334 423429.7835036889
69069591.7506020367 484983.7426300049
67768728.1580324322 438291.4651131630
67904247.6333205998 443637.6974593446
65858986.5480523929 340499.1565513611
67806297.5480796844 439309.1079818055
67415496.1645419002 423407.5517697334
67514834.8935831189 427758.3729812279
67800164.4869010746 439245.9790259376
67466689.5964232385 425766.7835946083
67659010.0664201528 433953.6591672897
67475030.6192742437 425939.9009878635
67602350.7456228286 431488.3126473427
67228739.0525039881 415224.2405053675
68952324.2079246640 481371.4344940186
67297225.8941912204 416974.7117562294
68834101.8900927901 477167.5838050842
68052260.2039720863 448970.7294463515
67305978.5283056796 417678.1073266566
68427331.8019093126 462677.7610626221
68070940.9201160222 449891.4614822865
68961104.9022765160 482120.0987854004
67393463.5129205287 422027.3929711878
68839704.5072646886 477453.0135264248
68969621.3653809428 482511.9342346191
67946557.8270476907 444690.1014633179
68734144.9012405574 475318.6102142334
68481478.7844649106 465441.5270690918
68711327.6996451467 473540.3789081573
69148280.7040242404 487017.8438720703
67371554.5133732408 420499.2464868128
67465490.2466014326 425178.4566481113
67850147.6252900511 441868.9623031616
68054524.8177433759 449630.9781503677
68148193.5639615059 452452.1173105240
67471314.3171099275 425902.2970700264
68621485.2896774709 470035.6224212646
67690096.9799192101 434711.3946762085
67880362.8872784674 442733.8938553333
68484676.0498515517 465686.3367767334
68487081.4016368091 465694.7506740638
68614592.9079678059 469066.1287689209
68427411.2110954821 462878.0547943115
68632988.5699978471 470174.1504974365
68787091.5581174791 475537.4173116684
68411274.6675324142 462280.4483814240
68540661.0816419572 467699.5875091553
68572604.5755752325 468305.1287689209
