10282386.3335191272 928505.8710937500
9901355.1062942818 927953.4306640625
9854118.1665243432 918308.9277343750
9990880.0318828057 928151.9980468750
9825407.2674746849 896108.4467773438
9837754.4539840389 904603.1357421875
9823119.8201149050 888899.4243164062
9897818.8519795556 927944.7929687500
9915601.8842850681 928094.7294921875
9997110.4059858173 928351.0224609375
9833799.0905419346 904239.0302734375
9912069.0037555769 928090.6982421875
9824806.3719238471 890003.8876953125
9907837.3442322779 928089.8095703125
9994923.7937865928 928350.2734375000
9831162.4984895959 903587.9042968750
9840767.4821884446 913271.0712890625
9831992.4546912760 903771.9326171875
9829125.3274697792 903340.4023437500
9826492.0010038111 900107.9140625000
9827984.2725696657 903038.6835937500
9827726.5916471556 900155.1210937500
9823570.3046994731 889002.6909179688
9824415.0887260474 889975.6767578125
9850602.5257781036 914021.8085937500
9829204.5965886023 903505.3144531250
9825207.4909033850 891364.8930664062
9875740.4535028096 922075.4648437500
9863973.3844908755 921177.1220703125
9822771.3404872380 887223.7236328125
9879273.3340323009 922079.4921875000
9864860.2232807036 921678.6601562500
9869468.9055597354 921679.0263671875
9864504.7348710895 921495.5957031250
9873001.7860892266 921683.0537109375
9859741.7249675766 921176.2333984375
9958677.1893522721 928139.4501953125
9855226.2072590366 920470.0615234375
9844861.9959411975 913657.2373046875
9823022.1863772497 887294.4350585938
9859457.8667823337 920470.9501953125
9821597.5298383962 886720.3652343750
9947246.3996111788 928108.0263671875
9988704.0482529085 928144.0693359375
9839464.0178703479 909463.6191406250
9821830.8180919811 887143.9272460938
9910609.4247953612 928090.1757812500
9837548.0541942157 904240.7812500000
9851934.7482386976 914114.9755859375
9907362.0436639786 928029.2832031250
