10105216.7742748372 928286.5888671875
10593355.6905524228 928351.6503906250
9839190.4134261832 903892.1083984375
9829133.6579318773 898970.8369140625
9881918.5609796923 920784.3964843750
9838679.7895808741 903331.1064453125
9833020.2974014934 903137.3408203125
9868302.8688279949 918423.3232421875
9827657.7666530143 890649.2539062500
9831240.1590193622 902934.1210937500
9901783.8423407637 921431.6728515625
9897111.0936268829 921384.7050781250
9957655.3727187272 928088.9521484375
9842725.8124551438 906324.0742187500
9824464.9351376370 887460.0610351562
9831489.3070172537 903130.4863281250
9851934.7482386976 914114.9755859375
9894396.8745640665 921277.1113281250
9833804.4760826901 903229.5488281250
9847213.4029473104 906361.7587890625
9858453.8851542845 914264.6240234375
9904708.5154354665 922234.0917968750
9907362.0436639786 928029.2832031250
9824050.8767037690 886265.0161132812
9848520.6302526128 910064.2460937500
9850502.0851421822 912952.1005859375
10514531.4775388986 928349.5195312500
9847637.0750216022 909995.7451171875
9892373.9920984060 921069.6191406250
9851329.1994656399 913124.6992187500
10479676.1600032225 928348.3369140625
9905916.6356184110 922246.7548828125
9893582.1122813504 921082.2822265625
10741448.5182410665 928505.8710937500
9877249.9744704179 920694.7480468750
