141688246.6727494299 611492.6295166016
133760052.6571863294 256536.7960692607
138705689.8062531352 528617.5925441682
133972786.4732705504 293452.3059625942
137013076.3038446903 467009.5133514404
140028171.2603381574 569686.7507476807
137151834.5326060057 470369.0074629784
136002241.7045557797 417919.0338268280
139305950.7768248916 547409.5463187991
140220585.0281252861 574316.3347396851
139769159.7477269471 561618.8468780518
139154959.9378288984 543109.7761135101
142610486.8736383021 626160.4189453125
134149372.3475388736 308806.3360775709
134237613.1097289920 316255.9839597940
139115154.5530256927 541509.1929966211
138019395.4725104868 504024.6222922802
135894944.4275753796 410086.6788463593
135318278.7275373042 378023.7652778625
137314273.9922651350 479264.5280481577
140598788.8351703286 585869.6139068604
136369408.6906521022 439197.1434961557
142451815.3667467833 624765.4533691406
139602980.3778763413 555852.5935821533
140073978.3754277825 571160.4384765625
138875234.6750730276 534383.8458400667
141554754.7313265204 608181.2240753174
140763752.2341171205 589564.7223663330
137163363.8335513175 473498.2747522593
137885538.0464361906 499528.9727698565
138006700.5987940729 502976.4625860951
134390536.6673355103 324385.8117340803
134338722.5520687997 323257.4233368635
140013680.0031014085 567400.8307189941
138642171.1649405956 525623.5179969072
140566550.0263129473 584650.4309844971
139021850.6027154922 539117.1467437744
139166565.2292784154 543777.8743801117
140467180.3433611989 582151.9857330322
140353925.8114008904 578033.9629135132
137609550.6335177124 490154.7395477295
139898488.9656425714 566145.0568161011
134672433.5290019810 344666.3260315657
136026653.6045208275 421819.9502439387
139076629.6152122021 540818.1974025667
140874262.7280757129 593282.3505401611
134785824.1320626736 347281.9388401508
134659007.2364151776 343966.2741974592
137194673.6567771137 474575.6689616442
137628690.0948838592 491085.4547644854
134593479.7350929379 338780.3065460920
136806978.9319963157 456516.5728064775
139443831.9941563308 552595.6359462738
136567231.5966840684 447764.3377848864
134705119.1970120966 345533.3671785593
138396014.4938323200 518832.0274573565
138578871.1335275769 524598.2807532549
137605261.8389869332 489452.1404294074
140723106.7240220606 587564.4275194407
140378859.4709987640 578798.0303497314
135905332.8592943251 414072.8295678981
140120164.2335582078 572465.2333278656
138820639.1819443405 532355.8315345049
140146967.6768069863 573835.1822814941
139653402.7012163401 559834.8518829346
139318531.8060208261 547770.6902083845
141313917.8794361055 604345.3094482422
138197043.1633477509 510717.0244303942
133844402.0501345694 277049.4818716366
134519100.1432046890 333748.5385514498
138825219.9041362703 532993.0635291338
134267689.2030923665 317916.5199011564
140430893.1116232276 580750.6863021851
137027017.4912484884 468141.3173991442
139610297.0412109196 558442.9032211304
136963270.1906832159 464025.8622504473
137465092.9842478037 483390.7238227129
137706447.0394170582 494533.8246012926
137932162.0422788262 501962.8604041338
137781975.0375610590 495591.3286811113
138243058.2545132935 511402.9916545153
141165963.1575163305 600267.4792022705
138538033.8751633763 522917.6292887926
140343480.2212173343 577099.4873809814
136294424.6003086269 435739.5836362727
139362568.8040591478 550124.3829927444
140564233.8948987722 584468.3144760132
137085382.7751213312 470132.6148844957
138780612.3885941505 530675.1800700426
138168383.8129762411 509720.4111853838
138832625.7685584128 532996.5848789215
136500596.6757539809 442510.3246012926
136706843.9983666241 455209.2560577393
138661981.1821487546 526562.2333164215
136885185.9914442897 460445.0351257324
139934798.3819861710 566889.4615707397
140761281.7359858453 588736.7197494507
139534168.6077539325 554636.0713729353
138359921.4171836972 516483.2777262926
138574321.1069013774 523603.5965129137
138818920.7781046629 531072.9710445404
138098084.1703074276 508724.1756134033
139244700.3485684991 545207.6956327558
138131935.3177779019 508725.7269450426
134137450.1665954590 308498.4331785440
138725777.4711771309 528636.1860011816
137899985.2493983805 500968.1761637926
139331975.8473698199 548594.3416408300
137812764.8685115576 496195.0557765961
138405175.5774015188 518865.1302089691
138385407.0688420236 517083.8741436005
136469528.0530994534 442039.4901723862
141281618.6526607573 603985.1073760986
136446659.4977348745 441492.8598804474
141281265.3796654642 601340.6497802734
141326476.4361491799 605058.2779541016
136405308.6507701278 441098.0415191650
133977946.8891471624 293527.1101618130
138933902.2044230998 536408.8094806671
139149206.7734420598 542175.0627765656
137692342.1269727349 491413.9697428942
139330678.9525234103 548201.7198104353
139184492.3416915536 544241.0371284639
136891844.5651399791 462968.3581706285
140310893.0028966665 576462.2553863525
133686081.8107123077 242490.1007388551
139798200.3281295002 561851.0997543335
133618131.9904267788 241887.5885106288
139733541.1884798110 560236.5740051270
137226907.6861363351 476566.9664469957
142232086.3117056191 621531.3388671875
140015766.0999091864 568285.4513168335
138447376.3410744965 520859.9382478154
135977616.3277496397 416846.4407901764
142068519.8072348833 619975.6062011719
136286422.3677808642 433666.0830154419
140839999.2089325190 591784.5025177002
137589682.7414390743 489063.0320903063
138249400.2108420432 512644.3306199468
136240965.0600042641 432310.5047302246
137757213.6804996729 494829.2853862047
137491701.6103000343 483951.8797465563
137514934.5747009814 484785.3130046129
137815451.8113938272 497912.2903289795
142687855.1494871676 628483.0815429688
141052556.8349303603 596847.0387115479
137437803.1207984090 483262.3311386108
133626169.5883851796 242376.0071511548
139247176.0772074461 545574.2000961304
139763019.2156022787 560966.4791564941
137211452.5281240642 475898.8681803942
138354575.3009312153 515748.7850831051
133579204.3973279744 232136.5946451421
136570787.0282391310 447859.5366908312
137554341.8523580432 488767.5713053942
137894912.8926646113 499648.2228603363
138247238.2189215720 511848.8277187347
136578336.2667155564 449162.3412028551
135848299.0899954736 409014.0858097076
136737667.4209245145 455596.6927653551
137371513.4128773510 481008.4691925049
142331030.5449423492 623037.8630371094
141357486.5036353469 605629.6117706299
138774804.7340645790 528785.5778641403
141740046.9428766072 613658.5758056641
141479733.8533813655 606151.0536651611
133597103.6302062720 232976.7805052991
136692019.1858622134 453220.3149461746
137694869.5217354596 493213.8712978363
136087311.0931132138 424212.1769561768
137537830.1651055515 487296.0892729759
136673302.2886225581 451897.1157274246
136825126.7883284986 456525.8041610718
136860362.0254939795 458021.6463866234
137009907.1914036870 466816.5668487549
136545932.9428426325 447462.1353816986
136223357.6231713593 431196.5007228851
136144269.7462666035 426536.3417568207
138282277.5876571238 513842.4244155884
136118552.7439283729 424587.6322269440
137338185.6694230437 479474.5694681406
136194986.0340756774 430119.1065135002
136121669.7388447821 425735.9715709686
138044264.0069172680 506082.5744228363
133693080.6245543659 249262.4813601058
136242074.5204110444 432395.7390346527
137841793.9258398116 498448.9177227020
136534335.7237513661 446384.7411723137
133608678.8561712056 241506.8173790257
141098365.4026264846 599716.7021026611
140872811.3007347882 592303.9654693604
139517679.9710809290 552732.2487182617
139241291.2689400315 544327.6151142120
141940362.6386911869 616185.7122344971
141648411.4624913037 610419.4589385986
138005937.4396842122 502651.8026409149
141201544.8456296325 600916.6947021484
134791657.8081462681 348604.7111120541
136885103.5723234415 459387.0360132456
140952073.0735703111 595999.0739288330
133877112.6621656716 285769.5593805630
139875035.0038157403 564661.0658251047
133687001.0934990793 248348.3419783432
138511348.6387294829 521050.1952419281
135586352.5081267357 393664.3543377850
133962392.4969156682 292021.3805382568
140662123.6987013817 585977.7489604950
133761717.7916193902 264197.8379558641
133996151.3840503544 298689.3274281342
133915225.1420862228 291617.7438710053
141542043.9469614923 607592.2306671143
142250829.6450479925 621965.6440429688
134040629.3686322272 300852.1756882984
141546233.2588119209 608023.7703399658
134131045.5414241403 305414.8278534729
134413630.3092318475 329626.3473187685
133782620.2602781951 264644.6823952515
134816975.4796519578 352347.1187560168
133995523.0665778220 293780.5921311695
140832350.2235831320 590854.9562225342
133698001.6506972164 250099.2802688405
135280656.9176082313 377701.7932348251
134078197.2501688749 302470.8356919605
133687271.3507877141 248488.8874581140
142591125.7841556370 625907.5068359375
134059195.8877087831 301538.1429124195
134453082.6277477443 329730.2175875027
134183132.1879288852 310008.6291489918
135101819.6697975397 368636.3222395984
134164130.8254688084 309075.9363694508
141950472.7705166936 617926.9810791016
133870585.7229589820 278925.0493260622
133813169.8181657195 272979.1164040882
134466365.6584673524 330223.1341848690
134475751.9807128310 332141.9921083767
133795730.0720391423 271155.3638455551
135141018.8646868467 370713.8679390881
133832431.3667677045 275650.3951058704
133969895.4206900597 293021.0618996937
135025938.2411956489 362884.8925729726
133826254.7481907159 273468.0480380375
134395338.5581418574 324832.1748411582
134591992.3108558953 337908.2454042751
135177939.3750745952 372448.8332711194
134236937.3273513615 315405.9667649586
135055644.1761677861 364691.2824898694
141996668.1108804047 618903.3872070312
142327675.5513227284 622716.8282470703
135026664.2465813756 363144.0754197991
135131038.8455817997 369578.4269822991
134889015.5517778099 355710.7759587500
134613724.6365958750 340097.0914732218
141205543.2765663266 601194.4961853027
134263708.4697704315 316345.0685101748
141039840.8606642783 596352.1581268311
134490365.0231666267 332590.2377330381
134881066.4844521284 355195.5573845837
141615695.6830837727 609419.5057373047
134501113.8275872469 332827.9593324978
141600020.3880419433 608751.4074707031
134401336.6013260782 325070.4085512478
141817131.9872411191 614209.3529052734
142394527.9907697737 623693.2343750000
142216269.6553750932 621117.6596679688
141497943.9338245988 606702.7823486328
141053356.4094429016 597550.7558135986
135194180.9100393057 374969.0038533211
134736972.6274215579 345772.3543611765
141857245.0806406736 615185.7590332031
140833875.6838863194 591116.4042510986
140933337.3194285929 593833.1276397705
134962256.0064798295 359962.9113260508
140553607.3252508342 582532.8599090576
140701076.6539784074 586665.1731872559
135182274.5237291157 373227.6567208503
135483350.3447698355 390367.2238751386
135510450.2453480363 391626.8804150556
134967598.6758990288 359964.2567049265
135321533.0387112796 381803.2100896835
134996668.3558727503 361269.5869661570
134741351.1953514516 346698.2976024151
135014672.6001501083 361765.1535402536
135213895.0470198691 375368.8585271835
135080473.3213681579 367611.3077459335
135464971.1359103620 388874.7936468124
135022587.5015710294 362604.4765691757
135439364.7173721194 386620.0492382977
135603622.1285931468 398061.2319775556
135706243.3674750924 403741.6598119736
135799803.3165479302 407361.3450218696
135591381.8348276317 396906.5455389023
135885337.4224479496 409850.0707226727
135896034.3268617690 410517.3476888031
135689401.1827066839 400052.5294629071
135670105.8545148373 399860.1263939400
135886832.7816234827 410046.3760719299
140394538.7042231560 578807.5729980469
135394537.4674258828 385188.7238085881
135373034.2252145410 384846.5661937874
135552152.7203703225 392957.4975685912
