127474000.1208803654 2868.4334793286
127573932.0165702999 2991.2575760083
127932890.0829664320 3306.0538177686
127907712.2616302222 3207.9943161011
127566065.8916937411 2978.5171851795
127685983.9119937867 3087.5922470093
127438940.7235343158 2651.6437759595
127452195.9107303321 2759.5549850659
127425986.2835907936 2651.6382522779
127610299.6484100521 3087.0259933667
127570325.7480079532 2978.5194816273
158513467.1450973153 9069.4525413513
127552252.3772945404 2977.9736252027
127759839.2232465893 3196.6282043457
127564032.3883869052 2977.9811477857
127454250.8634681553 2759.5599670606
127651273.0703943968 3087.0340271192
127715352.2347148806 3196.4897155957
138135696.5935222208 5339.7750164191
127515822.4475144744 2977.4616012769
127699367.9551551640 3100.2151375012
127730336.8750423938 3196.6279067993
127681501.1656081080 3087.5900039673
127733343.0551229566 3196.6279220581
146201103.1252757013 6460.9787059615
127471310.1544232219 2868.4261856275
127798500.5342031866 3196.6361694336
127446693.2064656019 2759.5549087720
127803689.5973255783 3196.6372756958
127464911.5282794386 2761.1815643506
127468996.8828116059 2770.8983373838
158421967.0918732584 9064.0918083191
158526009.2077470720 9091.7108993530
127655896.5557521135 3087.0736541748
127433438.0192695558 2651.6437072949
127488786.0255554616 2869.0955963330
158842907.6315734684 9094.1973075867
127445121.8916694373 2759.5513382154
127704144.6987723857 3103.0395155149
127652148.2473964989 3087.0413513379
128080816.7485478222 3415.6207885938
146606515.7293183208 6534.6816593002
127504130.9276832044 2879.9349050717
127524651.4335073531 2977.4724350171
127502715.7203492224 2879.9278631406
127709055.6609354317 3196.4860153394
127523236.2261733711 2977.4653930860
152313535.9923819005 7644.9199789350
127431866.7044733763 2651.6401672559
159063454.8998718262 9108.1278572083
127607718.9782054722 3087.0158462720
128059073.1105426401 3309.9855920598
146145598.3194972277 6426.1057296584
128157416.0126671344 3415.6485671997
127918531.2922205627 3306.0475845532
128322133.8568789363 3442.3859190717
128370667.5497355014 3444.8052291870
128304412.1803419143 3434.5816402435
128031435.0892822891 3306.6029052734
128012208.3366932422 3306.5792083740
128185977.4949458987 3415.6680679321
127843586.1134950817 3197.0301132202
127866177.4003114104 3197.0380554199
128244657.9775076807 3415.7152786255
148524363.9588100612 6835.8507344801
127947252.0205670148 3306.1687011719
148674582.1699045300 7052.0901305754
153750714.7155134380 8081.0503736800
158060087.0530341864 9020.0858993530
136213770.7249487936 4918.1451993436
157315717.3173305988 8837.2227153778
150640450.1693578362 7477.7367272982
158302109.7823716104 9030.5174331665
157984886.3434984684 8932.4167346954
146906150.6087223291 6551.5736739713
149923746.7882048190 7236.4789569456
128229552.8368032575 3415.6890011849
134860475.6659580767 4594.8125043362
149825500.8422741592 7085.6909755757
150389320.6641652286 7331.9976852720
132634441.0884380639 3940.1389862630
137489565.4302859008 5244.9695859402
136733677.0137436092 5137.3253980130
151028593.8457683325 7551.8207708010
136575253.1733623445 5027.7359815091
137119409.9767768085 5182.9571423978
149922908.1003444195 7236.0386905824
153021682.0629007220 7896.1301008528
156540202.9445693195 8428.5517054833
156252567.6916714311 8380.1715829372
157312934.4150020480 8684.5586643219
158012394.2383919060 9002.9151115417
156833741.1167621911 8599.7278690338
156937706.5879112780 8619.7530002594
156637231.6679561138 8585.7138309479
132225811.5014805943 3855.5755751710
146925383.2204342782 6636.2373244840
155977966.7056781948 8255.8751247381
135541263.0031402707 4876.2784543484
135214619.7353144586 4814.4633298367
127896554.1756878346 3197.5719211404
149103703.8549435735 7070.7889373380
127914526.1592566967 3210.5396386208
136542128.3045592010 4969.8667874783
128283090.4771525562 3427.4890920478
147290310.7228644192 6676.0170390684
128766136.1941787899 3524.6242706138
128681049.2597996891 3524.6140395957
128417727.0887044221 3524.5778704947
135103592.8763201237 4628.9915066166
128386536.9619276673 3524.4676028555
128418555.6781581342 3524.5823108023
157711127.0382249951 8862.5504245758
146539230.2680101097 6501.7023751992
136039734.9698913097 4910.0651053730
128532817.7343146354 3524.5832339590
128383981.7641402334 3524.4584628409
155366833.1791267693 8253.1606173152
154570770.1154190004 8127.3843083145
137740771.1983794272 5245.2474924196
152178119.3917388320 7614.3748001419
132501198.6063717753 3864.0505130030
152443105.3463599980 7737.2953066537
151978609.1788800955 7606.8690521196
129037324.7418897301 3544.2679769910
128937887.2003543526 3543.9269982371
128892793.9469293654 3535.2128258739
129104968.6716203988 3544.8666034387
129358187.4481141120 3547.8518171906
129465876.9777055830 3559.6770610958
130079146.1171786487 3624.6807579547
130778402.7664155215 3766.9047059231
130639084.6429496855 3710.9794243872
130339139.5128709227 3639.0094249537
130385602.6931508631 3645.6477443185
130388091.2820787132 3655.8547307663
130591265.4524786472 3657.1854505073
131209901.9378877729 3833.8785693520
132721951.7465683073 4135.0543562234
132647466.5384061188 3949.1368278474
132617977.3313637227 3896.2312683798
132630191.7401901037 3937.6439403803
132686419.0200942904 4059.2988757528
132909196.5156113356 4154.2327224673
133124591.0783491135 4154.3901550234
133608552.0413866490 4203.8513204455
133517233.8389129639 4165.5010479838
133966011.5770902783 4277.3686947571
134020761.3071172982 4295.2760117562
133954315.9688229710 4208.7628561356
134043374.4587687999 4296.1706144451
133975816.3271791637 4286.8053233312
133958048.2482669801 4274.6784002283
134169843.3887230009 4299.6403291876
134395442.3289098144 4433.7275163339
134335865.7994810045 4421.3233535069
134455776.2291586697 4453.3416020497
134569592.7519408464 4555.5678969565
134230561.5859363973 4414.7030370106
134199256.9145522118 4309.5745828860
134543399.9919902086 4521.1781782734
134485730.6207359135 4468.8751068172
137088271.5484298468 5166.2350405268
138925276.1305670738 5443.1143981200
138919066.0924938023 5388.0560005587
139839061.0506239235 5631.1196948010
139373556.5483503640 5571.7315777820
139015304.4414728284 5537.5133225005
139912850.5724437833 5631.9159039427
139631426.1037834883 5587.0430362690
140009550.3527017236 5654.6886160676
140320048.6329599917 5699.3240874652
140361313.2412106693 5823.1895855088
140261268.0568569601 5659.3965956513
140828895.4977165163 5883.7223366592
141441140.2309884727 5982.1921275798
141019557.0253254175 5892.7721397225
141107286.2522840500 5904.8073465172
141212400.3667136431 5979.0258528534
141478995.4828412533 6090.1469170991
141884171.1195458770 6155.1264111940
141725990.4018617272 6104.8970957678
142755654.4356560111 6178.4347018544
143083623.5822602808 6205.4738020245
143600041.1172038913 6228.9385563675
144339379.6454252601 6317.3705878258
144797648.7693489790 6411.3034358025
144478074.3558266461 6332.1408863068
147372580.3773447275 6789.7886550426
147458770.6177852154 6810.7105624676
