12027702.2231536731 1140897.6542968750
11351486.9201466683 1140623.5527343750
11933954.4867533706 1140884.9042968750
12165725.0523627289 1140900.0371093750
12331889.8427648675 1140974.5878906250
11023316.9559626356 1140532.9238281250
11413843.5296830907 1140700.9238281250
11490125.6128046270 1140716.4746093750
11191883.3875582498 1140543.2558593750
11931541.3205444757 1140874.0566406250
12361887.9075294305 1140977.8652343750
12468811.4541474562 1141055.2363281250
9930591.0275778975 1112049.9531250000
12192101.2486343514 1140906.4707031250
10003749.5616898052 1129276.9902343750
11778068.0375336800 1140732.4902343750
10258524.6362377703 1140210.8378906250
11294222.2291822936 1140610.8027343750
11830291.0027629081 1140784.2207031250
11488675.9773187041 1140708.7832031250
11265323.9695049711 1140565.4121093750
10465278.4697004296 1140373.0097656250
10050002.7226484548 1135303.0644531250
10399445.3522864711 1140285.0839843750
10448973.0620080903 1140359.6035156250
10260100.3241768461 1140216.9472656250
10421104.4805413987 1140292.3613281250
10764403.9347010497 1140419.7675781250
10274830.0439301096 1140224.2441406250
10423756.6615672894 1140357.2714843750
11249593.3208110873 1140550.9433593750
11442191.4000375047 1140705.9238281250
10224480.7484552898 1140202.6972656250
10906387.7006942127 1140530.5917968750
10959253.8841645177 1140532.6035156250
10153405.6198282614 1140201.2128906250
10390739.9000387695 1140282.8886718750
10044089.0705316812 1133865.8769531250
10075395.0527970660 1140199.6894531250
10063445.2321130950 1135314.1894531250
10074688.4851948638 1140169.7011718750
10374434.4923464302 1140269.4824218750
10379582.6724082585 1140276.6230468750
9936536.9807433244 1112812.2324218750
9977826.5936468057 1129244.6699218750
10349218.0919056311 1140267.1503906250
10357923.5441533308 1140269.3457031250
10233308.2357969712 1140208.5058593750
9937243.5483455267 1113533.7011718750
9978533.1612490080 1129274.6582031250
10014843.2002314944 1133856.4238281250
9954440.9622060023 1122916.9550781250
9941599.1353538968 1121051.1113281250
9935653.1821884699 1112080.1289062500
9959503.1168165747 1122947.1308593750
10040059.6006722935 1133858.7558593750
9918213.5039130934 1111557.1074218750
10423050.0939650889 1140327.2832031250
9955147.5298082046 1122946.9433593750
10348511.5243034288 1140237.1621093750
9894363.5692849904 1108676.5781250000
9931297.5951800998 1112079.9414062500
10014136.6326292921 1133826.4355468750
