164858186.6360877156 686520.7310791016
159961736.9757840037 507269.3155571779
161200314.7671557963 561729.3479542732
160198997.7886301279 519705.2114922365
161717975.2069579959 583209.9319648743
160191231.8987535536 517892.7920586428
163602254.7768059671 648571.9257755280
160282945.6968875527 521361.8936828491
162944619.8864970803 625716.4437705670
161561385.3250500262 577189.9867744446
161140746.3406984508 559266.4536957741
161648514.5309722722 581397.5125312805
159646791.7592715919 486417.0768434366
161165664.8204377294 561677.1896805763
161686855.5646507442 581637.6191101074
162573376.5033213496 615013.9961738586
159441411.0023227930 473288.2508407604
162780964.1790055633 621340.8303108215
159614890.8926741481 481401.6062013468
160104102.6928313076 513685.2663018068
160862028.4291059971 549599.5790217479
159108297.1244542003 460118.9554713329
165741414.4107689857 708752.4555664062
161304312.8028756082 566191.6043839455
158897075.1463974416 448267.5608790477
161580999.3444895744 578156.6809220314
160638479.7317460477 540492.3691871166
164366890.4867363572 673102.7910461426
161391442.0087978244 570399.1301407814
162707433.1291973591 618183.2176094055
159501848.6098833084 477010.2251030308
162599971.3453167677 615980.6587715149
162575582.6815621853 615419.6733283997
160511679.3758346140 534943.7238365968
162486247.2973991930 610806.4704170227
162548987.8395667672 614453.0107307434
159311526.4074569941 470594.2743584019
161252794.0263599455 565884.7154374123
161776070.9395158589 584146.1316833496
161535432.0828409791 576421.3482499123
161758643.6479505301 583946.9074916840
167667594.2790876627 717969.3168945312
161442351.3620517254 573642.2662186623
161468946.2040470839 574608.9288163185
161511291.0552980304 575454.6856522560
163326607.0532744825 638642.6064472198
165069781.1498085856 692953.2635498047
161863200.1454380453 588353.6574401855
162461858.6336446106 610245.4849739075
159176765.2070116699 461335.1756861766
162947801.9640617669 626191.5746784210
160552539.8223749399 537527.0862633546
166016633.8231977820 710827.6357421875
161932139.8386844099 590166.0768737793
166631276.3096386492 713551.3427734375
165495668.7197371721 702896.4533691406
161341780.5035061538 568728.2077469826
161355222.1561295092 569434.7404618263
159888416.0468312800 499030.6805259546
161310391.8697766364 567931.4346756935
159893098.8386481404 502326.0611802897
159134891.9664495289 461085.6180689891
159134891.9664495289 461085.6180689892
160089055.3550070822 509517.8977878650
159446350.5692603588 475904.3383842808
161164169.5350412726 560743.8114552498
160089055.3550070822 509517.8977878651
160539270.3257638216 536485.5738121828
166136527.2820440531 711015.7441406250
159885763.6826079488 498546.5247914156
160613234.2589660585 538493.7488610109
165014255.5352562070 692540.6762695312
161397521.0756988525 572138.9604325294
162198472.1424546540 601304.4399299622
165731928.8021706045 707771.0981445312
165504386.3561803102 703677.5046386719
162712024.4857592583 619528.4108772278
160203526.2963858843 520632.3215920290
159353399.6480190754 470843.8319755894
161825380.0944990516 588113.5508613586
163072417.5334118009 630674.8699054718
165835796.0093007386 709949.4458007812
159969031.2549717128 508485.5357720217
160330691.9969268143 526513.0426613649
159712111.4597403407 493895.3800050577
162045418.4947983325 595050.1949348450
160607733.5462631583 537623.9907225370
159472945.4112557173 476871.0009819370
161894319.7877453566 589925.9702949524
161738250.8885767758 583906.0251045227
160875850.1310931742 550262.1976546049
171666432.0856373906 720784.7143554688
161091108.9679497480 558248.6509470940
160788720.9251709580 546054.6718977690
160125100.1541402340 514505.4809624514
165897321.1610815525 710110.0371093750
166347221.6692603528 712721.2509765625
165164462.4405979514 696102.3676757812
160802395.0972823799 546314.8017805815
160458013.3355776668 532061.6880118847
164289091.7790799737 672490.1084289551
164498681.9429894388 678486.1316223145
160304097.1549314559 525546.3800637086
164548171.0049704611 678922.6408996582
164410806.4706773460 674302.5278625488
159247936.8876151741 464282.0146500131
162620235.6450032592 616265.4301643372
159629924.4753206968 483661.8891655308
160433829.9642990828 530241.3778074980
163578784.1703755856 648108.1039752960
166008469.6616391838 710731.2817382812
166305348.4286981821 712471.6933593750
164414869.6437526643 676461.0473937988
165982421.8092336059 710669.6459960938
160815836.7499057353 547021.3344954252
165247696.0511654913 697373.2749023438
168285337.2121781409 719743.6030273438
159846817.2958170772 494004.7679673692
164893103.4350587726 688465.5515136719
161313398.2876179814 568588.9836258888
161915944.4376252294 589996.9123420715
161287838.4374796152 566178.2476410866
164475512.7294588387 677648.1376342773
165333068.4255139828 701709.9133300781
160902965.9558279514 551228.8602522612
160928438.5877635479 552308.9168928862
160992258.8880603909 555113.2707747221
160216967.9490092397 521338.8543068728
164818415.9052203596 685378.4464721680
165288969.0043512285 697914.7871093750
161012588.5335065424 556361.2707747221
163745622.8029077351 653600.1626911163
160397955.3279170394 529769.5354821046
160968898.6620983183 553331.6956709623
160294369.8661257923 521942.4483431578
164334722.5667008758 672899.3559875488
161695623.3236654103 582366.4795975685
163525041.5905428231 645199.8788776398
161220677.7277740538 563313.6429308653
165175508.9447367191 696619.2770996094
160746897.0566594303 545208.9150618315
160058651.7073453963 509042.0995103678
164681240.7683345973 683246.6125488281
160397483.7172282040 529173.3362633546
164002149.0387215614 662526.3884887695
164633749.6239530146 680764.1401062012
160675351.7071338296 541912.9221419096
164472087.1009940207 677519.4690246582
160711430.5186578333 543575.6778792143
159400860.5913813114 471844.7976848444
164197474.2704840004 669803.4122619629
164265782.8734545410 671086.9365539551
164661363.2012630701 682167.3119812012
164921048.8287261128 691162.5527343750
161618777.4831329882 580208.8282837868
160812429.0595602989 546354.7594832182
160453453.3685399890 530875.4222008546
159846817.2958170772 494004.7679673692
163626536.8127065003 651225.0359516144
163689383.9827281833 652779.4515323639
163829897.6851311326 657657.5684223175
164583263.9122177362 680268.9540710449
163905551.3211370409 659850.0689105988
160485084.5338392556 533977.0612389406
160851804.0584035814 549058.2499712706
160410756.2314914167 530053.0413414796
162656524.4617784619 616879.9867668152
160355610.4766660929 528923.7786461671
163748602.0630869567 653755.3345661163
163977470.2745626271 661817.6602191925
160840904.5758309960 548628.9604719877
163270483.6733473837 637951.1235675812
163432981.5501102209 644929.3212909698
163934293.3013940454 661408.4126605988
164643487.3702692986 680919.3119812012
161102969.9464972317 558790.6554182768
164025222.9168935418 664934.5921955109
160912449.9253566861 551924.9533919096
161036484.0677033365 556978.2359846830
161148267.8445035219 560061.3979914745
159878954.5577560663 496835.5997544785
166557152.3157970607 713398.1972656250
166160765.5467573106 711505.0307617188
159076791.6319273710 456025.1116602977
159060375.8785508871 451240.4685938915
160954794.7766076326 552770.7102278471
165393919.2885550559 701993.3879394531
165559804.1445897222 703805.8073730469
162187831.1927024424 600716.7207832336
165392790.8856080770 701838.2160644531
160127408.4101048410 515337.7899400552
160471274.6939639747 533061.0406634172
160153560.7433971167 515832.9876939615
165480640.0939353108 702290.2355957031
160130934.1230364740 515337.7899400553
159529689.6810893118 480224.5602890026
163080055.2006830871 631370.4788398743
160182069.7872871757 516799.6502916177
164711563.3450282514 684141.5798645020
160182069.7872871757 516799.6502916178
163270292.7327790260 636738.0733966827
165121955.7453695834 695947.1958007812
163038231.3321715593 630524.7220039368
159878954.5577560663 496835.5997544786
160521163.3453633487 535639.8169762453
159572484.5675609708 480639.0509873888
160650637.4025365114 540693.0995690187
159660981.3614813983 487567.5675889513
161958289.2888761163 590842.6691780090
162639545.2279844582 616815.1657600403
166979033.4838722348 714940.3496093750
164108296.5381469131 667540.7069396973
163335172.1762883067 640831.7799568176
164413641.6088929176 675022.3512268066
163365295.9129373729 641139.7601157818
163388604.8185627759 642542.9319907818
168496358.4066461325 720291.4238281250
161997564.0194080770 592777.0047110915
164023071.7382236123 662642.5962219238
163897614.4999102056 658710.9356098175
162240583.3303766549 602512.6875190735
162100701.9867802560 596509.1950263977
164559653.8934976757 679683.9862670898
159555505.1932732463 480381.7005235216
163529185.6327136457 647057.3466941509
163225070.9254066646 636585.5304279327
163784425.5494140387 656743.3443012238
162018803.3603560328 593384.4539165497
163095596.8682335019 631532.2478351593
163828674.8066639304 656898.5161762238
165664903.5108910799 707756.1054687500
165659470.4362594783 707600.9335937500
163294010.6186529696 638397.9498615265
162678801.5605785251 618072.2443428040
163153969.7370883524 634173.9276878033
162428847.7410247326 609034.4459419250
162336599.1421530247 605818.8546333313
162901707.1949092150 625106.2614021301
162763580.1952108443 620591.8466987610
162438997.0807960927 609378.3895454407
166789734.6516397595 713751.2114257812
162267411.8357008696 603116.8593635559
163855269.6486592889 657865.1787738800
161736725.0289389193 583563.2991060019
162225066.9844499528 602271.1025276184
161575289.1236150265 577645.7125276327
162137466.1678389013 597467.3775520325
163084276.2399778962 631390.2571125031
162068998.0852814019 596251.1573371887
163610463.6832690537 649879.4377155304
163522862.8666580319 645075.7127399445
162834870.4597469568 624092.1895332336
162764631.3612613380 620945.8266792297
165307640.7600486577 699452.3688964844
162791226.2032566667 621912.4892768860
165611936.5935587585 706405.0522460938
162808275.6177516282 623125.5269355774
163605030.6086374521 649724.2658405304
163186254.6412859559 635135.9099311829
162877215.3109979033 624937.9463691711
162818298.9732286930 623150.5727062225
163101158.3441873789 632064.8717490826
165606503.5189270973 706249.8803710938
163009984.5994960964 629695.0372764263
162966732.2628962994 628887.9416389465
166896102.0277619064 714430.6894531250
163575083.8262172639 647467.8349754009
163248312.4657603800 636645.1061725616
166243834.5455706120 712010.3271484375
166435481.0710499585 713091.1889648438
161220540.3221578300 562900.1118501425
161769932.6515649557 583973.4773916006
162152141.2523798048 599589.9015054703
161979032.1763655543 591697.4439125061
162007148.3341525495 593007.4068031311
161980553.4921571910 592040.7442054749
162487630.7748647034 611733.9967536926
162510939.6804901063 613137.1686286926
162353280.5410717428 606405.2615242004
162341249.5242880285 606002.6370124817
162318790.0040282011 604157.5378150940
166110884.5726916194 710854.6557617188
167234176.9138341546 716289.2250976562
162321769.2642074227 604312.7096900940
166424991.0446757376 712795.5976562500
168111832.8072220981 718488.2675781250
168269369.5116237402 718784.4804687500
166922124.3912736475 714818.2739257812
167337649.1161826849 717303.5532226562
167300639.1925989985 717134.9819335938
167233543.4133645296 716110.0170898438
166825072.9965787232 714384.9956054688
166916985.5512852073 714482.0058593750
168096814.3646536767 718101.6445312500
167101901.3673366904 715322.5625000000
167097115.5962229967 715183.3383789062
168728439.3659513295 720674.2773437500
168088722.3166464269 718087.9912109375
167139460.4474739432 716029.0952148438
167033951.4713323414 715059.2016601562
