81045515.6292353272 174319.3512478769
80816598.1727369726 152615.7888396382
80864364.9836214185 153696.8719870448
82458432.8145157844 260458.8832351565
81526429.2875766605 211803.4719704986
81992352.8930347413 238169.5363585949
83255114.1151866764 293041.8373756409
81896741.5870347172 230847.0793510675
82597638.0036834925 268216.4340164065
82917765.8515634686 279631.1246749759
82438190.2466007322 260121.5089904666
81597307.8125687540 214666.7502948642
83569260.4481242299 305214.1735877991
80793167.9256272018 149050.9494738281
82713770.3414041102 270353.8620613813
81444791.5382672548 205074.0852894187
81588418.0220732987 214130.2447538972
81139221.3121252358 182850.1815377176
82141445.4336762726 244799.8183452016
80748856.7943820506 144084.9585497975
81637048.0994682312 218891.8334540781
82474601.3714673370 260458.8842433220
81121711.5248751640 177373.9683337212
81004327.5876358598 168691.9542304873
82261094.1141512245 252557.3681182861
82125276.8767246753 244799.8173370361
83054276.4900689870 282755.3165007234
81164938.6236315668 184051.1420733333
82229604.5827520639 252341.0829660892
81713877.2578400970 223568.0804513693
80836965.8397698402 153476.8304533660
81607445.2395023853 216059.9380165339
80945536.1026320904 161521.5423214436
81097393.5669315755 177182.8361193538
84744599.6793351918 328024.8933563232
81904230.1889828146 231356.9372993708
80914409.9288551807 160658.5647783279
83269378.3822836280 293166.9445158541
81724940.1775831580 223601.2036455870
82211679.4414723963 246459.8046554923
82031377.5623418987 238238.6487395763
80873363.1039912403 153912.0430290103
80854735.4167474955 153668.7842507958
80840353.7915110439 153477.7200902700
81671733.1788753122 221345.0383808017
81979688.0953913033 236293.1834468842
80798955.1445935965 151075.1325792968
80870775.1391239315 153790.2588243484
81428005.2100858539 204045.9211892486
80755867.8646157086 144274.9764178395
81487406.1112481207 207355.0491027832
83535777.9057365209 300444.4345893860
81283875.8738581836 192697.9376818538
82107669.4856789261 244607.7285845280
81418785.7592525035 201434.0812813044
81628733.6846958399 216060.5862524509
82097183.0334720612 243834.4490759373
82439587.1049408317 260165.9290008545
80710700.3161540627 137265.6592973471
80803175.5776787102 151815.1957544088
81190091.5633921921 184940.3869006038
81554238.2407945395 213803.7727517486
80767186.7981663793 145048.2559264302
81509021.1620115787 208302.3872352839
95088935.5857461691 359178.5244140625
82816109.9563825577 274554.7527877688
80779856.4193246961 145747.4828856587
83188841.9122119248 290512.8672819734
83416148.3262865394 300023.6734352112
81015006.8175923377 169425.2853381038
81988195.3502636999 236442.7020132542
81077712.8755396307 176293.5912920833
82174246.6631333232 245689.0621643066
80823609.2429705858 152805.8067076802
81826034.8071779162 230413.8027048111
81345065.5878088772 198288.6711892486
81464002.8380354345 206935.4667977691
81279313.7067417502 192448.5293354392
80896766.9007118046 159667.0641881526
80927766.5256544352 161329.5885240138
81237950.9853530824 189932.5176727176
80924115.8766759783 160733.7178375125
81706288.3337165564 222338.8738306761
81574621.6499270350 214023.8282813486
80786867.4895583093 145937.5007537007
80810274.0781443119 151848.4120878875
80608856.2620577663 108815.4057499524
81364861.1927918792 198518.2356262207
81925831.3587266058 236258.2458991464
84817020.5819471627 328886.0537719727
83801601.4999321550 312754.2115669250
80618990.6526839882 110756.1948124524
80971504.4822065383 167162.5975770354
82542630.5567092001 267923.4797821045
81076515.2541779578 175981.8755837381
80997501.1645798087 168335.3548991084
80934795.1066324860 161467.0489451289
81398272.5865167230 200544.8364540339
83372875.2950021029 293382.7338142395
80898850.6341367960 160129.7408920527
80735571.5108326077 143283.1886656582
95970317.6838292629 359797.1616210938
84329031.3325249553 315420.2830982208
81397170.7084890008 200486.7431488037
80984007.1926497668 167762.7610022426
81012440.0132353604 169224.5997263789
80886937.6628436297 158881.1756336093
80631628.4477404654 116532.1630360242
93494879.4528756589 355839.7797851562
80957839.6952831596 161546.5800180733
81303386.3980229646 192729.1923675537
94696649.1930398047 358307.6250000000
81258800.5340059400 191559.2845081687
82862308.0227375031 278027.3814247847
81060709.5509904474 175342.0391028821
81071232.9407417029 175520.3117834926
82315038.5234670937 253817.7164008021
82247694.2735531330 252365.2793657780
83106307.6433773786 286391.4786791801
80908085.8342625201 160440.3436967432
80998003.4930431694 168473.7331489027
82266346.1174197495 253420.3456614017
90180053.0608964264 335888.6680755615
93693612.9357306957 356744.4282226562
83561504.0417946279 300976.3813161850
80703689.2459204495 137075.6414293051
81472600.4914851934 207074.3860706687
81365826.2892982215 198614.6914466321
80760175.7279327661 144858.2380583882
81220466.0690608919 187834.1520291269
82734723.4717646688 272378.0451668501
83063761.7046876401 285625.4701949954
81321697.8609143645 194825.7798642516
80881004.9381742626 156828.7893145978
80650377.6855140030 123728.2238584757
80663015.4805704653 129326.8832975626
81585084.8190620244 214121.0385684427
82381977.0039731711 260098.6337473392
81040667.2556218952 171619.9534961581
81310481.7553315759 194667.0798177123
80687383.9731878489 136517.4256365895
83174402.5950870961 289745.1692458987
80640243.2948877811 121787.4347959757
81278233.4582623690 191839.9475402832
80886792.1571406573 158852.9724200666
80977635.8260103464 167612.6915351748
91814909.8210312724 343290.2426757812
81590095.4295659512 214615.6516997218
82533044.2284662724 264087.8512756228
80887692.7146342993 159572.7465356588
80669344.7227627337 129488.5455565155
81365702.8853971660 198538.0795356631
80961216.6491341442 164787.0257075727
81782351.9907669127 228433.3998643812
82672901.8093939573 268674.5919197798
80721186.7683609128 138038.9388059378
84664368.4111209959 327163.8419647217
80967003.8681005388 166811.2088130414
81778964.0390257537 228391.8189165052
81907925.3098688573 236190.9506456312
83798566.7766565382 307758.4444274902
81795632.4951135069 228682.8082107957
81664857.0526861548 220892.1342353281
83598870.7189304382 307047.0700721741
81258683.8745772690 190857.1406653821
80633232.2246541679 121597.4169279337
82843227.8558010757 275441.7700279951
81820550.1953646839 229354.3839189410
80714175.6981272995 137848.9209378958
80662333.6525291204 129298.5276884735
81127893.0037138313 179377.5042774081
81131739.2278175056 180052.7189236581
80680372.9029542357 136327.4077685475
81327485.0798807442 195515.0908994079
80656004.4103368521 129136.8654295206
80611814.6563670337 109894.9482323285
80643366.6152803898 123538.2059904337
80624452.4514235109 115670.9164559003
80601680.2657408118 107954.1591698285
80740870.2751406282 144057.6449731588
80774673.0703136623 145579.1581425071
83041030.8251478374 282071.6498824954
80984646.8962439299 167802.7094032168
81357173.0894451886 198365.2831002176
81230874.9213593453 188856.8398841321
81604901.0493288934 214896.3147318363
81137526.4467839003 182076.9020291269
83525881.5472889990 300115.9194021225
81275687.1991264820 191808.6928545833
81188332.5665061474 184549.9673876762
81054229.6161924750 174568.7595942914
81388982.0337572843 199597.4983215332
81225087.7023929656 188167.5288489759
81147935.2990823835 183099.5898841321
82360218.3300521523 257237.8710520267
81133680.2226802409 181401.6873828769
82120245.3478462845 244612.7265694141
81248314.0817991048 190786.0049995780
81754543.0375490189 226433.0990831312
81659734.2621099353 219344.7375995517
81341740.1562829316 197316.5345081687
84141005.0204506367 312824.5235290527
84450576.7220844626 320485.5538787842
84339253.3249705732 316904.9874420166
84539986.6042498201 324978.1640014648
81424442.2118737549 201909.3455056548
81461627.9230763614 206123.7235183716
82141555.3632792979 245464.3925745487
82156438.5829506069 245662.7948801517
91976692.4846691489 352492.3276367188
89525452.1316380650 334889.7427825928
81368325.2754447460 199316.8352894187
84812157.1039154977 328647.2115936279
84511122.7882540822 322946.3297576904
84517986.0551296026 323009.3507537842
81358576.5410920233 198366.1727371216
91002169.9636873603 338194.7159118652
81307166.2077461183 193378.5152158141
81449963.0247541368 206046.2219704986
81219011.5860943645 186470.8558541238
82070101.8448769003 241625.9535531998
81208525.1338875294 185697.5763455331
88093596.2009328008 332088.5852050781
81127370.5683536381 178189.4339106977
81213224.3671279848 185825.8802681863
81218294.2825918347 185858.6449901462
93479573.6774542630 352497.0800781250
