31677461.5200652927 1682329.5273437500
30122775.0789307207 1673148.5937500000
29973164.5933641456 1657720.1953125000
30772219.9634156637 1681193.5703125000
34957027.1287833452 1684690.7832031250
30127497.1643447988 1673176.7441406250
30351886.2541253157 1680406.7890625000
29715603.5460599586 1601575.7246093750
31791529.3203045130 1682469.7070312500
29972400.9619459324 1657120.1757812500
31658812.7530315518 1682315.3320312500
29685363.3381721005 1585817.6611328125
34088735.5648754165 1684324.3632812500
30533370.9633555338 1680798.4980468750
33289972.1802505739 1683592.4960937500
32431801.6379878484 1682973.2480468750
32025083.0259101130 1682682.1972656250
35216753.0902033597 1684749.5078125000
30322542.7632927410 1680003.0410156250
30963057.3696125969 1681575.9062500000
29827695.3471409306 1638895.2519531250
29669108.9588653222 1582836.3603515625
32318512.0764667392 1682852.0683593750
35624438.9381580427 1684921.1406250000
29645265.0478542857 1576393.2744140625
29770059.9114559032 1623492.5351562500
30906581.1856492609 1681296.5878906250
32448700.7611683235 1682982.7128906250
30079659.3011239842 1665851.6269531250
31160076.5979760326 1681691.6601562500
32170707.1129708737 1682791.7597656250
31277114.7631164566 1681911.4941406250
31564803.1833907366 1682281.2148437500
29989702.2818122320 1662775.7695312500
32740184.1420062557 1683227.8593750000
29941983.9629072770 1656750.9082031250
32581256.3683856502 1683092.1660156250
29746588.6515795998 1619397.5400390625
29679201.3823164664 1584611.7177734375
29691759.6350489296 1596057.7207031250
34544091.4366836846 1684544.1972656250
30940372.3184155151 1681304.3593750000
29783655.8497210182 1624004.9736328125
30680838.6227379739 1681184.2011718750
30269980.3452310339 1679571.0800781250
30001610.9648322985 1665767.1757812500
33226299.6862146258 1683553.0449218750
30104349.0270591825 1666202.7226562500
33003334.3472264111 1683352.3984375000
32477439.8500873521 1682987.7617187500
31438507.7151172608 1682061.3808593750
29612734.1967279464 1546406.0595703125
34435044.7829055712 1684359.1484375000
29916235.7644246891 1655341.3183593750
29896957.4970685840 1651276.2968750000
31410264.3874668144 1682052.3261718750
29915918.6738493592 1651753.6953125000
29787776.6302342042 1630048.5000000000
29896193.8656503633 1650676.2773437500
31443869.6076986939 1682064.5136718750
32949522.2822947428 1683333.2109375000
29637535.6989731006 1550947.7939453125
30253445.7192275599 1674301.1523437500
31403965.2241775915 1681961.3046875000
32428989.6777371056 1682971.7070312500
32211955.7741610445 1682829.2871093750
30161427.0257856585 1673322.9257812500
33509942.9921668954 1683719.6113281250
29762083.2335792556 1622661.9941406250
32844930.8970405720 1683230.9921875000
30100744.2628716268 1666149.5117187500
30175337.4969924279 1673580.5546875000
32537819.2812156901 1683078.0078125000
29836566.8637253344 1641660.0097656250
34294648.8622214571 1684327.4960937500
35477116.5709904730 1684907.4843750000
29849651.2123035975 1641786.9687500000
33348584.0278497376 1683607.3125000000
31291053.8064981513 1681946.9746093750
32263118.6959258355 1682836.2597656250
33287858.3314538561 1683580.3671875000
31704879.0932615884 1682422.0488281250
32738550.7579652555 1683180.6328125000
29751445.6712623946 1620369.2851562500
31759792.8260945082 1682459.5644531250
30049426.2576542906 1665775.9121093750
33811968.0727153793 1683971.9667968750
32239741.4995882437 1682834.3437500000
31468630.3471525051 1682096.8632812500
34059455.7286194414 1684176.9843750000
32423627.7851556763 1682968.5742187500
32268480.5885072686 1682839.3925781250
31786167.4277230799 1682466.5742187500
29807054.8975903131 1635447.4433593750
30680582.3188649602 1680901.5117187500
31986443.6371417269 1682597.9589843750
32373071.9737614356 1682941.6113281250
30112476.2298957631 1672220.3671875000
32060753.8351352699 1682686.4082031250
33229246.4838546850 1683565.5507812500
31464679.5783696957 1682091.7773437500
31773913.4798789583 1682464.6328125000
32068040.4927235991 1682703.2109375000
30941535.8489150926 1681321.9550781250
35629512.1691376045 1684924.2734375000
32007146.5351277441 1682618.3300781250
32387975.0647724457 1682955.7675781250
29914135.2339114174 1651740.0937500000
32412248.8584411517 1682961.0957031250
34449935.8687701151 1684409.3105468750
31768551.5872975290 1682461.5000000000
33973327.0370325372 1684084.2656250000
31754430.9335130751 1682456.4316406250
32142921.3875436746 1682786.7031250000
33550991.3643256538 1683807.2988281250
32334162.9998407736 1682936.5800781250
32234379.6070068143 1682831.2109375000
33187390.7122939564 1683548.0136718750
32206593.8815796152 1682826.1542968750
33395117.4656659551 1683700.9980468750
33070318.7102340758 1683429.8574218750
29736714.9218696505 1613064.8896484375
29726771.4022880159 1607261.6015625000
31932640.4566716701 1682593.8144531250
33889588.3395430371 1683976.2949218750
31405484.0255610049 1682007.4726562500
31590975.0466431752 1682311.6113281250
32490081.8979437351 1682988.0410156250
33065790.5969847888 1683420.7304687500
33138755.9833544642 1683464.9277343750
30099585.4151426777 1665874.2363281250
33366247.1862679236 1683677.5664062500
33389755.5730845220 1683697.8652343750
32502644.1671925522 1683002.7441406250
33660803.8056463078 1683824.0156250000
35096632.4465739131 1684738.7558593750
31734502.3268407732 1682436.1328125000
32401633.9688273966 1682956.6113281250
29856608.7624996603 1646325.0507812500
32730730.0785828345 1683175.5664062500
32200313.2326196507 1682805.8906250000
33589900.3382463157 1683812.3300781250
33053613.1929478347 1683415.6621093750
34821684.1634681895 1684656.6347656250
31231459.1267692819 1681694.7675781250
32186665.2749073096 1682805.8554687500
32356632.2355289049 1682939.7128906250
33896006.5852842629 1684044.7792968750
33729847.8382996097 1683936.8515625000
29800097.3473942541 1630909.3613281250
33919514.9721008688 1684065.0781250000
33236551.6261836179 1683568.6835937500
32904685.0901607536 1683285.9667968750
32700981.9432357959 1683173.6113281250
35889526.7921594977 1684982.9980468750
32531381.9249962941 1683003.4511718750
33693284.8619917557 1683917.6992187500
34485286.5011487529 1684416.5019531250
31977425.7673627883 1682596.9531250000
32911820.2876978926 1683309.3984375000
31254536.5115567297 1681694.7714843750
33753356.2251162156 1683957.1503906250
34508794.8879653588 1684436.8007812500
33978688.9296139777 1684087.3984375000
34941024.2229483575 1684676.8984375000
33594428.4514955953 1683821.4570312500
34514156.7805467844 1684439.9335937500
33696954.7313690558 1683921.7558593750
34007263.5819838941 1684089.1503906250
29803546.7842489891 1630934.7167968750
31917587.3564233631 1682523.3828125000
30299314.5997639894 1679726.8535156250
33436361.6821958721 1683708.9687500000
30306901.2065268010 1679732.1835937500
33940779.3306286559 1684076.1816406250
33731191.8733008578 1683938.6464843750
33924876.8646822944 1684068.2109375000
35011913.8687766418 1684705.6289062500
33063346.6221411489 1683415.6738281250
32949457.8355051465 1683317.3691406250
33705586.1970266327 1683925.6699218750
35396380.0947566181 1684896.7324218750
33272072.0159938335 1683570.1425781250
32937373.2890180759 1683311.4648437500
32944861.9163403101 1683315.4238281250
34814073.8951850384 1684564.0390625000
30665472.4271568581 1680851.6757812500
30676639.0994089395 1680869.0410156250
30511108.2249864787 1680502.2500000000
33758718.1176976413 1683960.2832031250
30311480.1655907333 1679744.2753906250
34946386.1155297831 1684680.0312500000
30497590.4485487975 1680499.3359375000
33106898.4264772572 1683437.5878906250
33176276.3504254110 1683465.2890625000
32848381.9179696143 1683231.2968750000
32987074.2847242393 1683341.6972656250
30490073.1839256845 1680492.3554687500
33340566.0166274495 1683604.1152343750
32992436.1773056649 1683344.8300781250
33506724.7636121064 1683712.0429687500
32897180.8977210000 1683248.5878906250
32998809.1792039573 1683345.4707031250
32853743.8105510436 1683234.4296875000
33038840.4509533271 1683362.2011718750
33346939.0185257420 1683604.7558593750
33045213.4528516158 1683362.8417968750
30669121.8347858228 1680862.0605468750
