253165264.1104936898 515570.9631813839
253322396.5846917033 532259.6478164271
252843675.2743760347 479477.5311790593
252776472.7644241750 471747.9644218571
257276676.7380917668 738682.4243326783
253946957.7968885899 581923.3340692595
255484392.8890890777 665170.8619792387
260141090.0131799579 804052.5958431363
253119192.8401128650 510100.4064432457
260050238.5434686542 803953.3009101748
252312612.5788371861 385534.7569299378
252762369.4885695875 467845.4806833155
253103661.5369316936 507909.9031227902
253573064.4314725399 553806.9807326868
254457175.4296267629 613237.2755411938
262665050.5614972115 853576.5964478254
253004108.9168218970 497960.5468337201
256089551.7217634618 694026.8191692382
300957775.2296606898 1031192.7836914062
258809462.2364166975 777037.3527526259
261565015.2863426507 827135.0837727785
252532021.0870809257 438322.8655756600
252678349.1121602356 459279.2126902230
253199224.6638377309 518631.1768482998
253085232.2867687345 507040.1927763298
254058731.7084763646 589376.8264113739
253048820.7272109091 503664.8893170021
261489114.3604629338 825991.4302083254
255987534.7420838177 687898.8981933296
253794013.7463122010 570278.2305154875
263042409.6616682410 860374.4919320345
252635198.2786333561 451804.2964228280
255533925.5998052061 670880.1935925260
252645969.5407761633 453578.8835393079
300155618.1538675427 1029578.7685546875
254033407.8623465896 588678.9216224030
252939135.9795047939 490511.4030388258
254079092.0561105013 590376.1419383362
300662588.4862723947 1030904.4760742188
252466534.6901103854 426016.4780138619
254166053.6552567482 597514.7310592011
252451592.8041176200 422697.0109793432
255780476.6681387424 680427.5946960151
252485213.0229065418 430345.5697333105
252731760.9540351629 466566.2957667001
266208569.8885197043 895728.6285246611
255979431.9707321525 687334.8140669763
252577177.5972553194 445048.1131342538
255529257.4041436911 666839.6009399742
259109692.4360613525 786265.8548099399
252523193.3190647066 437290.5623530038
254942983.5229761899 641369.8316661045
266431970.4900293648 896176.0189665556
263197049.3672367930 861301.7908822298
259770496.5867288411 799181.5491706729
252516471.1713854671 433421.4984873421
259752470.2432975471 798367.3307868838
254860132.1715011001 634823.0539605692
253402184.5190116167 539885.6609084681
259531155.1993657947 792917.8748542666
253447521.3904175460 543062.7366367057
256882514.3222599328 722755.8875884712
299346017.5643035173 1027846.0742187500
252663870.4611751735 456417.9262672551
254110522.4800634980 594599.2341469601
253573064.4314725399 553903.9055373743
254517317.3447141647 619773.7483259514
253526762.1872948110 548182.9242484644
253812458.5475068986 572207.6718396023
256082541.1674234867 693851.2150361091
254093844.7770863771 590941.6603554562
253161010.9193018377 514608.6044358090
260037018.0487193465 799644.6036140323
259350433.8308538198 791584.3177005649
258511638.4204486609 775500.7390643954
252419439.2974010706 415693.7541846521
252368737.8103487492 402244.9344802536
254146720.3472575843 596225.9268845394
253318143.3934998810 531297.2890708521
255819445.2376179993 685201.4359528571
277122694.2175033689 925823.3327635527
260257109.5514260828 804430.6978558276
259678136.3924181759 793423.6214362979
260264082.2860251069 804731.7007820010
255405582.1426381767 663013.2092273161
262400990.9658075869 847285.6344853640
253979887.1774210930 584303.8297911957
253819553.0698357224 572791.2406910732
259326352.2196231484 790623.0471927524
299919438.2112585902 1028597.6840820312
262871365.0933728516 853616.9212285280
255961208.2645965219 686792.4212298095
252466534.6901103854 426529.5917833932
253778799.5207071602 569512.1001689509
253700097.3931124508 562837.2247972563
252396935.9491718709 411503.7313048132
253758937.8625814021 567832.5800083950
254281330.4041036367 603980.7545057610
258905100.9297471046 777461.4955512881
257798325.4817696512 757590.7546065450
260161846.2044593692 804428.3353034854
257601535.5652821958 751649.0845385194
258734853.3764923215 776572.7862026095
257543457.2625259757 746002.2408648133
252377852.9068999290 406135.7794593014
252325695.8883953691 391779.1546719708
253202865.9083229005 518959.0818393305
261199655.1363799572 824212.4426273108
255046470.2822492421 647794.2491236851
262557996.1544150710 848025.0998479128
255041964.2374510467 643901.8501877710
264915886.2898339927 870935.1970030069
263597308.5861755013 862164.9082223177
256141370.4946771562 698709.1623433381
254373272.4139938653 610602.7645337656
256859354.6310208142 722060.0590073615
258493504.5555069447 774433.7025653720
252302266.7579280436 384259.9400275778
258952685.6206216514 778017.6459211111
253684883.1675073802 561979.9792163447
253870756.5986162722 576005.5784920529
259375193.0793443024 792538.1285163760
255165469.4877352118 650718.5574110448
257415985.1184749007 744550.4537554383
253278817.7682404816 526716.6326205805
257465932.5696049333 745661.8155413270
252775661.5694654882 470610.9080624469
258228880.0243641436 764415.3894528896
256859354.6310208142 722142.4735581428
259747814.9829275608 797749.7278816104
257756147.0292914808 753314.3847998977
253854628.9535665512 575236.8911981657
254931261.3861631155 641155.9993116781
255019606.2490300238 643389.9199534580
256731882.4869696796 719941.2518784553
254117617.0023923516 595182.8029984310
253314662.8260368705 529183.8461997584
252368737.8103488088 402336.3358474411
252861325.7289794087 481893.2503822707
252837245.5958476067 478544.1486323737
252717282.3030500412 463100.4942070134
253004108.9168219566 498483.2206618451
252922928.3025413454 489650.8011635207
253700097.3931124508 563367.4977464750
253633679.6387268901 559387.0295989588
252828417.8278314173 477757.4376948737
253039992.9591946602 502355.5045513771
256781829.9380997717 721081.4593674690
258297141.6986089349 765048.9268481135
258036553.3263671994 759659.6773363948
252922928.3025414348 490173.4749916457
257383030.1852229834 743651.4577369094
256885912.6549744606 725930.9307387769
253357368.8373793364 533852.7952182367
252703990.2221541405 460335.0668278821
255335784.9902027845 659738.3295420110
255132263.4724070132 649090.4741643518
258429447.7649636269 767916.5308124423
252876728.3204975128 483169.0264290236
253479148.0782727599 546797.5336082056
253163676.6006158590 514821.7758225277
252445357.3750950694 422624.4878966101
253777212.0108293295 568666.4220874384
256346046.8327065706 702000.1669677198
254682014.4213532805 626878.0497843102
256212349.7421496212 699726.5122098476
252906037.5393684506 487597.5928655528
252346234.4621195495 398054.9116004147
254798573.2984294295 633399.9781657383
253931743.5712834597 581157.2037227228
257703269.4924102426 752776.3476447463
256885912.6549744308 725846.1255629957
253633679.6387268305 558765.6414153650
266046058.3953764439 892144.0544518232
277461764.0685996413 939044.6576461792
252374117.3143184781 402808.5098965801
261131488.8469471335 817393.5322285891
253239628.4605334103 522482.8358811215
255090809.0048549771 648844.9702350944
253399360.1439528465 538550.1323325709
255086658.7412843704 648323.3446005285
257641780.8581826687 751735.5770483613
254261363.2758128941 603673.6607924774
255458121.4224828780 664708.8744404167
253244857.2148963809 523656.4189536646
253839414.7279614508 575092.1490352228
259019735.9769696295 779321.6527397037
254663861.2447017431 625482.2695391029
255691101.7804509699 678133.3007087409
262115045.4095860422 844443.8145085573
265920340.5328651965 891914.6368187666
254501804.4618093073 618327.4919812754
256483316.4719784260 711630.1715068519
252377852.9068998396 405622.6656897701
255429978.2788177729 663952.7410387844
255359875.7256857753 662400.9573667943
261081541.3958170414 816253.3247395754
257229083.2095416486 737688.0185832381
252278962.8198276460 378012.2068227362
265601233.2585297525 885531.2801903486
276064667.0734435916 923683.8982009888
275637692.8204622865 920689.1369705200
262524041.3805432618 847434.2726994753
252617670.4791312516 448894.8575874455
256885912.6549744904 726005.7115004957
252693577.5450488031 459314.7102782615
252876728.3204974532 482646.3526008986
255297313.0707295835 656579.1739710271
256664134.3998742402 718126.0036891401
256668290.4397925138 718153.3756545484
265318032.3956934214 877793.8349388838
252617670.4791312218 448808.9625679143
264824915.6756335497 868053.2465370893
254516803.9100325108 618657.1154627874
253911881.9131577611 579477.6835621670
252564983.4556156099 441055.6122110970
252451592.8041177094 423210.1247488745
265334980.1729461849 877853.8789452314
283954610.3335542679 977865.3737487793
283717809.5022534132 970479.6478576660
256449366.0434038937 708231.7800163925
265871353.8779594600 887013.4408348799
265763812.8294507563 885886.1376122236
252331396.2554817200 392507.5764165558
261966856.2440196872 836757.6255208254
253651908.9625277817 559402.6511809900
252313346.6289841533 385551.9371884894
256371754.6133590639 706617.1601389349
252287428.5512902141 378712.6048437189
253726008.4820488393 565549.0090911463
255327105.9622822702 658353.2098964304
255677411.6241166592 678107.9298964441
257067352.9464547336 732563.7571981251
253726008.4820488393 565545.1707122400
252402636.3162582815 412318.3698462732
256999278.9853553474 730002.1610195339
255188214.4385604262 654973.6439054906
252324770.1061572134 388449.9629074167
255648081.3709192276 677558.4919337928
256513496.4751581848 712137.6979961097
262597775.2016244829 850461.5312443972
292311188.3959245086 995933.7678222656
252416861.0741059482 415522.6545752771
255663386.2781470418 677579.4344839752
298127311.0215451717 1023427.1252441406
262023021.0072560310 837100.0075341463
256022225.0814199746 692749.4387869537
272891918.3312386274 919233.1330382824
258433102.2760432661 769621.1476516128
299201495.3856207728 1024347.2580566406
253610906.8906858265 554474.5109374598
253726008.4820488393 565452.0842864588
289345814.4003442526 987825.6926040649
254296228.7969902158 604307.4973610714
264768204.2480418086 866713.8160424680
253950476.5217604041 582026.5425653532
254281330.4041036665 604077.2452284172
254802092.0233013034 634042.3251734897
282327046.5159067512 967826.0597534180
265458306.2765543163 880075.3801144361
297892050.3870726228 1019227.8632812500
253557727.7788092792 551629.4788177088
282227437.4681197405 949238.7108352184
297452585.5344202518 1017550.3120117188
254913181.8369932473 640041.0168800279
254382778.5579638183 610873.3947874382
297461895.0000964403 1017851.2905273438
279533827.4532072544 939357.5170593262
297796446.7344531417 1018186.4340820312
254775637.7600527704 632232.5024195835
285557303.9826437235 985285.1104736328
261129691.6012989581 816582.6436661482
297451686.4954812527 1016751.3691406250
260952396.9658565521 814831.8515259027
297825772.6441379189 1018825.7836914062
260757857.1989802718 807628.7854813337
260862261.3778352141 809472.4252034426
256594335.3696448207 712902.5547332466
256547035.9970546961 712500.9541473091
265279808.7842973769 874880.7528866529
292682138.2245986462 1003113.1607055664
260841521.4645857215 808595.1121432781
261507868.6305271387 826456.6746070385
261528608.5437765718 826584.4940148592
261689606.8035033941 832680.7861405611
261767216.2939215600 834269.9296952486
261592017.7836072147 829326.1019822359
261534331.2742149234 826643.9025193453
293293269.0769939423 1005737.4267578125
289563477.8451673388 988811.0420532227
280395958.9459949136 945983.6382637024
297384904.5858558416 1015916.3923339844
296944549.4586990476 1015876.9572753906
296269591.8247169852 1006938.5623168945
296533277.5929891467 1013994.9621582031
260913399.6278335750 810455.9625298977
289775218.9076043367 990542.5049972534
292132289.0154615045 994113.8698730469
296447881.3646196723 1010360.1892089844
281830900.3051141500 946574.5663833618
