161380498.7295003533 554987.6774740517
166048611.7318158448 695573.6389160156
161550635.8371712267 561352.1183920205
164567323.6490994692 664129.6913452148
160131797.5479885042 482302.5350890160
159993886.2798469067 475878.1039366722
159850470.4628929794 468394.9636473656
165891414.7570769191 692052.7288818359
163207593.5074775517 617547.3251353707
165456698.7647425234 680545.9100341797
160184021.5163159072 487106.5311725345
163890743.2446373105 639139.5198059082
160951110.9275922179 534908.7293231692
163314709.3309682906 621706.2339622974
164270886.1141253710 652561.1478271484
159880147.0846971869 471153.8936603274
160969903.3469943702 536807.6607730594
164265886.1767396331 651959.9540405273
165577874.7540917695 685561.4199218750
165334429.1047120094 678348.9007568359
162843776.0190213323 607237.8922034707
159943460.4097480178 473261.9152569436
160799228.8005305529 527098.1211688723
163768584.5661421418 636847.7579097748
160599972.7725862265 513165.4834125247
163977834.0190107524 643085.2105627060
163952695.7802283168 642530.9762681772
164861777.1864208281 670426.9119262695
160913290.7650564611 534463.9602802005
163859326.9067457318 638422.4851379395
161480860.4774380326 559974.0427084267
159945877.8018908799 474544.9843077660
165072022.7815418839 671832.7092895508
160787797.5135461092 521218.8500394821
160378783.0884287059 497133.5559742656
161327593.2741670609 553295.0837240517
161992833.3960895836 577757.6339637246
165162852.3295577168 676193.0504760742
165971249.6262930930 693745.3226318359
161387064.9662571847 555561.5099935830
165920261.9507386982 692413.9398193359
161554257.9158346057 561666.6364584267
160810692.0146646798 528031.4278094973
164181656.6600893438 650380.7495727539
164219270.3954608738 651959.3192138672
161376876.6508369148 554673.1594076455
160613709.2543880641 513208.5082426071
161757989.4843285680 568092.8044271767
160346556.2359412313 494539.9796803202
160273346.4171023369 490573.0786070824
163542893.1034031510 629742.0861334801
159819363.2344732285 436773.4243092537
162067927.5420707166 580024.0602332558
160250915.4390330017 490489.5205016136
162650550.6303682923 599575.2709383965
165481469.3151708245 681308.0535888672
163946417.6811192632 642368.1758947372
162864081.3651925325 607332.4755282402
164535907.3112079203 663412.6566772461
160657424.8113936782 519844.4423968997
166261524.0137660801 701141.7856445312
163617987.2493843734 632008.5124030113
167374416.8842284679 713593.2924804688
161130188.9001744092 542476.0388934817
161555954.6234191656 562240.4689779580
164936223.0590319633 671301.2337036133
163882173.1205655634 639128.6171875000
162940218.9437559247 608820.0711730719
167240758.5742318928 711688.0771484375
164739776.1807469130 669432.6018676758
163845286.2038129270 637594.4322423935
160961299.2430124283 535797.0799091067
164487035.7547850013 659355.9476928711
162910499.3134489059 608676.8690246344
163019160.5500864983 612052.7922315598
161252092.9674566686 548756.8586263955
161352543.4017800987 554228.3903646767
162941915.6513403952 609393.9036926031
164281628.2516987324 656688.8179321289
164408965.0645904541 657750.5624389648
162715634.7796643674 601841.6972079277
160059426.9693168104 480797.6547588967
165454383.6471455693 680374.7469482422
166362655.4910724163 705915.5292968750
166235713.2444549203 700253.4350585938
160705433.2893496752 521177.5620258059
168594311.1520354152 719327.7177734375
161307251.0885936022 549901.6770658493
161704332.2711815238 565579.4491492715
160270297.4659296870 490497.6218199730
167242455.2818164825 712261.9096679688
160680140.0669975281 519887.4672269821
160858700.4926206470 529364.5474384036
160901827.5509223342 533530.6536395755
161055094.7541933060 540209.6126239505
163322670.3807378709 621959.8578502145
161039718.3441008329 539593.6236600876
168630677.7310320735 719915.1127929688
160916295.5631860793 534704.4947730303
160099680.0953017175 481831.9394268654
168102060.6344284713 718310.8530273438
167968727.9091662169 718140.5371093750
160469235.4558027089 502950.7253547907
160517243.9337586164 504283.8449836969
161296907.4315944314 549541.5648031533
160793616.3433246017 526293.7490985598
161851029.4069527388 572011.9816199746
164048614.2144611478 644874.2695312500
161111001.1769132912 542470.1468726397
160051671.6173457503 480498.8197979592
168276424.1447193921 718713.7744140625
165949683.9515878260 693240.7567138672
161748718.0876905918 566285.7133288383
165506215.4108369350 681562.7747802734
161814978.7516865134 569815.0777279139
161604757.2457634509 563257.3337240517
161309275.7737044990 551302.7319560349
163606915.6100048125 631566.8174514771
160040208.4032116234 479565.5131573342
162021680.5897513926 578118.8449012246
160147153.4831178784 484065.0893492699
164433365.0343556702 658885.3395385742
163693830.2627330422 634598.0803737640
160881415.7482244372 529407.5722684860
163653141.6614029109 633072.5312423706
166627021.6636307240 708482.9047851562
162224890.2838009596 585398.1710730996
161752340.7491374910 566912.5687781777
166497811.2911420166 707582.3266601562
162832665.0273010135 606615.4408602715
160833407.2702684999 528074.4526395798
164266567.4705939889 652206.3805541992
164386767.3559456766 657305.7933959961
167621378.9477398098 716301.1748046875
161650469.3655439317 564422.2574154139
161819359.0227059126 571101.2163997889
160298923.9169889987 491822.6401305199
162798733.3758397400 606119.7612563334
163094534.8322762847 614529.3120975494
161780986.5266595781 569196.0010677576
164032298.1475086212 643841.2929687500
159804337.3488837481 431898.9438195229
161934002.7383086979 574873.2314982712
161692372.3444088101 564471.1742663383
167644105.5385757685 717823.2778320312
163676784.9197980464 633981.9954128265
161703716.4480052888 564629.3682776894
163649699.2517729104 633048.6887722015
169501041.4747780561 721018.7353515625
160964304.0411420465 536037.6144019365
161899037.8849087059 573345.1012488808
163142543.3102321625 615862.4317264557
166536517.6997123957 707820.7446289062
166348297.0913960934 702264.4448242188
167529574.8378647864 715475.0302734375
161279890.8340752721 549149.1058570147
162162228.0191172063 583546.7451701462
164111435.1428598464 647140.6958007812
161171401.3437803090 543452.3703641891
163899745.1840081811 641097.5446681976
166161309.7571578026 699895.5841064453
162497288.4478625059 594704.6006388962
161237435.7395043075 547275.1385336220
162159960.4347220957 580757.7501746621
166358013.3440244496 702475.3458251953
161051529.4848231673 540203.7206031084
163528619.8367667794 629372.0852553844
162287470.6246292889 587008.7769084275
160190280.5414195657 488231.1955504417
165511287.9777002037 681580.8215332031
165972946.3338776231 694319.1551513672
163046576.6075167358 613957.2163944244
162803817.8336392939 606254.2299227715
165529477.7931266725 682641.1732177734
162690105.5948465466 601455.4625770058
161922896.7093222439 574357.3681942429
163482372.8844475746 627466.8699233532
168499850.9553956389 719157.4018554688
163724793.3977540135 635315.1150417328
164208884.9095923901 651448.7346191406
162552175.0726941824 596170.7626872361
160999264.1654401422 536970.9210425615
160282450.3587407470 491430.9284605980
162768788.6942207217 605221.2533602715
164133506.6437737048 647198.5158081055
162359580.4293286204 588648.5551562309
160454767.4435388744 501776.8842213359
160411640.3852372766 497610.7780201640
161988790.5467194617 576724.6574012246
162414489.8911703527 592532.5063395500
164063832.6626138985 646287.6269943714
164138926.8085949421 648554.0532639027
161854479.1835250258 572162.3939690590
162993435.2168771625 610924.7680922709
159842495.3002809882 442055.7249302864
164058412.4977926016 644932.0895385742
160544329.6017837822 505217.1516243219
165967527.8542923629 693374.7170410156
166265637.9403105080 701800.7994384766
164639605.6335937381 665147.6941528320
162878911.9796203375 608520.6561923027
163173487.3097473383 617473.6017384194
160584398.1097973883 509692.5188913345
160344177.1089854538 494394.2708790507
166135245.9026856422 698088.8093261719
165729049.3962393701 687073.3680419922
161465797.0887563825 556220.5237875283
167492201.3982401192 715233.5341796875
163369643.8327988982 623773.5624847412
161152904.1557781696 542519.0637235641
166008135.0251801610 695076.9606933594
166118262.2432790399 697771.6137695312
162764769.9997206926 603521.1858274043
162949654.3445734382 610207.7334243022
163569225.5169587135 630635.5927581787
161855463.5910947323 572256.3335490525
162132900.8644805551 580119.3084112611
165750958.8702083528 688544.3802490234
163382720.5489728749 624628.9018402100
165824053.1232536733 690988.4437255859
168782650.5289293826 720085.4287109375
165928603.3413151801 692632.8972167969
165274796.6270186305 677000.5236358643
163448780.8281501532 627072.9653167725
162631312.0680453777 599470.1655192673
161224586.2704862356 544530.9621610641
160470072.4938023090 503189.1869821548
164432452.3296263814 658594.0332641602
160359482.1592487991 495806.5736398697
164476233.2019301355 659311.0679321289
160421632.1091281474 499145.4544117656
163640080.6415117681 632073.0177745819
162556217.9220643938 597203.7392497361
164693864.6588266790 665331.0131225586
164037924.5189466476 643859.6796169281
164111018.7719919682 646303.7430934906
160366809.1275567114 496776.5180180278
162206036.5057048798 585065.7369300332
165744916.1279024184 687689.0408935547
163939281.6424330771 641417.6091556847
165240482.4356663525 676898.0635375977
162377223.2864399552 590388.3330607712
162456360.2817911804 593687.7358928025
160477399.4621101022 504159.1313603129
162746805.2408028245 602640.6249084771
163520454.2335410118 627789.9999847412
160552493.6080912650 506425.5576298442
164138195.1205753982 647363.7062988281
163410408.3321038485 625167.7499847412
162512320.8083193898 595528.9858928025
161064214.4826921523 541331.2292509079
160453366.4876719415 499976.2509281840
160569569.2794313729 507358.8642704692
163431077.7845363915 625823.4037933350
165119863.4724209011 673251.3788604736
162389140.5920830369 591421.3096232712
162305820.4065004289 587384.9054929316
168989532.4378774166 720261.0244140625
165386558.4567060471 679845.9221191406
163645305.7494212389 632238.3854885101
162602162.0960591733 597893.9128781855
164063064.0143746436 645249.6787872314
165744906.7568366826 687183.3953247070
168966096.7521443069 720090.7084960938
168281776.5987029374 718898.2480468750
165622653.7101473212 686139.6776123047
165755396.4080922306 688722.0174560547
165772535.1673289537 689504.8704833984
166710083.0694205463 709398.8564453125
165115820.6230508387 672218.4022979736
166709778.8360805213 709395.0073242188
163852475.2123029530 637812.1175069809
165135252.6568873823 673612.5897979736
165797354.6343205273 690387.0574951172
166867423.1294313967 710735.1850585938
162976615.5147446096 610499.0386271775
168629721.1488153934 719581.4208984375
163212275.4383815825 618775.5478782654
163208232.5890114307 617742.5713157654
166925614.4417820275 710963.6108398438
166820612.6167287827 710253.4980468750
162478810.9324926138 593697.9117957558
163287369.5843626261 621041.9741477966
166733214.5218136013 709632.2280273438
166106221.0094420314 696751.1612548828
169085417.4763065577 720664.9970703125
163237029.2372483015 619136.7588157654
163135322.0574250519 615149.3619956970
167014155.8672714829 711345.1787109375
166830939.0996358097 710726.3901367188
169115563.6004158854 720848.4194335938
163338967.2841035426 622511.0261268616
163089922.9205173254 614513.2028846741
163249092.1695933938 620669.7761268616
163149874.5830692053 617068.8942222595
167017777.9459348917 711659.6967773438
162341354.1790456772 587597.0786434617
166061178.1080972254 696739.2427978516
166027171.7329427302 695110.9410400391
168263873.4306325912 718564.6508789062
