9826734.4410781898 478647.8021240234
9828260.8231905904 478890.7994384766
9825010.9587570950 477798.2263793945
9832691.0619955435 480740.2307128906
9829630.1736373547 478895.5699462891
9823589.7061940785 469950.6396484375
9835722.3611931596 489214.0407714844
9821366.0243917108 467012.7960205078
9830857.7207075227 480708.2207031250
9834426.0029868744 481125.6875000000
9820857.3922560848 464368.8372192383
9821746.7925535869 467305.5045166016
9824078.4036704414 477784.7568359375
9819815.4434535336 458353.3426513672
9821371.6507227626 467046.7390136719
9823312.6502080560 467692.7182617188
9822436.8998167440 467465.9934082031
9834126.5362680331 480870.7629394531
9825051.6461639702 478568.1390380859
9823379.0338107981 468262.9598388672
9837248.7433055602 489498.2592773438
9826486.5958559774 478580.9517822266
9830160.1168971043 480563.7338867188
9834109.9361283015 480823.9099121094
9830054.8781353272 478920.7177734375
9840817.0255849101 489775.9943847656
9842739.0336893816 489912.1821289062
9826973.6542684417 478689.6689453125
9839170.7514100317 489637.9909667969
9833700.2563774176 480774.7170410156
9852652.9604198541 498288.2978515625
