65442662.9599567950 408627.2026767731
66640008.9282482639 487064.6714286804
66370231.1836501956 475007.0863151550
67846996.4564516544 521060.2142333984
66160635.9203826934 462579.7474479675
66609236.3943463638 484302.9934082031
66359628.7578609660 474594.9271349907
66367442.4797343016 474889.6261405945
67644782.6460752189 520222.4256591797
66271863.6921915784 469492.7912712097
67052345.1661650836 500646.2416992188
67927704.1545091271 523942.0544433594
66504631.1558237672 480748.9106864929
66131833.7919690013 461680.9130969048
65708965.3409058675 435147.1790927649
65436656.4345171750 407920.0081545785
65429738.0533818081 401572.1541808918
66537138.2632681504 482058.9575309753
76410449.3797192574 545215.9926757812
66245728.7302186191 467962.1091728210
75845224.7170896232 544997.1425781250
67079773.1316702589 503820.9473876953
66918638.2181391269 497399.5495605469
66087547.1038484797 459758.5841655731
66532043.7197309956 481780.9659729004
66357488.5446698368 474032.4824638367
65679940.3113579676 432795.9336570501
67097672.1796116829 503826.8814697266
66745749.8463631719 490702.8747558594
65711434.3975023627 435168.4706984758
65716684.8665188327 435563.8658705950
66551363.4328656271 482060.6792106628
66856046.9376286715 494741.3977470398
67036583.1716077700 500629.9019775391
66947101.4153096229 497421.1608886719
66531652.6075762585 481658.3125305176
66554343.0536893308 482141.7428398132
66556288.8148488551 482454.6692008972
66359237.6457062289 474472.2736926079
68056698.0393596292 527515.6296386719
66494847.7735697255 480168.5310478210
66920696.8788099289 497416.3068847656
66327854.7096143439 472865.9046134949
66766578.9410742447 490762.4068603516
66673422.5562733412 487330.4347343445
66440079.3293057084 476323.1459960938
67212020.3055458367 504251.0042724609
66873560.1605957150 497324.1047363281
65744270.6169137955 436607.5511256456
66560234.6452130303 482788.7382926941
65430260.8049328998 407390.7695010975
67441946.7458857745 513811.7888183594
66725073.4041171670 490185.7449951172
66583627.6931069046 484048.9747314453
66357097.4325151071 473909.8290214539
66336234.3239663914 473427.8214526176
65486087.7337459400 414049.9272887185
66430754.9629111141 476198.4275207520
66593745.6330482736 484293.1457519531
66350459.4935638681 473429.5782885551
67966871.0108622760 527077.2717285156
66318777.4267848432 470265.4450798035
66290063.3948160484 469979.4688835144
66444364.3066963106 476356.0117492676
66222904.9743035287 467523.5569267273
66403794.8521773145 476175.8993034363
66465935.3188157231 477733.2634277344
66394166.6615925729 475800.7818717957
65996362.9462442324 453910.1823234558
66727002.4638973922 490649.6295166016
65767762.2073925659 439726.2843631506
66451856.4619444609 477371.7768554688
66211180.4758631662 466549.3856925964
66862187.1597554088 496961.1186523438
65729274.8095667586 436191.6679538488
67057100.1696260348 502829.9394531250
66686315.2357557192 489207.3236198425
66461974.4018858224 477613.5875244141
65774847.0394802839 440557.6647189856
65932366.0490224659 450722.6607760191
66579666.7761769891 483929.6943359375
65597180.6987307444 426458.8113425970
65651666.2684544325 428964.3166590929
66565427.9904824272 483562.6701660156
66902023.3577662110 497343.4108886719
66090502.4447349086 459794.3796801567
66447735.6161912605 477246.5863037109
65607798.1574888453 427385.7322105169
65802181.2929788753 442683.1684218645
65603603.9241468757 426701.4062045813
67102986.5365703106 504069.9187011719
65438814.2062780634 408325.4565280750
65563891.4470732287 420196.4973354340
65580319.9643705562 425292.7836879566
66063814.7485830858 457839.3161582947
65899397.8794926628 447786.0688112974
65616690.4395014793 427650.0693618059
68042579.3946227282 527508.9592285156
67638076.2649534643 517392.8420410156
65772954.5942400768 440552.6696017981
67770234.2521766573 520669.7750244141
75977206.7916652560 545014.2119140625
67215530.7103727758 506745.5628662109
65902937.1661019251 449398.3163844347
65427302.3927099109 400755.8182586506
65920100.7455911636 449941.1752834916
65516922.5945333913 417423.4117413163
65777924.4856691808 440876.3035678864
66083428.4444487840 459600.5784411430
66053212.3227938488 457700.7374072075
66075987.0784926787 459355.3722510338
66155296.7551634088 462465.8527030945
67016715.1173043847 497586.9576835632
67446140.0220993906 514200.6984863281
65777100.9374828115 440872.0758094788
66196340.0357741117 466063.1862292290
66070192.9760740101 458748.9518542290
67923287.2064944655 521113.9891357422
66210162.3353231773 466548.9589347839
65670171.9334030375 431473.6716861725
65597240.7296248302 426580.1126254797
65915385.3957423121 449674.4463289976
65775423.6508365571 440573.3874770403
75990397.4378406107 545090.3989257812
66638838.2903632671 485919.4070549011
67295689.7151366025 508129.1290283203
65599709.7862213254 426601.8646804094
65590817.5042086914 426337.5177634954
65584168.7180492803 425595.7720241547
65574829.9879590422 424449.1402457952
65755330.6710686237 436999.2560940385
65600442.3097565249 426628.5515620187
65901866.9360891655 448048.2801947594
65601149.3713294342 426643.9864711761
65607572.5967455730 426886.5774269104
65433514.7424113527 407633.6886142567
65506726.0880153552 416590.9154323414
68012310.2330103070 527468.3449707031
67605009.5343687087 516799.9066162109
67445199.6766743958 513884.8942871094
65770231.2639890537 439747.0022383928
65437363.4960900769 407935.4347629547
65503076.6280753389 416270.4239486530
66141217.8982921392 462104.7987480164
67030662.5942385197 499599.5766716003
65575131.5966461822 424542.1220058277
67422985.5734778941 513486.4809570312
65761936.9694195390 438988.7888431549
65909159.4169299752 449625.6210193038
66151335.8382335007 462346.6133232117
66189007.4357355013 464506.8089332581
67882189.4236540943 521079.5950927734
67224863.4248798490 507353.4151611328
65487431.1960953698 415581.3948043659
68131015.6442618966 527523.5373535156
65427154.5382480100 400580.7221450806
65429181.5759050399 401018.2441616058
65425404.8868754953 394956.7116813660
65434360.1733381376 407887.1086715534
67797983.0166423023 521041.0931396484
65504252.4653133228 416568.0594753101
65685335.9014663100 433357.2330665588
67593305.1948286295 515017.1481933594
68005071.1118471324 527119.8972167969
65669348.3852166608 431468.8555488586
65422491.0956484079 394119.4173914865
66638776.8557055742 485679.2731432915
65506830.9307324141 417105.7451713681
66188946.0010778084 464266.6750216484
66212302.5485142842 467110.9739184380
66489915.4282129258 479280.1585192680
65454809.2481660545 409421.2508240342
65748907.4456524923 436755.7027359605
66111058.8055885881 461063.3524589539
66258041.0738585442 468577.6638603210
65889016.8642764539 446397.4274711609
65739006.4040222540 436584.4109889269
65426745.9152331427 400201.3725948334
65425041.5569518059 394880.7791862488
65878898.9243350849 446156.4263725281
65422969.2262035981 394139.8401145935
66223923.1148435026 467523.9836845398
65426075.4928884879 400181.2017101124
66505875.9435757250 481191.6947131157
65429852.1819180325 406242.7346786335
66088565.2443884611 459759.0109233856
65701298.4142064825 434405.0207557678
66213320.6890542656 467111.4006762505
66050725.7919773236 456870.8599810600
66082410.3039088026 459599.0667223930
75627881.7391142398 544916.8930664062
65428147.8236366957 401008.7036479786
66208370.2581996992 466184.3973803520
65427252.4247832373 400721.0442664772
65746438.3890560046 436684.4933337569
65460163.1122245863 409904.8429241776
65444622.0440525487 409068.7240566090
75559656.4466846883 544864.4165039062
65443664.3677531183 408858.4480788186
65439659.6372048482 408578.3341049030
65922598.2470694333 450473.2948850393
75169773.4424190819 544851.8291015625
67565934.5315870643 514256.6076660156
65726746.8691605404 435572.3661842346
67319512.7498431802 510546.7208251953
65749124.3439636305 436827.8359156847
74819368.7931887209 544845.6850585938
66069174.8355340287 458748.5250964165
66100456.3797993511 460650.7694506645
65771908.5506353006 439878.5762901306
65660555.5146964714 429125.5337867737
74065913.0451235324 544673.6694335938
74368482.9919152707 544783.7695312500
66146134.3641701937 462107.6913261414
73681272.4371004701 544419.8041992188
66097314.6876935363 460400.6394324303
66710184.9019752294 489240.6306457520
67291548.0510503054 507782.5355224609
66115179.6513417810 461186.9629325867
74179103.2211901248 544707.7729492188
65639632.2943359837 428452.0194114447
65642182.7556393817 428669.3322452307
65805322.9850846902 442930.7188502550
66722528.7164084911 489540.6020812988
66716016.9082368240 489305.3783073425
74051821.1318636239 544649.2304687500
65626683.9098809436 427923.0847375393
66853168.7556564435 491709.7630920410
65655787.1142076254 429089.2259608507
68605933.1360777915 527926.4278564453
65642773.9864417985 428699.9741367102
65459912.4974980652 409877.6897929907
65459205.4359251559 409694.5479034185
65485263.1365704387 414022.2824081257
74062393.2473523468 544656.7807617188
73789137.4996700883 544522.3769531250
65513430.0916625634 417380.8120635748
73842110.3167972267 544648.7055664062
66206490.7649828196 466066.0998034477
69920028.1036547422 537176.4477539062
65452782.2105090171 409413.4559021592
73011016.7091677189 537552.0571289062
66083475.7265191972 459602.5926012993
66104577.2255525440 460774.3799242973
73745885.8049646169 544517.7504882812
65979821.7808867320 453422.4437847137
73013270.0594157875 540971.1469726562
65969219.3550975174 453009.5180029869
65963568.6524289399 452463.2427330017
65824587.2272422984 443466.3502173424
65954302.0688606277 451823.0896816254
65841567.8805224523 444514.5270667076
65847935.0195279941 444642.6551113725
65865405.7746864557 445779.1932048798
65753084.3778162748 436995.5314917564
65854803.3488972336 445365.9593176842
65539733.2247336134 418850.9737514332
65734885.5582690686 436460.8005152941
65511739.3313264027 417109.5247498155
65948085.0328192711 451351.5955615044
65954897.2757779062 451959.2957434654
65975642.5805136412 453255.1426501274
65467651.7602511197 410187.5604137182
65495967.9030157775 415712.6421279311
65468358.8218240291 410370.7023032904
65461228.5348349810 409905.3751507401
65869526.6204396486 445904.4833660126
66109249.2553200796 460819.6686382294
65733395.6553199515 436314.0894626379
65887727.2974741608 446229.8939018250
66011257.9262960106 454602.7299308777
65962407.1121388599 452402.2172350883
73467410.0801452249 544096.2358398438
65845688.7262756452 444638.5911536217
65753028.2914056852 436879.7668228745
65894539.5404327959 446837.5838298798
65644756.7614835426 428774.7909736633
73496031.7068264931 544168.2548828125
65562451.8619651049 420154.4131423235
65574661.0789858326 421062.3071616888
70966485.9238765240 537345.3872070312
65546382.0108930245 419425.0183697343
71444584.8381723315 537397.7182617188
65957442.8778891861 452087.5325732231
65552805.2363091633 419707.1841014624
65535824.5830290094 418658.9794200659
65858924.1946504265 445491.2494788170
65559982.8053686246 420132.6610873938
73218561.3749893457 543566.8540039062
65757205.2235694677 437120.8216528893
65840724.4920259565 444323.9655737877
66009267.3514144197 453933.8082084656
65759451.5168218166 437124.1653957963
65852111.9516917914 444883.5492968559
65552214.0055067539 419636.7355003953
65536531.6446019113 418842.1213096380
65553512.2978820652 419890.3259910345
65545903.9484973475 419090.5325778723
69492312.5357883424 529764.7151489258
73125137.7353306711 541045.7695312500
