84559805.2613675594 355806.2907714844
83304228.3468260765 311085.4196014404
82157646.3902852684 252655.3146380186
84541295.9527735561 355544.8967285156
83677511.8775711060 326817.9752807617
83496923.3781418055 319393.5233154297
82102799.9076601565 249637.6637752056
82725451.1362419277 283882.3772331476
84022733.3896332085 340049.5318603516
84079689.4339032769 342318.9434814453
83992710.7450155467 337887.5576171875
81833007.3083587438 232700.5116058588
81475098.1377156824 206326.1277769804
81598660.3371142298 214760.2673920989
81142266.9346558601 167674.8586692810
84637075.5086518824 357046.4255371094
81544959.6001336724 212082.3431074619
82967700.8909952641 294074.8022168279
83407580.8717447817 315461.2661628723
83097411.7133489996 301301.8690681458
81088343.3469403684 166279.1212458611
82553304.2175083160 274464.7112159729
82327358.1642842740 261718.8279167414
83176964.2478303313 305551.6889991760
81397442.4641148448 198609.4005316496
82802311.0525260717 286092.9182014465
84105633.8694541752 342817.7154541016
83465632.5532081127 318047.7731208801
83801000.9037318081 333306.3189697266
83183055.8806360811 305798.2904396057
81253212.0708943158 183917.3006782532
83255894.9247397482 308414.7947883606
81580799.2005622685 214082.6438887119
83807092.5365375727 333552.9204101562
84313406.0658119917 349617.5853881836
83490831.7453360558 319146.9218750000
83906006.6715913713 336386.0288085938
84214491.9307581484 346784.4769897461
81961835.6358375698 243008.5770924091
83734467.9218411744 329087.3869018555
81727306.2455121726 224943.9954941273
82582850.0916074067 276154.6667839289
82631770.4884247333 277483.3967483044
82748884.0873096287 284161.6848342419
81177771.8376720995 173259.0090675354
83613368.5633020252 323984.8668823242
82906239.7277822942 292497.1625251770
83261986.5575454980 308661.3962287903
82120833.6586474776 250733.1888210773
83249972.5944539160 307733.5557136536
82872886.7222403139 291638.8933448792
82061141.5627996773 247965.0052273273
81298980.1159780025 189273.8920288086
83401489.2389390320 315214.6647224426
81667984.5988844931 219903.9815711975
81786957.0495321304 229496.7309751511
83199961.1476868987 306903.1610603333
81979929.1931319535 243870.9049456716
82478166.6495462209 269476.3786979914
83092927.2992051244 300658.5045826435
81850868.4449107051 233378.1351092458
82129623.7027198821 252405.8473689556
83661498.2223382890 326753.0504760742
81767923.1881542057 226728.5473814011
84005569.5052064806 339854.0183715820
83042352.8703960478 299175.4506111145
82484671.6897165030 269669.7753639221
83364535.9918834120 314262.6882209778
82394534.4678799510 265630.4082863331
82364502.7150772065 262797.2998878956
83142756.0061964840 304134.9774665833
81900575.7054588944 236339.7153689265
82272068.9843840897 259297.1048463583
82364373.6439916790 262162.2230540514
82268677.6743908674 259257.4432917833
83510130.3060826957 321062.5581550598
83141056.9582413882 303426.6881763935
83758962.8775013089 330784.7368164062
83457659.9059216380 317580.2751312256
81300947.7771665007 189314.7153396606
82785404.6105897576 286037.6013526917
83505789.5649579018 320348.4587249756
83880062.2360404432 335887.2568359375
83823106.1917703748 333617.8452148438
81952549.2066178173 240240.3934986591
83399453.3343633115 314500.5652923584
82978095.1218647659 295551.4255607128
83359988.1022280157 313581.3177375793
83300800.3346984833 310758.5935866833
83567193.3460468799 323055.2704467773
82896319.6733080000 291886.2710769176
82939803.4360581189 293574.1586189270
82892210.6665413827 291694.2101936340
83561101.7132411152 322808.6690063477
82996722.8091084510 296845.7979323864
82080437.2300131172 248642.6032447219
81230422.4048994631 183557.4653396606
83948613.4609364271 337584.6067504883
83942521.8281306624 337338.0053100586
82698060.8471142203 281362.0125793219
83358005.4761888981 313526.7771804333
82928352.4550086409 293298.9774219990
83293004.3242477477 310566.5327033997
83552890.2820743322 321856.6925048828
82934444.0878143907 293545.5788624287
83053927.9505988657 299613.9815261364
84103302.4507640749 342440.5253295898
83238521.6134044081 307458.3745167255
83698484.5962736309 328656.5624389648
82273774.0663413554 260162.3634806871
83049818.9438322634 299421.9206428528
82818665.4303983003 288624.1083106995
82816665.7173659354 287719.6293296814
83499697.9321521223 320101.8572845459
83388315.4378778636 314497.1653442383
83331110.2963874340 311728.9817504883
81537460.4832626283 212040.4333081841
82239287.0749741048 257362.2500178814
81308078.0785003155 191274.1925849915
81901055.7504474670 236368.4157270193
81690648.7836207598 221739.1801939011
83438805.7869776189 317333.6736907959
81515715.0803577453 208110.6796642542
83189528.7737563998 305942.4601898193
81817630.4487023801 229690.1276410818
83283805.8162209094 310291.4829151630
81107578.2795206308 167229.0200881958
83341010.9577113241 313059.6665089130
82979728.2906308919 296378.6872608662
82824757.0632040501 288870.7097511292
81375973.4042122215 196413.7736061215
81774074.0853658020 228417.4682798386
81502832.1161914170 207031.4169689417
82230131.7396010756 257177.5456680059
81870382.3512771726 236175.0190610886
84230505.5859909654 346849.4017944336
81379116.1469376832 198410.5927047729
81769391.1473551691 227337.4325910211
81782715.9621074945 228610.8649457693
84412968.8994270712 353085.5749511719
81755040.2239879221 225649.2846860886
81851348.4898992777 233406.8354673386
81719659.6480519176 222546.5185314417
84356012.8551570028 350816.1633300781
82225204.1064264029 256154.2791226506
81998270.3746724576 244648.2965877056
82571516.4260911047 274778.6222550273
82406941.5818946362 267886.5085154772
81687909.8351745754 220853.3141645193
82155306.2500048876 252462.1956378222
82805331.4040751606 286377.4718681574
82028943.7738427520 244841.6932536364
81910603.9855027497 237084.1424723864
82371185.4243044406 264933.6205718517
81905318.5455503613 236890.7458064556
82495680.1150295883 270896.5699337721
82124400.0966943651 252404.8126994371
81727028.4054980874 223262.2452768087
83624319.5276488960 325063.1400604248
82857510.6745710671 289880.3888180256
82540524.5516889542 273664.7535275221
82564132.2902661562 274616.3364044428
84045552.5210667253 341674.6835327148
83681275.5719189793 327332.5516815186
84192785.6047294736 346083.5599975586
84698097.1698945463 357545.1975097656
82767611.0605557710 284279.0968258381
82395172.0781483948 266124.8716347218
82657924.0359454006 279604.2277145386
82561035.6113480628 274615.8951965570
84249741.6489995420 348352.9716186523
84203667.0003335476 346285.7050170898
82705185.9749695361 282372.4113082886
82594869.6851561368 276155.1079918146
82776033.1424977481 285207.2066993713
81599140.3821028024 214788.9677501917
83546798.6492685825 321610.0910644531
81192329.4828307629 173421.7895755768
82953318.6662110239 293781.8119060993
81463713.5803926587 204980.8344488740
81445620.0230982900 204325.8272027373
83717708.6320025027 328658.1869506836
81631324.2547341734 217028.4604219198
84454652.9946677089 355046.1247558594
81650358.1161120534 219796.6440156698
82098778.4115536660 249419.9948867559
81272238.4780717194 189273.8918037415
81627896.4545684755 215504.6944955587
83030841.7993155569 298900.2694141865
82640386.0635904670 278309.8909034729
82318525.1165755242 260652.0541336536
82439378.9045393020 268398.5918800831
83692392.9634678662 328409.9609985352
84275380.4936571866 348745.0267944336
82163011.5776483566 252883.4903175831
83195416.6435120404 306259.7965748310
82222965.0519962013 255038.7144371271
83036933.4321213067 299146.8708546162
82727000.4552288651 283911.1828956604
81673451.0324662626 220546.2177501917
81527019.9303160012 211177.1598252654
82435418.5903991163 268397.1160026789
82534724.5173612386 273385.4485206604
82538684.8315014243 273386.9243980646
81923071.2618860602 237254.6890066862
82679738.5162047595 281142.9993019104
81422051.2770755440 199314.6897236109
81827849.8643967956 229743.3324155807
81343276.5465090871 196410.2919235229
81634910.1514598131 218987.6962444186
82393670.8326578736 265629.3736168146
82746859.0145280510 284118.6102768183
82843804.3974473327 289106.9427947998
82294364.9056957662 260641.0410988331
81434392.9359232634 201399.6591110229
84247075.5140634179 348246.2548217773
83626334.5995404422 325946.7918090820
83173947.5134810358 304371.2105102539
83635633.3163619190 326011.7166137695
83124916.2169494331 301538.1021118164
82535588.1525833011 273386.4831901789
83860448.5402896851 334837.2545166016
84233553.4511183947 347442.8539428711
84407911.0134833455 352776.7131347656
84183181.2970147133 345911.9183959961
81301460.4733368456 190693.8654594421
83458694.3804294318 317982.8483161926
82952281.5856340528 293754.9434051514
83723290.4183202833 328840.7854614258
82432814.1817895174 268180.9229916334
83314952.3682936728 311247.9031867981
82385552.2427654266 265412.7393978834
83308014.1955150366 311182.9783821106
84400972.8407047093 352711.7883300781
83353619.8593644798 313515.6324920654
83873970.6032346934 335640.6553955078
84190119.4697933495 345976.8432006836
82995321.0419324338 296588.0518035889
81812921.0110940039 229497.1382254362
81463867.3502478004 205031.1161876917
84315626.7389593869 349943.6047363281
82744200.8429616392 284088.7699447870
83687262.7925004363 327936.3064804077
83536582.6075860262 321136.4365463257
82265741.0092111230 258079.2502167225
84173967.3550891280 344384.4766845703
82451340.1189797968 269446.5383659601
81558673.4771807045 212788.6669689417
82696938.9039375335 281320.5863510370
82390574.1537397802 265628.9324089289
82218016.9861094207 254209.3544533253
84037852.4647753686 340106.1889038086
83594608.8093567491 323738.2654418945
83745288.9942711294 330538.1353759766
84175349.9493699372 345413.1464233398
83282524.4942402989 309265.8125610352
83592693.6526360959 323425.2096557617
82249520.4690364152 257872.8575050831
83999477.8724007308 339607.4169311523
84286507.5334976465 349118.8134155273
82532929.9810169041 273356.6428581476
82604792.8413010240 276374.2937209606
82580191.9200410098 276124.8264518976
82321383.3293205500 260890.5083678961
84372582.7832294703 352213.0163574219
84113685.5039580166 344016.2933959961
82607451.0128674209 276404.1340529919
82118167.1409890056 250115.3067238331
83798023.7222322822 331412.0950317383
83276432.8614345342 309019.2111206055
83998463.5265732706 339485.8350830078
84717933.4242600054 357918.9841308594
84562325.0063012093 355918.6833496094
82198675.3259207010 253745.0841244459
83941507.4823032022 337216.4234619141
81936888.2087523043 237412.6735046506
83122258.0453830212 301508.2617797852
83994115.8746612370 338424.1654663086
83996124.1020490527 339175.1422119141
83586602.0198302865 323178.6082153320
83422027.1756338179 315819.0810546875
81766384.7158869505 225692.5347661376
84882083.6033069789 358579.5703125000
84980911.5390933603 360261.5937500000
82348794.3380934149 262069.0235122442
83479257.6633475870 318337.4570312500
81942173.2219516337 237967.1492384672
82579747.6368120611 275426.3904082775
82183553.4368423671 253449.2862623930
82324607.1215457320 261205.3611662388
82052200.1087949574 245691.7354811430
81572503.4064776599 213075.4984365106
81678204.4693242460 220832.0145482421
84626973.2192693055 356417.4553222656
82202709.7455353439 253959.8937495947
83019057.3766729385 297075.7911617756
84919155.0786983073 359452.1289062500
84893316.9663104117 358859.2968750000
84770442.8223696500 358417.7561035156
84702417.6208979189 357608.2912597656
