65714397.7725838721 2116644.7460937500
65799361.4141576067 2134493.2148437500
66201729.2763416916 2163183.0136718750
66044936.7018470094 2155145.4863281250
66467342.8142535388 2176214.4550781250
66340820.9028236493 2172926.5136718750
65654627.7900168970 2115927.1171875000
65719063.8292075768 2126025.1289062500
65641194.8611008674 2112515.5292968750
65807374.8160688281 2135403.0312500000
66487156.4363785833 2179688.3496093750
66203942.9638934806 2164993.4667968750
66984868.6737427711 2184149.4960937500
66065816.3661348820 2156642.4863281250
65726717.7433621287 2126926.4101562500
66206411.7520661801 2164993.4765625000
65733582.2325483859 2127542.1894531250
66672956.2329739556 2181375.6816406250
66662009.4226220995 2181097.1835937500
65913159.4025602788 2145859.9570312500
66076519.5074606985 2158850.2519531250
66198062.0210747123 2163181.1386718750
65811998.5055899322 2137757.3164062500
65566445.7844763473 2096583.6562500000
65882030.8459812626 2139369.4648437500
65623143.5509578213 2101190.7128906250
66214901.2058402151 2165390.7871093750
66336443.7194542363 2169721.6738281250
66043533.9558371305 2153189.2929687500
67013005.7325440496 2184631.4355468750
66217875.6431997567 2166639.4296875000
66356257.3415792733 2173179.9648437500
66511786.7353553474 2179891.4980468750
65738937.8503099680 2128814.6093750000
66922876.3382821605 2183965.6679687500
65816206.8557316661 2138401.4785156250
66400624.1323991567 2174475.5234375000
66116714.7462294102 2160225.6972656250
66333974.9312815219 2169721.6640625000
65841269.5435561016 2139260.1972656250
66993752.9975177795 2184382.8339843750
66641205.3954742625 2181034.5664062500
65802392.2793883532 2135347.2011718750
65879562.0578085557 2139369.4570312500
66063347.5779621750 2156642.4785156250
66195593.2329020053 2163181.1289062500
66712270.1224632636 2182176.6015625000
66226026.2826383114 2166840.1699218750
67158883.6603587568 2185977.8476562500
65962186.6809918284 2150228.7460937500
67117297.9098612666 2185232.2500000000
66071498.2174007297 2156843.2187500000
66074050.7192879915 2158850.2421875000
66369433.4902175963 2173181.2187500000
66878733.7701365799 2182997.7597656250
66291312.5959902555 2167861.0507812500
66073967.0055734366 2156843.2265625000
67092077.4934759215 2185215.4277343750
65630503.1604745090 2111993.7558593750
66036024.8030360192 2151296.2167968750
66565661.1538886204 2180831.1718750000
67378484.6952238828 2187976.6601562500
66212432.4176675081 2165390.7773437500
66980124.5121533871 2184099.1542968750
66372361.8161932454 2173190.8261718750
65895899.1956288517 2142214.5214843750
65964655.4691645354 2150228.7539062500
66990251.4755438566 2184192.5019531250
65921991.4422231168 2148858.4062500000
65646973.8758623749 2115025.8359375000
66805114.1542174146 2182580.5937500000
66060373.1406026334 2155398.9414062500
67213174.2387147099 2186007.9238281250
66546959.6659540907 2180826.1796875000
66524962.8839936778 2179892.7519531250
66985534.8834221438 2184191.3359375000
67089265.1935807616 2184813.9316406250
67225238.7398107648 2186010.4765625000
67229955.3319324702 2186011.6171875000
67153385.7744816393 2185594.4511718750
