37440512.5375694856 5920.4318389893
29480776.8648230098 4428.7698645592
29476117.8034694195 4417.7411088385
37834978.5584121570 5922.2793579102
29486810.8961860240 4519.9663217664
29473102.3199161738 4415.2378187031
29506688.2755596824 4523.3989616930
29487242.0760536268 4519.9782806132
29584580.8253875002 4625.8360095918
29476559.2731525525 4418.3429359961
29491828.2346834131 4521.0053222049
29479836.9275049232 4426.5164666604
29493386.7445041351 4521.4092787597
29553099.9542498328 4618.7731514871
29502689.6092993170 4523.0857705027
29473295.9645290338 4416.1131132934
37379561.5663962141 5919.2559051514
29539981.8019529954 4531.9396718368
36991388.7346352115 5916.9735183716
29494394.7291077897 4521.5458678044
29503396.6336494386 4523.1658781767
29509492.7820344530 4523.7014529221
37370908.4260980934 5918.7104873657
29495275.3462531380 4522.3733852208
37120702.3537720069 5918.5416488647
29501367.7011933550 4522.5815505981
36648178.8216620833 5914.3684310913
29502030.8162407093 4523.0589951910
29521905.6629303508 4526.1128230095
29512516.8356211744 4523.9438769333
35803803.9693697393 5906.7527465820
36312885.9610493779 5912.8490600586
36225825.3061229065 5911.2186431885
36164098.1194036454 5910.8870544434
29545207.9326396883 4539.0633860826
29523867.8868993074 4526.9842966646
29541280.2301108837 4537.5497659771
29550574.1574353725 4539.1387416124
29706988.8650316224 4723.2098137736
29703790.5426399745 4665.9592720866
34616562.3030506298 5799.7253389359
35605267.0618477911 5886.9095077515
35581778.1413937360 5886.7675476074
29574851.5845288523 4625.6443214826
29815920.8295253180 4752.1287733403
29839282.4471484497 4752.3936277715
29620401.0857338496 4648.1917132018
29859165.3441935293 4753.1447390197
29573499.8202707618 4619.3608557073
29788906.8140998222 4743.6298755705
29598085.5371067598 4632.7450721562
29662841.4069489986 4649.1259578764
29709473.0848548748 4733.1407795480
29671912.4917290024 4659.5862285197
29929831.0966875814 4756.8118712641
30157173.6902983636 4961.1547345430
29985580.7608442828 4863.6537727879
30054888.6379440092 4868.0044364631
29966687.8465018310 4766.5418414819
29950743.5124843828 4761.0167964271
30310900.9144169986 4986.2032319689
30414527.8229784332 5006.0726663256
30404763.6847343370 5001.8057824755
30477811.8919421062 5032.7457497865
30081017.3268494532 4895.4533426469
30377363.6640203297 5001.7991434038
30633312.0227350295 5037.0904546827
30420630.9671066813 5032.1132525355
30666183.5932203308 5124.2738927528
31316351.2939938195 5311.3688628674
30880411.9636881948 5158.7482301593
30868761.2159673944 5144.0784808993
30936356.3460274711 5210.5912916064
31061881.6572025828 5297.4260388613
31320236.3693887033 5334.2713589668
31481859.0515670665 5335.1969389915
31554266.5863538794 5340.4876794815
31657281.7100275122 5373.8133440018
31824470.3047973141 5412.6670007706
32074171.9475046620 5416.2182283401
32366263.2079075016 5488.3153352737
31734933.0161884576 5410.1559062004
31758206.1075565554 5412.3714189529
33226732.6107590720 5674.2885894775
32777804.8934081420 5594.8242530823
33367647.8807787597 5704.4045410156
33308752.4332322404 5700.2073326111
32865026.7396980785 5670.9063186646
32785092.7135488018 5655.7641372681
32245564.1378471777 5472.9304265976
32406666.8985074982 5491.0018367767
32525797.4200261720 5552.0754132271
32163752.2262821496 5444.1120710373
32464847.3598880209 5544.5965847969
33923104.7547376901 5712.2342567444
