9820809.5778158084 36.0063550323
9818170.4771428294 32.9851508167
9817753.5774813443 32.9546931235
9819246.5724253841 33.2917277801
9817380.4910021741 32.9299021976
9817674.6714293920 32.9309806025
9820576.5020007361 35.9973637650
9819474.9527840707 35.7368111922
9818262.4995931443 33.0181262860
9822380.2839169335 36.0362939099
9818260.0633115601 32.9902003575
9817706.9236926883 32.9344887563
9820380.0664510485 35.9645488807
9824295.9387497474 36.0815391314
9821551.1642962489 36.0281725336
9827931.6436946727 36.3739930673
9823144.4760230165 36.0762566254
9824528.0177027937 36.0862564817
9830326.5935631339 36.4111846313
9825498.5419848189 36.1643764973
9825074.1544247437 36.1347940564
9831017.2405072581 36.4509057999
9832779.3421440851 36.4665234536
9837615.8299857266 39.1126168594
9833736.0081025381 39.1004739031
9877522.7552819848 39.4355886877
9849988.6632738914 39.4139547646
9826260.3759097178 36.3649070188
9905569.9627879504 41.9243784547
9957537.2390756328 42.3348733187
10123851.7800585367 42.5095577240
9999786.1947350390 42.4022573233
10153430.5159259494 44.9113628864
