45437450.6680071205 14709.2154464722
44380430.7742678896 12312.0358722582
44241760.7910201699 11846.2422114639
44165837.6761624292 11457.1456113458
43932742.4211459756 9600.5809502006
44303638.0334900096 12110.2070146364
45601580.5839972198 14986.4471740723
44748287.3630363196 13434.3365640640
44029073.2580862567 10711.5033083409
44496120.8140761256 12701.7840491831
44062540.0952233672 10737.0844653472
44010180.1564553156 10617.2326294035
43990951.3879302666 10291.9358243495
44705965.4497578070 13281.1533432007
44356211.6663103849 12233.3351831436
43944927.8771291822 9600.6513315439
44381961.1133077666 12330.2203986607
44977743.8991992399 13887.5153627396
44217571.6800935715 11785.9128633700
45594587.2164888158 14960.9992752075
45005606.6299456954 13936.3475837708
44103318.7252493054 11125.7621190883
44017838.9879641458 10643.1587661356
44921817.6376446113 13767.5893383026
45807547.8529141098 15298.1664276123
44231177.9776272699 11822.7299302390
44348998.1904100254 12222.7868891759
45226553.9125802889 14341.8106994629
43926793.7534876838 9282.1478371024
44942821.7320968136 13819.1955728531
45520587.9635064453 14828.4899749756
43930148.4131423160 9548.0104169250
45150019.6247760653 14222.0265350342
45227490.3135627359 14350.8025817871
45063524.7977754176 14030.7128486633
45832191.8019958213 15333.1245574951
45256025.6239415556 14419.1223716736
44488749.7294479683 12687.4274192229
45103814.5136974603 14140.3007392883
44158473.3881301358 11401.5561367273
45112104.5430351049 14175.2588691711
44008624.0819695294 10352.0708444566
45433949.2220485583 14695.1846694946
45150128.2500062361 14229.0918426514
45595850.8751279637 14975.3947830200
45281301.3283269554 14474.3438262939
45318528.2602614909 14535.8062973022
44537048.1510926709 12786.3363204002
45062588.3967929631 14021.7209663391
45087337.1880084202 14092.5435714722
45033254.0827507824 13978.1630325317
44463809.1477780566 12609.8276219703
45026415.8930205405 13943.2049026489
43923571.0324265733 9248.4004966617
44420990.8634105176 12406.0707058907
44469130.9505063295 12628.6273739338
45471343.9718767926 14787.5901260376
45272323.1491828784 14454.0805015564
44210089.8398484439 11778.8948937021
45255089.2229591087 14410.1304893494
44671275.7752542123 13202.6605195999
45099172.7884699106 14131.3088569641
45454207.3885273114 14767.0275039673
45454316.0137574822 14774.0928115845
45055750.2070627138 13986.7628364563
43932690.7145402804 9579.3854054809
45219715.7228500396 14306.8525695801
45447477.8240272328 14739.1346817017
44510039.6424426734 12745.2693474889
44260048.0602306500 11932.4133709101
44638023.3880564272 13151.3627681732
44644807.1603277177 13167.4717922211
44139246.9943761751 11366.7840468138
44119923.0423713401 11320.1941055059
43948000.8984089941 9614.8981023431
44620815.9463191628 13143.3600854874
44845704.8226199746 13600.0832252502
44615599.9613566548 13064.4481601715
44499194.7415822148 12706.2183275819
43995831.3333838582 10337.3083645552
45625325.7049655542 15017.9563140869
45556791.7857569531 14892.2805061340
45280364.9273445085 14465.3519439697
45624389.3039830998 15008.9644317627
44067117.5971930772 10969.5287047476
44811449.1065475270 13538.1836385727
44687842.9013817459 13247.2071599960
44573969.9336592481 12896.6516084671
44640303.1755563691 13156.9948511124
44098775.5860217065 11120.9337089148
44364331.2613667771 12298.2689064546
44725213.4061132222 13323.6733390391
44964656.0619766489 13868.5444145203
45243787.8388040587 14385.7607116699
44240008.1241863370 11837.7890089778
44763909.3807221502 13447.9713296890
44060174.5444690287 10717.6566729397
44447187.5077881366 12577.2644653125
44339928.5133794099 12208.8667269750
45227598.9387929067 14357.8678894043
44924809.2236205637 13777.8967447281
45220760.7490626574 14322.9097595215
45063633.4230055809 14037.7781562805
44801203.0184547678 13486.9202661514
44669808.9918934554 13190.2176942825
45125014.0954300761 14202.5850372314
45083450.0171327367 14079.6973800659
45056795.2332753241 14002.8200263977
44080175.1238698065 11029.2176269293
45588351.0772119313 14936.2305183411
45072348.9197871387 14079.1375656128
45281409.9535571262 14481.4091339111
44182682.3324235007 11529.8817392665
45297598.8535682783 14509.3019561768
44456438.0631499067 12594.8724881215
44914446.5530164614 13751.4231309891
44065028.5916294307 10748.7713354677
45818331.1286496520 15305.7824554443
45476479.8698941246 14788.1235885620
45348243.6724333838 14550.1586303711
44599250.1396186650 13055.0411837101
44919825.8152113482 13762.2191772461
44763741.9514159784 13445.4412441254
45145064.2087822780 14204.4634323120
44809628.1138575375 13524.7569541931
45103923.1389276236 14147.3660469055
45581773.8655661568 14927.2386360168
45444524.1941610873 14716.2807540894
44395255.4153297395 12344.7946531773
44840395.8677778542 13565.9131479263
44073901.3694643602 10974.6207130998
44739206.1665224284 13355.4246387482
44775835.8386537433 13475.0115976334
44599222.6933171973 12973.0060936017
45428226.6689197570 14681.3226242065
44179182.3802627176 11491.7640472651
44193664.9153959006 11534.0584243911
45445460.5951435417 14725.2726364136
45795799.3546909317 15270.8222198486
45448593.4606286809 14760.2307662964
44931538.7881206274 13805.7895669937
45388408.4145647734 14599.5968284607
44433894.0790028572 12468.3822723031
44662595.8872079551 13184.0351190567
44246257.5966532901 11882.5681069869
45069216.0543019772 14044.1794357300
44952953.9445888251 13824.5384216309
45671558.0310375541 15080.8072662354
43950971.3791362792 9971.0691460967
44441321.1223250479 12529.5038081212
45506836.5383255929 14814.4265060425
45442780.2940636054 14712.2656097412
45392477.6810323745 14643.5468406677
45269116.3049890324 14432.5283775330
45806611.4519316778 15289.1745452881
44906916.2628163993 13734.8930091858
44267649.0435269773 11987.5765194076
44599244.8761524931 13049.3095260663
43948624.5405850485 9917.1780619165
44793415.1970592439 13481.1941728592
44541898.9624500200 12792.0879333019
44893854.9329898655 13699.9348793030
44165235.3260385469 11424.1905232258
45485420.8340189457 14801.9856338501
44562644.0762440637 12887.5795679092
44119584.2955872864 11194.8384697523
45658132.7513537481 15065.3553161621
44700503.4815875888 13258.9423484802
44373658.5523060709 12299.7859906955
44438772.6719160378 12493.4309351668
44547839.1858976707 12819.3831567764
44817490.4140811265 13565.6592674255
44924700.5983903855 13770.8314371109
44801708.9241771400 13523.2976007462
43988234.9655582011 9980.0727153483
45004098.1660071611 13910.7867317200
45414506.2787618339 14671.4396629333
44428184.4127764031 12448.7893009186
44652759.2886229232 13170.5557107925
44507421.7578932941 12715.6654182477
44796253.0040742829 13481.9381914139
45158309.6541137323 14256.9846649170
44250069.6851214841 11897.2516211839
44322012.9468670413 12152.9591304092
45579748.5366243795 14919.6066741943
45414614.9039920047 14678.5049705505
44177062.2536574453 11461.7957648076
44326879.8034507334 12177.5694111390
44221255.7650875598 11789.1048740372
44148613.0157473460 11393.5956302322
45248275.2695790753 14406.1153450012
45362332.1677262858 14575.6065292358
45072240.2945569605 14072.0722579956
44521274.1242155731 12774.0064964294
44554548.4775674790 12832.8583221436
44959824.5012969971 13839.4244594574
45658024.1261235923 15058.2900085449
44481965.9571766779 12673.6604534192
45682327.4610120282 15093.2481384277
45632915.6514886692 15021.4053039551
45182590.4377430081 14257.8396835327
45096267.5265246704 14120.0374145508
45633852.0524711087 15030.3971862793
45182867.9024331123 14271.3369979858
45662399.2680008262 15067.8002395630
44323704.6444184929 12153.7660624413
44859204.6342719793 13627.4840507507
45091596.1124471501 14107.0303878784
44592927.4062516689 12925.6042032242
44359472.4978599623 12258.3292618319
45827851.5063923970 15306.3260955811
45752685.1799066886 15226.3235931396
44415649.3733716458 12402.6259727478
44853068.4088742286 13601.7904243469
44412110.2858719379 12386.7888091255
44486583.1309336871 12681.6019730682
44598226.0906589180 12966.3441310925
45587793.3913444355 14933.6399154663
44490590.0403887033 12692.2473440170
45025027.1167797446 13938.6080093384
45512830.2989430502 14827.9238204956
45028051.3570347205 13966.5008316040
45157881.2209782079 14231.8251495361
44519412.9751793295 12769.4263820648
45220211.4969945028 14310.2822113037
45807656.4781442881 15305.2317352295
45333743.8356966674 14540.6483993530
44678102.7190113515 13232.3211221695
44880505.4967191890 13645.8637504578
44407921.4301516712 12376.8184124036
44591476.3389341906 12911.2838029861
45037177.6284408495 13980.3628768921
45777902.2797717825 15270.2736053467
44980100.7067171559 13897.7820625305
44559361.8573359102 12849.6208238602
45642830.7301528379 15052.9144439697
45642722.1049226746 15045.8491363525
45147475.0422329530 14214.2040824890
45197323.2797243446 14282.9228515625
45615686.3542639539 15004.9492874146
45614749.9532815143 14995.9574050903
45349518.0476642326 14563.0056991577
45528700.6699578390 14841.8273315430
45214267.2365597188 14283.8193359375
45797715.7169923931 15277.8875274658
45500705.6354622245 14806.8692016602
45344097.1005031988 14549.1436538696
45377713.9612489864 14576.5030136108
45611750.0681265742 14991.4519729614
45500814.2606923953 14813.9345092773
