65811949.0349837914 447074.4385502338
65854862.6689256132 448726.4274399281
66104372.5080719888 463979.6113064289
66188784.6692614928 468411.5547897816
66102575.1682176962 463852.5407803059
66676743.8586562127 492805.7585537434
66908998.2900336012 501926.3088836670
66861482.8014823645 500645.3796348572
66884320.2973566055 500870.3542022705
65611573.4558656886 426819.6136673093
66125247.5433893651 465273.7598659992
66357635.2701742053 477995.5660362244
66538409.2448057681 485516.5215721130
67818573.6557724178 522779.2612915039
66705386.8195278198 494180.4105186462
65723465.5322775915 439555.9205143452
65740791.0159180313 440159.2974960804
65941867.5883434415 455191.3140366077
75281100.0505429655 544796.3081054688
65821548.3785693198 447503.3030197620
75858362.5566042513 545139.8754882812
66019333.2455793619 458590.4003841877
66555909.8659646362 486341.8831875324
66360141.3153328001 478034.0145683289
65920195.1487822831 453911.3019535542
65915232.7419345677 452645.2511894703
67370351.0965425372 515682.7565307617
67805717.4324034750 520901.9063110352
67806448.3878192008 521235.3201293945
65441122.8038799539 401226.3148197010
66982464.2599214092 503223.7081260681
66680708.8268508092 493124.4240989685
66590815.5864044055 487794.4501914978
66756868.3082429022 494236.6296844482
67858118.1189225167 523617.0890502930
66209840.8135832548 470178.0553066730
65617391.0698470175 431110.1013805866
65800567.3414671347 444642.0062878132
66106044.7214292362 464202.4948360920
66153341.7388493642 466362.4433529377
66069736.8107719421 462708.2328598499
66007126.7427283078 458440.5600368977
66346713.4813451543 476278.2030925751
66169301.2701696008 466438.8910942078
66052984.2605913728 461439.9477207661
66064920.2541141063 462627.3360550404
73271669.5305837691 537180.3072509766
65749878.5262728930 440751.3274662495
65920768.0822421461 453924.4970676899
66276048.2555824146 472858.4071922302
65990836.8191208169 457575.7520401478
67179077.8155216426 509476.6890258789
66019824.3166064322 458600.5956966877
66197110.4079917371 470132.2090713978
67514172.5992122293 518409.6035766602
65426342.4601066932 388369.6143877506
65438426.6732108220 400851.2602409199
67244512.7277856767 510365.8502807617
67088512.2527981624 508950.4043579102
65447542.0905488804 402730.3961948231
66061430.5849173293 462586.8880112171
65574533.4270745143 424488.9336223602
67947697.2102132291 528443.5400390625
66218334.7991953120 470355.4241592884
65429577.5366883576 388556.6138823032
65438022.9685925320 400655.1216110066
65761666.0512354076 441454.8249619007
75389095.1027363092 545036.8095703125
65448942.3032184020 402834.2833103016
66193747.0761092007 469456.1066849232
66190377.9925081283 468619.8466598988
66821171.6621719003 495308.7758750916
65444442.2552614585 402158.7044509724
65943453.1922626644 455439.3589890003
66532512.8129420429 485415.9461784363
65441207.1786797941 401972.6976322010
66060221.9277773947 462133.8352634907
75692368.7030546963 545107.0551757812
66075669.3706118912 462953.9668686390
66088366.9444900155 463793.7415421009
66227485.7588090822 471380.7575466633
65981738.9164421856 457329.2709610462
65743020.9901347160 440518.4262211323
65434787.8920108676 400468.1221164539
65749925.3834673017 440997.8222172260
65820255.2608383819 447195.7487308979
65969041.3425640613 456488.4162094593
65956150.7661407888 456280.2410843372
65555958.0410600901 419310.3638607860
65583043.7730463520 425182.1466434598
66105106.2745920271 464005.7838547230
65568922.6783721894 424192.9613994434
65592312.6861473918 425476.8005349040
65499348.0808650628 411490.5325210690
65501335.8678931445 411523.6585690379
65432007.3865418956 399347.7169517353
65434653.8849914744 399597.9281467274
65423561.9546377212 387249.2092230320
65612511.9027028903 426846.1415707469
65951478.4642756730 455795.3677341938
66332219.8729051799 475765.7790787220
65426208.4530873001 387499.4204180241
66384819.3080098107 479089.4238395691
65430018.1334047168 393293.5846745372
66192923.5279228166 469196.2258560658
66185705.6906430349 468136.9249699116
65954808.5164603144 456239.5503647327
65751818.7870322913 441037.1258957386
65474151.7148175463 409998.5879736543
65863982.4738307744 449321.1964695454
65606901.1540005803 426576.5643917918
65752568.1485567689 441208.3097031116
66143752.7651436552 466105.7684261799
65721348.8434535563 439113.8604424000
65950987.3932485953 455785.1685154438
65838394.3235293701 448272.1783115864
65508881.6627530754 416679.2001994923
65932848.3305576071 454709.8590519428
66087543.3963036388 463533.8895218372
65927048.1498615891 454629.4734776020
66087875.8734629378 463783.5423233509
66052160.7124049887 461180.6552708149
65924542.1047029868 454588.5142033100
65916095.7803770229 453441.5739128590
66897987.5336031765 501514.7032623291
65644595.2440893576 432628.5389854908
67038004.1502048746 506952.1351280212
66196286.8598053604 469872.9166214466
65723707.0249804854 439946.0911686420
67891706.3703464866 528058.8754882812
66266735.0143399388 472810.7264339924
65578371.4711812511 424940.1837937236
65635212.9813852087 431700.6699669361
66437726.2424986511 480292.1309623718
66087052.3252765536 463523.6903030872
66492472.7535253316 483368.4398605824
65475201.0550084040 410004.5822922587
65643001.9208427221 432418.7612755299
65618460.4312046245 431111.3147594929
65661441.8807611167 433480.5478336811
66060607.0367309451 462327.5955612659
70301142.8394179940 530179.5278320312
66267226.0853670239 472820.9329769611
65610117.0327682868 426724.9427182078
65604089.8187861368 426524.4772927165
65575560.1359668076 424888.6562649608
65583982.2198835611 425208.6745468974
65659848.5575144812 433270.4317448139
65803502.7106577978 445926.6344902515
65779300.3663614020 442023.7002384663
66226547.3119718805 471184.0465652943
65535818.0223257691 418106.9061149433
66252987.2996724471 472453.8355648518
65838885.3945564479 448282.3785068989
65546860.1383814588 419063.8691098094
65808076.5450435653 446209.9008915424
65656859.1035570949 433237.1679203510
65703794.9783307388 434312.6922180653
65712942.9384562075 438600.1164867878
65600101.6256048977 426193.4343239665
65562999.4958738163 419365.6770805195
65597452.3611915261 425829.3419975117
65617247.3197573423 426943.9054543376
65744614.3133813515 440728.1873295307
65682447.2538584992 434286.1626408100
65716084.6305620149 439090.7203056812
65623814.2952631563 431595.3424065113
66555337.2186889872 486204.0422630310
65705388.3015773818 434522.8068420887
65649949.1081478894 433112.8864567280
65609178.5859310851 426698.4148147702
67022498.9435980916 504190.0250701904
66819875.2583068386 495286.8570861816
66195795.7887782753 469862.7115433216
74868205.6739638895 544724.5361328125
65599729.7931220308 425989.8254782632
65628329.4207377583 431597.6978752613
65643525.8827317581 432626.7606651783
65808556.7281514257 446579.8195946217
66559038.4520468786 486605.4169731140
66847497.9137912914 496151.7409629822
66116149.6407107264 465027.2880642414
65767787.8696673885 441827.1951267719
65484481.6950123981 410472.0376940370
75038786.1853405833 544774.2910156250
65505017.0947417319 414831.8781372905
74773209.0666111559 544574.8999023438
65507516.2027577683 414872.4661270976
65446817.9273821041 402240.3651431873
66854942.2075203732 496215.9260253906
66367558.5327958614 478766.8896420002
65460111.9277186096 409141.4155594707
65445055.9323585182 402235.3167588115
65937631.1174852997 455057.9302322865
69758387.4318764061 529817.8190917969
65530226.4827523157 417893.5251461864
66394732.2870165035 479138.0397884846
65454396.1903259158 403239.8085171580
66252496.2286453694 472443.6295101643
66143039.0349058434 465277.2164089680
65702919.2449808866 434311.7561829090
66437235.1714715734 480281.9249076843
67304033.9034785628 515418.8729858398
67595255.6589987129 520892.4014282227
65514176.4118275642 417412.7327572703
67031926.3707109317 506599.4107627869
66131546.2622926086 465275.5728542805
65799353.7453186661 442231.1656601429
66226056.2409448028 471173.8405106068
66144243.8361707330 466115.9686214924
71916908.6387136579 536900.0848388672
65784316.9327429011 442210.8703415394
66525767.5098456591 485405.3202934265
71238324.0704255700 536806.0423583984
65799877.1108960360 442244.5082352161
65666458.4471426308 433668.3653976917
65637928.7643233016 432027.8577549458
65540200.0494882911 418788.1195675731
65553146.7058456466 419257.7914101481
66271343.1051435992 472854.6225242615
65783328.7571857572 442197.4333298206
66356176.3471381962 477714.3197262287
65525151.9977783561 417622.2570492625
67040996.7642469481 507668.6533317566
66540915.2899643630 485553.6693229675
65544048.8031670153 419011.3030068278
65485531.0352032706 410478.0300595164
74714943.2929607481 544489.0532226562
66525276.4388185740 485396.9399223328
66524122.8058384135 485144.6204391122
65952821.1727958024 455979.6983444691
65601616.1960841268 426501.6213356853
66856257.8214207664 499866.7754836679
66857411.4544009194 500119.0949668884
65451161.1137442514 403053.8016983867
65980915.3682558089 457068.9453079700
70762465.4892881662 533572.8034515381
71135901.4139056951 533623.2409515381
66607079.5194680393 487998.8275146484
66567182.5548635721 487561.6727256775
73835845.5516739637 543850.6132812500
66494269.7642721534 483388.0272629261
66846801.8147580773 495902.7205619812
66823422.1144564152 495535.3838920593
65984020.0717995167 457488.6994259357
65452791.0568971261 403096.9024369121
66668631.8033544570 488862.3852627277
65465259.4328049049 409734.8239609599
66563591.6485490724 486733.1548881531
65477155.4599950835 410203.4792477489
66503749.7886737362 484091.7461502552
66409253.8253310546 479885.1689010262
65459154.2514191717 408916.3390213847
66266588.3967476338 472483.7506728768
66507340.6949882358 484920.2630112171
66248578.9432476163 471732.5502712727
66350565.5984358788 477497.1045486927
66058964.2175196558 461560.4066959023
66410407.4583112150 480138.5142631531
66819623.7313340828 494407.1904258728
65472389.7197939530 409952.0059353709
65481126.3767421767 410214.9601723552
65508034.2418797314 416353.7485539317
66294678.3893004879 473944.5501518250
66158998.5662260726 466400.0728416443
66052050.4801463559 459450.6753380299
66819235.4624601454 494280.6481018066
65482719.6999888197 410425.0655190349
66407038.3747101575 479303.3860740662
65496700.1106579155 411482.6894356608
66294187.3182734028 473934.3499565125
66051815.9829909950 458810.3654568195
66281980.8154223561 473104.1543846130
65910721.6825360134 451068.9769699574
65588282.9752587974 425454.6847073436
66452622.0957945436 480330.2800445557
65900030.4566107318 450612.3651535511
73450041.0921087414 537569.2495117188
66041958.0811709091 458806.3635036945
66179942.2621208727 466642.8512840271
65536918.9178799540 418432.0973049998
74655414.7531075627 544477.6220703125
65901623.7798573673 450822.4675705433
66471353.5002335757 480482.7263336182
66009521.6126628965 458561.7774441242
66030465.3085576743 458804.7585232258
65865816.2533779815 449514.7541306019
65874914.1560566202 449761.2420456409
74192818.6038859636 544410.1518554688
66484105.8250946775 481411.7970275879
65864951.9932026789 449407.1561863422
65899534.0847386494 450454.0087845325
65565648.7602871880 419729.3294655681
65526288.4295635670 417624.4225766063
73736898.7668528408 540542.1313476562
73618363.3001646996 540216.6123046875
65454518.2079276145 403318.1300348043
65538512.2411266044 418641.8750149608
73738846.6545574516 542705.9326171875
65524273.4554320425 417592.7128140330
