30527281.5338947438 642446.4458007812
30350601.5366470180 633861.6813964844
30354355.4862483926 634361.0043945312
29792820.7045581825 594254.2713928223
30938314.3513231650 662595.0463867188
30584225.8120659515 647308.7734375000
30710897.2988488264 649838.2770996094
30083469.7648487240 621031.7583007812
29924075.4107963480 606131.2954101562
30102996.4930619225 622029.8666992188
30539952.3455800563 642840.8559570312
30344700.4844633639 633726.6430664062
30712279.4924720973 650366.3232421875
30099242.5434605479 621568.8737792969
29930069.5254883654 607465.0898437500
30050956.3586650789 619766.1054687500
30646536.2343744524 648756.0595703125
30370520.9074570239 638251.3159179688
30317311.2404309511 632215.7255859375
30436921.2138903327 639938.4785156250
30351398.0238569155 633881.4167480469
29697453.8665674999 577575.9960937500
30147545.2230546400 622956.3547363281
29733258.3548058495 584231.9888916016
30638458.7419781126 648293.2265625000
30467566.9548027627 640772.5122070312
30072411.0869621485 620856.8437500000
29529269.4858303368 517725.2895988822
30119955.5225812010 622785.4819335938
30068657.1373607777 620395.8508300781
30340946.5348619893 633228.1452636719
29678444.5489779748 571176.1244812012
30366766.9578556530 637790.3229980469
30241458.3898171261 630418.8076171875
30838369.8617723584 656374.1953125000
29627184.8903541602 557599.5675659180
30047202.4090637006 619137.9881591797
29719958.3738038614 583127.4173583984
30025149.1441397257 617099.2666015625
29888312.5312063769 604723.6196289062
29914473.2717760205 605927.3343505859
29543973.0827622749 528512.0120837688
30917369.8057311960 659551.8022460938
30548767.9776774831 643652.2407226562
30754038.5118607134 654704.2749023438
29666252.7874757163 568835.9749908447
30116201.5729798265 622324.4890136719
30355151.9734582864 634380.5307617188
30042407.2526676953 618969.9956054688
29827866.5353334770 596754.4400939941
29561916.6987089142 536714.1912899017
30549975.7746763602 645789.4389648438
30326403.6992340349 632278.9252929688
30006696.5746880360 616762.0126953125
29873799.1612168849 599845.1201171875
30466788.9391712733 640111.4335937500
29629927.8177791908 558348.3497924805
30151299.1726560146 623417.3476562500
30000587.9264705293 616486.6916503906
29647776.2398645319 566641.4454193115
30257675.6451216489 631050.6733398438
30743869.1548026316 652263.4628906250
29955452.1088312194 609161.4919433594
29932273.0278574601 608770.0090332031
29852602.1797235571 597380.4777832031
29981748.0028196946 610705.8095703125
30807201.8664484099 655734.1352539062
30531035.4834961146 642493.2622070312
29518401.0422667600 514436.9801182767
29685323.3626839668 571730.3858642578
29789049.1102067307 593145.0128784180
30177057.0169407241 624912.5050048828
29653343.0437500924 568819.3092622757
29633195.5997723751 559262.2886505127
30199715.4991160333 627699.1346435547
29603192.4603110962 554768.1578521729
29649778.3987782001 567519.6992311478
30237291.3576978371 630132.3273925781
30233955.7346249297 629836.3974609375
30553101.9568884112 646393.5444335938
30902730.9262467325 659259.9018554688
29804483.2677744739 595053.8229980469
29519346.5797148980 515483.0011588335
29774392.9134018645 587514.4372558594
29633834.3824498765 560260.8569641113
30047949.4022506699 619518.8183593750
29967150.3033093400 609849.3784179688
29564862.5461554714 538245.8006362915
30279264.4499010891 631530.6464843750
30201870.3103353567 629080.7822265625
29589928.8809133023 550491.8850479126
30058679.4134787470 619790.4602050781
29617689.6619235426 556631.2756347656
30188005.9755294062 627448.0539550781
29639748.4067204669 561786.6972045898
30921220.2828890234 659671.2602539062
29580364.0164990462 541942.4772415161
29547511.0005804785 528854.3019728661
30286217.1764456518 631569.4719238281
29971497.5977850445 609969.0886230469
30220332.3281785548 629376.7121582031
29585751.9360374399 549516.1412086487
30093768.3473989889 621326.0017089844
29959047.3482264839 609431.8068847656
30402734.8230059370 638390.1418457031
30292191.3184210062 631900.2441406250
29608491.9255998768 555905.0115356445
30596401.2037548497 647330.4687500000
29982396.8317385651 611322.1108398438
30251246.7424952388 630600.1166992188
30030661.7060728893 618859.9304199219
30408591.0119517557 639188.2402343750
30774677.2458405867 655451.0019531250
29782064.7838812731 591384.7875976562
30224499.3602978475 629663.1923828125
29706809.1731175445 579784.2370491028
30217775.0642075613 629099.9995117188
30725199.2650015727 651789.3715820312
30030264.5693528615 617932.1416015625
30549564.4648873806 643668.8383789062
30564933.3988861181 646856.3774414062
30266040.8646465130 631478.0566406250
29586374.3260775506 549677.8370027542
30296358.3505402990 632169.2907714844
29567546.8841845244 540425.7661480904
29646772.5356179290 562547.7193374634
29762983.9019452482 587261.3791503906
30910587.6393138431 659545.4565429688
29810477.6307709850 595992.0529174805
30431803.1643625051 639198.7836914062
30541486.9724910446 643206.0053710938
30740963.2653906494 651836.9824218750
30756007.3560395390 654976.9106445312
30717121.7726052366 651326.5385742188
30292609.6449494734 632047.8735351562
29543625.5274375491 518592.8114487901
30095493.8378697187 621447.4565429688
29783657.6101698801 592166.6543579102
30611155.4749942571 647419.6284179688
30660656.0232091062 648853.4809570312
29596475.9896729477 553764.7024307251
29778524.1702411734 591287.8989334106
29594445.2293677330 551673.7286453247
30747929.8636431992 654514.0776367188
29869315.3995713070 599171.5103759766
29782528.6889982224 591923.3051147461
29578794.4619221911 541595.3648033142
29854654.6118530333 598235.3133544922
30327974.1327981688 632984.7978515625
30693796.1350891925 649230.1508789062
29691015.2733612917 572379.3105773926
30507820.0781596154 641084.6494140625
29762650.7916214280 584379.0792236328
30627197.6297454424 647930.2875976562
29677868.1943318732 568881.2886047363
30823134.5896813795 655928.0742187500
