9828994.7550226003 32087.3601837158
9829565.7184426878 32798.6697158813
9840997.7007942498 33775.4603576660
9825526.8498602118 31990.4990921021
9833083.1754778791 32967.1842346191
9831945.6568110678 32887.7230854034
9839962.9842474740 32994.8066253662
9824703.7671830654 31907.3922882080
9864557.4673156478 34583.7364807129
9832210.5409279298 32893.0188980103
9851195.8877003379 33802.9772491455
9838212.5812809821 32978.5321121216
9859513.6409355849 33809.6476898193
9835797.3506474290 32967.3952331543
9839640.9061449356 32989.8799896240
9828077.9853527453 32076.1178054810
9831116.8449656516 32865.3836445808
