30345560.9190234952 192148.6445312500
30198801.5039508641 190692.5312500000
30414792.1106899716 195302.4334106445
29956733.8428538963 183364.3186035156
30042809.0572759546 186899.4832906723
30037705.9733672813 186580.5137948990
30034080.0200596191 186407.9073495865
30189969.3635257967 190125.1212778091
29586458.5802736320 163000.0705513041
30032456.3563173600 186334.1257648468
30060467.5168374926 187081.5325317383
30312914.4699244276 191975.6027221680
29631736.6638154648 167077.7663313039
30115812.9035983048 188142.1942138672
29930403.0777654834 182425.9717131918
29659681.1739219911 169562.7971439362
29665501.1389860921 170478.8892311137
30205332.2718246765 190742.7988967896
30221583.7914164662 191485.7312622070
30705347.4580505341 200449.4761962891
29917790.9486297108 181849.3294610977
29759861.0038942136 175438.6738783009
30523168.2546877638 198239.9354248047
29806991.7390429601 177727.0184259415
30194758.8159657754 190563.3519592285
30624632.8471562751 198960.2105712891
29747609.7125950158 175275.4713636525
29597020.0792961791 165898.9622215312
30035396.2296770141 186541.8986482248
30185036.2446765713 190086.5061311349
29568719.6819417886 162863.7346138041
29993853.9386455268 183936.4377746582
30357595.6619831882 194287.4063796997
30443018.2248271331 195538.0221557617
30307486.6928912923 191908.8193969727
30030501.5415898636 186002.8102426529
30220567.9177025296 191148.2167663574
30050349.7098063827 187065.6255798340
29968470.2114421427 183452.5957336426
30204032.4127910249 190739.4123535156
30045118.8009662181 187018.7444763184
30351064.8941093720 194237.1387329102
30394781.0093623400 195094.2392578125
29626559.4762752764 166731.7410301249
29995217.9969964065 183997.6900634766
29534704.4624870233 157663.2882160228
30171277.1881403625 188322.9910278320
29976682.9962621629 183810.6103134155
29963515.3518639952 183407.7457580566
29934658.3793316819 182896.4662366994
29622948.0516160615 166401.6751718130
30205748.9331150204 191021.5411682129
29835526.2659297064 178928.2453337973
29710642.1689342633 171495.0590520985
30367634.0786409080 194691.0997314453
30109373.0282403454 187854.2542114258
30602054.8824583367 198892.6625976562
30318864.1440485492 192036.6151428223
29865153.6884124242 179583.6627699025
30287004.6208053268 191764.2482299805
30075412.7132833414 187651.1683959961
29692491.5374060757 171131.1896864064
29596442.6265244372 163088.8717050161
29969248.1426956318 183610.7242279053
29872190.0064757690 179724.6498136520
30727179.4087830335 201974.6502685547
29699774.1728631631 171357.3175668325
29553553.0969223790 161893.5168632548
29745589.2623145729 174651.8441663869
30681412.2643443495 199261.5715332031
29886050.5959262289 179753.8862533569
29924634.6248939708 181860.3746757507
30102014.1801070645 187840.8572998047
29601501.8100310080 166004.6515754741
29812081.4865127839 178128.4332676037
29546645.1204924397 157760.0295051616
29812081.4865127839 178128.4332676037
30218936.2108415067 191136.3938598633
29815962.7027903683 178227.0900058850
29815962.7027903609 178227.0900058850
29843228.3356813490 179397.7823988087
29930756.8696463294 182780.1454839315
29891158.7898580618 179853.6344680786
29784145.9356465712 175680.5684705861
29553150.9521147870 161882.3405403178
30498739.2253570482 195622.0209350586
30609564.2159809731 198920.7067871094
30335712.8070284501 192144.9771118164
29740570.3369990215 174194.8942147344
29887088.4159570374 179772.8366889954
29907480.7898204848 180053.6426239014
29732209.5474711172 174073.1987609863
29637616.6079033017 167135.8670005798
29925522.5907052867 182228.1926507950
29732443.4568743259 174104.7789707287
30024462.4244911410 184303.7414550781
30091410.3656976894 187807.6234741211
30168522.5550914779 188300.3114013672
30060746.9175962098 187173.1436614990
29732443.4568743296 174104.7789707287
30322279.3663910814 192108.8048706055
29731715.7961464301 174030.6897074115
29756969.7635665499 175414.7648817189
30300798.8680012673 191866.4601440430
29604931.6545185745 166312.8740181010
30066958.9855533838 187460.0245361328
29994962.4313813485 183984.0299758911
29953746.1149715558 182985.9434432983
30535852.2844324335 198434.5646362305
30263500.3107309937 191744.2769775391
30030355.7761743106 184402.3843994141
29942148.0036753118 182932.4314937592
29826302.1004780121 178774.1347802933
29747310.7732505538 175253.5007215627
29722896.7920989878 173625.5926004779
30022048.7961947173 184106.5609130859
29931505.1168484986 182789.7539858457
30553057.1787936948 198591.9656372070
29902502.3323289566 179991.9177703857
29780631.0723016746 175481.8162813187
30319658.8099829331 192084.4284057617
29742685.4147533886 174601.2002662700
29647482.9434707537 167211.1827401724
29674321.8845360726 170479.7562627476
30256886.6149441749 191489.4605712891
29681177.7718576565 170529.5003356934
29926409.8211539462 182318.7422632035
29691164.2056556940 170569.0293470509
30575086.8898957483 198713.0816040039
29731685.2912290506 174017.3965365328
29822326.6136626117 178328.6749811172
29842128.8900324069 179373.1919505334
29954272.3140521832 183057.3594446480
29889875.3174522370 179774.8002252579
29861323.3724211901 179570.7215509415
30380829.9339021072 194868.4158935547
30388093.1844723150 195051.8800048828
29913602.7095350623 180069.4504089355
29617616.7445608936 166338.7023181915
30383306.0784265995 194889.9571533203
30311481.2117335759 191924.4326171875
30502006.8598565236 195665.7506713867
30423007.1234995015 195330.3969726562
30115236.0930900350 188063.3858032227
30114800.7542783171 187955.8928833008
29944221.6005923748 182974.5163154602
30022477.9349750206 184241.1931152344
30475788.4815021567 195557.1390380859
30287655.5683470331 191804.7777099609
30164830.6212928146 188250.6458435059
29795136.7656652033 175797.2881965637
29877645.3723836169 179748.5014829636
30181502.2361875772 188341.2838134766
29895099.6905322149 179882.7708311081
