30697941.6073596403 195203.3096923828
30315393.6889362633 186595.0494350195
30112929.3688228354 179831.8895248175
29665542.0360423774 150924.6244169772
30827900.5372653715 196945.4768676758
30638691.4140675925 193365.2668457031
29836707.5453795716 170276.0451573133
29854660.3450013213 170818.1461704969
30083516.8639363796 179423.4578113277
29631554.2939638086 150301.5042035654
30155327.3206669316 181622.2066419125
30090018.8126208745 179635.9404891729
29690676.6090269871 158163.6124687195
29675477.0683359727 154423.8152387217
30339678.5130737498 187134.4521465302
29952405.3456162885 175205.0552669764
30469085.7186300419 190714.6621685028
30288772.7665783018 184317.4622745514
30659329.4856381342 194008.1064453125
30661347.7528546266 194294.8721904755
30463928.2533907704 189908.5383892059
30257175.0568588227 183926.9735050201
30459462.3748311959 188629.3274536133
30194767.0533421263 183156.6720260382
30642117.5811409317 193441.5744628906
29989749.7924710326 175518.2309654951
30389818.1818059534 187719.4806499481
29903088.3357292525 173560.6781974875
29904168.5704222098 173569.8269870840
31073675.2199509442 200601.9945068359
30727908.3713047355 195399.2587280273
31020991.6118616797 199160.1118164062
30304528.2378844917 186190.2882499695
30842235.1323117204 197021.7844848633
29912336.8329280652 173571.4134446383
30795105.3520461507 195786.7554321289
29885110.2344501242 173531.5857082605
30857147.8297812268 197216.3242187500
29693451.2879530452 158166.4460556507
30324500.3923780583 186757.9894847870
31088063.4344094880 201313.1607666016
29789267.8685102127 166818.0430008173
29765376.8060072400 165676.9704381227
30924858.7356643640 198784.9290161133
30179588.9326464273 182780.2093642950
29836101.5738857388 170148.7086505890
30664486.9508774057 194814.2302246094
30427864.6651117206 188238.8386840820
30763796.8559337445 195590.8063964844
30765270.0952710658 195595.2077636719
30723024.5595200621 195204.7189941406
30859697.8299062029 197732.9507446289
29716604.3580999523 158546.1211210787
29933863.3866035603 174996.1945006847
30444549.6773616895 188434.7877197266
29714297.2244274057 158345.1546966874
31114053.2875525914 201974.6502685547
29922732.3445712663 174771.8528850079
31061624.8341490738 200528.1968994141
30021855.6937013827 178065.1077373028
29824101.2116252668 166957.3567886706
31040930.7385973930 199840.2232666016
29931350.4423774406 174776.8611223698
29854643.5328984596 170359.6243557930
30178158.7371656001 182670.7116085291
30386563.9559245296 187713.2886657715
29913397.6427556835 174270.3081195354
30412951.9676422141 188044.2989501953
29719090.4722921550 161746.6560776234
30567270.0928045176 192013.5884399414
29940643.5673887953 175130.3954280615
30265862.2103763483 184121.5132389069
30348365.6665912718 187328.9918804169
30876831.8018311933 197901.0063476562
30436551.8186292462 188433.3784179688
29707340.7106457166 158274.0821926438
30133884.8571248502 180164.8405551910
30216388.3133397773 183372.3191967010
30897525.8973828740 198588.9799804688
29715066.9636747018 158464.1286764145
31079376.2808919623 201286.6766357422
30177594.8794319853 182619.1725243330
30658662.3551681191 193606.8985576630
30963381.1459569782 198976.4766845703
30335365.8434298187 186900.8848571777
30840343.4888447970 196947.9868774414
30882613.1999133676 198394.4402465820
30479951.1696818098 190857.5575408936
30377773.0766557679 187666.4269866943
30043148.3360083625 178894.1639201641
30590983.5313788652 192014.9977416992
30640518.4976328388 193367.7768554688
30498493.1286945380 191052.0972747803
30502217.7266028076 191234.0202026367
30827042.2231441140 196260.0132446289
30014642.9730255976 176008.8687881231
29881325.5997979604 171208.1541451216
29933147.9979973659 174935.8556941748
30159616.7781528682 182474.3739421368
29960615.7218823545 175325.8636687994
30634326.3885832578 192848.4188213348
30335953.9151654802 186931.4217818975
29982061.2770657949 175508.4936320782
30609525.4903915934 192209.5374755859
30033813.6341927759 178392.6191546917
30635925.4720913507 192922.2164287567
30533815.4363222830 191624.5089721680
30510904.8801203296 191428.5599365234
30601260.5372600220 192205.1361083984
30624438.1878610998 192401.0851440430
30251995.1582996324 183809.6696453094
30548728.1337917931 191819.0487060547
30010466.1770074889 175611.6435531378
30068702.1746820919 179228.9888275638
30176814.2537203729 182614.6591156498
30317411.9561527520 186736.8820480108
30276727.6614281125 184282.1660003662
30035611.1898126975 178516.0657161474
30299316.8668585867 184514.2381591797
30295269.6204408407 184476.7057342529
30242324.5971242264 183599.1608810425
30397950.6984902248 187729.6965332031
30071476.8536081463 179394.5390762091
30145338.3799122721 180354.3996318933
30653717.4410483912 193443.7661132812
30404730.8792754635 187924.2362670898
30359231.1176430397 187471.8872528076
30232235.5213397034 183577.0748138428
30226364.7630616054 183547.1607955694
30363278.3640607819 187533.7474975586
31049617.8921149187 199866.7073974609
30400683.6328577213 187862.3760223389
30132358.4921930693 179965.5414718390
30221996.1658723801 183545.7514938116
30051504.6991145872 179088.7036540508
29978099.4879983254 175326.3444637060
30203454.2068596520 183351.2117599249
30244906.7220743336 183741.7005294561
30382141.6738449894 187667.8362884521
