86516066.5676632077 353462.9043407440
86990528.2062933743 379344.6772460938
86623695.8534983248 359522.1202621460
86341823.8516000211 342711.0222167969
86774926.3499143720 367544.1375503540
85431774.7870266736 264868.4461248070
87049344.7375343293 381572.0289916992
86337160.3494610339 342043.0523937941
85811903.5831375271 301269.5681457520
86441652.2610722780 349581.8503646851
86324973.2773444355 342042.5060653687
86753120.4896109998 367170.2514419556
85910930.2825988233 312112.8937892914
86532479.9331189394 353738.8526715040
86121981.2408263087 327143.9102077484
86678802.8622881472 361656.1041488647
85766891.3463054895 297649.6251392365
86020868.0826422274 322478.0181331635
85985768.8320411891 319075.3801937103
85897158.5146128237 309056.6295185089
85766891.3463054597 297628.5772113800
86423216.8674760312 346791.1617202759
85974619.4324737787 318381.3638153076
86500468.7923132032 352003.6394481659
86405970.6092115194 346236.6009960175
87163529.6326739490 387764.5231933594
86658622.3065093160 361403.2129898071
85731920.8239974082 296789.2016258240
86138557.2128360569 329101.6581077576
85985768.8320411891 319039.7864437103
86472862.1836951673 350251.5794677734
87104451.7463241369 383589.7272338867
86247325.6684983373 336943.9837646484
86294683.0534742773 338719.3503799438
85650421.3398623168 285416.2897701263
85650421.3398623019 285416.2641963959
86189035.4708051831 332291.6770019531
88952032.9400465637 401461.8137207031
86261390.3802710176 337633.6961040497
86420825.4268646538 346476.9011611938
86200184.8703725338 332952.3119277954
86294683.0534742922 338762.8347549438
88583053.5947513878 400793.4416503906
86567794.6344626546 357339.4011459351
87234683.0564025193 390067.3469238281
86700941.2567462772 363588.6841049194
87373172.8818246126 394537.8806152344
85610499.1845202595 283076.2845134735
85563317.4073512405 275254.6222286224
85623765.7231517136 284713.9414386749
86433007.3795982599 348157.3900146484
87444326.3055531681 396991.8566894531
86122108.5848787129 328921.4734039307
85827718.9173522592 304044.6163139343
86233390.4064480066 336307.7143383026
86080267.0151428431 324806.8248958588
86048490.8994169533 324023.9315643311
86230475.0942427218 336275.4676132202
85897779.5575367659 311156.6723022461
86032909.6301669776 322675.3400115967
85731920.8239974827 296849.9753837585
85663469.3420134336 286321.3160896301
86010369.5599128157 319749.6797943115
86292135.7586429864 338694.0812606812
86454030.9629400969 349832.3035717010
85974619.4324737787 318493.8032684326
85804655.7002126724 300531.4827270508
85897779.5575367361 311124.4472045898
85915871.3768111318 313945.2331390381
86900070.2752776593 374271.0403442383
86270329.8983396590 338369.6570663452
85881826.2906812280 307560.4742031097
85927020.7763785422 314662.4423885345
86218620.2639688402 335507.2599258423
86900070.2752776593 374234.0042114258
85811903.5831375420 301293.8429107666
86298524.6539234519 338788.3131332397
85811903.5831374973 301166.0364379883
86666300.9012927413 361439.7042007446
87349364.4926664382 392953.5178222656
86172592.8437361121 331373.9128932953
86601395.9976969361 358323.2369232178
86884023.8603389412 374062.8308715820
85884069.8855573833 307632.6900024414
85853183.3824989200 306102.3208980560
85710312.0019546300 293118.3300189972
86210386.1766066849 334882.0112915039
86301969.0475030988 340616.8327636719
86258475.0680657327 337601.4493789673
86551932.0101657659 355893.6470794678
86938628.7967948765 375085.2360839844
86010369.5599128157 319764.2084045410
86438499.7517707348 348721.9201507568
88427100.0680851638 400540.8508300781
87394978.7421279550 395206.7888183594
86594702.1264680326 358020.0535125732
86221535.5761741251 335539.5066509247
86626611.1657035798 359525.2956981659
87234683.0564025044 389952.2912597656
86607649.4385595769 359498.6774826050
88427100.0680851638 400464.7937011719
85886009.1150454134 308256.4762992859
86554847.3223710954 355925.8640594482
86451115.6507347822 349800.0568466187
86701613.3173958063 364018.9557037354
86932238.0086001754 374692.3704833984
86955177.2840674669 376223.9285278320
85857212.5170761496 307508.5140438080
85927020.7763785273 314604.1224422455
86938800.1394939125 375550.1287231445
86661537.6187146008 361435.3473339081
86383362.0633790791 344696.8183822632
86096631.7513254285 325314.5545711517
86138557.2128360569 329069.2938899994
86044059.0297343731 323302.2554378510
86473296.4513609707 351336.4681625366
87123674.8285769820 385829.8547363281
87163529.6326739192 387734.6348876953
85927020.7763785273 314603.6557674408
86347154.0779705942 343814.8119125366
86932238.0086001754 374735.1439208984
85959339.9783676714 316948.9413146973
85959339.9783676267 316898.5811614990
85814007.4741291255 303818.0186614990
86441652.2610722780 349345.9558334351
86153291.6449838877 329289.3562240601
86387008.8820675015 345909.0013656616
86304884.3597084135 340773.9042358398
85938875.6066524535 315371.8634548187
86500468.7923132032 351767.7449169159
85563317.4073512703 275254.6486415863
86513151.2554579228 353430.6576156616
85706282.8673774302 291712.1368732452
87527032.1549326181 397206.0485839844
86536876.2651799917 353806.1345443726
85768970.8616895974 299555.0491142273
87126590.1407822669 385861.9398803711
86860215.4711806923 372370.9807739258
86099023.1919368058 325665.3609523773
86549359.2408664227 354548.5586166382
85576365.4095024019 276163.1392364502
87101536.4341188520 383467.1137695312
87088323.9063511193 382664.8472290039
85959339.9783676267 316938.3675231934
86055913.8600082994 324070.4631252289
86010369.5599128157 319748.4994049072
85686211.8438446373 289275.3082542419
87163529.6326739490 387788.4553222656
86114302.6460429132 327111.4438991547
87091239.2185564041 382735.3507537842
86405970.6092115194 346000.7064647675
85885502.5844880044 308102.4431915283
86977315.6785255969 378444.3311157227
86539791.5773852915 353994.1517772675
87101536.4341188818 383504.1499023438
86304884.3597083837 340649.0497436523
85695133.4678100049 291089.3940544128
87352279.8048716933 392956.5124511719
87333318.0777276754 392633.5256347656
86298735.2171265185 339131.4636745453
86480975.0461443663 351372.9593734741
87088323.9063511044 382617.2710571289
87453086.6920700073 397062.8342285156
86570709.9466679245 357371.6478710175
86114302.6460429132 327111.9105739594
86366115.8051146120 343906.5170116425
86481507.0651691854 351440.1452865601
87126590.1407822967 385909.5160522461
86161739.5499530733 330345.9787502289
86583841.0494013876 357427.9308090210
86386277.3755843937 344699.8032665253
87389219.2967633754 394857.8728027344
86567794.6344626248 357103.6236648560
87126590.1407822967 385916.1854858398
87179576.0476126820 388108.4475097656
86481507.0651692003 351741.1267013550
86700941.2567462772 363657.7895736694
86099023.1919368356 325756.9503974915
86844169.0562419593 371959.1536254883
87163529.6326739490 387902.6223144531
85827718.9173522294 303991.1797904968
86884023.8603388965 373914.0120239258
87392134.6089686602 394860.8674316406
86844169.0562419891 371995.1375122070
85695133.4678099900 291054.7470817566
87373172.8818246424 394573.8645019531
87834058.5043836087 399630.7854003906
86172592.8437361270 331609.8074245453
87243357.8139723688 390245.4359741211
87292445.3188896477 390272.4320678711
86713265.6855141073 365179.2893714905
86347154.0779705942 343578.9173812866
88427100.0680851787 400546.9748535156
86586756.3616066873 357555.9607372284
85596055.6331311911 278654.7387275696
85595219.7377428710 276464.7571105957
87030383.0103902817 381249.0322265625
87107295.8794834465 383703.0083007812
88952032.9400465637 401412.6130371094
86586756.3616066724 357431.1062450409
86099023.1919368356 325737.2070980072
85528455.1445047855 275121.7534597069
86387008.8820675015 345673.1068344116
86847084.3684472889 372056.2250213623
86843891.3417031020 369949.0365447998
86993443.5184986740 379548.5900268555
87336233.3899329901 392701.6506347656
86685262.6284367293 361730.7002391815
87975272.2046617121 399739.7810058594
86632370.6110681742 359525.4361705780
86744312.2546520978 366149.8931732178
86567794.6344626248 357103.5066146851
86713265.6855141073 365076.5154800415
86980230.9907308966 378476.4357147217
86018504.5526881218 319909.4657344818
87139721.2435157150 386149.8469238281
87240442.5017670691 390122.3493652344
87139721.2435157597 386358.2227783203
87046429.4253290147 381569.0244140625
87009489.9334373623 379718.0265502930
86824273.9133396000 369392.7649917603
86993443.5184986293 379468.5973510742
86860215.4711806923 372279.1458129883
87309881.0997932404 390767.5114746094
89863513.3666224778 401842.5734863281
86729312.1004527956 365400.4861831665
86827189.2255448848 369395.8280467987
86604311.3099022508 358355.4539031982
86561541.1936000288 356229.0474700928
86985990.4360954911 378612.5855560303
88169200.6049233228 400114.4748535156
86564456.5058052838 356261.2644500732
86832948.6709094793 369520.6825389862
86985990.4360954911 378478.0812225342
87185335.4929772317 388344.3420410156
88967063.4493737370 401466.5544433594
86641771.8315171003 359858.3077106476
87172204.3902437985 388056.4349975586
86339011.6220341623 342270.2352008820
87822869.5991510302 399588.7770996094
86647531.2768816799 359938.5999431610
86774926.3499143720 367531.7117691040
87381847.6393945217 394601.9558105469
86821925.4445292205 368469.9897918701
86821925.4445292205 368585.0454559326
87642728.4998054653 399133.8830566406
87696311.0708572119 399449.7248535156
88740612.5156220943 400815.6267089844
86375917.8524399102 344157.2098102570
86526589.2956059128 353533.6975440979
86737986.8580226749 365639.4437694550
87326064.7585611343 390871.2131347656
86632370.6110682189 359525.7496776581
88791055.2001172602 401212.0739746094
86777841.6621196270 367733.6332225800
88789010.5814171135 401108.7976074219
87355123.9380310029 393024.2687988281
86339011.6220341623 342069.2615680695
86465153.9954245389 349861.1139698029
87540739.6402004063 397397.9138183594
87978187.5168670118 399793.5881347656
86735071.5458174050 365492.3211441040
86289098.2641216069 338390.1713581085
87110211.1916887313 383706.0128784180
86636331.0565921515 359669.4948959351
86910988.2844032645 374406.6178417206
88740612.5156220943 400822.0109863281
87303191.5385066867 390458.4465332031
87534894.5658888370 397299.4528808594
87055104.1828988940 381807.9235229492
86832948.6709094495 369487.6630077362
87577494.6568998694 398874.3093261719
87540739.6402004212 397610.8059082031
87185335.4929772615 388403.5543212891
88160908.0403841138 400029.8884277344
87675970.2731017619 399339.5964355469
87583339.7312114239 398947.0119628906
87577494.6568998545 398826.4289550781
86735071.5458174199 365532.2317886353
87696311.0708572119 399470.2131347656
88002158.0005528927 400027.1403808594
88002158.0005528927 399845.9899902344
87616434.9047361016 399106.1428222656
88758590.5867556483 401032.6115722656
89862420.3286001682 401835.3449707031
87514777.8965366632 397192.7077636719
87696311.0708571970 399392.0129394531
88740612.5156220943 400819.4645996094
87299289.5730744153 390321.2492675781
87622279.9790476412 399121.3303222656
87549790.3726273477 398388.5280761719
87549790.3726273775 398389.9240722656
88294021.0488256812 400239.4616699219
89432050.3032599092 401774.8034667969
88278990.5394985080 400235.3913574219
87710270.3649236858 399554.2834472656
87574199.3389091343 398528.6516113281
87364773.5888263732 393165.0925292969
87875050.2817171216 399707.7111816406
88309531.9470010847 400372.6579589844
