85876439.2933052778 318910.4401683807
86670409.7254979014 368069.9549865723
86147095.1763650477 336956.4732818604
86284662.0945368111 346187.2204418182
85507858.1981156468 286411.3639392853
86041169.8632914126 329761.7707958221
86925179.5390255749 381291.8742065430
86055427.9329814166 331621.2693920135
86802603.0062769949 374856.0278625488
85507858.1981156468 286477.2318210602
85280730.4184392989 263153.5671424866
86708732.4882202744 370324.7870178223
86642841.9674533755 368031.1726379395
85049581.6976301670 231933.7406120300
86093750.6957037747 333741.0789623260
86126775.8507120162 336596.5757884979
86525425.2262883484 359561.9498922825
86637311.5224388540 366053.6477355957
85197927.0960818529 254855.9277153015
86020339.5822463930 328856.7346019745
86193893.5453897119 339850.1070232391
86055427.9329814017 331552.3353099823
85583815.1009745896 294707.2519226074
85518618.8105257004 290602.2764110565
85049581.6976301819 231934.7799472809
85081474.4142179787 238490.8959102631
85102556.7826472968 238805.9385318756
86444129.5146711171 354792.0135192871
86444129.5146711171 354781.4339294434
87076006.2856555879 387618.0277709961
86071205.1307904720 332283.5298137665
86674833.0136171579 368144.9211730957
86082219.0541392714 333206.4575023651
85182742.0240652859 254034.9324188232
86450703.3947095573 355550.7318572998
87583751.6274759918 399193.8312988281
86165098.6134344041 338750.7247142792
86534810.1279154420 361198.9166564941
86366228.2643421590 350878.2904510498
86855470.4622100592 376835.7842407227
86366228.2643421888 350936.4409027100
85665565.6977446079 302412.0135040283
85370765.6252789497 272163.2611923218
86580962.4955604672 363682.6144104004
86247385.1440179646 344018.4245433807
85271553.1164586991 263061.3051185608
86534810.1279154569 361241.6900939941
86309343.6691689789 346797.4526042938
86246339.3318144381 343998.4767894745
86330814.4621818364 348670.9181957245
85182742.0240652561 253973.5784149170
86542639.7328380942 361729.7711486816
86580962.4955604970 363734.0816955566
86285707.9067403823 346207.1681957245
86414921.1953877211 354319.1029949188
86863300.0671326816 376943.3159790039
86003070.0824594498 327265.2417430878
86479099.8271887302 357159.4670085907
85192492.8758894503 254120.4123992920
85863997.9033640027 317678.0314769745
89761921.8123696744 401898.1188964844
86296326.5676074028 346628.7638835907
85013817.2456696630 226298.5020275116
86461073.5630327463 356873.9252605438
86496487.3651930690 359010.1730041504
85150108.5020030290 247295.6291999817
86185687.0338323116 339684.2178630829
86224009.7965546995 341987.4009609222
86228977.7447242290 343617.3498363495
86855470.4622100294 376767.3775024414
87311070.7496742159 396927.0773925781
87242979.6757822633 392405.2515869141
86228977.7447242141 343577.7018871307
86855470.4622100592 376846.9849243164
85247608.7143185586 258080.4788951874
85868609.6883826256 318547.0324535370
85830286.9256602526 316358.2888011932
85248923.0587243736 260044.5441207886
85881248.0701703429 319197.3480663300
86348866.6772519350 350456.2528533936
85229011.5677097738 257248.7736129761
86376598.4326653481 352164.9540691376
86404551.0270645320 353067.0341033936
86271020.9064466059 344372.8085613251
85974187.2146013677 326304.5832347870
86871737.7068955600 377226.2715454102
85881248.0701703429 319326.4672069550
85850258.4644583762 317008.6044139862
86607195.2712738514 363972.4387512207
87045110.4321034551 383920.3746948242
90945381.8528845757 402076.5134277344
85150108.5020030290 247263.0735359192
86636510.2508947998 365956.1775207520
86211250.9810794294 341538.7764720917
85426107.6013456285 278835.0444736481
85583815.1009745896 294741.2714538574
85150108.5020029843 247231.4120368958
85168493.4738234580 251332.8941421509
86270162.1641997397 344356.6592693329
85507922.6341008842 286841.1239337921
85209042.0921311527 255471.4183197021
87649875.8209188879 399602.1638183594
86995493.3479117453 383592.0011596680
86431188.4400732219 354611.3359050751
85306366.0085096359 264244.3083915710
85080530.7120761573 235861.8217506409
85883506.6013570428 319828.7460155487
85318407.7747569978 267802.0949020386
85409869.8037416041 277308.2881069183
85117653.1662362814 244678.5573959351
85507922.6341008842 286840.6429767609
85015466.8194967806 229796.0071144104
85507922.6341008842 286911.7674884796
86598988.7597164512 363806.5495910645
85303857.9431568235 263255.1784858704
85318407.7747570425 267802.2408065796
85665565.6977445781 302392.3562774658
87980673.9276353270 399900.9377441406
85744680.9382396340 309558.0785350800
86637311.5224388540 366054.5951232910
85665565.6977445781 302340.8889923096
85339611.7029981017 270928.1708412170
86444129.5146711171 354958.9798278809
88328038.0191555321 400377.6809082031
86551077.3726010025 361856.1837463379
86224009.7965546846 341872.9615154266
86748396.7688789219 370436.6655578613
87172880.4247632474 390315.6176147461
86517422.5899111032 359112.3102703094
85921829.3640794158 322017.4896678925
86157044.7436813712 337547.8365306854
85134923.4299864173 246457.8161907196
85498680.8961350620 286400.9469547272
85134923.4299864173 246392.4521789551
86637311.5224388242 365995.2932434082
86708464.9461674392 368262.0266418457
85507858.1981156468 286403.5812473297
85662930.3414696455 301664.1456890106
85227248.8835876286 255527.5475730896
85216274.9596390575 255480.1788825989
86764782.0145874918 374718.6401672363
86802603.0062769800 374773.1621398926
86041169.8632913977 329512.7551708221
85662930.3414696455 301617.4165630341
85466445.4654199034 282416.8831996918
86841161.5277942121 375570.0093231201
85734501.2410906851 306862.2022075653
86112740.7629124522 334463.6311473846
84976259.1736030877 219838.3022747040
85476050.8384007215 283360.3277339935
86444129.5146711171 354723.0794372559
85771143.2239633203 310098.4397735596
87416634.4940342307 399166.8977050781
85409869.8037416041 277231.3752117157
85483470.8718973994 284603.7187061310
87172880.4247632623 390390.2294311523
85476050.8384007215 283302.3409175873
85411567.7953558117 278756.0235614777
87219032.7924082726 392136.8207397461
90720572.6804070771 402075.4729003906
85405647.1927807629 277200.5079784393
87370482.1263892055 397118.6887207031
85394300.2416307032 275737.0729885101
85698813.8346432447 305229.9646759033
84976259.1736030877 219863.5898723602
85668783.7030370086 302430.3043975830
85734501.2410906851 306695.2358989716
85335199.8561818302 268011.2826499939
85394300.2416307032 275668.7038478851
85394300.2416307032 275712.9434871674
85033954.1146518737 230812.3741703033
85403001.3291390538 276429.2760448456
85587033.1062669903 294806.5750427246
87336850.1938389540 397101.3381347656
85668783.7030370086 302440.2121124268
84940511.1715063453 213361.5686798096
87370482.1263892353 397226.2004394531
87172880.4247632623 390354.0238647461
85361720.1355660856 270975.2902488708
85290799.8189972788 263217.7394676208
85555833.6550306678 292120.8529167175
85668783.7030370086 302498.2067413330
85134923.4299864173 246468.9134140015
89381238.0354916006 401719.0192871094
87298527.4311165810 394778.0549316406
85498680.8961350471 286389.0162372589
87416634.4940342307 398933.8996582031
85266359.8410905600 260929.0694789886
85377944.6923514605 273443.7391071320
88328038.0191555619 400496.6618652344
85486449.9175232351 285519.0901508331
85617063.2378732562 297596.3276062012
85923497.5926164091 323011.5432567596
87980673.9276353717 399924.7297363281
87063404.2383123338 386025.5902709961
85472385.0666464865 283038.8187179565
85777929.0751382858 312071.1952342987
85817920.0663976669 315018.0920848846
85734501.2410906851 306626.3018169403
85290799.8189972639 263183.7403602600
87261005.9399382472 392883.6228027344
85498680.8961350471 286387.4614372253
85064502.0201381445 235273.8596057892
85096893.8418744802 238795.4638957977
84998206.1125551313 224261.1367645264
85452670.4811623693 279941.3725967407
85496045.5398600996 285587.9898376465
87139248.4922130108 390071.2611694336
85078229.8316031694 235513.0881004333
85613947.0869921893 297527.3935241699
85696178.4783683121 304673.4585552216
85416930.2993650436 278767.3098850250
85737136.5973656178 307349.9114227295
85335612.6874678135 269575.5671920776
85777929.0751383007 312307.0956249237
85856242.8291200399 317442.7361278534
84997980.2932836115 223757.4149357826
85961820.3553387821 325033.3206005096
85923497.5926164091 322775.6428661346
85687789.7502865493 304577.2394733429
86112740.7629124522 334532.5652294159
87063404.2383122891 385856.6356811523
85817920.0663976818 315253.9924755096
85112652.9806688875 239429.4116573334
85798248.4007913172 312465.6874542236
85078229.8316031992 235582.7162513733
85921829.3640794158 322253.3900585175
85804391.3608619869 312918.5813751221
85634446.3236919045 299294.0472431183
85547849.1002076566 291455.4590320587
85738804.8259026110 308107.9274444580
85698813.8346432447 305161.0305938721
87297322.1185116768 394627.2502441406
87370482.1263891906 397112.6965332031
85903825.9270100594 320223.2382354736
87261005.9399382472 392650.6247558594
85646573.0598638952 300665.0792236328
85561207.1955338418 293563.6894149780
85078229.8316031992 235566.8449363708
87101727.0010346472 388276.0121459961
86040526.9177766144 329259.7359142303
90371043.8438206613 402035.3854980469
85012118.1583164036 224310.5518646240
87172880.4247632474 390261.0956420898
86919649.0940110385 379377.3756713867
85095754.7132111341 238620.5133934021
85610116.4663386643 296234.8054218292
85732541.8669214547 306116.7730407715
85078229.8316031992 235643.6507072449
87029125.2804619819 383836.3576049805
87299328.7026606202 395070.0012207031
86038365.8464023769 328909.0468578339
86919649.0940110385 379665.4328002930
85016084.4854035974 230586.2632675171
85026405.0679536015 230688.4519882202
85047866.1604131162 230989.2230548859
85047866.1604131162 231020.8187580109
85047866.1604131162 230892.8553791046
87029125.2804619819 383781.8356323242
84970399.4312924892 216489.7924652100
86957971.8567334116 381799.6544799805
86957971.8567334116 381563.7540893555
86957971.8567334116 381618.2760620117
84980976.6878588200 223014.5508098602
86757502.0343188047 370667.8849792480
84970524.4175776541 217333.4953279495
84980976.6878588200 223070.1089153290
87649875.8209188879 399502.8015136719
87071821.5246144831 386137.0209350586
84980976.6878588349 223114.7450389862
88650365.3780884445 401181.3327636719
84945228.6857620776 216463.9226837158
87369923.0176554024 397108.9162597656
87407010.2303414047 397376.0769042969
89187476.4826716632 401471.5974121094
87599154.5378140956 399270.0568847656
87845889.7170128375 399771.2746582031
88483587.3844218999 400785.6730957031
88495628.9319466501 401132.4709472656
87611235.7269375175 399449.8166503906
88495628.9319466501 400790.4763183594
88342664.3670828640 400522.7824707031
87571592.1905177981 399176.0808105469
87944947.8675775677 399854.3742675781
88153229.4456007332 400029.8884277344
87809329.2356532216 399640.1491699219
89215207.3216308653 401626.6066894531
88773237.8162288517 401412.6130371094
88405040.2898536921 400675.1989746094
87995984.7192496657 399934.7653808594
88405040.2898537070 400677.7453613281
89038439.8708412051 401466.9475097656
88952032.9400465637 401461.8137207031
88169200.6049233228 400114.4748535156
88967063.4493737370 401466.5544433594
88002158.0005528927 400027.1403808594
88294021.0488256812 400239.4616699219
89432050.3032599092 401774.8034667969
88278990.5394985080 400235.3913574219
88309531.9470010847 400372.6579589844
