9848692.6153146122 489956.0219726562
9840902.8078476582 489521.0698242188
9825344.1456543598 478487.2672119141
9825128.0672411211 477736.7543334961
9847774.9360371493 489828.7182617188
9847236.4376990404 489775.9943847656
9821401.2687118761 467238.5745849609
9844604.1374519169 489655.0917968750
9822343.7912636455 468296.9235839844
9836835.2077801898 489214.0407714844
9827778.6180302445 480199.1826171875
9820575.7621722631 466613.0151977539
9854925.8483663574 490007.5808105469
9834303.7769683488 480769.0703125000
9826873.5043632668 480139.7836914062
9836478.6913740393 480878.3557128906
9820202.6756930929 465101.5070800781
9822347.1933580488 469448.8641357422
9858013.3338961694 490055.9616699219
9821770.4748077951 467263.9189453125
9824619.2703026272 469792.6790771484
9819841.0176825561 456280.3690490723
9860877.0073977672 490337.5615234375
9821078.4260844048 467147.2973632812
9833386.0976908859 480685.3911132812
9832847.5993527770 480508.8942871094
9865994.5253405049 498288.2978515625
