10092475.2835112903 34367.7998962402
10328672.6033257227 34431.4794006348
9909501.9986191355 34304.1127014160
10748644.6753967497 34496.7247009277
10407296.7194295041 34445.4642028809
10118363.4766235985 34368.5390930176
11079320.8662568890 34543.7356262207
10354560.7964380309 34432.2185974121
10858414.0911201406 34540.9836730957
10845182.9350539371 34517.4700622559
10001927.5765231047 34321.1653747559
10184900.8614152614 34384.8525695801
10480661.5932964757 34454.9303283691
10421098.1812296938 34448.5320739746
10774390.1603526250 34499.3352966309
10408148.4332141988 34446.1327209473
9935390.1917314436 34304.8518981934
10134081.2074335050 34369.3315734863
9857154.9883778654 34301.3124694824
9821396.6350780409 31810.2491683960
9951107.9225413501 34305.6443786621
10370278.5272479393 34433.0110778809
9905826.7958728746 34303.2906188965
9945736.8321029618 34305.3818664551
9893914.7872407790 34303.0121765137
9999557.7603920512 34320.7607116699
10182531.0452842060 34384.4479064941
9990661.2891550604 34319.0940246582
10754670.2010762319 34496.8047180176
10007849.2130006421 34322.3537902832
9986168.2430840377 34315.9631652832
10150113.0373712964 34369.8498229980
9985758.3215513565 34313.3777770996
10224744.3142056502 34388.7202453613
9988077.7323991433 34318.5425109863
10460941.6340200827 34452.3997497559
10788996.8379745800 34501.2116394043
10766430.3720165938 34498.7581481934
10787640.0389221590 34501.0286560059
10759504.6506600101 34497.7313537598
10757456.4110302012 34497.3760070801
11059600.9069804959 34541.2050476074
9986200.3455383610 34316.3912658691
10170508.0929700918 34380.0707702637
9985790.4240056816 34313.8058776855
10222696.0745758414 34388.3648986816
10458893.3943902738 34452.0444030762
9988109.8348534666 34318.9706115723
10172372.3594643958 34383.0857238770
9986365.4507812131 34316.3929138184
10171083.1197456233 34382.6578063965
10454411.6835677624 34451.1363830566
10455234.4839259665 34451.3202209473
10540252.2291496769 34473.0697326660
10156752.8095135726 34370.3652038574
10790710.9624670260 34501.3666076660
9907157.7136245575 34303.4996643066
9991647.7337975986 34320.5619201660
10134930.8362459168 34369.5949401855
9864333.2676199470 34301.8855895996
10174621.0186897554 34384.2491149902
10414007.5748964883 34447.6095886230
10845757.9618294686 34520.0570983887
10199714.2922828719 34386.6156921387
10435911.6120973043 34450.2951965332
10219037.1641115341 34387.6407165527
10767787.1710690148 34498.9411315918
9991528.2436763551 34319.8208923340
10741296.6293881871 34496.0039367676
10174501.5285685118 34383.5080871582
10244062.1170034185 34406.8048400879
11090807.2187875137 34544.8403015137
10192079.8746048659 34385.6465148926
11067883.4273895025 34542.4148254395
9967139.7524791397 34306.1626281738
10851066.0451115780 34540.2629089355
10542878.8794826344 34494.9313049316
10784162.3883908018 34500.2850036621
11199976.2222313341 34583.7366027832
10206536.2929338291 34386.9928283691
10492147.9458271004 34456.0350036621
11089093.0942950659 34544.6853332520
10246523.6620935258 34428.6647644043
10010491.4475219436 34364.9869079590
9973321.1913853791 34310.2756042480
10785876.5128832497 34500.4399719238
10217428.4553902503 34387.2718200684
10469224.1544290893 34453.6095275879
10233026.8346146569 34389.9300231934
10157463.8335742578 34373.9534606934
10736462.1798044108 34495.0773010254
9975065.5754576325 34312.8533020020
10453625.7752046827 34450.9513244629
10442733.6127482615 34450.6723327637
10490433.8213346526 34455.8800354004
10009916.4207464121 34362.3998718262
9827518.1626297887 34301.2997131348
10012235.8315941989 34367.5646057129
10010326.3422790933 34364.9852600098
10157628.9388171080 34373.9551086426
9972746.1646098476 34307.6885681152
10762952.7214852385 34498.0144958496
10246688.7673363760 34428.6664123535
9825608.6733146831 34298.7203674316
10158038.8603497893 34376.5404968262
9951957.5513537601 34305.9077453613
10247098.6888690572 34431.2518005371
9827353.0573869366 34301.2980651855
10394236.1801642217 34440.2200012207
9973156.0861425269 34310.2739562988
10540827.2559252083 34475.6567687988
10846231.5955278017 34539.3362731934
10009774.2865040936 34345.7046813965
10009609.1812612414 34345.7030334473
10007864.7971889880 34343.1253356934
10244637.1437789500 34409.3918762207
9824891.5122968312 34279.4381408691
10244472.0385360997 34409.3902282715
10246381.5278512053 34411.9695739746
9824606.6043387447 33431.1957702637
