156197392.0181953609 357572.4280038355
160737163.2208457291 515488.1298055053
159943665.8912543058 500251.4478253722
157526965.6435606778 421851.0267594159
156952073.9482492507 397295.3516320586
155410351.2942989767 290400.5161907673
164357899.1595093906 573366.3920016289
159990862.9125531018 502515.3630475402
162399446.3635993004 543549.4901704788
155926741.9391952753 335837.7942647272
156448932.7649433613 373956.6865351796
158934949.4685230255 479104.2578974068
155762088.4304900765 322969.6063009732
162666539.8204286397 552279.9361386299
155087767.8053126931 250630.1511289179
155015786.3063816726 228682.5170957148
155645183.8030787408 309858.1148458951
183143279.9672440886 685295.4857177734
156564653.3759485185 380635.6455195546
157627819.6569465399 424726.4245736599
155763442.4657719731 324126.4409544700
155192284.7948231399 266145.2526914179
162823431.6204611361 557064.5792050362
163105182.6695310473 564683.5256761387
155927318.0158076584 338164.6662587457
157049844.1651282012 402219.4463929534
159704171.7786040604 493911.0468580239
158756143.1902734637 471071.3333065808
159326611.0830959678 486153.4960767739
159900047.4989326298 499876.5103864074
155087196.9851390123 250137.4093549848
157641342.7421745062 426643.9194113314
155897940.5451877415 332130.4172294438
183066344.0940943062 683140.6296997070
157329013.3804506660 414444.6988343596
155102584.2676273584 251606.8782954514
187374946.2911618650 710558.8779296875
187402423.1864463985 710868.6787109375
157819326.1966307163 434401.4701925814
163099855.5072616041 561317.0143857002
189878305.6455137134 716271.0395507812
160346790.3145307899 515394.5190226436
156424401.3020406067 372622.7045991421
160440198.7510343790 515470.9095663056
166228923.0110392869 613058.4271163940
155435956.8825563192 292240.0129519403
155158502.6405468285 259364.4290767014
161414765.3790353537 525770.3795442581
189648575.6869521141 715408.6997070312
155067318.6247781217 243951.1921445429
158023489.5548102558 443854.3523228467
155006645.7443354726 222031.1911870539
155000227.0645693243 222003.5581113398
161930760.2263056338 534586.4199948311
156549716.7578859925 379121.4265384078
156551119.1525043547 380389.2190058827
155028091.2636285424 235115.0495664179
155075462.8480658531 244197.6186582148
157375898.6106794775 416221.8476498723
158209922.4599331617 451547.3578380942
155331612.4563948512 282546.4023144245
164934765.7498980761 589150.6327916021
164528856.5221034288 584498.0282994146
155254990.0720702112 274436.2831826676
155614301.9505008757 308776.1347333491
166287382.6238019168 614952.5308380127
155349146.8142350316 283965.3963812292
159493506.9007771909 493536.1094190590
155066189.1495379806 237518.6596738398
158021602.5588042438 442134.0897476971
165872836.6743838489 608241.3887863159
156110325.0033820868 350893.4690194605
157944146.6201829314 439526.0486535430
156055014.6908696890 344740.8738046167
156367937.8217239678 366536.2988528609
157404158.0213110149 417741.2554452419
189713929.5606364608 716248.9018554688
156358585.4399972558 366470.1093842983
158399864.3274808526 457959.8418515027
155207101.2571377456 267121.9798579514
155234260.3789393902 273291.5019172300
155423885.5177431405 291628.9714062214
155143686.1782322228 258387.7019101679
155509854.5327766836 300063.7532017529
173654402.0585339963 626710.2328510284
160075779.7540952563 507634.0611676574
159624312.4938971102 493704.9127201438
159802653.8656729460 496303.9353131652
155101040.0835570693 251216.0011518598
158379768.4176027775 456965.8437779248
155182581.3515459299 265533.9511359800
158297775.5223239362 453191.8804257214
155197397.8138605356 266510.6783025134
159395006.5713544786 490365.1472303383
157020599.1410260499 400738.2947472930
158539894.8082487285 465951.8950131238
163091035.2385779321 557508.0103634722
162577796.5937234461 550763.6627011299
157235241.8067633212 409983.7046639919
155850509.4805851877 330805.3999388450
157452278.2924401164 419346.2110116482
158299646.3992747962 454504.9746029675
165286067.4051073194 592367.3017902374
156683221.3278034627 387068.1779902577
189627561.2718697190 714336.4360351562
175420077.8947453201 641211.4900054932
183821758.9620305598 692288.7895507812
188412888.2189784348 713438.6650390625
156766897.2158966064 387932.8452844024
158247067.5751770735 452956.9154908955
158470287.8968181014 460657.5698178113
158612886.3552023768 467030.4868099988
155392442.8340232372 285709.8333665431
159436541.0920485258 493515.9815358520
156745074.6088946164 387080.3767808080
155456291.8559668958 293278.1834771931
159260037.4542740285 485778.5586378090
162072347.6536611617 539597.0206880569
155313101.6892556846 280556.3109245468
155247532.6571837366 273877.3519401718
156630530.4099987149 385184.4699800014
185033536.8304077089 700013.9438476562
157815276.8294919431 433232.4907486737
187680908.3819104433 711288.3867187500
164018690.5771891773 567008.3667488927
190112310.5210919380 716544.1269531250
190136777.2131121159 716555.3608398438
157875598.8114073277 437384.9174740613
157490016.1382863224 420246.0711930096
155806845.7908576429 324406.3782103293
157041434.6158453524 402122.9285363555
155301162.4306715727 275909.5649953652
157114938.2380647063 403824.4019593596
185325258.8291403949 701504.7512207031
185685934.6888918579 702258.0441894531
158075793.8729829192 445142.4682553113
155271400.6343275309 275596.2618127931
163167958.1127712429 564822.1299862862
185317457.0196165442 700159.8107910156
157554367.0975970030 424114.1724374294
158401735.2044317126 459272.9360287488
155836975.2571409941 330558.9734251731
158123914.1441121101 446747.4238217175
163300701.1834799647 565061.4648038745
165545350.9115799963 599917.9944477081
155382394.2057464719 285454.4432273805
157516176.8037522435 421186.7486217618
158647275.3551125228 467336.5288021863
156242684.6310804486 358712.5586030483
158173026.8830343485 450533.3113072217
155591931.9955281019 308277.7063961857
155169295.9696161747 259766.2095128596
158986746.4588371813 480141.9782650769
156527894.1508840024 379055.2370698452
155135831.6591388583 253333.6770421565
159210891.9134620130 480460.4492452145
155675021.4156767726 316290.6473165982
162382699.2475671172 541273.1824834347
155578397.7720839083 307049.2511807316
158992481.0600168407 480416.8661434948
156066385.9824716449 344890.7604351044
165650674.6054913700 605520.8886127472
157714517.1636917889 429328.6402848065
181483528.6037594080 679192.8250274658
157921338.2746700048 438989.8730404675
157610459.3442963660 424129.2387029529
158023427.0798269510 443757.8344662488
155402795.6672244966 290204.7120076716
155484248.9445194006 298224.2564405799
155121988.5607207417 252255.0852452815
155652295.4223043323 314872.9914305442
156337334.2872274816 365943.7456147671
158379705.9426194727 456869.3259213269
155661487.1922325790 315062.1921011441
157271710.7835731506 411588.6602303982
158655925.2620673180 467616.4660580456
157385450.8830493391 416356.6216561794
155024239.4046433270 229639.1580869257
155739362.4371175766 322533.9791167014
161511501.3106597066 526608.9325014949
156625183.9019162357 380654.3830230832
155748554.2070457935 322723.1797873013
165476275.1140749753 595069.0595111847
164119467.0337977409 567820.5759494305
165594951.0452120900 600817.2023334503
155173376.7553260028 260692.4618057311
155291113.8023948669 275856.8534434903
155550263.8542816043 300961.7665820122
165392745.3722779751 592573.8804340363
156073911.8240209818 346100.6296581626
155913207.7157509923 335591.3677510553
165966739.8293107152 612407.5578022003
155113844.3374329507 252008.6587316096
155229425.0502112806 268450.0125869811
157671414.8709141016 427559.6656139493
158758014.0672242343 472384.4274838269
155281449.2626042366 275648.9733646680
165943677.0607798994 609935.1192035675
155059505.0474925637 237294.8442378342
162459781.6109520793 545976.9935884476
155559110.6644656360 304728.0009626746
157957324.9946174026 440809.0714371502
165436700.4495941699 592865.1951923370
161193656.0935617089 518612.0469026566
155107510.7181293368 251708.7429257929
156324482.9452428818 365325.0210053921
161837125.6672174335 530569.2323812842
156906859.0415497124 395970.3333215117
156803366.1927064061 389537.8008508086
155722452.4802792668 317615.6646071970
155127031.1187582910 252475.9489730466
176161940.6712191999 655142.3799438477
155531212.5303522050 300763.1938129365
170369024.5206297040 620057.9496726990
157712299.0312453508 428906.1751888394
155219721.6069340706 267838.7110315431
157867890.1370992959 435761.1727555096
155022186.9179628789 229270.7807675898
155050078.5853343904 236440.0678769648
155012035.7444918454 222153.1419927180
172318295.1690356731 621350.7709808350
156284460.7201487124 364618.7273042202
185797211.7903739810 702372.2292480469
154993241.2743088007 220775.1028958857
156801483.2635815144 389291.3743371367
156192685.7253497243 357567.4702241421
158932148.5586237609 473341.0684750378
156862226.0837047696 394216.2440914512
155713260.7103510201 317426.4639365971
156843989.6377364099 393146.1544779539
174717482.0358406007 634107.5930023193
156865361.0738641918 394365.3777551055
154998174.5778888762 221635.1807920039
156050308.3980241418 344735.9160249233
182122262.7067886889 680898.6994628906
166265219.6755052209 613406.2135162354
157160314.0121712089 406395.3134273887
189305494.1819856465 713818.3017578125
157203680.8462343216 409393.1861490607
155041934.3620465994 236193.6413632929
155015664.2752833962 222489.9571528733
157076292.2875550687 403578.7504391074
161477060.0016627312 526116.2651815414
157091924.8458964527 403603.6816652417
157972165.6793438792 441055.4979508221
155825387.9271395206 327985.6738975346
157193196.4060292244 408346.7118648887
155304648.0258390307 277085.3086589444
155624161.5045020282 308785.5068318248
178524980.9372393787 672504.5402832031
155422422.6591120660 291011.5577364862
187959820.7639051080 712576.7983398438
187101977.8969408274 709177.0273437500
155496320.3093325198 298835.2979862988
156199066.1981353164 358465.1062104702
156758733.2348613739 387783.7116207480
155793065.7592626810 324217.6212047935
184474784.5442180037 696219.7048339844
155064895.0476489961 237416.7950434983
155702723.0005960464 316611.9283712208
156013343.5058295727 343616.3610395789
156345051.2165531516 366223.6828706264
156297994.9435928464 364865.1538178921
156026877.7292737663 343862.7875532508
156401487.7924362421 371297.6862885952
156179151.5019055605 357321.0437104702
155884406.3217434883 331883.9907157719
155985477.7450032532 339489.6835493445
155401191.7727214694 285736.6810427606
180634914.8917849064 678602.3162841797
155479667.2429434955 293709.5650480092
155564801.0692678690 304800.0620467663
156392492.9323483407 368007.3127534389
155649281.9938286841 309911.9523732960
157800216.6491623819 433227.5667984784
156505908.2312560678 373986.1914315699
156137375.4128373265 351414.8750092983
176307704.0761783719 656070.3679809570
156100372.7952443659 350025.6605662704
174760710.7528846562 635275.1860198975
177959287.3725026250 669372.3544921875
177553551.1448108554 665667.1670532227
156168498.7158797085 352468.9196894765
156069096.5176274180 346059.6787202358
156045705.0496273339 344455.9787690639
156169456.7658075094 352865.3779389858
156123841.1893931627 351168.4484956264
175785933.3829405010 643203.4565582275
156246634.8556455970 359181.3894160390
161673193.8965727985 526753.0250973701
161315538.8578546941 518725.8495335579
156266416.2626560926 359881.4606626034
175338367.7501588464 640426.2458190918
161042968.0206299424 517959.9902890325
161163101.2981610298 518113.9703221321
161346588.4059120417 522243.5912303925
159779437.7206466198 495007.0508834124
177864485.9405189455 667364.5837402344
185968935.0384718180 705054.4509277344
186135553.4715357125 707922.1313476562
