122045.2783859992 121981.0167710356
121759.8142961667 121940.2562763029
121800.5948804285 121899.4957815702
121719.0337119049 121981.0167710356
122126.8395545228 121858.7352868375

122004.4978017374 121940.2562763029
121800.5948804285 121899.4957815702
121841.3754646903 121899.4957815702
121759.8142961667 121858.7352868375
122086.0589702610 121899.4957815702

122045.2783859992 121981.0167710356
121759.8142961667 121940.2562763029
121800.5948804285 121899.4957815702
122167.6201387846 121899.4957815702
122086.0589702610 121899.4957815702

122004.4978017374 121858.7352868375
121759.8142961667 121858.7352868375
121841.3754646903 121899.4957815702
121800.5948804285 121899.4957815702
122004.4978017374 121940.2562763029

122045.2783859992 121981.0167710356
121759.8142961667 121858.7352868375
122086.0589702610 121899.4957815702
121800.5948804285 121899.4957815702
121759.8142961667 121899.4957815702

122045.2783859992 121981.0167710356
121759.8142961667 121940.2562763029
121759.8142961667 121858.7352868375
122086.0589702610 121899.4957815702
121800.5948804285 121899.4957815702

122004.4978017374 121940.2562763029
122004.4978017374 121858.7352868375
121800.5948804285 121899.4957815702
122086.0589702610 121899.4957815702
121759.8142961667 121858.7352868375

121841.3754646903 121981.0167710356
121555.9113748577 121899.4957815702
121882.1560489520 121899.4957815702
122330.7424758317 121858.7352868375
122045.2783859992 121858.7352868375

121352.0084535488 121981.0167710356
121759.8142961667 121940.2562763029
121719.0337119049 121899.4957815702
122045.2783859992 121858.7352868375
122412.3036443553 121777.2142973720

121882.1560489520 121614.1723184412
122412.3036443553 121777.2142973720
122045.2783859992 121858.7352868375
121352.0084535488 121899.4957815702
121637.4725433813 122062.5377605010

121433.5696220724 121899.4957815702
121800.5948804285 122021.7772657683
122045.2783859992 121858.7352868375
122330.7424758317 121858.7352868375
121637.4725433813 121817.9747921047

122045.2783859992 121981.0167710356
121759.8142961667 121940.2562763029
121800.5948804285 121899.4957815702
121882.1560489520 121777.2142973720
122208.4007230464 121817.9747921047

121800.5948804285 122021.7772657683
121841.3754646903 121940.2562763029
122330.7424758317 121858.7352868375
122045.2783859992 121858.7352868375
121759.8142961667 121858.7352868375

122086.0589702610 122021.7772657683
121841.3754646903 121940.2562763029
121555.9113748577 121899.4957815702
121922.9366332138 121777.2142973720
122330.7424758317 121858.7352868375

122045.2783859992 121981.0167710356
121759.8142961667 121899.4957815702
121800.5948804285 121899.4957815702
122167.6201387846 121899.4957815702
121882.1560489520 121777.2142973720

122045.2783859992 121981.0167710356
121759.8142961667 121940.2562763029
121800.5948804285 121899.4957815702
122167.6201387846 121817.9747921047
121882.1560489520 121777.2142973720

122045.2783859992 121981.0167710356
121759.8142961667 121899.4957815702
121800.5948804285 121899.4957815702
122086.0589702610 121899.4957815702
122126.8395545228 121858.7352868375

122004.4978017374 121940.2562763029
121759.8142961667 121899.4957815702
121800.5948804285 121899.4957815702
122086.0589702610 121899.4957815702
121882.1560489520 121858.7352868375

121841.3754646903 121981.0167710356
121841.3754646903 121940.2562763029
122330.7424758317 121858.7352868375
122045.2783859992 121858.7352868375
121759.8142961667 121858.7352868375

121719.0337119049 121940.2562763029
121759.8142961667 121858.7352868375
122086.0589702610 121899.4957815702
121800.5948804285 121899.4957815702
122004.4978017374 121940.2562763029

121882.1560489520 122021.7772657683
121841.3754646903 121940.2562763029
122330.7424758317 121858.7352868375
122045.2783859992 121858.7352868375
121759.8142961667 121858.7352868375

122045.2783859992 121981.0167710356
121392.7890378106 121899.4957815702
121759.8142961667 121940.2562763029
121800.5948804285 121858.7352868375
122208.4007230464 121858.7352868375

121678.2531276431 121981.0167710356
121841.3754646903 121981.0167710356
122045.2783859992 121858.7352868375
122330.7424758317 121858.7352868375
121759.8142961667 121858.7352868375

121515.1307905960 121858.7352868375
122045.2783859992 121981.0167710356
121759.8142961667 121940.2562763029
121800.5948804285 121858.7352868375
122167.6201387846 121817.9747921047

121637.4725433813 121981.0167710356
121352.0084535488 121899.4957815702
122045.2783859992 121858.7352868375
122412.3036443553 121777.2142973720
121841.3754646903 121654.9328131739

121352.0084535488 121981.0167710356
121963.7172174756 121981.0167710356
121719.0337119049 121899.4957815702
122167.6201387846 121695.6933079066
122412.3036443553 121777.2142973720

121963.7172174756 121981.0167710356
121352.0084535488 121981.0167710356
121719.0337119049 121899.4957815702
122412.3036443553 121777.2142973720
122045.2783859992 121858.7352868375

122330.7424758317 121858.7352868375
122045.2783859992 121858.7352868375
121882.1560489520 121899.4957815702
121555.9113748577 121899.4957815702
121841.3754646903 121940.2562763029

121637.4725433813 122062.5377605010
122289.9618915699 121940.2562763029
122045.2783859992 121858.7352868375
122045.2783859992 121940.2562763029
121515.1307905960 121777.2142973720

121678.2531276431 121940.2562763029
122004.4978017374 121940.2562763029
121800.5948804285 121899.4957815702
122086.0589702610 121899.4957815702
121759.8142961667 121858.7352868375

122045.2783859992 121981.0167710356
121678.2531276431 121940.2562763029
121759.8142961667 121940.2562763029
121800.5948804285 121858.7352868375
122126.8395545228 121858.7352868375

121922.9366332138 121899.4957815702
121841.3754646903 121940.2562763029
121555.9113748577 121899.4957815702
122045.2783859992 121858.7352868375
122330.7424758317 121858.7352868375

122004.4978017374 121940.2562763029
121759.8142961667 121899.4957815702
121800.5948804285 121899.4957815702
122086.0589702610 121899.4957815702
121759.8142961667 121858.7352868375

121719.0337119049 121940.2562763029
122004.4978017374 121940.2562763029
121882.1560489520 121940.2562763029
121800.5948804285 121899.4957815702
121759.8142961667 121858.7352868375

122045.2783859992 121981.0167710356
121678.2531276431 121940.2562763029
121800.5948804285 121899.4957815702
121882.1560489520 121777.2142973720
122167.6201387846 121817.9747921047

121841.3754646903 121981.0167710356
121229.6667007634 121981.0167710356
122045.2783859992 121858.7352868375
122330.7424758317 121858.7352868375
121637.4725433813 121817.9747921047

121637.4725433813 122062.5377605010
121352.0084535488 121899.4957815702
121841.3754646903 121654.9328131739
122412.3036443553 121777.2142973720
122045.2783859992 121858.7352868375

121719.0337119049 122021.7772657683
122045.2783859992 121981.0167710356
121800.5948804285 121858.7352868375
122167.6201387846 121817.9747921047
121433.5696220724 121899.4957815702

121637.4725433813 122062.5377605010
122289.9618915699 121940.2562763029
122045.2783859992 121858.7352868375
121188.8861165017 121817.9747921047
121515.1307905960 121777.2142973720

121678.2531276431 121981.0167710356
121352.0084535488 121899.4957815702
122045.2783859992 121858.7352868375
122412.3036443553 121777.2142973720
121841.3754646903 121654.9328131739

122045.2783859992 121981.0167710356
122167.6201387846 121899.4957815702
122086.0589702610 121899.4957815702
121800.5948804285 121899.4957815702
121759.8142961667 121899.4957815702

121555.9113748577 122062.5377605010
121352.0084535488 121899.4957815702
121841.3754646903 121654.9328131739
122412.3036443553 121777.2142973720
122045.2783859992 121858.7352868375

121922.9366332138 122062.5377605010
121352.0084535488 121899.4957815702
121719.0337119049 121899.4957815702
122045.2783859992 121858.7352868375
122412.3036443553 121777.2142973720

121841.3754646903 121940.2562763029
121841.3754646903 121981.0167710356
121555.9113748577 121899.4957815702
122045.2783859992 121858.7352868375
122330.7424758317 121858.7352868375

122045.2783859992 121981.0167710356
121759.8142961667 121899.4957815702
121800.5948804285 121899.4957815702
121882.1560489520 121777.2142973720
122167.6201387846 121817.9747921047

