254511269.4180863798 614502.5547469333
254301734.9507341683 600807.5413189046
256228025.6801963449 698479.7730823606
252561825.4057976305 431827.4131198041
255085538.2620180249 644866.6222109646
255722667.4179826081 674240.1700910777
252395604.6211110651 400279.7373332791
253570635.8689980805 544269.7951925825
252358455.0397559106 387725.6715411805
255317675.6456069648 656845.6099185199
255831540.6848973036 680409.4128889292
252371852.2216799855 390942.0749297645
252422671.2676481605 406493.4493449833
252710393.7736872733 452053.6060739588
252715975.9070147276 454677.7427465655
252688624.8316966295 451131.7594242729
253587959.6388648152 544306.1271585263
253959962.0954322219 577334.8731479757
255219608.3323740661 652349.7685518116
252563619.9757830501 431874.1348346286
252851940.1239998341 473733.3361115791
253640465.0141286850 550753.3634995054
253876191.9295893610 567748.3634518981
256940642.8211862743 722649.8353358284
252381338.7899934947 391611.7717371099
253769033.5176002085 561886.3352507185
254942180.9829375446 638075.0352969021
265095870.8422091007 868077.7992900163
265919041.2071592808 872959.6532936096
264323039.3013998866 861645.0004618913
252420282.9413341284 404212.5592440329
252430363.2659761310 407274.3638906293
256019812.4300403893 681730.0642225593
257693330.2815530896 742205.2567622438
253930887.6975636184 572250.9684013166
254530286.0937630832 615536.4085619934
255362965.6114545763 659141.3554658741
254857256.6430443525 631347.1968923658
295968648.3795287609 1017394.2863159180
253877726.8800533116 570926.2164481916
254811608.9682115614 629313.6749575585
256432753.0138376057 702676.7329661697
254017856.4399195611 579285.2194174938
253946410.5421885550 572448.5984183587
252379544.2200079858 391565.0500222854
252554133.4074695110 431204.4380272832
254037390.6673063636 583235.4809903502
254568433.2380075455 616874.7930679806
255630257.9079094529 671306.4831052274
253626521.0948886573 548055.2225919794
257112306.1787977517 728496.4347010627
260532741.3511010110 810253.1568838730
255847271.8842096627 680609.0806527585
254888732.3810786307 636275.0093196481
303806050.5790243149 1042309.7622070312
256207331.9025783539 695581.6311876625
253927746.0564140975 571099.7043368928
258216391.1991470754 755089.5959826192
255442683.6593736112 659153.3208744973
254739820.5611152649 629231.4219900221
254857128.9721023738 629784.6602712721
252722102.9888612926 455443.9400898051
258714419.7581802607 767866.6262287870
252679138.2633831501 450462.0626169275
254025424.9972586930 580206.1491996087
255533479.2656889558 665036.2015394270
254257843.1336615980 598750.5825528502
254871813.9224949181 636257.2806478590
255359650.0759243667 657237.7478366345
303417827.2807784081 1041912.5234375000
253275772.1052255034 516952.1061420180
254330821.9675320089 605159.2392526343
254380692.6476312280 606544.9881385043
254298457.4322523177 600136.3314387202
252445555.0178857148 410379.5495409127
256148590.4983571172 689596.7969809622
254326934.1146543920 601407.0399758928
254351801.8848951757 605182.6860299781
256292309.1668260396 698687.6915187687
255006738.5146161616 642972.2315730900
252383727.1163075864 393892.6618380602
252622567.9268172681 441822.6077050176
253770031.3807313740 562628.1419027485
253697277.0315815806 556392.9730916657
253723085.8197089732 556933.4968558587
255463663.1915887892 661323.9894279391
252493835.4954982400 418381.1387260295
253792843.8932706714 564691.0476371087
252320481.2849776149 379298.4239525851
252356660.4697705209 387678.9498263560
252510797.8804458678 423663.1588382926
252578103.4395025373 434524.8906449284
254080695.1339323521 585127.9890469424
254492361.5857428610 613824.5554915518
253627518.9580197632 548635.4223104157
253855947.4958418608 564726.6127548255
253779512.2469604015 562801.6297914498
254404147.5073372722 608087.1086719520
254368814.6847162545 606480.7789600268
252348968.4714424312 387055.9747338351
252466006.7946718633 414034.7285339739
254088922.9649001360 586441.3180106916
254277712.7426110208 599503.2564990893
252300356.1469894946 372114.9326195382
252318623.1925674975 373015.4771752022
254277712.7426109910 599422.0919483081
253859937.0944226384 567179.8556636572
256587700.6547583342 714573.1454417557
253608832.6430143118 547141.0243642963
252542459.9108068347 427606.5865484588
252444444.0578346848 409517.5499366876
254442490.9056435823 612438.8066056818
252422671.2676482201 406662.2359660771
255100557.8511034548 649292.3635225147
266596744.9137782156 886796.2187385559
252421560.3075971305 405631.4497407582
258029082.3264143169 748825.4720238224
252832084.2696778476 469990.3372345902
253086304.3117384315 500708.6343326308
253196521.5747131109 510537.7986779250
252338748.3305556774 380198.9685082491
252906751.8483143151 481662.0461193658
253217235.4728304446 512631.2768802382
254113500.9708229899 586624.8603588454
252954284.9244105220 487280.1086193658
254171158.1802790165 592849.9747104757
256620580.2762336433 715453.7396800369
252797358.1043888628 466877.3142129518
252935182.2790286839 483040.3493916132
256461199.7735496163 707505.8863062710
258234665.3669384122 758127.4152401760
266053002.4065198302 874913.9774208069
266001531.2970715165 873939.3582801819
252906751.8483143449 481910.0602795221
253057138.7614586949 497947.5444294550
252789817.3758095205 466422.8093331791
267256346.2700889409 899357.2855491638
253856597.0348123014 566782.7509212606
253322340.6994399726 521258.0301826634
252949416.0546270311 485750.0938198902
255499411.2933385670 664459.9537410587
252638334.1584832370 442902.8668065183
257078451.0871371329 727825.2888442054
253037563.3926955462 495558.1049763300
253139569.5234905779 505627.1421451308
253003873.5497065187 492779.0854450800
253446122.2833956182 533400.1060414948
258315050.0115364790 758895.3662071303
252452994.8369376361 410382.0992530938
253485269.6454871893 536380.8362196125
256691077.8439655602 715548.0341136307
254006036.4694383442 578053.0567417257
265714831.2918081880 868445.9709596634
265858654.8708179593 869784.6506471634
252990030.3165993690 490018.3740192987
256766348.7794301808 720432.4591624588
256587700.6547583342 714398.4550120682
252518489.8787738085 424536.1334425323
253446122.2833955586 533235.0547719635
264323039.3013998866 861605.4906962663
253368456.3340557516 526144.1700368561
255682101.7202410400 672308.6800934523
267437516.2992963493 901956.7262456417
256962666.8862451911 723133.1458161920
253682921.1552780867 552436.4615463056
257541470.6632181704 739289.7085975856
253607834.7798831761 546649.1688841414
256531495.6973187625 708636.6093699783
267137757.0045029819 895706.2945289612
257235637.4336083829 732192.7854171842
252658144.2625223398 444295.5886618234
253856597.0348123014 566574.6850032918
252825788.5351032615 468005.6179734804
252939662.0169988573 483607.6166340448
252481138.6120518446 414660.2533386759
252594998.6314595938 435605.9342972152
252822735.6619241238 467724.0828202702
252694904.4950490892 451542.3217184283
253234531.0399039686 513757.4765329100
252367235.5170204937 387956.5192894991
256155634.6524884999 691829.5139070600
266705778.1910835803 891593.1015357971
264171274.7151993513 855582.8011821061
256879226.5170674920 721816.0839133114
267010471.4965134561 893951.8116188049
253407603.6961473525 529376.7014845051
257552724.8032965064 740120.6399600282
252818269.3844847679 467454.0199461319
252835615.8966233432 470998.4836323597
255923866.7709735632 681511.5738168210
252852294.3532347679 474633.0544941761
253175212.6608102024 507805.2015428282
272842660.7785335779 908785.7340469360
273350758.3029623628 911711.9629287720
256136236.4614804089 688975.4443251938
274508659.2499973178 915324.4073257446
257779899.0164598823 744956.5570208803
252483149.4893008769 414686.5070571713
259080859.1324113011 778044.8097592667
255292115.9037905633 655054.4854128808
260866077.7080009878 812560.4801518098
266905113.6660262942 892616.8698616028
252670934.4630160630 448221.8691007830
259964504.3047992587 798168.6266104355
261287652.8076102734 823406.1680838242
255793794.9779167473 675503.7711749822
263826090.9139916301 853461.9891703874
255515142.4926509559 664580.8534384817
253411919.6480984688 529496.5002821125
256062271.8086910248 686710.1920650452
253323885.7525578737 522146.3078711666
253252878.6101500988 514809.3362779357
278866584.4114744663 945824.5262641907
279180123.2828875184 949383.3416938782
252971360.1959426701 487502.5118509866
296368927.2815135717 1021161.1159667969
258874960.2410172224 774063.6666990891
253334253.6987585723 522492.3655470051
261975294.4200883508 829792.7084600031
255923866.7709735930 681599.4742074460
252890073.3917028904 478027.4752575494
252782690.5250265002 463268.9970696308
258527941.6501836777 764228.9294018522
253191002.7857240438 509279.4899416007
253514160.4082232416 537709.0343242325
252777626.7745983303 462961.2081979252
260231547.3923629522 804677.3004932152
303328419.9930355549 1038029.1921386719
255576938.9014195502 667070.5997081846
258637045.3423732817 766976.1899342313
252437803.0850281417 407287.7607707791
258686875.3061711192 767064.5473561063
253078750.2804832458 498943.5917078592
303141532.3858560324 1036900.0129394531
260394510.3104272485 808487.4136565402
303075179.0252383351 1036041.8483886719
302815585.3472426534 1034509.8210449219
253512427.4484545290 537340.8010633625
260154637.0248553753 803495.4889151230
262588372.4452444613 842792.3833715022
258954276.7881174684 774629.5162839666
300127368.7138630748 1024692.3059082031
300262244.9951029420 1026877.2292480469
303054415.0208873749 1034836.6027832031
302602016.8879940510 1032031.8911132812
263709778.1401145756 853458.1272446662
261038205.2513193786 816991.8323148042
257917540.5718000233 748334.9283931032
259187829.8672321439 778873.6074856892
260065694.7122986317 802273.3961615935
257775379.6107604206 743941.2644598261
266418358.2261901498 878585.0447273254
280859135.2889531851 949951.4176940918
259886714.3757338524 795788.0917514414
254705155.2724628448 622745.7244802564
260530727.4794466496 809304.2385741062
259886714.3757338524 795649.0033725351
288498795.3847217560 996372.7387390137
275022736.0466203690 925238.9301681519
263587642.1217156351 851061.8117773533
266234104.1742466092 877499.0737075806
258298165.9158256948 758603.7681276053
262072857.5758952796 829809.7167607844
266234104.1742466092 877706.1825942993
259700694.8302493393 794632.9108710662
262338003.6575601101 840975.3116834760
256344262.9277209342 699254.2977385968
258523999.2011680901 762596.3618316427
259865749.9991986752 795575.2460483164
259485112.8120505512 784135.4910657778
258705005.6906602681 767710.4071289673
259347031.8637989759 781988.4790981188
282276272.1429554820 957155.4869613647
258866309.5792238414 771541.9420903698
282551671.9706071019 987354.6925048828
282396545.2384531498 982740.1760253906
257350423.7844076455 735841.7220146805
257775379.6107604206 744127.8845770136
258108452.6976476014 753278.6407545879
262072857.5758953691 829990.4037725031
292451721.5839911699 1006528.1096191406
258820336.3072194457 769302.4020210281
262910233.5622034073 847324.4135537148
262072857.5758953094 829988.0321904719
302478403.1253740788 1028064.5175781250
302382561.0407565832 1026905.0473632812
266459578.6621573269 881456.7837142944
302586880.8852274418 1028514.8535156250
259984546.3305604756 798807.5076958686
262224055.2457609773 833512.2177373469
278064626.6067461371 942071.3506240845
275925151.4265252352 930146.5574264526
262337654.1807503402 838347.8377324641
262072857.5758953094 829928.1464482844
262203395.5197519660 831166.9848271906
261749460.9675806761 828356.3196813613
260899119.5465574563 813535.7100173682
259567039.6559657156 786385.9686425179
254990867.8538697958 638373.2405747026
259567039.6559657156 786318.4403222054
