134742640.0418714583 1019.4023264190
138869387.8911282420 1564.2677339286
138591023.2843548357 1534.7308764230
139451413.0237293243 1620.9172816300
138570512.7501590848 1533.4964999215
135209980.7596625686 1099.0052493087
135314953.8118681014 1119.5315063605
136567581.0555391908 1308.1510943784
141284168.8268381953 1779.3350303769
141226028.7055381835 1767.6976771355
141973018.5138201118 1817.2256830931
141059166.7630946040 1757.7223732732
140257363.8445836604 1690.6165321078
140917650.5287711024 1744.3005502485
134307273.7970904410 908.0557830526
141424747.2793691158 1789.0440648794
136921415.4793381691 1344.5742800846
137088602.8771100044 1367.1470822706
136510393.7661746442 1303.7934144153
143054051.2688698471 1866.2138071060
139206518.6572481394 1595.7870419491
134435838.5051228702 931.5136223279
138594176.1532718241 1538.6147356317
137758337.7377572954 1439.6391440989
141111972.2415877581 1763.7488096021
136701273.6770554781 1321.2835252108
138760264.1611636281 1554.8428876655
136861070.8380565047 1343.8119973554
138903722.3646877110 1572.2886684196
137964422.6407263279 1468.1366424928
138721537.1496969759 1548.7603841083
142190912.2642414868 1829.3264446259
141560357.5057152212 1792.7373023033
134824224.3149168491 1029.7604913504
135709133.3233278692 1188.7571290145
134579330.9448071122 961.3053288046
138184179.8604538143 1496.3669170396
138340361.4350247681 1513.7962498920
137989225.8165778220 1471.9792123515
140840839.7277548611 1741.4046651386
136574971.2923099995 1308.1954244198
136704848.5839322507 1327.5993537321
136693883.4402846396 1321.2391951694
139830869.6367043555 1657.9115839831
136389331.1859632730 1288.6891301228
136526598.7143563330 1308.1373894764
135167413.8244265914 1098.8282437457
134124248.8361805826 839.6154644267
138154571.0310403109 1495.8331183450
139930193.9205095470 1663.1912586659
141310696.9375957251 1780.0281431936
136070904.6745679080 1236.1241346665
136338253.9183100164 1278.3297072503
138430378.3123456538 1520.0136342333
137568016.4702384174 1414.3013682411
138401832.3742952049 1516.3911777944
139938488.3077574968 1664.9652059972
134780164.8933467865 1025.9637395582
139736572.6176750958 1648.6858724058
139210666.4310176373 1596.6929764771
139662289.7945779562 1638.4633246295
134322956.1232726276 915.4300340549
139040260.4898633659 1579.2471957230
136713846.3946307302 1331.4724743916
136580340.3025935888 1312.0242150379
138000472.1480723917 1473.4643401582
137383474.9368259907 1397.9396382389
134982430.2868489325 1059.3863464098
139247774.8334956765 1599.5665776157
141850192.4984935820 1802.0978157520
139049056.2596647143 1580.1183182620
137924177.4353264570 1466.5161184180
141826695.4616959989 1801.7310113907
138961723.2494108081 1576.1737669990
138534421.4905074835 1529.6244729239
134527371.0565874279 956.5771661466
134160249.2633226812 886.8153386610
135358740.6372789145 1120.4443607607
137825430.0798535645 1449.3090682075
141852047.5168999135 1813.0966608524
143019474.1204382181 1861.2949705124
140396775.8749319315 1698.8709558509
136029069.4517308772 1234.2229693062
140452787.7375757098 1703.7029172443
138727554.6674725115 1552.8404090659
135142820.6396402419 1092.5330521010
135160804.3371869922 1095.9203587184
140404749.3592538536 1702.9131744474
137980468.4580602050 1471.0398765429
139773112.0007142425 1648.8888451985
135816137.7510934770 1208.3682666135
140823006.2102353573 1738.2357393764
143974599.0303790867 1898.1665811539
139958472.6728813946 1665.1681787900
138351607.7665193379 1515.2813776986
139775388.7325879931 1652.7943326700
135362507.8276546299 1122.1633286609
141021724.7840663493 1757.6839987300
135011367.1098544300 1071.8542772970
139160441.8232417703 1595.6220263527
143694165.6800280511 1885.2329511642
142875492.4828404784 1855.6220232248
135625045.0110910535 1184.5238694046
135427707.7208401859 1142.2440945003
137573497.1498912573 1418.4567169719
135835321.2032105923 1208.7302449408
136118394.1206596792 1251.4630465191
138193605.3250374198 1496.6802763002
141566375.0234907568 1796.8173272610
140073401.0210798681 1679.8623470932
134963312.2122707367 1052.2460829225
138697709.3947084844 1543.2751749326
137174115.4177297652 1371.6572948745
136969517.2856263220 1349.5431039408
142182856.5405410528 1826.4090596437
134055593.5618372262 798.3110552804
138106064.2807969451 1488.2469267533
142114896.3142968416 1822.5071753263
134449686.5267908275 936.3693467452
140133276.2013875842 1683.4649150937
136999683.4378713369 1355.2820056644
139519783.9954907894 1625.5554872654
135253386.6900992990 1110.9076863762
142391424.8026628494 1842.6883932352
140649403.1528296173 1723.9588843845
139977304.4226703644 1669.0736662615
142030899.6422219872 1820.3442487717
135368261.4965150356 1123.2505808482
138718406.7847732306 1547.2163173426
137868702.8304548562 1460.6861818605
134337234.6921420395 927.2718415192
134095920.1558523774 818.8087275999
138061413.2020338178 1484.8841079467
137537545.6825629771 1412.7974226889
141678365.1895926297 1797.1269465089
134416558.0604865253 929.6712818484
141273444.9585689008 1771.6520049758
135601523.0146158040 1164.0665887687
139439887.2853385806 1616.0336981354
141385065.1427188814 1780.8476129174
136245337.1149248481 1262.2564357258
138988216.0389198661 1578.5015137711
141255952.5857073665 1768.4405369163
138803720.8079289198 1557.5726656006
141764127.9871486127 1800.3041311502
134427980.2562938333 931.5096416939
138791531.6946997046 1556.7255076454
137666878.4846562445 1430.7600233438
138525441.6617155075 1526.9485051613
134476383.3209962845 946.9203776904
142669561.9780806601 1848.0720014572
136990831.4255651832 1352.7038198593
142669345.0206492245 1843.6645340919
134384595.4931524396 928.9857786522
138259071.7290914953 1499.2198907421
134219994.9033259153 886.8665765951
143551837.7738657296 1883.0064487457
138704257.7247338891 1546.1248922688
137507279.6726363897 1411.1731775403
141706142.8550117612 1800.1630308628
135503033.9132756293 1142.5905285487
134482522.8870411217 949.5388997421
140759225.1557230651 1730.9334242576
141118608.6849319637 1765.8922126293
136491315.7351168096 1298.0651901628
136341728.3405042887 1281.5789833851
134510948.0209932029 950.6361239730
134229127.5808780491 906.7316575088
134156956.2955178171 841.9588238673
136283835.1892111301 1266.4188509770
136227739.9541717172 1258.4221450615
136234510.9121645391 1259.9935957718
136132064.3005034626 1255.3772024440
138516736.7296868265 1526.3489110395
134916050.3230660856 1048.5195818690
134676721.7144552767 997.8790308049
141013940.4631989300 1751.9411034816
135399119.5857171416 1134.5029133960
135137452.5075449944 1087.5844655327
140605506.3085155785 1719.0988952182
136452320.7156484425 1292.9166008758
135585924.5698401630 1161.1615874307
136371341.0048170090 1281.7371778153
135933138.7717126906 1223.7555436806
137721754.9838336706 1437.8546663099
137795472.4659585655 1441.1843703869
137665480.0398586392 1428.2987260129
139222826.5795595646 1597.8620726400
138483651.9998414218 1523.0903205209
137259304.7512011230 1378.9526060894
135504574.3008097410 1157.3344289467
136204396.2454055250 1257.2874340604
137195452.9850154519 1374.8182203951
135795187.0571222901 1205.5981904203
135216858.9441462755 1109.8008544011
140675396.3159541488 1724.4362968951
135276002.3082208931 1113.9627336488
140295317.2411070764 1691.3346589766
140775352.5869254172 1737.9529766589
141528326.7321905196 1790.2803805470
143223189.7796381414 1869.7982864380
137661015.5092962980 1425.5694424480
134856042.2830906808 1039.5667439521
135954961.1762661338 1228.7680317105
135919146.4361886978 1211.6000344386
140996645.9571292400 1749.3134736568
135300578.8954857886 1115.0346988962
140538722.1760376692 1714.6601999812
136292221.3450845480 1274.7014786529
139602757.4212983549 1636.5523809992
134687503.4564312100 1000.8246513643
140576634.0130944252 1718.5047173053
139862036.0559343398 1659.9966934889
137501263.8188257217 1407.1477993079
135684826.7825010717 1185.3592035488
137282410.2298611104 1388.9079448090
140623882.2691304684 1721.6736430675
134708517.7783535123 1003.9932411673
139818499.7804154158 1656.7168131701
135930462.5213831365 1213.3699673081
140306903.4269309640 1692.7561614756
139093002.7917584181 1586.6461345543
139575094.8454848230 1633.3502323411
140685702.6587308049 1725.1253315471
137518999.9379490912 1412.3537273533
142796057.1901790500 1854.6381540298
134581715.7716226280 980.6581562522
137807639.0874197781 1443.7526791752
136982450.5331999063 1351.4650893575
137165832.9055751264 1370.7961841519
139839530.4086065590 1659.8857389323
140053045.5182955563 1677.6349153786
135092329.2387656868 1083.6666176610
141074808.6477028131 1761.0767166615
140513367.2320615649 1711.0377435423
138024970.8155731261 1473.4747763019
140017218.3542463481 1676.1650725237
140364225.2244722545 1698.3808663897
140772645.8666976094 1734.5849557072
139706969.0476652086 1641.6878621317
139533550.9872477055 1629.4651337616
137053633.5439595580 1358.5351667740
137325866.7609840631 1389.1377912113
134663066.0406530201 984.4853147362
135510963.2177380025 1158.8702516273
136957613.1912607253 1349.5233727046
139311749.3949996233 1608.9222706311
136836149.9467287362 1335.2000818588
136234405.0284383893 1259.9591609764
140484591.3725707829 1709.0354950670
135988129.1946517825 1230.1824000389
142351051.0661303103 1833.3066334724
139333348.8507612944 1609.8492656506
134538818.9001572132 960.4221990370
135263700.9054600894 1111.0193002608
137409691.5357942879 1400.9249573287
139595810.9390095472 1633.8320188832
139603550.0266099870 1637.4544753220
139967428.4420796633 1665.5569053255
140225312.7379347086 1685.7427183893
135778578.1432250440 1190.0348823930
134577470.6141647696 961.1798880026
139348916.5593191087 1610.4903387509
138337081.8778006136 1503.2628104633
135552726.0302886367 1159.4203632802
142178388.3681490719 1823.1986880302
135411846.1480482817 1135.6144239635
137369031.8606766164 1394.1197719835
137380360.3146372139 1394.1211530617
139363586.0452274084 1614.1211173889
139498770.8296385705 1623.3381044395
139076566.0758353174 1583.3065319813
139644279.1531665027 1638.3742193771
138958949.8823963702 1574.5001036652
135614391.1569066942 1164.7919649410
139721304.4705448449 1644.6252661698
143921577.2716929317 1892.4655961990
139116691.6655369699 1590.7794372566
139543451.0685611069 1630.4004509804
139900590.0971167088 1661.8185318668
141799475.7362515032 1800.7597587109
135928557.5531338751 1211.9980481924
139390089.1620774269 1614.7108824612
143485902.1220424473 1879.4572048187
139296556.6888706684 1607.0587708481
139377821.3747654259 1614.1554721304
137591235.0531166196 1421.1501079246
143209086.8028098941 1867.0040669441
137640478.3812317550 1425.2767725785
137443350.4102880359 1401.5347814830
137249977.0215832591 1378.1514160912
137175973.7822083235 1372.9024750485
137216420.1975982189 1376.5057545202
143294467.6743556559 1872.5979719162
143217649.3728775382 1868.4994554520
137451026.7579683065 1402.6682403601
142992376.0570964515 1856.1971030235
137268063.5981024504 1379.3573567925
143436150.9675886035 1878.5108451843
143572667.4705237150 1883.6595878601
