288685184.5207707882 954787.8996520042
295318572.8238459826 1088189.5230712891
293122380.3547747135 1056107.6639404297
282486803.6799697876 677142.2659140192
283858879.9498724341 777965.4815037578
283062968.6258613467 721968.9287539087
288245093.1293085814 943477.6744322777
284210868.1616902351 794373.4858453601
282731201.1543902159 707258.2895870768
283771656.0711050034 775936.0174801677
283695585.3313457966 768385.0142143660
284170596.3865297437 793927.5007379383
285082619.4100613594 835636.2538261972
294333461.7005492449 1078662.0585937500
283097370.2468717694 728376.2229433618
295171942.8574279547 1088168.0679931641
283420903.1398116946 747182.0049977861
283314020.9110481143 736184.8343935572
283161022.1881765723 732202.1173525415
282859767.4386007786 715238.3128347956
282530380.5770203471 680759.9310370050
282538332.2904003859 706400.9823780619
283771656.0711051226 775936.3861325114
284611603.2680139542 812439.4485512339
284423481.4802584052 802076.5031729303
283695585.3313456774 768380.5668877058
284786320.9480511546 823544.2400526404
282806638.3150715828 714281.8018484674
283921319.8652730584 781379.9303873471
295045061.6616398692 1087915.7790527344
283899707.0516080856 781209.4150713376
294025778.1678222418 1072103.5484619141
282499105.2308472991 680123.6569357477
283295310.3310191631 734214.9404726587
289581897.9802242517 978279.6939635277
289052593.2533263564 964418.8533263206
282967484.6008448005 715277.9651918970
283688896.7395456433 757810.0248575769
286964328.2870289087 901237.3559326530
283117271.0083987117 730708.4957705103
285177663.8969488144 840210.4202080332
295325866.2651385069 1088301.2604980469
286936175.0840095878 899208.8974180222
284679557.2178145647 821337.7660866342
283964045.4714938998 781423.0349405699
284432324.4779924750 809165.1143596499
290600453.1489776969 1002236.2742614746
295352173.3558576703 1088871.4714355469
283921319.8652730584 781398.6115396909
283543560.3027228713 747881.6538436145
295325866.2651387453 1088462.1225585938
282988509.4348326325 716136.0491762720
287032448.3504059911 902622.1178764701
285127812.3148692250 838086.7486305796
285122875.5257219076 837059.0634575449
284831952.3519734144 827560.6481667124
282988509.4348325729 716082.9678774439
311167414.9952988625 1203938.1213378906
285272881.4758277535 843095.9045830332
285272881.4758278131 843169.2214775644
285203385.4453687072 840293.4114723764
284970719.3593896031 831002.7677956186
284013116.5829346776 783479.8278928130
284276087.6185518503 795515.0093626380
289265703.8113169670 971786.6599059105
285272881.4758277535 843090.4133720957
288908359.2198685408 962506.0908751488
284919990.0658342838 830998.6657448374
293130280.5247485638 1057618.9064941406
289195601.6213780046 965473.6145567894
283341372.8971155286 741235.8233628832
287167324.4910574555 908271.6259527206
286800214.3863220215 893096.2542486191
289079075.6069020629 965020.7996153831
289026887.6669179797 963290.5584654808
293476067.2066367269 1062682.0084228516
296285221.7320644855 1106569.1691894531
285013123.3796022534 832833.7607155405
287890366.0689725876 931862.5489439964
287746930.9959964156 926403.7305846214
287327499.6250906587 911913.0757207870
287594198.9276115894 920104.7669439316
295821543.7947156429 1099403.8460693359
284377016.5826190114 796073.9974008165
287399405.1545242071 915624.3174810410
287136557.0443419814 905405.9481573105
287399405.1545242071 915637.9834966660
290186031.4276289344 993556.1214294434
284391882.5590903163 797333.3450599276
292930816.8552932143 1054204.3679199219
292901384.8568161130 1053908.8621826172
289916901.8701929450 985098.5713806152
293188896.5364547372 1059313.7153320312
283637976.1164566278 755179.8375230394
293358705.9151889086 1061438.4044189453
287346544.0158278346 915196.6661498547
285436255.6832466722 845205.6152406298
286271594.1544799209 878704.7580481172
284566749.9153006077 809545.6994529329
287913505.0264265537 932809.4708189964
284917481.4310864210 828231.8446555696
295526130.1939858794 1096749.4407958984
287904831.0543894172 932211.2668395042
284659200.1459775567 813347.4442039095
288080628.1347389221 938824.7626891136
295371863.8423229456 1093587.5316162109
286233488.4882836342 877509.9943762422
287978982.0443324447 936830.9687438011
288318518.3921962380 945169.2157530785
288384006.7278066874 949006.0939269066
287913505.0264266729 932870.9370055199
295371863.8423230052 1093670.4783935547
288149765.2926316857 940315.7344908714
287740920.9090855122 923863.0749602318
288281845.1386082172 945020.6720519066
287791206.1003131866 928593.2922453880
284659200.1459774971 813339.4476218782
286190494.2206420302 875524.0791974217
286467307.8619576693 884004.8170691133
286328819.2488513589 881827.3395630121
287978982.0443326235 936889.7342467308
293935828.2593540549 1071454.0629882812
289362936.6702007651 974840.5371336937
289096998.7520075440 965119.1474981308
288156379.5757653713 942572.0795226097
306864495.2328755260 1199603.1652832031
306864495.2328754663 1199592.0832519531
288143941.2884889841 939164.0499815941
289213379.3626956940 968627.4663329124
289889469.0010546446 983462.7950897217
288473278.9881973863 951390.1120238304
288745376.7286164165 957271.7390990257
306219463.7953159213 1199164.8713378906
297221896.6094967723 1122986.9726562500
302591221.8357335925 1186400.3994140625
306864495.2328757644 1199628.2565917969
307203760.6033630371 1200529.1994628906
289895546.8831066489 983855.2573995590
289478261.4320928454 977272.8185057640
289407016.7962650061 976535.1962423325
289610406.1502091885 982472.3785238266
290609024.7903708816 1006499.8174438477
307587066.6401293278 1201868.3425292969
297544148.3576917648 1129636.1142578125
289516382.9681002498 977665.7318868637
283598898.4933640957 755082.5962205492
310593276.3099229932 1203737.8562011719
311146369.7298136353 1203927.0778808594
284600968.7322568893 811491.8589082323
290621736.6017364860 1006502.0332641602
298490608.3999923468 1143954.8991699219
288613274.3503143787 953166.8273887634
310546177.1271786094 1203476.6296386719
288602438.2668687105 952791.2637290955
292566795.0449482203 1047940.1860351562
307545470.1822109222 1201101.8815917969
290722072.5825135708 1009380.7954711914
286093290.5075390935 873722.5493408442
292744264.0622686148 1051057.7985839844
299489685.2905361056 1156464.1206054688
291082885.1742720604 1017847.7395629883
291434938.5818157196 1025674.1471557617
291423275.1451457143 1024678.8408813477
291741928.7044484019 1029265.5905151367
292688087.6463386416 1050083.1281738281
291013239.7971807122 1015201.4354858398
290826679.6512781978 1010995.5523071289
292676898.0525144339 1050064.5703125000
292640193.4128814936 1049158.4223632812
290342877.7768095136 998094.9809970856
291142672.4143185019 1017909.1824340820
292163966.5726438761 1038925.7031250000
290326756.0630450845 995828.2344150543
290415619.9022252560 1000332.4138584137
292374778.5398572087 1043079.5161132812
299368506.2793639302 1153272.6335449219
290442889.0280396342 1001722.9481296539
290976076.3359442353 1015115.8298950195
291172304.3852337599 1018866.2988891602
292222562.5993105769 1039455.5368652344
291886798.6596079469 1031632.3401584625
297733383.0302116871 1134333.3725585938
285490671.1307725310 854208.8135734797
299196977.3388884068 1151128.5900878906
289999778.4675661922 989461.9781589508
289999778.4675659537 989280.5694675446
297799085.4512937069 1135623.1198730469
290072115.2188162208 990210.1568698883
297446201.0798916817 1128121.4183349609
294864986.4947533607 1087855.9409179688
297629874.9344256520 1133093.8081054688
297232592.1557686329 1125927.7574462891
294864986.4947533011 1087836.3466796875
292036647.3471426964 1035347.2610569000
294394277.8348352909 1080561.5812988281
299266157.4991927743 1152527.8784179688
294516220.2931026220 1082744.5148315430
294091897.3153463006 1075465.0885009766
293769452.7480524182 1069123.1409912109
294645537.2320373058 1085377.6599121094
290339523.8094766736 997632.7493991852
296404865.4055827856 1111458.7532958984
290088336.8619061112 990489.6095066071
293766486.9390794635 1068758.8780517578
292025918.4646171331 1033055.5137424469
290117621.5289959311 992336.5911960602
296535890.9283155203 1112934.6566162109
297013740.1689898372 1122721.0809326172
297273982.7008401752 1127003.3763427734
285462227.6860988736 849299.2497307062
294088105.3409600258 1073500.8304443359
305607290.4593040943 1197605.1145019531
293901785.8102862835 1070473.2266845703
285761976.3253802657 862508.4291740656
285633676.4021731615 856536.5274406672
285926868.8149560690 867840.2302118540
298690302.5571274757 1146928.0893554688
294000938.2132089138 1072038.9493408203
298810103.5941032767 1148309.8911132812
285839146.9660464525 865125.0617548227
294317348.7666701078 1078248.9351806641
305857118.1988690495 1197796.5417480469
299385840.8790442348 1155040.7746582031
291986356.0347865224 1032941.5620822906
298566186.6150088906 1144651.0898437500
294484528.3128845096 1081765.6236572266
285839146.9660464525 865121.3141962290
285527898.6660738587 855417.3881708384
286121183.8721052408 874843.8478876352
285653133.6480792165 859078.5917841196
286482078.5706605911 884287.1187419891
286382868.5214691758 883018.0044040680
287065597.8215664029 905043.1794319153
287059494.2915810943 903022.7673225403
287497021.8467304111 917597.3569793701
285442278.1398542523 846824.1266498566
300373739.1997609138 1168479.2348632812
299631638.6418511868 1159472.7358398438
299537278.6416985393 1159280.3784179688
299830947.1037000418 1162940.7797851562
304025345.5888739228 1195427.5563964844
303509375.0798903108 1192163.5832519531
303783400.8599388003 1193640.2839355469
304410739.4165718555 1197199.5227050781
304281652.7565287352 1196608.0661621094
303294262.6709064841 1191682.9655761719
303509375.0798901916 1192100.8449707031
303352828.3215290904 1191704.6945800781
303861478.5800740123 1195309.4138183594
303706460.8389880657 1192962.0788574219
306977514.4003900886 1199888.9836425781
300791264.5814534426 1171442.6557617188
286870860.4893921614 897680.8490295410
305735742.3023065925 1197755.5832519531
286811491.8964928985 896713.9792289734
299632291.1900866032 1160147.3056640625
286734418.1954523921 891524.5046691895
310338625.6488606334 1202234.5866699219
295843854.2474199533 1101013.4139099121
301018275.7353477478 1173678.5878906250
302956077.6760895848 1189854.9895019531
310338625.6488607526 1202332.3269042969
295870968.3999806046 1101257.6263427734
305178496.9035534859 1197428.5925292969
299825313.7886021733 1162201.1799316406
300105225.5595926642 1166841.9973144531
300792902.1235893965 1172875.1867675781
300077308.3250311017 1165192.8742675781
300446596.2719374895 1170491.8977050781
302364820.3983371258 1186175.0471191406
298804136.8608552814 1147200.4465332031
302734435.7302019000 1187891.7277832031
302761925.9620823860 1188698.3591308594
301208451.1025775671 1175071.2663574219
301874129.0298628211 1183505.3664550781
302083962.1965890527 1183909.2673339844
301269908.5767439008 1176051.5202636719
301803669.1615482569 1181553.7985839844
301470818.8133707643 1177834.0546875000
302125715.6683813334 1184967.4875488281
301385412.6493374705 1176746.4062500000
301348298.8387789130 1176718.9345703125
296650736.7889650464 1115674.5513916016
296300745.4270638227 1109773.8548583984
296588313.4430614710 1115181.5806884766
296147891.3209751248 1105487.3276977539
296141939.6873122454 1105438.6322021484
298057227.3814126253 1138249.1301269531
298057227.3814126849 1138256.5998535156
295915703.1934659481 1101883.3249511719
296121185.7997360826 1104902.4912109375
302816581.7490140796 1188941.6428222656
296895901.8582150340 1119844.3805541992
298163723.3921295404 1139570.3674316406
298333387.1536227465 1141331.4157714844
298334868.7325943708 1141343.2487792969
302616903.5192292333 1186928.4387207031
299044171.1104824543 1150723.9001464844
302217403.3983866572 1185028.4699707031
302616903.5192292929 1186977.5490722656
