47759683.8707633018 601.5899288654
47772143.3746487051 827.3317576610
47827559.7645859793 1139.0131456684
47763239.8547884524 706.8781849160
47757350.8098779842 597.4180408730
47814172.5069890544 1038.2343182396
47762658.3579263240 602.9129474685
47885342.4195382744 1260.3565588109
54401483.2494267300 3009.2751007080
47770730.0517402291 814.7796838842
47763004.1023652330 603.0692757145
47800144.7495016679 1029.0295697460
47772732.2719586566 827.9061411689
47785015.2488443479 928.7425249945
47770167.1289012954 814.7313898169
47766192.8800577447 718.2508395873
47767771.0131044090 725.5712686777
47783541.6729349643 829.2418671368
47870857.6190232038 1162.3172989003
47772615.6441295519 827.3338546753
47762662.4718281031 603.0507221054
53321820.2958822921 2905.4348669052
47970530.3591955677 1372.9042843096
47800173.2963088080 1029.1865770649
47765323.2443724051 717.9386683665
47818324.8033065051 1055.0327169290
47914683.1807567030 1263.0305965655
47859129.2927542701 1158.2959388010
47947903.1249453649 1371.1145745185
47771599.6874255612 814.8054079078
47763111.0032263473 699.1140501332
47793335.0208927020 939.6264222264
47906479.8633688092 1262.8891719095
47833279.2967689559 1154.5821601786
47818121.2493044883 1054.2202940583
53966233.6040741056 2975.8146438599
54386400.8280416727 2988.8037948608
48173714.3771092445 1449.3761101259
48189709.6077531129 1504.0303268922
48018597.2013406754 1394.0848083986
48102281.6798890680 1398.1744197719
48162931.5716430619 1403.0003321504
48272170.6723215282 1509.7702888257
48362531.0253930762 1670.7159522995
48319166.8417688310 1557.1648554429
51421385.3679803312 2498.4688582420
48353655.3101820350 1572.3737375103
48316825.8644155487 1555.2697603069
48712164.3626405224 1896.8874612685
48669065.8909884840 1875.3056894179
48497859.0660508573 1786.7746148940
48640424.3596328050 1841.0094845580
48579506.6538008004 1829.5981396064
48825240.0952522159 1948.5149100497
48718704.3684696481 1911.4972891286
49247009.9910986125 2073.7579997778
49370825.3299706057 2109.1576751471
48996648.9348835200 1953.6744141579
49007123.2571902201 1956.9764676094
49683245.2728980854 2221.2719726562
49386474.5883846804 2125.0689387321
49932154.9329176322 2226.3417587280
49964599.6091037095 2294.0041265488
49342378.4208813310 2088.9183033705
49426849.0548747033 2211.2373771667
49650198.3378678560 2212.0826897621
52223659.4085340798 2737.6159141064
52113023.9798034132 2709.6017920971
50141387.8917281404 2328.9182496071
50357848.3167073503 2434.0306959152
50160824.8482682034 2405.9744896889
