85997947.7062043101 332814.2240772247
85783854.1657773256 316926.6414718628
85816302.8766546696 320756.0642013550
85783854.1657773256 316925.2820968628
85315080.6108062714 275178.2886867523
86496932.5800282657 365337.7892532349
86914113.6840380579 387664.5717773438
86882388.0753196776 385263.5141601562
85923293.7537691146 328528.4211750031
85440701.1575286239 288522.6292476654
89023417.7040057033 401725.4645996094
86359394.7586750835 356780.3329429626
85200287.6221905351 259815.2925371826
87279668.6263894886 398977.3190917969
85305170.6066427380 269784.8565831836
85315080.6108062863 275249.4427642822
87071249.6062166840 394359.5119628906
85245312.0385542512 267263.5189085007
89062845.5058447272 401741.0935058594
85408250.9495610297 283321.5412607193
88430204.4155558795 401413.3923339844
85060745.4129476994 242097.9294300433
85130519.0499384999 251908.7235912979
85919129.2714210749 326083.0979328156
86572003.3943934441 369691.3041458130
85099191.7101373225 242306.4026356097
86223810.2889786512 346780.5487232208
86409679.9081484526 358967.3290367126
85099191.7101373076 242290.5941639300
86666036.2550192177 375249.0414123535
86634310.6463008374 372932.6976623535
85602192.5660569817 301362.3439350128
87171433.2384345680 398588.3039550781
85372222.4536420852 281655.0726070404
85783854.1657773256 316866.2737960815
85375870.5016455799 282857.4149551392
86399418.7061500847 358817.4989585876
86643752.9505868703 374466.6635208130
85660631.1340258867 306879.4639530182
87121534.7556899935 396476.9353027344
87071249.6062166542 394349.7468261719
85919438.6354737729 326854.9398517609
85660631.1340258718 306778.3593883514
85104812.7497145087 245231.6244396865
86704778.0483494699 377331.4422912598
85104812.7497145087 245159.8785443008
86776527.6045429260 381791.7728576660
86359394.7586751133 356881.4061851501
86223810.2889786810 346883.0423755646
85919129.2714210749 326128.9245929718
85104812.7497145087 245159.7313732803
86359394.7586750835 356627.9418296814
85375870.5016455799 282956.0252971649
85355370.9020595253 279262.0091304779
86359394.7586750835 356690.3500328064
85372222.4536420852 281582.5613765717
86228168.4624165148 346892.9505786896
86634310.6463007927 372892.7015686035
86776527.6045428962 381678.0799865723
85355370.9020595253 279238.1088466644
85603302.1212343425 302535.3733539581
86503811.9062874764 365533.2894973755
86786788.8065412492 381928.1444396973
85292620.2843167186 269557.4490438160
85200287.6221905351 259826.1421465576
85060745.4129477143 242125.2910900470
87039523.9974981993 392294.3532714844
85888556.8108249456 324750.0838947296
86533261.6010631919 367553.0980911255
86467958.6600379795 362801.6063492298
86470234.5739806741 362955.8968765736
86736503.6570679098 379741.9872131348
86470234.5739806741 363096.3343765736
85060745.4129477143 242146.4534321185
86786788.8065412492 381827.9100646973
89634463.7105008513 401926.0622558594
85469040.8404003382 290957.7349710464
85580560.6684813201 300828.2032909393
85292620.2843167186 269523.5718694385
86954137.6315130740 389804.4111328125
85175538.4015634358 257522.3703275379
85200287.6221905351 259878.4248327911
86703912.6353298128 376108.9467239380
85130519.0499384999 251898.3787579238
85577280.7151413858 300620.6244678497
86288927.3566263914 352138.3959312439
87014297.3162560016 391794.1835937500
85577280.7151413858 300489.2216358185
85292620.2843167186 269488.9627156910
86533261.6010631919 367546.0111770630
85159400.1880839914 255129.3068509754
86703912.6353298426 376171.3368911743
85358495.9362100661 280435.0385494232
85550239.0318473279 298779.1039409637
86229092.3290978223 348067.8503856659
85375870.5016455650 282828.1020259857
85262203.8148943633 267333.3696126938
85469040.8404003382 290898.8433694839
85349857.5003967434 276657.8397121429
85465392.7923968583 289725.8139505386
85130519.0499385297 251910.7274670303
86572003.3943934590 369777.1169967651
85375870.5016455799 282919.3850650787
85229173.8250747919 264870.4286947250
87014297.3162560165 391992.0913085938
85313367.9446162879 273348.4484577179
85580560.6684813201 300863.0271244049
85415637.7790458798 286260.9686031342
86282103.0157054812 352008.4092311859
85359018.9500630051 280493.9301509857
85375870.5016455799 282864.9821777344
87041799.9114408791 392499.4875488281
85355370.9020595253 279358.6131038666
86266353.1560357660 351212.2922420502
85664279.1820293516 308064.3951549530
86266353.1560357511 351098.5993709564
85997947.7062043101 332861.5201530457
86884663.9892623574 385526.1391601562
85355370.9020595253 279189.4979000092
85670671.2699435204 308302.4118061066
85563212.7292484194 299767.3499889374
86914113.6840380430 387618.2539062500
86707053.9622921795 377533.7855529785
85245312.0385542363 267263.4921712875
85689342.5605121106 310203.1764049530
86464044.6288871318 361801.5401077271
87279668.6263894886 398981.3752441406
85997947.7062043101 332877.8014087677
85450812.8198482394 288862.3341236115
85889988.9406980425 324814.0755939484
86339096.4720271081 356139.5749568939
85889988.9406980276 324760.7503986359
86336820.5580844134 355743.7736873627
85997947.7062043101 332762.2009601593
86029673.3149227351 335118.8236865997
85855347.0518960506 323263.5349044800
85887713.0267553478 324541.0529804230
87978537.6047003418 401048.9328613281
86964398.8335114270 389954.2412109375
86770813.0574925989 380481.7770538330
85312366.8051477224 273245.2866430283
85926476.2647584081 328676.2346515656
85602560.6607205570 302511.3797016144
85692307.9754778594 310515.7808208466
86029673.3149227202 335067.8905811310
85959205.9128740430 330624.0374584198
85622123.3473457247 304454.6684551239
85602560.6607205421 302475.6252193451
85507755.9241221100 294478.8000965118
85929756.2180983275 328783.1072101593
85312366.8051477224 273173.3935766220
85603890.1964966208 302621.6955852509
86736503.6570678949 379538.2406311035
85660999.2286894619 307845.1627330780
86443044.9465398490 361134.6343307495
85507755.9241221100 294432.5306529999
85627624.0392032713 304470.3069477081
86603729.0031118840 372179.4330520630
85466502.3475742191 290826.3321390152
85533871.4962834120 296626.0685853958
85533871.4962834269 296660.7820672989
85603890.1964966208 302664.6170787811
85533871.4962834269 296628.2865972519
85667391.3166036159 308279.8820209503
85827189.6241253614 321708.8090133667
85635198.9432850182 304834.7957897186
85603890.1964965910 302581.1292858124
85533871.4962834269 296711.6996622086
85717371.3539606035 312139.8229618073
85757138.6313609332 315926.2353649139
86603729.0031118691 371944.9706497192
85717371.3539606035 312139.7804088593
85905295.1529518068 325707.4608688354
85765130.3973726779 316230.3565311432
85827189.6241253614 321511.6610641479
85827189.6241253465 321455.5498085022
85757138.6313609332 315906.4404907227
85725829.8845724910 313662.2836360931
86047676.8193543255 336229.6628429890
85643657.4738969356 306307.3638134003
85725829.8845724910 314029.1769065857
85643657.4738969356 306307.2165660858
85757138.6313609183 315866.0149364471
85494734.0253618360 292899.7933483124
85858915.2328437418 323768.1820602417
85827189.6241253614 321514.5155563354
85667391.3166036159 308196.3942279816
85797496.3722319603 318093.9088172913
85686062.6071721613 309946.7275371552
85550239.0318473279 298647.0415172577
86239809.8313940465 348707.7039699554
85827189.6241253465 321455.5072555542
85997947.7062043101 332822.5686359406
85338482.3773089945 275465.6363468170
85858915.2328437418 323962.4755172729
85996297.1108860821 331692.6721991301
85919438.6354737431 326794.5721759796
85483394.1239143312 290958.3945627213
85829836.6797390282 321746.1390914917
85996297.1108860821 331744.7712172270
86496776.6367173940 364470.6712206602
86197788.0847238898 346671.0408840179
86465051.0279989839 362217.0047167540
86467326.9419416636 362727.6194628477
86197788.0847238898 346715.7630519867
86054710.8270193934 336897.8778362274
86166062.4760054499 344716.3006496429
86186727.1157681048 345930.2488231659
86155001.5070496947 343516.5433292389
86057990.7803593278 337105.4608440399
86169342.4293453693 344822.8104152679
87772209.4383343607 400397.6916503906
86977872.7792384773 390581.9328613281
86946147.1705200672 388021.2580566406
86160024.8594310880 343773.1250896454
86128458.1824080497 340990.3543987274
88628427.5324262530 401665.0510253906
88215509.6540993899 401398.3381347656
86201068.0380637795 346773.9769191742
86089716.3890777677 339258.0541057587
85984111.5287400186 331456.0720595121
85952385.9200216234 329202.5666579008
86977872.7792384624 390313.5895996094
86770813.0574925840 380280.4694366455
86745759.1376434714 379852.8053741455
87856681.7284530997 400739.6135253906
86794255.0894604921 382183.7653350830
86946147.1705200672 387912.5319824219
87176456.5908159465 398667.9011230469
87076272.9585980177 394503.0539550781
86246979.2904559970 349346.0079860687
86246979.2904559970 349092.7062282562
86262217.8701981902 350367.0419063568
87135008.7014170289 397036.9738769531
86124887.4011420310 340417.0810316801
86517285.8520145416 365895.0695724487
86768537.1435499191 379894.9196319580
88089473.7799452394 401184.1838378906
86311552.7104812264 354057.5731105804
86432305.2620032281 360688.4814968109
86457111.7145808488 361580.0110931396
88619790.0652312934 401514.8640136719
87176456.5908159465 398822.4045410156
87076272.9585980475 394706.8005371094
87440171.7118296176 399392.0183105469
88623517.9431626648 401518.4177246094
86124887.4011420310 340514.7543715239
86108301.3153430820 339718.8507900238
87587344.6078938395 399827.8645019531
87135008.7014170587 397189.8161621094
87887677.1453902125 400849.7023925781
87440171.7118296474 399423.1169433594
86373569.5191842169 358096.8589382172
88015427.6061693281 401098.6506347656
89436388.2923749685 401916.7629394531
87587344.6078938395 399876.0637207031
87587344.6078938395 399838.4797363281
86841710.6416672170 383782.7775421143
86551134.8293818235 368312.6804046631
86124887.4011420310 340477.4487074614
86521685.1346060783 366216.6838226318
87135008.7014170289 397032.9377441406
86583701.9433090836 370351.2394866943
89162484.3973910511 401891.2805175781
86857157.5348225087 384447.5687408447
86311552.7104812115 354009.3784694672
86311552.7104812115 353714.0459499359
87479109.2199389189 399458.9479980469
86613151.6380848289 372300.0885467529
86895461.4644110352 385780.1687011719
87046823.2638222873 392696.5065917969
87479109.2199389189 399559.3039550781
87284732.1434725225 399053.1520996094
86513234.5412604511 365857.2595062256
86800262.7522683144 382189.6901397705
86841710.6416672319 383869.0827178955
86513234.5412604064 365855.9728851318
87284732.1434725225 399056.5109863281
87594576.9269947708 400062.6174316406
87080000.8365294337 394714.2409667969
86124887.4011420310 340771.4560316801
86486561.4093565941 363441.2762298584
87291964.4625734538 399142.7966308594
86373569.5191842318 358155.9014186859
86545830.4071828276 367999.4909515381
86136975.1475267112 341473.0299968719
86674205.7785473168 375252.3639678955
87479109.2199389189 399508.8688964844
87479109.2199389338 399562.8962402344
87281004.2655411214 399048.8674316406
86698451.3115268201 376017.5010528564
86629289.8685458899 372445.4289398193
86234115.6814791858 348479.6133708954
87479109.2199389189 399507.1950683594
87332128.1322675198 399319.4631347656
87087233.1556303650 394767.6711425781
87773053.5882439911 400600.7736816406
87773053.5882439911 400405.1320800781
87688680.4018920511 400138.1022949219
87836075.8486765027 400718.0051269531
