30170968.3930237293 46100.7496128082
30313132.1269741505 47347.5259914398
30312932.6499006748 47338.8383693695
30298687.0161440298 46875.8856372833
30092215.1098387875 45630.3859958649
30154879.2753969692 45987.6336994171
30242370.8824624754 46735.8729419708
30413108.7506834008 47684.3542995453
30131418.6214599572 45853.2635183334
30492812.7956118174 47884.2151393890
30210593.7587034479 46598.2487735748
30062734.7957291976 45546.7615451813
30272474.8565496877 46789.0929126740
30035133.1186069846 44860.7851057053
30096501.1067043096 45732.9458379745
30232591.6394724622 46702.3479862213
30230984.8511118963 46655.6346645355
30506704.0298007242 48502.9359970093
30254032.6450403258 46773.8996524811
30034933.6415335089 44852.0974836349
30359061.5887975171 47597.5615749359
30062535.3186557218 45538.0739231110
30192631.5509947129 46455.5389547348
30057146.1083013825 44886.6996250153
30283541.8324895240 46806.2153968811
30347884.5062623248 47462.9678134918
30278192.0613444149 46790.2676830292
30008658.6018182263 44168.8937788010
30120015.5460960492 45819.5647220612
29983847.2385230623 43426.8098402023
30027923.5807624459 44768.0774936676
30000321.9036402330 44082.1010541916
30135899.3914863206 45900.8409748077
30093871.7136472464 45673.7123584747
30206285.1046719588 46465.5674581528
30336217.2495851256 47434.9696063995
30112438.7375493087 45766.4707937241
34910612.9380581826 52074.4655761719
34532153.8013781309 51990.8411254883
29995896.8322906904 43951.4395942688
29968295.1551684700 43259.8297519684
29962312.7813718319 42448.4982261658
33578319.8502822220 51819.9302368164
33342083.8579941019 51371.1625976562
31472327.9383781739 48717.7920379639
31723448.5158799663 49112.4069671631
31934163.4241781607 49158.4557037354
32166292.3807233796 49845.0788269043
31619989.1832490377 49026.4898376465
32001669.9602768347 49828.1349487305
32273257.1509302109 50391.2467346191
31998218.2992866039 49704.4015808105
32584340.5240554065 51001.6950988770
32468310.8500285968 50424.3179016113
32534277.9551779144 50713.3894653320
32943735.9870083667 51301.9795532227
