253168791.1195628941 481109.4864500612
253372334.0047480762 504720.1659324616
253480242.5342823863 522052.9196600541
253377815.8857357502 510237.6220852956
253517007.5609052479 526041.0418802723
254541667.3532432616 608779.6472344995
253066023.0454624295 460421.3934376240
253151781.1185151339 480062.2281361669
253243092.2325534225 494326.9519362301
253675622.7721469402 544630.0025269017
253908335.5143444538 560617.0473842025
253733250.8218398094 550030.7187744603
254653463.0765699744 615567.9296627641
255017794.2360089123 639061.6622771621
257201801.9654817283 728721.8857701421
253186958.7311708331 487093.6627342552
253231468.5927177072 488719.6752498597
253655497.2208014131 540584.6074415073
253603936.4195211828 533237.6934448704
253692231.5061638057 544806.1260572299
259287724.9960805476 782861.3417386785
252995365.2380442023 444869.7000268660
253022192.6465339065 453460.4918873310
253144494.6374826729 473794.4255543798
253556833.6531920731 532200.7889554128
253755848.5610076487 550693.8943115696
253719114.2756452560 546781.3053833470
254079759.5219866633 574576.2421032488
257720886.7467104793 742046.0811346993
253045316.2365004718 459673.5684813112
253095644.0513047278 467662.9427692890
253794292.7481062114 555008.9939954504
253831246.9984724522 555959.8617862687
254397507.8180976808 597484.8495685160
255017794.2360089123 639579.2145232558
253018511.1678676605 445244.4783018678
254438709.1983890533 600863.9785855412
255927984.8450588286 681374.1662294865
256608368.6013701260 705011.2917574644
252972241.6480776072 438656.6234328859
253062914.5677838624 460181.7986674309
253772650.0271769166 551305.1764242649
260359632.8957001269 793893.5955263004
258426647.5130307674 755249.5633390173
258373460.9545387924 753717.6353272870
256813153.1777342260 712502.8750066757
257125084.9627873898 721433.3856971115
253326890.7936872840 502581.0564955324
254377667.2721226513 595885.7033645511
254068698.7882296741 571911.5651894808
257048330.2913301885 721158.0190292448
257501210.8015834987 734490.5398749337
258889704.1950646639 768383.6370474696
253074478.1456811130 465871.8785267919
253414838.3178544044 512148.0115884766
253576846.0842629373 533053.4102417454
253919122.4940350652 565992.3084885105
253394825.8867834806 511295.3903021440
253593454.8182798028 533229.5337720737
253638888.4867845476 540305.2719971165
253770205.0722060502 550985.6163504347
252988885.7167843282 438847.9382832050
253335120.9052774608 503957.6680905446
253613580.3696253598 537378.1407715306
255600740.8141880333 665991.5945284367
256358595.9327273369 697426.1652849913
252968337.6005156636 438534.7092483155
253182799.2607671022 481184.9476005882
253289645.8022074103 496825.3640800565
254315260.3391513228 590815.7590475082
254930426.8687771261 632786.7789763808
288388524.5715872049 938748.8865785599
256031728.2130997181 682590.3882414103
253136061.6360420287 473629.4293080419
254177346.4531695843 581873.1067966521
255759528.1718259156 674022.1592229605
255990707.7713862062 681871.7349210978
258293933.5891729295 753444.3963278756
257907791.6786134541 748576.9246481881
261463587.0319843888 814360.2837262824
256374580.9801815450 697784.8701162338
258501961.6986740530 757621.8107432351
253136061.6360420287 473718.8189564794
253630189.1036422253 537554.2643018588
256614115.9020003378 705785.8584533781
254244434.3595114350 586636.6669656038
253509600.8052646816 525629.9276899323
255081966.8564544320 642227.3312224746
256502576.1746788621 698535.6120290756
256358595.9327273369 697357.4499529600
253463520.6799908280 518580.8104166016
253403682.1566331387 511471.5138324723
253443508.2489199638 517728.1891302690
256614115.9020002782 705715.3306213468
299612672.8262076378 982441.6318359375
273103365.9618400335 865526.8914798498
255759528.1718259752 674182.9502385855
256767353.6532944143 711652.0073691830
252991461.1904822290 444747.7858422957
253460116.9829367995 517904.3126605973
254029644.2182546258 571583.6607664824
256583573.6584354937 703471.8104418740
253386672.1555853784 510413.7456156239
253968602.2919882536 566706.3435533047
254196962.7320604920 582332.3836089671
259287724.9960805774 782934.1474027410
259215404.0314040184 778341.9877347127
253375573.1558237672 509013.8553236574
254438709.1983890533 600935.5952847600
255990707.7713862062 681957.5186125040
253426498.2478722036 516670.4209134206
253500254.9653532207 522905.5409463868
254716573.4449969828 617595.7613976002
255827940.8149170876 675367.0601164103
261219415.3033840954 812472.3586634472
254393175.4242634773 597446.0375322700
254625495.7518019378 611203.6705645323
299243769.1249465346 982287.1064453125
267038936.3031729162 850131.1082297564
253129948.0471232831 468556.7003834248
254392100.3313505352 596577.0578738749
257378066.3813129961 733313.1599921212
257627839.0499557257 740784.6189841256
253089146.6354289353 466634.4700316042
256246227.7406592071 690157.7396129221
260861214.9927521050 801082.8781831339
253068364.5567623079 460706.0602467060
254435560.7175293863 597655.3488742411
255017794.2360089123 639143.9127654433
254985527.5265977085 634328.5931719542
254747583.1188540757 620621.3428515196
254985527.5265977085 634486.2528399229
256655136.3437138200 706183.7619262785
254347392.5143656433 594490.0275090933
254341985.0276184976 593584.4765371084
254793366.0287519395 623415.1985778213
259666297.6888275146 787840.1682395712
252988885.7167843282 438753.1111347675
255605540.1882009208 666688.4440037459
260939280.1437319517 805197.9470841959
260748101.6599785686 800607.4904407933
253012009.3067508638 444966.1877287477
253091488.1467288435 466919.1368406862
254347392.5143656135 594391.3102239370
254657762.4612131715 616007.0316619277
255525439.0540021658 665210.1689951420
292691088.3438820839 966779.7646179199
253054172.5063502192 459849.6920116395
255491960.2196337581 663122.3019712567
253083334.4155308008 466048.0020571202
253310062.0841264129 497525.5713048428
255406214.8673821092 657325.4898642302
259191089.3949460089 776653.9478330389
259347897.6033332050 783086.4908017889
259092198.2173927426 776046.0442341343
259002121.3635917604 769470.9998480678
257157861.5506000519 726303.7380233854
255461266.4335566759 661952.7910654545
253215812.7380109429 487460.1475844234
255199233.5475278795 648594.8767412901
255306753.4535340369 654306.3069214225
254480525.9555362761 602441.1713331044
254464001.4039033651 601420.8185790181
259784626.3482859433 790037.5503721014
259081539.7466715574 771903.6556607857
253272635.8011596501 495778.1057661623
259347897.6033332050 783358.9429502264
254578076.6236433685 609323.0070569813
253298502.0720570385 497001.4876103848
254275972.2141896188 589586.6841124892
254393175.4242634773 597342.8256182075
255135060.9270823598 645495.1584795713
254540559.2511392832 608180.5981640220
256449023.7225624919 698024.8240716308
264146338.3581012785 831681.0891186595
253298502.0720570385 497096.6375127286
256247142.3766876459 690955.4258122295
254494776.3412414193 605394.2321838140
255276059.6674569249 653136.7960156202
253332417.1630577743 503610.7948862538
253281492.0710093081 495954.2292964906
253880317.5509759486 557940.6605248451
254127231.1494375765 578981.4834676981
256612847.3163201213 705305.1411695704
255009998.7531276643 638028.6717624664
253129948.0471232533 468463.6110279560
254852760.9194372594 625367.2657505870
254202638.6586839259 582466.8545049727
256040115.1195078194 682710.9775395244
267161878.2808034718 853653.3095748425
253890936.3426483870 559438.3591361046
253890936.3426483572 559343.5319876671
254127231.1494375765 578983.7373739481
254127231.1494375765 578880.5254598856
254280304.6080238223 589726.4673401415
254462893.3017994165 600986.1723405719
253235829.7995429039 488944.3051640838
254202638.6586838961 582365.8964971602
253841790.3082286417 556421.9887681007
259612248.1111620069 787275.2026613802
257560642.5816934407 735165.4713030085
253224269.7874735594 488420.2214696258
257682084.9399106801 741623.1632840857
254462893.3017994165 601083.8940202594
253144518.6855045855 474678.4944041818
254280304.6080237925 589627.7500549853
254852760.9194372594 625884.8179966807
254657762.4612131417 615936.7396697402
258774744.3058497310 760399.4121484309
254002093.5726468265 567413.1058305800
260126746.0994697809 790548.0570810810
257427627.7911896110 733846.2717333063
256191455.6616012454 689110.6197389588
255138757.8426939845 646770.6775986552
256185087.6283079088 688689.3566884995
254002093.5726467967 567314.3885454237
254489782.3370446861 602442.5806086361
254867898.1555644274 628321.3950256109
254923448.3549781442 631385.3427084684
254836080.9877463579 624952.7997397184
256115694.1061259210 685521.5576618910
299618960.0986462235 983061.6538085938
255137941.4239789248 646360.9289304838
255917677.9121044874 680375.3684867844
255477251.4810108244 662225.8049787283
254095348.1099955738 574673.3992103934
254462893.3017994165 600984.6952897906
254923448.3549781442 631543.0023764372
257427627.7911896408 733945.8347215876
299920641.5775787830 983822.9340820312
267110748.2545564771 850323.5420577526
254597157.1683872044 610109.1207121015
285468124.4203748703 935554.3458735943
266948028.3581903279 849931.1400496960
255448157.4723667800 660394.8332229480
254923448.3549781442 631451.2933920622
255416399.7132228315 659236.2773924097
255236065.9777702987 652646.0663385466
260126746.0994697809 790442.8822763935
257560642.5816934407 734990.9976701960
257679347.6262800395 740814.7501085028
255244000.7172132134 652732.5005369410
281065600.7478652596 922983.9818477631
255119763.5600243211 644970.7491970882
255129019.9415327609 644972.1584726200
260745364.3463479280 799724.3624214604
257679347.6262800395 740894.3096788153
258863842.3524641395 762879.9676311240
260633267.1171579659 794777.3004816845
255665503.6053113639 667188.7412610278
257030038.4239926338 719193.7362592444
299150232.0925066471 975391.5780029297
256558784.6886132061 703280.4634139761
255759479.7123773694 673756.8426884264
256357742.1892103851 691396.0298243985
261928266.9666810930 821442.3312539533
262612528.0515012741 824126.7715079561
261610290.2852536142 814804.0431680158
258866118.7050273418 762902.9477247223
261746122.7930605710 820679.7204511911
266849689.9969408810 848884.5223853588
261667230.8524051309 816986.2945964113
264934317.8979385197 835117.9886029661
263574116.3267257512 826056.6053108573
261457526.8856458962 813529.7990273908
264375739.2108238935 834968.9991545677
298799384.0612403154 974388.3267822266
257419755.2588834465 733442.3673818335
258266624.0915679932 750224.7547328696
258266624.0915679932 750232.3797328696
298303236.7250999808 971799.2667236328
260661961.4976833463 797184.1487931684
298778676.6567685604 973281.5972900391
291163956.7399485111 939694.0464782715
291233026.3473098874 941216.6570739746
260880711.7483325899 801273.1754960492
261198406.9242436588 808331.5327958539
261115744.7632232904 807509.2242021039
298765377.1200577021 972585.5980224609
273373227.4387589097 872839.6050282717
298300110.6105792522 968876.8070068359
260938380.6732623279 802124.6730546430
260924810.6349795163 801321.5576533154
263185489.9968886077 824983.2679325715
278530350.4416505694 896048.4480066299
281248370.3505153656 933757.2718048096
266259840.8311075866 847878.6749694347
266242438.3242028058 846941.2936599255
263578819.0292135775 829926.0272390023
266019545.5695338249 841720.3766543865
266081121.9019320309 841819.0770080090
265585155.3155336976 836947.0349547863
266104260.6457742155 845090.0138109922
265523974.2095944881 835867.6551259682
291729818.0476781726 948172.0908546448
292090937.9772452116 950875.1675148010
277108150.1690407395 882070.5942077637
276981128.0951645970 881266.2002258301
276835378.5508344173 874060.0551464558
276533578.5607181191 873178.3932201862
