155268906.6708174944 268567.4125258625
162566403.1742918491 557225.6326702069
155884685.5044145882 334395.5784150362
156016771.4328553677 342417.4589795375
160066247.0498985648 505673.2388159009
159805301.4781945646 504625.1595922681
155360613.1509713531 284397.6559209526
157115254.9021585882 405367.7020410171
160284302.3769505918 511659.8166586133
155176919.4616999030 247814.8536051512
164180841.1168672740 576544.5682833383
155146695.7353749573 240057.3028239012
155155273.1380251050 246209.8980387449
156045486.7310747206 344737.3524894023
156593298.3084213138 376946.0330796242
162732071.8371349871 560176.6766155194
157859182.0280642211 440433.2432293931
155938211.5384090543 337295.3751268387
155738568.6251593530 322953.1796873116
155811618.4501172900 328150.3752934337
155729597.0103063285 321883.8676726818
156253218.3551485837 359720.2081139588
156259528.5318518579 360087.8430626893
157526930.3088887930 425654.5457638542
155965262.4614498019 338584.7572745585
157646178.8415481746 432454.7131832878
155185496.8643500507 253967.4488199949
158925490.8119922280 471013.7571765820
156302921.1524152756 361301.8591009879
196119373.4251683652 714956.5175781250
155876474.5563108623 330710.7304685616
160214577.1195636690 508692.0017362727
157178166.8239134252 409868.8597181007
155209281.6985221207 254692.9046218097
171673805.8815672696 617489.4411621094
155756647.9333470762 323173.2498204017
157812270.6843425930 440294.4355551044
155848640.5715880990 329636.7348406911
155776261.9254433811 327627.4290806055
155243846.8995415270 262134.8800551593
156387359.8752690852 367845.3938439393
156780049.6657127142 389009.1534409523
157666690.4387266636 433670.9333981315
177788493.1185460389 640090.9215033036
158696541.6261450350 464837.4887109960
155220062.0653694272 261409.4242533445
155669238.6901341081 315511.2023247480
166410328.8843871653 614995.2124633789
155690238.4162542522 321083.8943376541
163193945.3558680415 566193.3581815878
155219974.0317724347 260567.4575154781
155711517.7021185458 321663.7975395918
155400614.8885865211 290830.1883916557
156917385.5097385049 395673.8197312355
155206045.8686060011 254325.2696730793
155136334.0353943408 232888.0157145262
159100746.9510338008 478915.5254728238
155197988.6072835624 254134.9250447750
155326387.7226837873 282036.0890243948
155838669.3731581271 329439.7574411535
155914073.7894902527 337254.2652115130
158376949.6707184315 456656.5908450524
155291910.5552614033 275436.0803289115
156635378.9020042717 381251.6026597023
155256334.1252346635 267678.5295476615
155309456.0485588014 275716.0175847709
155454059.2804233134 298307.8019170463
155535513.9592155218 305884.3681230545
155331240.4738324285 282792.7003545463
155152037.3081089556 245842.2630900145
155261193.6048298478 268036.3504007459
155494061.0180384219 304740.3343877494
171563213.1168007553 617468.2770996094
156451830.4301024973 372150.9634240174
156437846.8570120931 372103.6123497987
155816773.8037358224 329105.7749021554
155267503.7815331221 268403.9853494763
155419300.0691797137 292155.2067022026
155582026.3977612555 307543.4446306229
156342784.4301792979 364216.7269367941
156073291.9616656005 345001.7927403951
156627786.0825661123 380623.3034653664
156529857.3850279450 374190.7709946632
156752396.7756266296 384826.9195847511
155143459.9054588377 239689.6678751707
196397562.1752403677 715953.3398437500
193435327.6937157512 708426.5937500000
155993860.8653073907 341923.9604943299
155395372.3622148931 290550.2511357963
161254769.1173390746 539671.7238299819
176240581.5701210499 634809.0987548828
155288674.7253453434 275068.4453801811
155562564.8822562993 307173.7483415604
155432250.8837540746 297298.3589543998
155281393.8965106010 274111.0620183647
155253098.2953185439 267310.8945989311
155597158.9977981746 312348.2590130270
155442989.0544820130 298294.4917210042
156363007.7703492641 366520.3755333924
155459301.8067948222 298587.7391729057
156772869.2646494806 388380.8542466164
155310206.4058494270 275979.4404770136
195936224.4821097851 714867.8554687500
163058905.7618058920 565099.6478069257
155666038.7124574780 315151.3692559004
186223962.4252576530 686195.6264038086
162971572.9911527336 561523.5490186214
155253017.7510211766 266213.6892232597
157956033.8720633388 440714.5131307880
195852751.4284102917 714831.9194335938
158538332.7263736129 458325.6130705441
155316970.3265373409 281868.6127996147
158488826.2690556347 457093.6731596554
156022855.6105435491 343593.6992139125
158123802.6530626416 448882.5327782074
158376994.9151123464 456732.0511264245
156114656.3849583864 349910.6799775362
165389500.6075534821 598247.4772186279
158685762.7012140751 464510.2724873275
157151758.3108111024 409625.9205468765
162887411.5395692289 560889.1700237226
160680141.5335631669 526672.2135882350
161039333.5330406725 538778.5322799683
160935529.4930263460 533453.2253341675
155393025.4810506701 289910.5044622123
195682273.5881795287 714739.7905273438
156041998.3134841621 343770.8951593542
155333562.2279305160 283108.2757024467
156134808.6218543053 351164.4112076068
165504721.4056143463 599802.6860961914
155312832.9751553237 276758.0695974100
155373563.9655457139 289540.8081731498
156844154.7652325928 390507.8171372414
160354321.2126076818 514752.8052946223
155353023.7434355021 283477.9719915092
178878669.8078332543 655720.4257812500
179454032.2978394032 660182.9689941406
160344674.2475299835 514592.6872478617
165752780.3320602775 606714.0385131836
157325072.0786003768 416410.8300960099
179794627.1748270094 663966.7891845703
179407998.9145872891 658344.1307983398
157002885.4183000326 398265.3679184914
159599186.1592206359 491715.6225479217
155629855.9507049620 313696.0398454666
157495509.9618967474 420632.4612281322
156143553.0146576166 352219.2900091910
159613043.5668310821 496867.6088288966
159481644.1692721248 491340.9292493388
165486854.1336561441 598638.9273071289
159413179.4882752299 485045.3908544751
158256385.0228663981 451654.6484622399
159477968.1589788496 489765.5737463208
155251002.5785141885 262721.1323678493
156325970.0523091257 361541.4268962645
155276062.3497900069 269153.6648385525
158170222.3193260133 448899.0400638024
157188472.1556834579 410630.6549829117
159030779.3262330890 475539.3081321716
163100380.8660442233 565345.1456096601
165567468.4134981930 601160.6826782227
155492356.3935784101 298742.8522710502
158370326.8679039180 455830.5278784076
166151779.5958588719 613579.1630859375
156227991.7375113964 358762.8247521424
157448200.1063691378 420082.2656821216
165795352.4558851719 609007.4317016602
165290331.1259197593 588352.6497573853
155799891.7745903134 327847.4992136955
163470743.1071937978 575206.1565795580
157067813.1863634586 403240.7391503921
158646313.1022289693 463649.7830277125
156525171.9079206288 373404.8678012395
160743635.4949978590 531608.5885882350
156180640.3499572277 353544.3083197379
157962479.3210473061 441510.6557699481
155561476.8920070529 306406.9411501193
165341200.9854252636 594865.7737274170
158109156.8311278522 448068.4936219493
156937366.0757753253 395793.1809788942
163139889.1118538976 566178.2396038007
165575962.4009363353 606141.3421630859
158062737.1648644805 448051.9863363544
155411334.8112023175 290865.8264836967
157778255.3270243406 434581.6760739128
156687632.8704206645 382756.9270615578
156653620.7319899797 381580.6868271828
156864234.6990071535 390957.8288559914
165158650.1335423589 587603.5207061768
157789993.7144447565 435358.0605551044
158873373.1852794290 470048.4056140820
157303488.2457261086 415927.5166162124
156355337.6661153436 364346.0615685487
155532608.1986068487 305110.0306768119
155907976.9674902558 336550.8609356880
156836996.7188892961 389876.0025265717
165926852.4612324536 609410.1018066406
156274763.3937596977 360303.2295825386
155551428.2637303472 306345.2899541557
160299082.6232528090 514577.8166040047
157076580.8802001476 404736.8966210952
156719307.9361193180 384075.2846665382
186371714.8670129478 687119.1362304688
157393613.8835694492 418826.5170216600
157584002.8003586829 427518.3381832878
155647959.4042697251 314931.2991228104
165978383.3739409149 612465.3886108398
159777401.3704141080 497947.7659388904
158294135.1075834930 455224.3041029228
163411754.2508858442 566504.1762375832
156322465.3104694784 361393.1332866454
156410201.8780427575 368542.1129601502
158019314.7606323957 442530.3783216728
164368258.5543480217 582762.9531977158
162724167.4935595095 558420.6888225507
156915840.6866282523 394422.4998410249
159599594.4666377008 496867.5983269186
158611018.2149305344 463186.7172172394
157253270.2364989519 412713.9017872850
157563413.3620089889 427209.0110434497
156542067.8004549146 374992.7155747414
193988551.4604076445 711514.4018554688
166006967.1168619394 613484.3493652344
162639860.1850635409 557486.0433147382
157342431.2402003706 417650.2767872850
156596953.2353341877 380605.2333214784
194549310.8589460850 714096.5068359375
157165741.8839015961 409673.2716210952
157228193.2581148446 411800.2345117202
160631424.6898446381 523851.0378069849
162685065.5101595223 558370.0989788007
156580403.4784651697 376317.7338852882
163009537.3194024861 564144.3967254590
192382782.1852256656 706933.1953125000
184707452.8822527826 682729.1074218750
156102957.4355798662 347086.5626236200
158239781.7357121408 448996.6339652863
182601520.7987223566 665733.1191818714
156500460.4713470042 372800.3314660096
155732244.5938400626 321922.0427126193
184590945.3022972941 677324.3321075439
192471943.1889271438 708121.3056640625
162522853.2998501658 555748.0913341474
185078144.3698300123 685303.7601928711
155898102.6364221573 334859.4632916451
191503617.5415829420 704376.7094726562
162449594.3463011086 552280.0750530194
158598873.9340758026 461573.6715647383
159685856.6632571816 497394.3514358997
190703867.1578883827 703029.8735351562
162472451.7672109306 553173.3509319257
157388823.0789429843 417955.3027914966
160638342.4170966446 523851.0715852827
178342368.5492198467 642839.9927454591
160663899.3147983253 523865.9084508419
157412600.4311977327 419451.4602621997
159266391.9376805127 479707.9683479667
182834202.7902920544 670923.3119156361
160652580.5312225223 523864.3747823238
194873014.3713301420 714194.3847656250
166204499.5990537703 614017.3098144531
155641192.9359903038 314283.7269182205
156082214.2716815770 345786.7575384879
158778762.9149969816 465103.2289848328
178311109.6512778997 641509.9986643344
188497123.8652584851 699681.3378906250
159320217.8844873011 483498.1617804670
177688654.7461043596 636475.6584175108
186835184.0439245105 693547.7714843750
187242868.2200860977 694844.2480468750
161815983.7560365796 549476.2299904507
158970854.8512608111 471913.4860649109
194972839.9773212075 714562.5673828125
155642050.3484651744 314651.3618669510
158885261.0545385778 470837.1402416797
160449788.5242466927 514836.7705059052
158925239.5847647786 470946.4755747318
157327906.6053618193 416630.8873176142
159463093.4158975184 485259.8809278011
158894441.0187387764 470882.0496199036
158988644.4840596318 472487.0051863098
186586289.4140348434 687776.3165283203
156825865.4514620304 389469.7546870180
156825865.4514620602 389469.7546870181
164618668.2383943796 584442.8351974487
164355182.8150708377 581902.5966720581
192312836.4955225587 705960.5336914062
165323151.5248022676 589540.3123207092
164856196.0247109532 585311.7888660431
160470579.7310454845 516328.3909254074
193971502.6743873358 710434.2041015625
193820868.9313599467 710395.7353515625
189929423.3266215622 702302.0327148438
183559281.1091909111 673632.7846679688
187778427.8747979701 698727.4062500000
183210880.1954916418 672832.3349609375
193596603.9478667080 709015.1650390625
187842490.3225564361 699017.5776367188
172138689.6838435829 628032.1750183105
184313772.7590576112 675732.7724609375
