133738032.6991059780 295599.8326107115
136134841.6987969279 414231.2177518606
133732934.8955745399 294931.7343441099
133670521.2870844007 289165.4810482115
133632516.1472945213 284882.2883154005
134410693.2961173058 337140.8697665185
137967300.6131078899 466409.4460487366
137848820.8187940419 462145.4163856506
136210208.3489198387 415426.9801325798
133429941.0757513493 265818.0245052427
133518907.0053766072 273520.0170284361
152577051.5828311443 588694.4738616943
134849795.6760437787 360606.1605341882
135408875.8295153975 388005.5570921898
134030141.4642955065 313810.8656527965
134575545.6250647604 347090.4074662179
144931762.3607343137 553621.9628677368
133171686.4126724005 207705.2134004924
133459839.6748114973 269367.1867529005
133677082.6963085383 289833.5793148130
133825724.2232702971 301706.7172812074
136185471.2708603442 414994.7466254234
136428454.4664098024 424605.5998001099
136898910.0214270353 436661.4095637798
133189017.2887628227 216363.0495781153
133380607.8251534849 262163.9811016172
135308669.9910259545 382886.5861648917
133180421.2468831390 215337.4091591090
134133279.6881359816 322401.0537226647
138000989.3503088951 469745.0974159241
154284728.6348877251 598527.4716186523
139560685.5049795210 503653.3663531840
136377932.0213327706 423155.0175766945
138341054.5454760492 473815.6907020397
133199582.8242539614 223004.2762320489
135091741.2808384299 373966.3994606584
133207956.5945511907 229474.4958693236
134598056.4817555249 349341.4746249169
139085102.2151567936 495959.6453219950
138191131.9428487718 471089.4671912976
138826206.8621949255 489525.2937594950
135175141.8567115366 376312.8170375824
133987777.2129459679 312439.9960225672
135315543.1518692076 384004.3988844603
135658359.5969963670 396974.3778699636
142789885.4355711341 532612.6627273560
133259797.7176968455 240374.6547523681
137045652.5029083788 439069.8532025218
133211561.7953419983 229517.6343962401
138787430.8923398852 482711.2639743388
144682196.1548156440 549953.9452896118
135163516.7760935426 374861.9585768431
136214627.3038116693 416548.9184269905
141146276.7511459291 515253.6221528053
133202965.7534623742 228600.0780531615
138602208.8439851999 478035.3428779431
154969410.2604356110 615199.5883789062
139821946.4498983622 505968.4002658427
155171497.7266722322 615527.8706054688
134343637.1866584718 335817.6705477685
134720740.7427952588 355775.8261874169
136233176.7421513200 416720.6660141945
133197186.8641466498 222523.3184517715
139869251.6305477917 510128.9642702639
138673617.3328873217 481674.7734958231
133690954.9058198929 290138.3426146358
138051696.2380008399 470225.4524207897
133895247.4001140296 304980.2454337925
137371506.3905601501 453020.8266677856
135952532.1824097931 406752.1715297401
138844657.5089067817 492151.7841769755
133443528.8200423121 266122.7878050655
142003445.1110142767 519267.1477203369
139153660.2708454430 502908.2802707255
154555582.0341197848 603133.0263671875
142086544.0029869974 522323.7164459229
133901571.0927840322 305343.5804005712
142124661.0033019483 522709.0714263916
133215805.4822795242 230509.7592447847
133789712.2729503810 297593.1981021017
133769872.0240043700 296608.5622519106
133725305.4749903530 291657.2712524980
134167284.8561969101 326926.1576033682
134005185.5078056455 312482.2047732919
133805191.0798566341 297897.9614019245
134451173.4162656367 342398.8442158550
135966647.9376837313 406923.9191169441
135286361.7564663589 381982.9716429710
133925105.5468234420 305998.6813527197
143744548.9823938310 533648.4069671631
143275750.6481398940 533093.4180450439
137420453.2128029466 453261.7555462718
137592074.6336474717 453998.8329388499
135937105.0236401856 406616.0011032515
142290592.5812275112 530082.6739654541
136907892.9491465092 436802.1232182682
135398175.8174972236 387964.6558706164
133656180.2276497334 287767.4776302427
133866141.0826541334 303664.2146978229
133237482.5068953931 238518.6411731541
147680123.8889820576 559921.1089172363
147020595.8792428374 554747.4059143066
134954287.7621707618 367104.4077955931
138494518.9996673763 477884.2119924873
135464799.5511387587 389255.8394414186
135917668.0537111461 406444.2535160475
134986885.5220156312 368644.5293124169
135536811.1832650602 393310.8882695436
135712599.0094600022 401066.5515464768
135146162.9392119944 374673.9866512418
137141688.9493927956 445504.2047650218
133755396.5414919853 295940.4639853090
133783150.8637261987 296925.0998355001
134594722.2542458475 348405.5556757897
138326613.9823806286 471912.4065223522
133234009.0222269744 232109.7731561512
134487285.2437140942 343575.2213290185
142518261.1427015364 532532.1314849854
133247660.9753393978 238737.2985230982
142080940.6923491955 521866.6502838135
134276927.7451916039 330158.6045039147
136000363.7479530573 407478.0707807243
142475734.0011290610 530536.7086334229
133811852.0137589276 301401.9539813846
133322313.5341314673 254102.4307064638
133525468.4146006852 274188.1152950376
135087725.1825858355 373345.1134243011
133831276.4510683119 302070.0522479862
134665220.1867085099 353823.9385573119
133360637.6803420335 256384.4896330684
154745572.5932844579 612316.5683593750
135295391.9281163514 382474.8200516105
135825372.3548201621 404351.0563383326
133323171.9740195423 254155.9911000580
134431846.3196195960 337379.3345485436
137202682.5440070927 445929.0411908031
142240883.2502355576 528106.4898834229
133560467.9120083004 279542.6024776548
133497300.9883744717 272683.1090636104
133838473.7104188502 302691.3531313986
134390508.7814737260 336769.3921778649
137024592.6620320380 438197.6930386424
133850662.2757478803 303359.4513980001
133976847.7293593585 311109.8336964697
135022808.3986662030 372458.8949782103
135411936.4129128158 388867.8341923952
135144482.0155380666 374450.1924635619
133396065.1206831187 263167.2764264196
134661532.1691779196 352500.7393385619
133718262.1817206293 290488.6802669615
134879968.1362303793 366692.6416823119
133537760.4568747580 275837.4063901752
134256408.1281831563 328520.1536677927
134763903.3551004231 358935.0909010619
133555670.0844760388 278736.6515651792
133544840.5665764064 277124.7375341505
135583540.1205188930 396532.8378776535
133226194.6974275857 230958.5680693239
133361409.1503042430 256449.9913173765
133370233.4200589210 256830.5803795308
142193295.2921524644 525033.4010162354
135655319.2653766870 396631.1166749224
134078502.7616370916 320245.2172152965
134036970.5400753766 319473.3701219410
135543573.9595933259 394634.0874882936
135637252.4047414362 396617.7657680511
135060706.9815942645 373126.9932448119
135370233.1486456096 386868.9175014496
133940515.1659977436 306005.6444600672
133315464.5026888698 252791.9407499135
135227392.8862097859 381102.6642055511
134275588.7473838925 329407.2642881125
136698070.4323084056 430637.9693142772
146507598.5272445679 553990.4800186157
135191281.0587612689 379378.2860413790
137204519.5945170522 446486.5030972362
133553387.8023066521 278255.2713336796
134259110.3023050725 328569.7595979422
137334759.1980459392 452389.5953823924
133879768.5932077169 304675.4821339697
135904092.4626581669 405371.0829380446
135956423.1012013257 406878.7552179396
133822731.1629846394 301431.7932129949
147264493.4712947607 556365.9491348267
152680717.5565614700 588958.3571777344
135788880.6569864750 401977.4751181230
133234154.9313854873 232222.3812182993
137047565.1756455302 439211.6189038157
137112823.6805186868 444632.0446011424
133240145.3125278354 238734.3778585494
134099277.6149870157 321547.9095564932
135208816.1484595239 380183.1855658889
133251924.6539001316 239648.6665874571
133958281.9080301225 309732.5728645176
134526257.9445260763 343716.4876769036
137366507.3369333446 452767.8762201754
133195888.7119970769 221786.0423704833
133969385.7115627229 310400.6711311191
134563949.0879428685 343854.1847079247
135267675.7967699170 381757.5952645945
137240444.4599568248 451285.1329912631
134538131.1153356433 343822.1346069084
133571388.8248015642 280135.8965450376
133400286.5149593353 263429.1160445064
133523251.4937644303 273824.7803282589
133184576.0223546177 215360.7439174503
133226493.3594154269 232106.8524916023
133865148.4022815228 303661.5562687963
133625436.0375927836 283594.9571714252
133315531.7550811470 254033.7427356541
134747457.2103199363 357767.1236727685
135774503.5262282193 401254.4720476270
134871405.4659084678 362210.1777499169
134616332.0441104770 350009.5728915185
133265309.6048765033 246276.1919544041
134603113.7327942848 349739.0731261224
133302739.8172430843 248231.0915489644
133641063.3830246925 286012.8221149296
134241335.9378457665 328307.0330444084
133388373.7060412169 262995.3390651792
134153707.8932113647 322714.2655183524
133254125.0387505144 239938.4234068245
133663441.1773826778 287878.1499042362
134226975.5457620323 328092.5135652274
134383233.1179977357 336064.5838256584
133279556.3332352191 247480.2375026792
134208298.2175903022 327779.3017695397
133982801.1537549794 311419.1070500463
133377571.5942054391 260287.6996919960
149608250.0462964177 565162.3877105713
149595113.8697147369 563533.7499542236
148728006.8115904927 563319.0032348633
154665778.1671275795 608778.1557617188
133347049.9360510707 256079.7263332456
154417495.8496925831 602163.5371093750
135351965.5692316890 385812.6376038790
137179201.2725272179 445671.8727373568
133343099.2255947888 255542.5515837520
133420993.7706315815 264925.5582823604
133407406.0263406187 264620.7949825376
133483713.2440835088 272378.3457637876
133402608.1988083869 263814.8440700620
133962227.5384331644 310095.9078312963
133329511.4813038260 255237.7882839292
134321602.4705525339 332667.0889742821
133389867.5715934336 263095.0912395567
133640894.5091006756 285511.6345022768
135396406.8636662662 387135.8368226290
133176343.5403963029 208386.2317415569
134308904.8588253558 332222.3558466882
153303903.3889448643 593149.9045410156
149674395.6496956944 567164.2875518799
133234366.4232121408 232657.6182571594
144462441.9139406681 538090.1283569336
135337875.0374005735 384716.8992347121
134337345.0179866850 334213.6533320397
137081743.3885684013 442590.0647315979
135888683.1088051498 405184.8840473585
134660337.9606112838 350082.3590364903
154587637.2858114243 606407.4289550781
136795950.9091133177 436543.9111436903
134335617.8335183561 333642.5553394649
151393919.8000855148 569679.6152725220
136845684.6734711230 436591.5390357077
136729961.3495793045 431760.3480122685
135876094.7254644334 404494.5264977608
134653129.7917036414 350077.0552378148
135877253.9156819582 404514.4178235226
136782248.6103824079 436513.7508015335
137474400.2579297125 453846.6222816296
136128917.3228524029 413328.2242581539
138367381.6072320640 475997.9103588063
136285592.7264513373 420409.0179505050
136557794.5987664163 428787.0581993759
136327552.0598380566 421283.3555867374
137565776.2696634829 453944.1085029431
136003418.5165225565 408289.2316207581
133178797.1330389082 209283.9843160603
136604562.8322356045 430110.2574181259
136811538.3628925085 436558.5047325790
136276080.5102863610 419357.1102654629
147612542.1350612640 558939.3745422363
136369188.4705118537 421304.9301476181
136043956.0991041660 412003.4543358975
137101394.4873954654 443859.0739173889
137622478.3803329766 454014.9365440197
136921731.7069308460 437368.4422402084
136760225.1199135780 435022.9053197503
135528567.8889928162 392248.3732595444
137739211.2500711977 461175.6825156994
136739332.7973425388 433817.1634984612
136556362.4569616318 427535.9695686996
137736245.5723004043 459534.5749212094
135881507.1422177553 404521.3262841396
135912711.5036235452 406418.8282525234
135886074.6741909385 404630.8148247891
137636498.1052331328 458636.4702415466
137936060.3303509653 465968.9264837094
149844867.4831038713 568015.3168640137
136552978.2302723527 426235.4470067620
