29502417.6430806369 954651.4162597656
30335307.7218400389 1100802.1611328125
29526540.8751839884 981292.1423339844
29535416.0033213049 988478.0659179688
29775088.1631568894 1054423.1054687500
31012242.0834519118 1123695.1640625000
29824652.4667295441 1063770.8964843750
29622397.6231261194 1019136.8969726562
29909312.4349208921 1075074.1445312500
29674921.7491948120 1032582.4541015625
29882066.6526511386 1073243.3359375000
29719993.3943274915 1047865.7011718750
29606525.6072892509 1015629.6328125000
29516515.2981392592 970184.8203125000
29725618.4106857292 1048608.4003906250
29982305.0255865902 1079677.9707031250
29739300.0022457242 1052128.5517578125
30013980.5264888294 1082192.2929687500
29576874.9762094580 1006939.6220703125
29678404.4406681024 1035711.8125000000
30171743.7571410388 1094382.6093750000
29555839.7014475428 998915.6923828125
30496551.9665888920 1110076.6171875000
29521813.4115847535 971971.6806640625
29623970.6949691959 1019690.1782226562
29719558.4478652813 1047478.0996093750
29877438.1729633212 1067519.8994140625
29522395.6641500108 975948.1621093750
29782829.5699082091 1056586.8417968750
29701601.5455981530 1042183.5537109375
29732744.3131044768 1051562.8681640625
30955666.8033923954 1119112.3408203125
29855134.6750691459 1065176.9306640625
30515812.9900887460 1110492.6552734375
29603469.7837311253 1015418.6958007812
29713550.2973150164 1043101.4443359375
29575434.5377383009 1002512.6132812500
29510681.2168030813 959803.0656738281
30144116.8018598594 1090060.0761718750
29530878.2407007553 982720.3266601562
29630594.1372376867 1019723.8559570312
29934587.8423983268 1076421.2412109375
29512135.0245615095 964761.7712402344
29802175.8044776805 1062648.7314453125
29564385.6263406798 1000974.6601562500
29731717.0608798526 1050276.8378906250
29646652.4608570859 1025482.0312500000
29724007.7051262408 1048352.6943359375
29547014.1034892388 996924.0883789062
29789424.8857006915 1059247.6513671875
29531595.2577573247 983821.4306640625
30270098.9074858241 1098146.3544921875
29877513.0545574054 1070418.1206054688
30076186.1011521854 1086972.0117187500
29545269.5710944608 994931.1508789062
29525309.3991010636 979935.9680175781
29811054.7709182426 1062940.0068359375
29564285.3487424813 1000901.0429687500
29925044.6938498616 1075929.7382812500
30690456.7522145510 1116496.1689453125
29790044.0843847804 1059260.0947265625
29612098.5955875218 1016075.9296875000
29817136.2650604174 1063748.9228515625
29639298.7080902345 1020978.5625000000
29609199.3010565527 1015881.3579101562
29778247.0368382670 1055020.7246093750
30702700.0902974308 1116863.6357421875
29536262.9497736022 989826.5761718750
29563620.4922551401 1000794.5063476562
29800565.0989181921 1061427.2617187500
29780013.3709443174 1055026.8886718750
29529834.6405682303 981843.9804687500
29617395.8151681200 1017289.4628906250
29555372.4380368888 998877.0917968750
30194414.3912848867 1094400.6103515625
29551507.6110858992 998845.4614257812
29512595.1878790148 964826.0446777344
29664800.4384860396 1032169.6992187500
30262207.4131102823 1097653.5517578125
29819422.7023394741 1063765.1835937500
29586430.6224052012 1011689.6728515625
29516143.4778586961 965950.9660644531
29597007.8982805051 1012744.2539062500
29638262.1930362210 1020343.3876953125
29856250.8904514052 1066377.9042968750
30955169.6631950811 1118056.1181640625
29764333.6297107153 1052335.5810546875
30042300.0290248692 1084711.7343750000
29794460.5687143877 1059678.4501953125
29729432.1775752306 1049013.4570312500
30140068.1901949868 1089730.7500000000
30336662.2636067495 1104073.1035156250
29535648.3113128021 989088.9614257812
29561127.3995650448 1000119.9287109375
30362428.3457258344 1104402.4296875000
30652923.5986027867 1111552.8769531250
30242306.4671754614 1096973.7480468750
29797792.8171219267 1059748.5185546875
29877546.3783095293 1071656.7705078125
30794401.3397557996 1117275.6123046875
29636582.4229387380 1020334.4960937500
29584485.7464217506 1009297.0390625000
30057559.9294469655 1086270.5478515625
30225571.1063372381 1096644.5048828125
30147959.6845705286 1090223.5527343750
29540738.3780289814 994104.0595703125
30299108.3796351999 1098530.6191406250
30025007.3466081992 1082540.7236328125
30892310.2527849898 1117904.9619140625
29542488.9141652696 994396.4809570312
29611971.7921134084 1015933.7231445312
29645487.3819361366 1024094.7250976562
29572819.5419324450 1001802.6894531250
30410733.8057980463 1105834.2871093750
30097550.1947699562 1088721.7031250000
29659635.0643405616 1029902.5053710938
29955872.4323735312 1077752.1474609375
29766364.9303366877 1052665.8417968750
29770438.1599145159 1054084.3925781250
29770237.1771003157 1052850.6542968750
30031566.9645848908 1084710.1162109375
29550172.0526666790 997584.5346679688
29845291.1326622516 1064164.9736328125
29620337.0984418206 1017456.2187500000
30002938.7250033170 1080106.6972656250
30576977.2161909342 1110859.4697265625
30502911.6687371247 1110081.4169921875
30095246.7291880250 1087773.7871093750
29555851.4331507161 999758.4414062500
29658504.2543901391 1029783.9150390625
29637853.1859375574 1020336.4775390625
29942303.0781616159 1077284.2705078125
30162252.5588034205 1090224.9531250000
29654799.2686965056 1028218.2236328125
30532010.4162721336 1110856.0605468750
29948461.7768363096 1077534.7451171875
30623937.7036404535 1111487.9482421875
29521377.1326503493 971923.4956054688
29523379.1607775316 979249.3732910156
29641434.8053821623 1022628.4877929688
30204243.2846412174 1095202.3857421875
29966769.0923327655 1078568.0000000000
30310481.6501983926 1098834.7607421875
30119876.0664969198 1088888.3007812500
29613544.8639564849 1016637.0805664062
30729678.5762017965 1116867.4980468750
29951021.6325533539 1077589.0898437500
29524226.8891845085 979656.9521484375
30215229.0326931328 1096150.3017578125
29660989.7746590897 1030549.9873046875
30058812.7468546443 1086459.8076171875
29571189.5412525348 1001473.2021484375
29616474.3597141467 1016752.6333007812
30050627.5926207267 1085511.8916015625
29616486.1472301856 1016803.8559570312
30878616.3950539306 1117758.5605468750
29923775.8502836004 1075839.3984375000
29646577.0450015254 1024532.5834960938
30984617.5042508878 1123690.7070312500
29969548.8604313694 1079033.9619140625
30981393.5682120174 1123283.1875000000
30069154.8204987422 1086956.7636718750
29961363.7061974518 1078086.0458984375
30982787.4640304595 1123300.2285156250
30317769.1561636031 1100398.7294921875
29844022.2890959978 1064054.7138671875
30970040.8133755550 1121914.4960937500
33698639.9202761650 1130350.6562500000
30759507.8154972233 1117271.1552734375
30683698.5592281818 1111632.1093750000
30839438.0400546789 1117327.9248046875
30043001.0732089728 1084812.1367187500
31541993.7724405415 1124316.6083984375
31507026.2161696069 1124254.4794921875
32647038.8152928762 1126476.2890625000
