29609951.5105563439 1008631.2084960938
30192847.9265382327 1075372.1328125000
29554966.0969785526 990074.8627929688
29597119.8044367842 1005970.3159179688
29874299.8792959936 1053103.7763671875
29498885.8033156656 938454.3913574219
29497009.4179593921 936700.0656738281
30047819.5615189672 1066181.3906250000
29702530.3066103011 1030315.4726562500
30138668.6293358505 1069558.0556640625
29725805.2881798670 1032081.1396484375
29607295.3570858687 1006357.0068359375
29532459.0153559335 976579.2949218750
29872523.0384779200 1050654.0078125000
29511016.2457862273 963259.5866699219
29725417.8109134138 1031196.0742187500
29910759.9732194170 1053456.0019531250
29633551.3492958099 1013537.2294921875
30606124.7000374757 1092357.5029296875
29573933.3909048215 1000282.8881835938
29755820.3944123797 1035400.1669921875
29495680.5157587901 934034.7268066406
29916126.7361080274 1054249.2294921875
29506430.8289523982 946715.0041503906
30772434.2803893983 1093717.3291015625
29686297.9277383871 1026417.8359375000
29835138.0526091531 1044821.8398437500
29924926.2938666046 1055356.1953125000
29783560.1176844425 1041574.0205078125
30545303.6464942209 1090206.5732421875
29615185.8528759405 1012509.7861328125
29852531.4680718221 1047935.6298828125
29531223.1827491932 972600.3261718750
30257530.1863092072 1078234.2724609375
29695655.7965876013 1027121.1420898438
30023953.0911857709 1060177.5214843750
30198151.1033355743 1076062.2978515625
30564396.5443094075 1091998.2675781250
29755236.4816294983 1033859.7939453125
30173262.0846824385 1073407.3320312500
29503072.7507157624 939148.0534667969
29834312.2795354873 1044530.4599609375
30848504.1442423314 1096779.7685546875
29655473.1310692318 1018756.1318359375
29561692.8007510230 995222.7954101562
29550475.1292221770 986882.8242187500
30041085.7932589501 1063516.1357421875
29504514.1842179075 944175.4638671875
29752645.7585269436 1033528.5351562500
29545908.8730893880 983432.5893554688
29711848.2223018333 1031162.2138671875
29506726.6335948706 953748.0629882812
29683992.9749529250 1023943.5141601562
29637929.9846407287 1017038.0244140625
29589225.0506762490 1005166.9169921875
29904732.7840456069 1053216.9746093750
29661535.5820677578 1018989.8232421875
29522607.8860430382 968815.3901367188
29580879.2836988904 1001383.8891601562
29914584.9146137349 1054067.5937500000
29812738.7054296471 1041708.8642578125
29571010.3094678596 999789.3173828125
29744398.2909976020 1033242.1445312500
29493871.5772998668 928579.2148437500
29707171.8277125955 1030736.3964843750
29564168.9167277887 998182.5268554688
29562664.5424905010 997305.8920898438
29924488.3571237661 1055169.1416015625
30767901.2506232150 1093499.1621093750
30257144.2353224009 1076953.2939453125
30096466.9864136726 1067478.4843750000
29558642.2009048723 994114.9082031250
29530303.3121573180 972084.2880859375
29666935.6234400533 1019025.7031250000
30463876.8115136623 1085936.3769531250
29610306.7036148980 1008868.5458984375
29847957.4320528805 1045403.3623046875
29778918.5965821445 1038945.1308593750
29616603.8187745772 1012918.3378906250
30027820.7648070715 1060559.8437500000
29698652.0349795669 1029766.1191406250
30238969.4074262455 1076336.7304687500
30305355.3265819922 1078339.8867187500
30149506.5639088079 1070676.3349609375
29515488.9228133410 966043.3002929688
30899435.2300186493 1099075.7871093750
30139651.6180637851 1069972.8085937500
29586919.0169860534 1001414.7880859375
30849160.4271662049 1096788.1191406250
29827644.0813063644 1042528.4404296875
29777249.0789120719 1037835.6513671875
29952270.0969439372 1056741.0488281250
29678856.2186831646 1021538.7553710938
29701085.3564435132 1029826.8828125000
30252913.2827197574 1076461.5673828125
29555226.8624560535 990152.9829101562
29535712.2486107200 976977.9604492188
30006387.9323995262 1058898.4716796875
30369179.1590967402 1084761.0126953125
30305727.9281854704 1079467.2138671875
29549586.1205290556 986850.6235351562
29538367.1067755185 981810.4370117188
29520415.6696101539 966465.8706054688
29629186.1208811812 1013312.7324218750
29514967.4946413040 965555.4345703125
30355891.6434448659 1082352.6435546875
30325526.1110401526 1081124.8427734375
29667771.5846102498 1020117.9960937500
29695736.2331060134 1027602.6860351562
29647601.9839811772 1018196.8779296875
29556750.0664088875 991602.1689453125
30153387.8401093706 1070726.3603515625
29628882.3453767970 1012955.2431640625
29552690.5813261829 989812.4199218750
30040994.5613753498 1062729.7041015625
29526433.8796477243 968974.0537109375
29972790.0032914393 1057200.7939453125
29524668.5494163595 968971.7626953125
29913835.2027049512 1053500.4873046875
29813369.6413849816 1041825.7021484375
30041269.8720018193 1066000.3105468750
29684714.8404532261 1024604.2597656250
29549372.9920824803 984280.6689453125
30180644.8282882795 1073996.7099609375
29495648.3481418155 929064.1787109375
30170849.2019445337 1071245.6152343750
29772234.3033575378 1037445.8320312500
31032172.0435056165 1103561.0224609375
29672493.4609900638 1021060.3398437500
29522180.6484038867 966493.5532226562
29762686.2177102305 1036777.6054687500
30096852.9374004789 1068759.4628906250
29595736.0418783091 1005227.9760742188
31082787.3911610879 1105185.7148437500
29701807.5440105610 1030049.9199218750
29867265.5362794399 1048485.1748046875
29607936.3466104791 1006397.3466796875
29674811.1298888996 1021193.6938476562
30806814.4791437909 1096270.6835937500
29648463.3174284175 1018620.1669921875
29975277.2641653940 1057553.6035156250
30083365.1944478229 1066615.1464843750
29650512.2867473327 1018683.4628906250
31114255.7973076701 1105694.7998046875
30816408.6736110672 1096771.1875000000
29815997.7739665024 1042068.4902343750
30780441.4186810218 1095919.4511718750
30013365.9127557129 1059243.8251953125
30634664.8809252679 1092614.6269531250
29930749.2102504000 1056619.7763671875
29824708.2266045474 1042254.8759765625
30775261.0002240092 1094826.5244140625
29510570.5770324394 956440.7995605469
29863870.0532913916 1048183.7236328125
30955472.7440422140 1100296.9453125000
31015934.1454949379 1102787.2734375000
30858102.5266071856 1098724.5546875000
30429623.6673987731 1084913.2607421875
29986099.7166081369 1058259.6513671875
29981757.6599803045 1057786.8056640625
30028740.4812947623 1061865.0810546875
29828571.0730295666 1043111.2109375000
32426495.4347445071 1112155.9599609375
29867732.8997164108 1049221.1386718750
31071889.1633306146 1104977.6181640625
30960587.2253873348 1100721.1943359375
31253809.3045343980 1105734.8339843750
