82843662.3022348732 821384.8349609375
83210708.9280528277 846645.0449218750
81524618.0013867319 687418.3315429688
85371272.9962321669 928677.4121093750
81579060.2648690045 693675.0039062500
81541120.2715479285 688267.8945312500
81238120.5260922462 643426.5375976562
82394208.5849035084 781043.4277343750
81628506.1449819058 700290.8505859375
81257533.5695985258 643880.7841796875
81395327.6834012121 668354.6420898438
83109634.8476063460 840761.9648437500
83355340.6906251460 858342.2011718750
81590566.1516608149 694883.7412109375
81154768.6757717729 625209.3520507812
84152633.4004366696 898154.1513671875
81202688.9481638223 632295.9653320312
82541356.2605392933 793904.7397460938
84394495.2956079543 904736.0595703125
82467903.2432748675 787659.2744140625
84750074.7399101704 914509.3085937500
82810215.8954443783 816456.8066406250
83101292.8496681005 839097.1826171875
81555934.6008550674 692465.5371093750
81306055.2930296659 650596.7763671875
81329910.5748575032 654550.8330078125
81286040.7984842956 650513.1508789062
81613509.5923094302 698220.0146484375
81651449.5856305063 703627.1240234375
81611632.6317917407 697011.2773437500
81486678.0080656558 682011.2221679688
82105903.2602152526 752123.5068359375
84564514.0979339331 911278.4853515625
81748771.2179707289 713824.9233398438
81454844.5286041498 677033.3066406250
84539314.4608732313 908111.9970703125
81760041.8714642972 714845.9833984375
82507884.2115382254 790942.2211914062
81437379.2308782786 676034.8979492188
82467186.5329668522 787288.8930664062
84647261.9879231453 912612.2265625000
87648202.7950912863 934548.2158203125
83832636.5746266246 883597.3779296875
81467717.0041627288 678306.7622070312
83180571.9518072903 845843.2744140625
84616229.2803887129 911621.9443359375
83610781.7737635970 873005.8378906250
82134157.9389219880 755153.9287109375
84870218.2171930075 919511.1757812500
81334614.3370515406 657363.4658203125
81640178.9321369529 702606.0639648438
81197907.9432958364 627054.3710937500
85624029.3704653829 931333.0800781250
81171384.3960168958 625631.7402343750
85026141.8836396784 923114.4179687500
84804130.1599590778 918144.5009765625
82415866.2435942292 782926.1767578125
84758062.8460965306 915613.6933593750
84781638.5734680146 915972.3232421875
84942521.3691962957 921125.1552734375
84177740.5958477259 898677.9052734375
83118615.7397291362 840835.8339843750
81378825.4132400751 667347.5581054688
81926499.2408034801 735633.3393554688
83148935.0361676365 845154.2626953125
81883354.3867716491 730078.0756835938
81340885.4199189544 662097.9697265625
83984010.2510229200 891825.8339843750
81944521.4149980992 738296.1215820312
81270591.7398858964 649838.5068359375
82285809.6859464496 772309.6293945312
82020436.4670898616 745374.7084960938
85386532.9409273863 928920.3671875000
82576048.8311480731 798169.5048828125
81888559.2474823743 730226.2299804688
83464025.2444986403 864023.8554687500
85140493.5292305946 926127.0224609375
83189552.8439301103 845917.1435546875
84680930.6110666692 913538.9150390625
81741678.8707971871 712541.2919921875
82565795.8925683349 797987.9052734375
82085535.1042674631 750671.3559570312
81313864.5030036718 651998.4233398438
81600361.9782981575 695990.2172851562
81901376.5609662682 732740.8579101562
83383269.2937120795 858566.9492187500
84258788.2665321380 900702.1103515625
81725063.1952190548 711404.9414062500
82602999.1370308995 800982.8085937500
82743608.4890235364 811835.5166015625
84091576.1094957143 895625.8330078125
82790827.9107131511 816190.9335937500
81516682.8425149918 684011.4350585938
81230512.6526832134 634248.3833007812
84156990.1047299355 898441.6806640625
82441814.7790534645 785739.4804687500
81712502.9841582179 710659.3852539062
82310810.7783116996 773304.9497070312
81416629.3968303800 670669.8554687500
81784823.7248290181 718096.5556640625
81707837.7825127393 707853.3891601562
81416428.1340852380 669686.1352539062
81436328.2982457727 673249.0947265625
83641108.0749500245 874159.6367187500
82763699.3085850924 814331.5712890625
81373484.5427985489 665114.5917968750
81519277.1309452355 685027.8442382812
84493152.2451959997 907583.0156250000
84620707.9669322520 911642.6406250000
81408448.4340732843 669323.5766601562
84627960.3996760994 911882.1855468750
83029509.3712701946 832095.7167968750
81622834.2240892351 699392.0405273438
83480753.5064308941 865857.3115234375
82008346.1856431216 743994.0717773438
82697235.1138736457 808048.7187500000
84081535.3455811292 894086.2636718750
81501700.3686185181 683027.7148437500
81469978.3537578434 679051.5200195312
83380860.1586056501 858353.2167968750
81765224.9130484611 715262.3979492188
82584411.0629033148 798582.7089843750
84798972.3448317498 917920.6611328125
81994119.4316861480 742085.6752929688
84311239.9595570415 901767.3359375000
84389361.0634571016 904348.0283203125
81665777.8153759241 703963.5839843750
81434853.4186590761 670706.2099609375
81976853.8033264279 738365.7368164062
81680964.2933098972 704953.3837890625
81257527.2890431881 643593.7861328125
83420176.7818641067 861526.3496093750
84040935.5815169811 892321.6328125000
83020053.4099463075 832021.8476562500
81830048.9824378490 723888.9438476562
83396459.0993527323 860800.4570312500
81817665.4048975408 721878.2446289062
84152198.7994819283 897878.1181640625
81808365.1649979204 721226.1616210938
81482227.9024926424 681583.0395507812
81537618.3124857843 687600.7958984375
83133352.5301177055 841487.8574218750
84636184.8550730199 912375.5019531250
85269612.9822131246 927051.4746093750
84406675.3032381535 905293.7519531250
81851510.0190297663 726781.4252929688
81755924.6731488556 714610.3149414062
84201534.1803385615 898864.3378906250
83035465.1200339049 834146.1181640625
83032210.8865818530 833238.4951171875
81269776.8377779573 648254.0053710938
84250247.8189014196 899483.0166015625
83601855.6683743745 872533.8398437500
83342661.2817681581 854879.2539062500
82451122.5219008029 786335.1279296875
84044917.1202463210 893615.4970703125
83722694.8646851778 879875.5791015625
81765936.6381496787 715860.4882812500
82176779.5903811008 759637.0620117188
84381212.2219596058 904309.2001953125
82146658.0272421241 757313.0590820312
82195274.1141911000 762622.9716796875
82189810.8117860258 761313.6889648438
83333165.6677149832 853997.7998046875
83840275.0188843608 885695.6250000000
85309793.3984911293 928507.9960937500
81980595.0873942822 739415.0283203125
82841589.4209632725 820947.4179687500
82513716.8813124150 792512.3027343750
82035091.5266372412 746852.1987304688
81183039.2991679460 626486.7094726562
83936790.8293333203 887470.4169921875
83678963.8386893123 877615.1494140625
83622141.5904775560 873259.7324218750
83909114.9904173315 887469.3994140625
83786729.7572394162 883126.6113281250
83783452.7706726193 881340.2080078125
82027272.1297661513 745756.6508789062
86475953.9887485355 933844.3457031250
83938103.4336357117 891355.0673828125
85845340.7348531038 932706.9892578125
84346260.5003836751 902819.4179687500
84483808.9226622730 906244.7734375000
83842134.0914275497 885931.8496093750
85749595.4125859737 932504.4873046875
83639249.0024068058 873923.4121093750
83749797.5843625069 880762.2958984375
83229052.5491172522 847870.5087890625
82339182.5716553479 776327.3969726562
84416358.1576387286 905759.6552734375
83558709.0716836900 868842.1025390625
83487914.9787397832 866502.5410156250
83992086.4754784405 892220.7197265625
87486219.5505059212 934510.3505859375
83862648.6744868904 886999.6503906250
84462280.3924338520 906008.5488281250
83711274.9980905950 878771.1943359375
83352508.8066415340 856357.9853515625
82810482.1136201769 816813.4394531250
83517222.0124955177 868341.9785156250
83750495.8313851357 880765.8789062500
83277054.0474927276 852002.5683593750
84234105.1292872131 898921.9355468750
85871107.5983449370 933056.9804687500
83549728.1795608699 868768.2333984375
83456250.4698355645 861989.7802734375
82936906.0811164528 826249.9970703125
84555608.7149352878 908383.1826171875
83105088.3015883267 839831.4580078125
83406660.4755883366 861135.4248046875
85401240.4500857592 930412.3984375000
82210900.0387551039 763712.5507812500
84022017.1855953783 892312.1464843750
82955113.8761924803 827784.7031250000
82754057.3620853722 812404.1357421875
82945644.4359984249 827733.8613281250
82053367.1140186936 748217.6069335938
82668179.0546331108 806616.5312500000
82374101.5448783040 779726.2158203125
82514710.8968709260 792570.0136718750
82638381.8508649468 802538.9296875000
82927189.3233480901 825967.7050781250
82108786.1850086004 753468.0454101562
81991946.6726054102 741296.9350585938
86409198.5820779353 933487.5664062500
84453299.5003110468 905851.0820312500
81795331.6805075556 718425.5683593750
83407375.0480167121 861421.2314453125
85267753.9096698910 926815.2500000000
83058194.4124399275 835285.4140625000
82235742.2360332161 766167.9228515625
86172925.2008337528 933303.2294921875
84783457.7859048098 916272.9843750000
82962645.3965244442 827972.6816406250
82971884.5729395449 828072.5449218750
83630268.1102839708 873849.5429687500
83045579.2313108891 834688.3916015625
82352055.0472139120 778339.0332031250
82616769.9217112958 800984.7949218750
83237509.6972758025 848708.8945312500
83190925.8766988665 846486.0732421875
86437991.4153558016 933518.4560546875
82280261.0077655911 770604.2265625000
83100222.2569016963 838842.6972656250
82160599.9252626896 758954.2963867188
82990256.2061781287 831621.6601562500
81838445.3431425840 724823.5410156250
83284403.5864241868 853260.8916015625
82401431.7476416826 781669.9653320312
83262594.4888424128 850931.5917968750
83580257.7528677583 871608.0625000000
82599347.7037898600 800706.9794921875
82322911.2068263292 774518.5874023438
83324184.7755921632 853923.9306640625
83478894.4338876754 865621.0869140625
85785376.1286498159 932571.3730468750
81723762.0240411460 710663.0170898438
85496630.5785683692 930768.4257812500
82715832.9352247417 809201.1005859375
82483620.4956026971 790289.3603515625
81906900.4290229231 732799.1816406250
83037591.1251244843 834487.2802734375
81700458.0597278476 706852.5483398438
82718490.3947293013 810253.9697265625
85845301.8250024766 932672.8281250000
82396605.8651976734 781134.4340820312
82644320.6671568900 803638.1230468750
81868282.7683943361 727702.1186523438
81863755.5749910921 727243.9179687500
82642138.2768533826 802585.2539062500
85935811.7565619498 933165.9482421875
85632262.0520437807 931829.3847656250
82065459.8879245371 749778.9770507812
81985122.2807975113 739873.2290039062
82423100.0427677929 784679.0507812500
81911427.6224261522 733257.3823242188
81799858.8739108145 718883.7690429688
82547104.8596267700 794533.5429687500
82872759.8901054114 821523.1337890625
82554138.7899340689 796629.3779296875
82139154.5462958962 756394.8237304688
85361328.4468979985 928625.4472656250
82265567.1180314124 769184.1069335938
82784581.1819172651 814447.9531250000
82972224.8377637118 828345.5507812500
82480444.1315627247 790013.5312500000
82191872.4596600533 762568.2602539062
82643720.2275941074 803245.2246093750
82222992.8126609325 765273.9208984375
82176613.9793669134 759171.1938476562
82349405.3843964487 778063.2041015625
85137194.2542369366 923623.5800781250
82253814.8103337884 766598.7905273438
82235027.3939449638 765556.1040039062
82884067.4803312123 823148.4599609375
82099524.7942820787 751937.1743164062
82182962.5869457126 759800.3007812500
87006973.1314789653 933907.3935546875
87136379.5714552999 934266.3476562500
87114335.4145120680 933924.7753906250
