82511062.6056431979 600904.7846679688
83124215.2136197686 650654.1909179688
81255250.3348937482 461743.9907226562
81901412.2412009388 540412.6435546875
84673325.6638358831 719191.7558593750
83671105.6748253554 682992.9130859375
82486953.1534867734 599596.1499023438
82257985.7208070308 576520.7912597656
84996390.2343663871 724658.8564453125
84511155.4225795120 712252.8994140625
81092406.5918122381 436168.2883300781
84704095.1880493462 719431.9355468750
83641300.3056698143 682023.8896484375
81207790.5326918513 455573.3066406250
82943501.2018493116 635343.1240234375
83043637.6022079736 645946.0263671875
82999575.3377649486 642413.6806640625
81833352.3459164202 535200.0917968750
83661740.1567551792 682101.4843750000
81532068.0047949106 498211.4409179688
82894630.1778420210 632532.2207031250
81877665.9961113930 539659.2558593750
85356366.8608829826 728528.0888671875
82300985.7654330432 583228.7504882812
82424561.0818477720 595007.8989257812
82571700.3238618523 607559.0170898438
85118624.2317748517 726266.1484375000
84828080.8289707899 721923.9755859375
83231643.0910735875 657590.5004882812
81572290.2127470225 505106.6867675781
81582531.4633112252 506391.9221191406
83247769.6458868086 661036.3833007812
83088923.7168312520 649104.3808593750
81424670.7498693019 483861.1176757812
83375441.9552620053 667813.5463867188
82805033.0158566535 625617.8447265625
81505109.4858323932 497311.8996582031
82669472.6703450233 616321.6079101562
81503182.5110040754 496575.4357910156
83776165.9300916195 687504.8857421875
81129278.7715570778 442858.9885253906
82161043.1595209241 567335.8264160156
85718133.9727836698 731510.0673828125
81990877.4805173576 550603.1545410156
84417058.0111662298 711532.0322265625
84525932.4003835768 713862.7080078125
81524706.3797056079 498072.2597656250
81407659.4317399412 482719.8386230469
84006586.3142091185 697058.7304687500
82375913.0857497156 588535.6135253906
81612032.8800968528 510382.0913085938
81719217.1390952319 522869.3784179688
81334866.5767505467 472435.5593261719
83971813.2189520150 696852.7050781250
81718838.1455153972 522514.1071777344
81486171.1928747147 495434.1567382812
80955257.7957359552 407804.4638671875
82351603.8149410486 587817.0014648438
82010995.6047294885 553207.9645996094
81168832.7236210555 447634.7805175781
81802831.1489648670 532250.2897949219
81797056.4627398998 531412.8710937500
82362087.1605390161 588472.1020507812
82855899.8482837230 630429.7714843750
81811941.7644464225 532617.8027343750
84371554.6382911354 710359.4433593750
82188544.7684402615 572105.6018066406
85608797.5589918494 730335.0185546875
83459574.2045236528 670601.8310546875
84618636.1664163172 718222.7324218750
83807398.6507713944 690130.9082031250
83152913.1940067112 654213.2612304688
82756636.6384909302 619997.5478515625
84201458.5885645300 704841.3320312500
82093897.2273334861 562510.6816406250
82839279.1116760820 626417.4638671875
81126919.1390296072 439507.5178222656
82612772.4766168594 609700.6293945312
82910125.9246428907 634115.4521484375
83745421.2798096985 685333.6640625000
82567755.0073683560 605418.4331054688
81396819.3025797755 482504.9406738281
82866383.1938816905 631084.8720703125
82033707.1155810952 557086.2216796875
83934543.5366625935 694243.3291015625
82517360.4498529881 601719.0517578125
84017316.5918270946 698025.2939453125
82714976.0432201475 617494.1967773438
84155955.2156894356 703668.7431640625
82347865.6702916920 587512.1518554688
82769901.5239315331 621898.5205078125
83255962.7177234292 661152.1176757812
84573132.7935412228 717050.1435546875
82143835.1452337801 567258.6506347656
83838168.1749848723 690371.0878906250
82853226.2630744427 629434.8525390625
81235471.3361717612 461259.6745605469
82914257.1450204700 634156.4921875000
85013052.9089432806 725079.2724609375
83398999.3111546934 669392.6279296875
82334840.9329947233 586394.0012207031
84361406.7458532155 709930.3173828125
82622752.5661179870 609901.6918945312
83627153.8415907770 680155.8041992188
82448125.0074471086 595779.8686523438
81425652.5277228653 487094.7038574219
82389180.8070036024 591064.8989257812
81206062.1617925763 455190.0834960938
81475590.4456231892 492273.3222656250
81262759.1498883367 464643.9118652344
81561959.2099270523 503647.5383300781
82142157.9148370475 566083.6018066406
81631066.9116699696 511748.1398925781
82265605.4905888438 579285.7504882812
85143917.3013434112 726449.8398437500
84817860.4498115331 720606.9843750000
83322288.0915313065 663662.9746093750
84120825.3074528277 702699.7197265625
83119508.0564826280 649296.8417968750
83852902.0236465037 691303.4970703125
84300066.9108788073 707679.6660156250
81915997.2983163297 544425.5288085938
80982938.5992158502 413800.8442382812
81438060.0357376039 489236.3161621094
81947848.9614500552 546301.2790527344
83876433.2780974656 691342.3720703125
81352820.9644996673 477056.4677734375
83915521.4974257350 692272.5205078125
81038037.4748130888 423724.3693847656
81550210.3293320388 502097.7004394531
82898081.1667809188 632552.6733398438
82089668.2915100902 560443.6843261719
82545897.3539302796 604542.4594726562
81537802.8213173449 499956.0881347656
83428514.2260625660 669602.6445312500
83474017.5989376754 670775.2333984375
81464971.2580941021 489917.8520507812
81253568.3931150734 461730.6962890625
82211265.6165799648 574614.8527832031
81079348.3950688839 434145.5114746094
84019446.6006124318 698119.5351562500
82209187.3666412830 572856.1394042969
83706151.3259173930 684165.5019531250
82756633.8026776463 619369.2351074219
82111415.0201580971 564324.8884277344
85517724.2022874355 729983.0341796875
85508729.3688482493 729898.6562500000
81005132.5486559570 420491.5444335938
81792869.6691859365 531223.3801269531
83956410.7392722368 695977.9228515625
83915275.8453620821 692060.8876953125
83779782.6896744072 689161.8847656250
81232833.2135054171 456777.7285156250
82993493.1935447752 640534.2509765625
84088500.3830601722 700965.1259765625
81157860.1562036425 446859.8295898438
81587455.2852388471 506569.9440917969
82083340.9458020329 560192.7180175781
81347140.7665881068 474380.3857421875
81686231.5575574487 520085.7724609375
83907108.8749671727 691983.2929687500
83931011.2327477634 693717.8867187500
86248352.3692232966 734571.3085937500
82497679.8927615434 599917.2224121094
83050193.3872729689 647155.2294921875
80961290.5195435286 408892.4309082031
81024376.3590889275 421535.4079589844
83036568.7844974399 645908.5029296875
81191770.4143018872 449837.7763671875
82328784.9786788076 584438.4909667969
82176672.7581867427 571236.3422851562
82047416.7387400120 557458.5373535156
82167014.3507774919 569642.1516113281
83189754.5526154637 656487.2954101562
81047355.0695056617 426558.1596679688
82413532.1490538716 592401.3581542969
81192596.4733871967 453599.1120605469
83363824.3333642930 664898.7070312500
82109242.2868405581 563880.1401367188
81310268.5868432522 467689.6855468750
83141653.4633851051 652847.3593750000
82945432.8018764555 635873.7451171875
81911578.3274991512 544342.4079589844
82231012.6321956217 575907.2399902344
83508489.1087207496 675324.3212890625
81280766.7058975846 465900.6423339844
81965918.2015080303 549013.3056640625
81823337.3205962032 534728.4423828125
82898536.4770383388 632868.7255859375
83476317.1069145501 671496.1005859375
81416213.9980756491 483270.1147460938
82559752.8208823055 604619.0595703125
82991883.8354413658 639488.5869140625
83599383.6276062131 679144.0268554688
81322676.0948579758 469831.2978515625
81059370.7374872416 431716.0668945312
83163585.5092367977 654308.1596679688
80953687.3617734611 407488.7778320312
81148060.7800805420 445963.1779785156
83735431.8398371935 684603.9287109375
82475605.0771746486 597334.5351562500
81289122.7517599314 465987.7248535156
80924646.7369966954 390994.2192382812
82952421.0407897830 638392.6386718750
81665013.4808278382 515254.5593261719
83177210.1120123118 655554.8862304688
81720515.3759121597 523689.1560058594
83538294.4778762609 676293.3447265625
81078793.2154639214 433575.4654541016
83689928.4669620842 683431.3398437500
81681307.7356298119 519907.7504882812
82941188.4747068733 634694.2856445312
82477768.1866344810 597761.4277343750
81101205.7744386792 438717.7204589844
83993575.8026798069 696946.9462890625
81125866.8306404352 439272.4777832031
81831661.7064140886 534795.5275878906
81629622.0074899644 511571.4750976562
81297093.7142133564 467383.9936523438
81781723.7885138094 530047.5585937500
80995212.3674541414 418034.5593261719
85751063.9349138141 731778.8896484375
81787945.8472583145 531045.3581542969
82563742.0225989372 604870.8671875000
81842285.7212671936 535716.2558593750
83547759.0626130700 676492.4833984375
85534817.6332509518 730300.8642578125
81333996.2623381466 470463.1411132812
81376294.3546219766 477404.5278320312
82486064.1997624934 599175.0859375000
81015132.1625708491 421437.3859863281
82570811.3701375723 607137.9531250000
85081306.9400557131 725554.6875000000
82388291.8532793075 590643.8349609375
81668714.4529336393 515905.4614257812
82791375.8781305999 624300.2006835938
81631299.2378866822 512746.5239257812
81626086.1780943722 511551.3491210938
81124536.1998960376 439158.1394042969
80940085.0583268106 395580.1268310547
82261308.4481319338 577421.5603027344
82668583.7166207433 615900.5439453125
83282765.8005965352 662245.5864257812
81652701.2671664059 514399.3596191406
81594263.0707139522 507471.3452148438
81715302.3161198199 522493.9812011719
85831083.3784473538 732562.8046875000
80948724.4251085222 397047.6000976562
86415133.9060417414 735187.2529296875
86127246.3726792634 734040.8300781250
83596107.6308115274 677624.0917968750
81657366.5421308428 515061.2944335938
81856563.7560960650 536263.9565429688
80926300.6388127953 395406.6176757812
80991010.1360525787 417383.2529296875
81863526.6146167666 537459.1313476562
81290594.4690061957 466340.9455566406
85213007.4965508282 726729.7363281250
81769377.0486227274 527424.3972167969
85263815.7377050817 727636.7158203125
82000076.1692853570 551582.9543457031
86078090.7970492840 733416.0976562500
84326265.5619916469 709390.4199218750
84538002.8853046149 716081.1201171875
80988170.6209120154 414602.0764160156
81058984.5020233989 428830.3845214844
81049615.4217094034 428550.6845703125
86151471.5561009049 734550.9238281250
85051650.1551463753 725274.7910156250
83703588.3746483326 683593.9248046875
85957629.6419408023 733027.0166015625
85997542.5425976217 733375.8750000000
82765859.4730176628 620940.4941406250
84271365.7953496426 705371.3349609375
85926372.9980123043 732865.7812500000
81046024.4387612492 426443.8212890625
81393058.5411290973 477465.8012695312
84743397.7284888774 720553.4082031250
82648408.2211825848 612336.1010742188
84887655.7226341963 722769.3974609375
83439442.3225394487 670251.0683593750
81870903.3560794592 538360.6796875000
85395516.2942002118 728811.7646484375
85365686.3182477951 728763.8300781250
84969084.4492815733 724139.9648437500
86689902.6696889997 736017.4228515625
85640429.9253433794 731073.7050781250
83556323.2079446018 676687.0888671875
84931078.2527858317 724065.5878906250
85034155.6106248498 725240.6367187500
85435878.6162433028 729863.8486328125
85677884.7063870281 731387.7558593750
84888477.4355390519 723904.2236328125
84930669.9294362962 723959.6181640625
85433522.4906959534 728886.1416015625
85615774.3802828789 730375.2412109375
86448065.8149127811 735381.0937500000
85116513.5244705677 725573.4472656250
85213863.7871138901 727203.9033203125
85354367.6734832227 728355.9433593750
