81960553.3935627341 540018.0546875000
84376502.2672348619 708728.2373046875
83346013.8362930268 657363.4350585938
83528725.4371237010 668808.6225585938
81882273.4616464823 532364.5090332031
84484054.9139307439 710358.6933593750
85417933.5124727786 728574.4707031250
82981421.9864461273 628026.6064453125
83493781.5352402925 667948.3862304688
81544178.0517446995 490055.4833984375
83689176.5462405384 677355.3662109375
84164842.4785930365 697969.7968750000
82991330.0697759986 629842.7094726562
83843866.2190853208 685376.2431640625
81798684.6448133141 520912.1645507812
84795631.2387247235 718120.7373046875
83328489.8681126684 654991.2651367188
84030028.3080178201 695315.7402343750
83847156.0766395926 688401.9140625000
82294171.8437781930 574451.1403808594
82962496.8446329087 627857.0297851562
82092749.2827056646 554612.9233398438
81468631.9545693845 475907.0668945312
81382139.2179069668 467532.3444824219
84057289.8318971694 696339.3408203125
83281910.9769509137 650656.3247070312
82624256.0641698092 602593.8056640625
83464074.4455572814 664134.8686523438
83836784.7474714965 684481.3574218750
83502789.4234561175 668142.3754882812
83957259.1130290627 691279.0966796875
85776272.1908307225 730643.7119140625
84094459.5604146272 696946.1962890625
82588748.5120885968 600733.2944335938
82768457.3152121007 614122.6962890625
81304371.4357944578 451454.1857910156
82449398.8184903413 588529.2387695312
82008218.4106403887 544827.4624023438
83772353.4950747043 682850.9013671875
84602304.0738890767 715418.9375000000
85128030.0174816251 724470.1455078125
83030779.4892132431 632583.2412109375
82144000.7969585955 560589.1965332031
81743193.7126533985 515123.0668945312
81915021.7319616973 533969.8679199219
83436504.2829244286 662701.1186523438
81994423.7552409172 544612.7807617188
83592565.6136526614 674532.7963867188
82252317.6176819354 571746.8488769531
82031850.5033641458 548340.9248046875
84739660.5379233807 717466.1582031250
82814140.8669318557 619126.9526367188
83609345.6613152772 675585.5336914062
81660375.7198413759 505969.6088867188
82228685.5249581635 568233.3864746094
84337200.8742365390 704104.3339843750
82379314.5648865551 583699.0498046875
82554750.4501574039 595923.0273437500
84257319.4094126523 702477.2578125000
83236560.3869583756 648600.8442382812
82718307.6334356070 611417.0991210938
81447239.3042157888 474649.8859863281
81582872.5680354834 493151.8935546875
82236442.5893220007 569412.5048828125
82344759.4100453258 580848.8261718750
83248775.2100645155 648842.2158203125
83726681.7110820562 681604.1748046875
81373013.6115700305 463045.8337402344
86766505.9381472766 734934.7451171875
83892827.8606322408 689648.6406250000
82678856.1677421629 608589.3837890625
82709603.7042378783 608592.5117187500
83779434.9666885287 683745.7871093750
82161531.0953319520 562198.2517089844
84276471.5483667701 703667.9931640625
82518664.2584848404 595903.1054687500
81817799.4485135078 524919.7917480469
85593355.6870243102 730002.3613281250
82484666.1965536475 591092.8383789062
84151981.6513758898 697413.6337890625
86813101.8780599833 735381.0937500000
82324167.5355771929 574875.5175781250
82217389.1585604995 566760.1220703125
82786551.3224752843 615369.4228515625
83399966.5499937236 659639.1806640625
81605023.1411773115 498191.1689453125
81724361.1252943724 511532.9912109375
82559525.6691521853 596333.4350585938
84304538.8311022967 704084.7578125000
84182885.8812764436 698434.1474609375
82987305.6021559238 629146.1357421875
83418360.4164879769 661454.3920898438
83555279.3672141284 670236.3525390625
82049046.8417866528 551045.2163085938
84123561.9344231337 697381.4101562500
82037750.4753889740 549571.9519042969
82447367.1486834139 587580.2353515625
84527141.3486555666 710775.4580078125
84191283.0443741977 702037.5371093750
82181020.5078804791 563423.9787597656
83086419.2549988925 636772.9799804688
83109154.5565691292 637917.0395507812
81684403.1006435156 508667.5146484375
82933352.8884552419 626870.3901367188
86376240.8359973878 734550.9238281250
81345768.0131267905 458267.7141113281
83842930.4561908394 684992.5136718750
83410116.0217840821 660432.5219726562
81640816.5008497983 500057.6442871094
81482947.0825234950 477963.5539550781
82429411.3450100571 585329.5058593750
82494861.3016534448 591566.6440429688
81308113.6107489169 453307.0136718750
82072703.6871571541 552266.3264160156
83105272.8947120756 637780.4418945312
82332726.7017003596 576769.2868652344
83026288.2990894020 631925.1567382812
81490825.9040094763 482597.7670898438
83558702.5108867884 670283.9877929688
82784580.6483305246 614725.1616210938
83811669.8243734539 683921.1699218750
81475838.7385097444 476066.0739746094
82568761.0386083424 597533.5615234375
81634644.3611804694 499561.7363281250
81643018.7459368259 500834.3747558594
83172272.9030652195 643504.6157226562
82660357.4751491696 607493.4116210938
83664936.8888992220 676441.8740234375
81429768.8311267793 473390.9226074219
81879963.7334214300 531070.8498535156
82132720.0056444257 560432.8542480469
85268367.8587620854 727065.4931640625
81779094.2311411351 518978.9204101562
81541745.6251963526 486799.2727050781
81587590.1684687883 493918.4584960938
82335303.6110323668 577020.6955566406
83036917.0120075941 633086.8505859375
86120483.2517494708 733161.5527343750
81500807.3848651052 486338.2763671875
82373133.7470103055 582225.7854003906
81712113.6106512100 508820.2351074219
81849485.1751333624 527955.6655273438
82507367.8920871764 594429.8410644531
81750435.3719117045 518135.8989257812
82195582.3940961659 563538.1811523438
82012681.0527719557 546192.0024414062
82344370.1148578823 577781.9836425781
82434465.4968998581 586362.1655273438
81798818.0540906638 524050.9711914062
81653405.8233562708 505296.9765625000
81262364.8892960995 444900.5234375000
81488541.0278510898 481155.0205078125
83757379.8864430636 682011.4931640625
81859852.8885001838 530740.5874023438
83323382.9675708264 653326.7143554688
81559149.7014831305 490967.4355468750
81983106.1575206667 542989.9431152344
81413790.6566740870 468421.6818847656
81286442.5774079263 450953.9042968750
82445894.7271944433 586636.3896484375
83476970.1018982232 664898.6689453125
85720382.4439608157 730033.8896484375
83265393.6121014655 650586.5239257812
83087088.5932778716 636916.0585937500
81815125.8633041978 524826.5991210938
83704069.9286672622 677530.7490234375
82270969.5007588565 573127.3657226562
82852732.6642636657 620093.4790039062
81498967.3953748494 485376.5791015625
81420429.4670403898 473109.4997558594
83396349.8777066767 658121.7578125000
82090297.8702473342 553889.7255859375
83463349.8860598207 663845.9316406250
82119131.0953904092 555875.4052734375
82899827.9438432753 623403.8666992188
82394544.8171736002 584787.5522460938
81970102.9131507725 541915.2314453125
82095672.5055932254 554693.9663085938
83174001.2739645243 643641.2133789062
81323004.1343240589 454640.8088378906
81606950.2561473101 499205.2744140625
83332393.6204546243 656310.6977539062
81926978.3971760869 537296.8583984375
81919488.8500774652 535801.8576660156
82200547.8948979080 565064.3696289062
82041400.0229521692 549576.1123046875
82100506.3470695019 555792.0417480469
83024600.6721519232 631836.6240234375
81483511.1289064884 480935.5849609375
83583824.2516173571 670643.6708984375
85378522.0860172659 727176.8154296875
85569807.9101581275 729414.9941406250
83940011.9844931513 690032.3701171875
82558274.5864015073 596118.0749511719
83393876.3137347102 657384.2631835938
82166969.6153946966 562354.8471679688
84261207.9411745816 703090.2744140625
81953296.4347802997 539543.6650390625
82024593.5445817262 547866.5351562500
85090138.7370493859 724382.2998046875
83115993.0102888793 638781.9345703125
83022872.3012526482 631700.0263671875
81946963.9530389905 539055.2092285156
81613787.8566551656 499381.0891113281
81982887.4789691269 542959.7978515625
84029441.7534141690 695092.6142578125
82774960.5419651419 614200.9057617188
83950537.8716969341 690207.7529296875
81867375.1839383990 530793.6245117188
82148000.5000395477 560746.5959472656
81924913.7397018671 536507.3715820312
83093288.3074425459 637649.3305664062
83879390.9343245327 688577.2968750000
83295221.3855091184 651084.3715820312
82759611.9552274495 613011.5708007812
82631821.8597743958 602933.9084472656
87224806.0012388080 736017.4228515625
81844019.1329346150 527419.3020019531
81821798.9298065752 525015.9492187500
84734525.6319442540 717049.3935546875
83434924.8596210033 661629.7749023438
82761935.8046681732 613205.7141113281
83658534.0727996379 676266.4912109375
83584569.9976044148 671289.0898437500
85023907.4876025021 723965.5351562500
81863508.5454831421 530741.6713867188
82122201.4028199464 556769.8408203125
82217444.2970040590 567017.6723632812
83758125.6324301362 682656.9121093750
82748315.5888297707 612152.9768066406
82652482.3553335220 604443.1232910156
83313949.2842472345 652041.3422851562
83168984.8727432489 642646.0217285156
84914658.0720646232 722159.6962890625
85855991.1978642941 731073.7050781250
85198529.8315233588 725455.9062500000
81934805.6552845836 538402.5522460938
85910745.2955645770 731491.4609375000
81993977.0618500859 543816.3544921875
82906073.8266042471 625550.2221679688
81666275.6918661594 506519.0842285156
82198842.6293274164 564472.0397949219
86001891.2347633541 731990.4804687500
84678461.9475386292 716490.2812500000
82761340.3261267394 613148.1684570312
82810240.5931079984 617840.3686523438
82624042.8024079949 601107.5234375000
83026548.1921617836 632347.9614257812
82991972.5881429166 630795.2089843750
82472076.3952986300 588973.3425292969
81828514.1928046197 525788.8459472656
82068884.2096482962 551267.7983398438
84877930.6124940515 720314.5693359375
84929069.2242399007 722335.0791015625
82916021.4364885092 626602.9594726562
84848435.9431281984 720193.4667968750
82617379.8962405473 601058.5153808594
83258726.5139908791 649208.3159179688
82325226.7153568715 576045.4943847656
83194536.9416309744 644996.1860351562
81987570.2337065637 542998.6247558594
81731012.4074565917 513397.5781250000
82448719.7663466185 587583.4182128906
81566293.7036851197 493028.9765625000
83048114.6454583257 636140.5834960938
84574591.6872344166 711010.9667968750
82171900.2216206342 562783.9018554688
82207766.8149995506 565212.0917968750
81728719.4233645052 511736.3784179688
83026294.8795834631 632138.9511718750
82079409.4711611122 553649.8449707031
83110427.4056530148 637996.7480468750
83316768.7432727963 652348.0864257812
81916671.6112995446 535282.5563964844
82908047.1828282624 625623.6635742188
81712476.4099788964 511297.2890625000
81909792.7316700220 533185.6250000000
83161216.5575745404 641954.1333007812
81648973.9879714996 502621.2336425781
83195614.1677541733 646919.5239257812
83128816.4645680338 639696.4194335938
83150449.5642408729 640943.1459960938
83138764.0744522959 640749.1567382812
82636392.1619620323 603673.2609863281
84584632.1858837456 714030.1855468750
83190756.4008520991 643869.8066406250
83193513.9122524709 644922.5439453125
86367896.4409580529 733448.4062500000
