52959836.6982086003 460645.1645507812
47836575.1564500108 434817.7556152344
53313925.6344620213 460766.8149414062
56683641.0342780650 463959.8564453125
47432791.2770365328 378367.9390208162
47961273.1825712696 442042.9948120117
48135728.8262280598 450118.6712036133
51471230.1723376960 457968.2519531250
48372893.3013913259 456980.5180664062
56440195.7544913739 463567.7563476562
47818004.1098321527 434093.9538574219
48261591.5354484916 456565.0336914062
48050597.5989079699 448758.1956176758
54803075.0516512021 462917.0366210938
48074955.8075444326 449036.7981567383
48170095.5695752501 454766.2744140625
56895299.4229464903 464215.4975585938
48218228.6013023108 455267.2841796875
47948000.7661547735 441957.4694213867
48078887.6505601928 449258.4939575195
48046572.1593970060 448375.5173950195
47987391.6846869513 447459.7346801758
48229276.0442853048 455682.0571289062
53050972.9968195334 460738.0195312500
47446509.2502546757 383903.6081091799
47430367.7648517713 376367.2555722632
47640283.0002492666 419973.3335609436
47679898.0418164358 421681.8516883850
48165366.0881232545 454029.0126953125
47551869.0117079467 406868.4385452271
47879596.4556278288 435039.8331909180
47410659.0686908886 371656.8333918490
47446862.4566072077 383976.7673537172
47410602.5766265169 371464.4701105990
47647582.5506532341 420798.8751258850
47411012.2750434279 371729.9926363863
48073182.1267139614 449020.3074340820
47830126.9150643423 434642.9451179504
47464398.4576150849 386011.3483530916
47432480.9501643553 377328.8097714819
48027297.4369527102 448160.0256958008
47790644.7258487493 428713.6069984436
47389360.8019132987 357795.4299636669
47393565.8579048589 363994.6769729443
47397073.9238237962 364490.7702346630
47439204.1330053657 379711.0005442537
47371304.4022251666 350111.6813189425
47372815.3502680734 350124.8209673800
48254636.1894441620 456041.2246093750
48175437.4887119979 454942.8608398438
47450794.2996229753 384191.3737990297
47550059.8572039902 406776.3107070923
47454501.5848379210 385365.6472365297
47450441.0932704359 384118.2145544924
47654537.8966575935 421322.6842079163
47941811.8451697826 441574.7911987305
47521648.2150381356 400321.1809410490
47502398.5057013035 399587.7470938601
47470791.3251227587 391944.3377615847
47527379.3390733153 400874.7639488615
47563229.5206370801 413181.6361770630
47508129.6297364831 400141.3301016726
47476522.4491579384 392497.9207693972
48208723.1029172912 455261.1044921875
47761273.5759935677 428080.8159828186
47891910.4519009963 440852.0856323242
48397274.1385041475 457066.0434570312
47575740.7850837409 414209.9818801880
47464562.4578191712 386769.3434702791
47683798.9614200965 421774.5450477600
47965517.2264337614 442219.5812377930
47745690.0791400671 427730.8259277344
47759499.8951631039 428064.3252601624
47805022.5890845209 433827.6769409180
47992733.6038236991 447636.3211059570
48183177.2848831564 455164.5566406250
47890136.7710705101 440835.5949096680
47430660.7916454598 376480.3444394507
47383897.7820312008 357215.4883868136
47466548.3241375312 387340.9723765291
47542337.2332117185 406644.7107315063
47850319.6009953544 434976.9304199219
47822226.8485167772 434134.8981323242
47519575.8229246065 400163.6588609219
52869728.1981090903 460114.9672851562
48186211.0800852403 455181.0473632812
47509903.3105669618 400152.3760001101
47529153.0199037939 400885.8098472990
47824000.5293472409 434151.3888549805
47791685.0381840542 433268.4122924805
47636500.7626374438 419479.8428382874
47565003.2014675662 413192.6820755005
47643800.3130414262 420305.3844032288
47732889.9278461486 427419.5352210999
47719080.1118231118 427086.0358886719
47662370.6592770144 421637.0733680725
47571958.5474719033 413716.4911575317
47583573.5477031544 414524.3710403442
47749621.9221558422 427952.5217285156
47583024.0888418332 414481.0951614380
47894068.6140862852 441057.2907104492
51496685.3935297206 458384.2207031250
47763431.7381788790 428286.0210609436
47808954.4321002960 434049.3727416992
47744440.2569819763 427445.2033691406
47996665.4468394741 447858.0169067383
47968881.3748618141 442457.7677612305
47551416.9082632810 406837.6858291626
47496996.3804639280 393201.5806908049
47687730.8044358641 421996.2408485413
47532846.5620276928 405508.4529190063
47417479.9523980841 372355.8905207552
47420793.4655287489 372692.0261485018
47751395.6029863134 427969.0124511719
47417833.1587506235 372429.0497652926
47442663.7675512508 379829.1630198397
47434941.1435589865 379697.5630442537
47837047.1845788658 434891.4050292969
47400443.2336764261 364886.0973831005
53732999.5592034161 461487.2768554688
47380389.7161122710 356719.3951250948
47765205.4190093353 428302.5117835999
47478296.1299884170 392508.9666678347
47551966.3671246096 406880.9617080688
47368447.6657804549 343340.0043780245
47687181.3455745429 421952.9649696350
47497545.8393252492 393242.4005150236
47533396.0208890215 405549.2727432251
47400386.7416120619 364693.7341018505
47895842.2949167639 441073.7814331055
47452534.4677285105 385255.4752966799
47998439.1276699528 447874.5076293945
47810728.1129307523 434065.8634643555
47363774.9097878635 336369.8516070284
47378663.5007949173 350397.3022660650
47394113.6170456707 364226.2611283697
47884981.4300120249 435254.8440437317
47390605.5511267334 363730.1678666510
47549510.3983426616 406735.4908828735
47541787.7743503898 406603.8909072876
47938384.5414018035 441368.9816284180
47714627.3448027894 422319.5064735413
47561125.3985739127 407540.9147109985
47487455.1614377201 393171.3757254519
47774323.6271164939 428588.7444458008
47608384.2340006828 414840.2626419067
47553402.7745816484 407409.3147354126
47432537.4422287270 377521.1730527319
47534832.4283460602 406080.0818252563
47384889.5470922664 357517.7812089361
47498982.2467822880 393773.2095970549
47366578.6251763329 336477.5586382784
47484494.8546595946 393091.8772513308
47455847.9808591753 385591.6109244265
47452887.6740810499 385328.6345412172
47479732.5374454558 393039.7757498659
47386400.4951351732 357530.9208573736
47389908.5610541031 358027.0141190924
47397482.9268983006 364621.5882768072
52756509.4283401892 459828.5629882812
52548778.7984461561 459367.1074218750
52641618.4606509879 459825.8681640625
51563729.4449472949 458504.3134765625
51080964.3704008237 457468.3945312500
52134889.9293780625 459352.6308593750
47406454.0126993284 365457.5863825716
47406807.2190518677 365530.7456271090
47414590.9117066637 371871.4398371615
47410110.3993985876 365532.1743990816
47427218.3842069507 372800.6876780428
50851743.7140155658 457453.9179687500
51207339.5408090800 457809.4672851562
47414944.1180592030 371944.5990816988
