270692354.0450121760 350224.8525913609
270750646.9323999882 358303.3003180875
270813171.4411508441 364890.6275041951
270933917.8953666091 372766.3294771565
279626341.0549338460 691033.4332912158
275296195.4866889119 569114.8840981119
272944860.4845369458 493014.6863786699
274247592.3003156781 546501.3732532980
274648339.7299364209 552129.4416730972
270803013.5224739313 364065.7590978617
271442558.1095944643 416058.3827094748
273981403.5634592175 539081.7287220480
274390759.0297166705 547051.6400373550
278241392.6653469205 654280.9169771079
294004714.6706703305 899227.5816347599
273067002.2463008165 503358.4233555319
273616117.3427920341 524230.6821516128
274188025.3045582175 545000.3347395035
280078336.3778569698 693553.7443263720
270636418.6090434194 343451.3638399495
272889733.5307397246 491196.9926530840
271634253.0158200860 433571.8885197295
273477538.0871252418 514369.5863573113
333270269.8237009645 1161735.9726562500
284159691.2471143603 779465.7042563225
303352660.1976424456 970765.7908763289
271435717.6559524536 415921.2226116373
272793461.2344490290 491025.3637468340
273020225.3696221113 496118.9355241777
273927672.8606027365 531911.8021467300
273780298.9954033494 531588.5993275167
272738291.3274289370 487915.6010515215
272793461.2344490290 491022.6513444902
272587557.1570341587 483265.1005632402
271822063.8388928175 440965.1197241256
270625606.2616192102 343406.6354893101
272343795.7765946984 470984.3392675826
294435403.4891031384 913932.6995356083
271466940.4011874795 416897.2846893994
271487970.1290735602 417539.8743504211
277471621.9517727494 634101.3166410628
273780298.9954032898 531581.7135853292
274170279.9964852333 539349.8136829855
272101595.5313080549 458435.5493792249
272126990.2235634327 458469.4297503186
293644122.6432714462 896962.0308344364
278369244.8484466672 659665.8342134360
271974604.0239733458 451340.6328616692
272847318.0105901957 491091.1039812090
271632841.4313615561 428111.5722518424
272537372.5400515795 482174.8813291145
273270916.3460262418 508448.3963554809
273326200.3330436945 508698.2835625121
274855078.7226250172 557060.8470577777
332909308.5461172462 1161133.9833984375
270802520.7231755257 363477.1616215706
271024951.7486878037 380435.6787737263
294828586.0687696934 921592.4975092411
286381533.2578606009 792492.3890053779
273432944.2353171706 513598.3120825896
286653519.1683770418 799923.4894443154
271403751.4570613503 409609.6203649607
271426138.3538966775 415479.7702673045
270811372.7148514986 364696.0444858922
270993194.8639745116 375848.2351702107
278299003.5097356439 659158.9877778891
271597504.6084308624 424580.4673082046
271600505.1814192533 424988.0252181515
288097756.5584670901 830805.5966517925
293848503.0483530164 898923.3622133732
294241846.7331591249 905436.2757875919
271247376.5246063471 400966.0676649180
307815865.4520758390 1016605.3891888857
293736448.7513744235 897953.9654047489
271871930.7072562575 443864.9761233879
272463865.0044625401 473661.6883426262
270858797.1149199009 366971.1572516812
279983050.9717395902 693334.7791948803
271600505.1814191937 424983.5330306515
272421449.4843130112 473552.8358035637
272532873.1450741887 479806.4233800126
274744472.9922178388 553224.8997915834
271145986.5278898478 386627.3749473942
273156219.6880555749 506148.2007544646
271710627.9238592386 435072.8567943228
278299003.5097354650 659093.4330903891
271037764.6972832084 380505.0893943873
272897677.8604616523 491329.7865983965
326143937.1173903346 1148283.5085449219
271516308.4511908293 417542.0557638407
294603411.3901268840 917250.6001703739
270933064.1516811252 372620.8983248128
276427533.7685196400 604679.9671805762
294435403.4891031981 913997.5105707645
325929551.5260848403 1140856.8820800781
276427533.7685196400 604839.6747001074
278050743.1476979852 650855.4575529996
271940278.2226774096 448466.2232397506
272387708.4581879377 471915.1889264933
272474787.5624181032 478101.0582917584
272501345.8554612398 479294.3647736022
273553203.7259667516 520256.9898952646
273488057.1060187221 519576.6269435147
272671078.1858648658 483320.4990943326
273673001.9489083290 525519.0202259542
273673001.9489083290 525528.5871204855
270641151.1955263615 343459.0122774495
282452171.9733240604 737908.7001449317
273270916.3460262418 508451.2156914184
272501345.8554612994 479297.2798126647
271426138.3538966179 415472.5114782420
271710627.9238592982 435077.0975169791
272468121.1006395221 475121.9320086194
281090809.3194021583 713917.3338144723
294983065.6980006099 927850.9243891239
294626809.8537784815 918653.5340082645
270748595.0445115566 357883.7944782628
271426138.3538966775 415484.2868688670
290635746.8693190217 843148.3957580328
280688808.5185749531 706642.3615351174
273102362.9119143486 506056.9868872771
273156219.6880555749 506148.3013404021
281090809.3194020391 713859.1077402536
271081800.7748401165 386533.2186631528
272051298.1930736303 455907.4122045944
272343795.7765946388 470982.6376074264
320360743.8964374661 1130060.8806152344
285902919.9642723799 786095.1686760634
270664251.8316711187 349895.8046358479
271914883.5304219127 448438.3482397506
272304441.7385851741 469947.8389380826
272242055.0617439747 464085.5200904263
272138621.9489538074 462229.1135352505
320089278.0892775655 1129618.5583496094
270932069.0650626421 372425.2812999142
270868123.4373219609 371377.0247104168
271281473.0278514624 401340.3194030179
271813446.5386596918 440783.5074194381
286416863.0459731817 796981.3705874387
271147047.9694594145 387704.0448091878
294768151.0024447441 920178.5807383060
286251106.0532048345 790573.7021984759
294302958.3880104423 913248.4953501225
318106932.6924113035 1124687.7924804688
281220700.5322747827 720031.4300449792
271147047.9694594145 387704.0535982503
281317565.3759099245 725196.6068027917
319965800.7720578313 1128149.1435546875
278492804.6607156396 661607.7944013480
282657907.7900007367 746242.1633331720
278726390.2183461785 667103.2983075980
278587703.6443969607 662479.1656035784
272925933.1935488582 492141.7378610572
279367734.0271470547 680870.1149890613
299616217.9507863522 955508.0871698856
271940278.2226774096 448454.2452124069
287603163.0730826259 827563.3542277813
271593622.6470391750 422435.6959769847
276265402.4194635153 602010.0256428514
311052754.9596663713 1024595.7499057055
279887656.7338324189 693150.8936088275
283716393.8183567524 774358.3289012504
286795746.6790939569 813795.0748546124
319450879.7676931024 1127419.8061523438
281044468.6998865008 713008.3225735131
278843605.8610220551 667226.4233533744
282081424.1452993751 732941.2828451097
279686125.2399901152 691295.7173412036
280243668.4134053588 702580.0072630498
287191312.2644352913 820399.6087901592
287220826.0421977639 821047.8321788311
274600064.1819575429 549174.0733293090
287220826.0421979427 821125.4730479717
288057361.6666539311 829133.7495238781
283301777.1779742837 766343.9587341994
288191816.9847748876 841049.1793696880
283321613.5765775442 766541.9636170119
283699843.7915065885 773333.3402649611
282744268.9956172109 750050.3591047116
283301777.1779742837 766353.6933533400
283321613.5765775442 766537.7058045119
281290607.0911869407 722328.5255039636
281150656.3395063877 717234.7025059167
326098063.7479561567 1141453.0821533203
287438187.9379418492 826041.8622081280
275535009.1732400656 582508.6929737125
274870254.7399683595 561912.8499001209
287240662.4408010244 821195.5475108624
287240662.4408011436 821264.9803721905
275350336.4386933446 574926.0456348453
277489905.7793484926 638569.3731164042
274794162.0002596974 554775.0995340142
275047253.4304602742 567964.6815525088
287378272.7045090795 824268.4858653545
283528232.9621111155 770592.4221131057
287248460.5877336860 821975.8246104717
277676957.6843527555 641302.5121977035
278377386.9479148388 660126.6606294516
275736741.2353398800 585684.0364857707
277478818.8098254204 635439.5883695785
277833505.4029294252 645248.2973217670
274556189.8291856647 547267.5251855645
282591587.2635312676 740322.7407736480
283092490.4084830880 760191.3402039260
278618029.7211919427 664266.5053846244
274780754.5569173694 553454.3313379083
281634796.5362110138 726667.6612847451
281290607.0911869407 722332.8072422448
278474369.0933967829 660533.7099744681
299995539.1045963168 960881.7409174442
299638525.0419481993 956624.6925165653
275037877.4243361354 562660.3659394775
314904246.6493937969 1081267.2050476074
283904193.9390647411 777429.5003296584
281218024.4839035869 718768.3533848230
278474369.0933969021 660601.0249158744
276519858.0584618449 612067.3072491679
279284419.2956382036 673730.7208531093
311209523.3981075287 1055993.1822242737
279613071.1707398891 682085.4741771411
276806168.4764773846 614864.0509985335
319327991.5698986053 1127108.6544189453
283528232.9621111751 770666.6921326369
322550112.6731804609 1136532.8461914062
283242665.1712390780 764635.9738709182
326191170.7224907279 1149152.8522949219
275801530.3375414014 588712.0547588859
277752898.4401853681 641645.6918852035
277952094.6163167953 648409.2249068919
276982510.0828958154 622956.1676302202
293302595.3775109649 892529.4088327885
293207126.3149079680 891997.8404734135
276400274.3263261318 604479.3018606551
280149564.5135216117 695907.8392498683
276806168.4764773250 614827.5929907210
276806168.4764773250 614827.7370336897
280166205.3027495742 696449.7839915942
278008219.9003168344 648417.7192608118
279990389.6068825126 693490.2306010913
288025679.6591637731 828938.8274042606
276806168.4764773846 614899.0031469710
276294293.3144483566 602394.1734426863
286151301.3444381356 788968.6885458119
275904907.3173655868 589658.0659746937
325883169.1139799953 1138297.2758789062
276586660.9666787982 612352.2752667461
274821776.6932256222 555685.1098581366
274788808.1081787944 554419.9022165351
292004977.3880487680 873592.2689428329
282994432.8212381005 752159.2505842037
281825120.7109799981 730922.0793071873
281831511.4142261744 731681.6135903485
332829189.2833945751 1155339.0981445312
282100264.3960307240 733605.2263160832
317193037.7330442667 1082327.5779418945
282172401.3807834983 733732.4595493008
276901725.3817930222 618816.3835752852
281770301.0089849234 729561.1667905934
293178646.2624233365 876825.4283740520
285788225.3539593816 781529.1524898596
332784572.5101056099 1155207.6318359375
277314203.6728915572 628556.0299299605
280573258.7745053172 706460.9691508897
276810275.9682693481 616774.1748350508
278978975.5591849089 672958.6571175419
332042710.7099770308 1154765.4118652344
313328807.2604929805 1069717.8686370850
292004499.3177628517 865414.7388942242
276493472.0840958357 607684.7315269712
292592399.9192791581 874804.9910914898
331903716.6091342568 1152082.2224121094
331488979.9471358061 1151199.6213378906
291065859.1380083561 856528.8719195016
331390525.3382325768 1150840.6936035156
276368694.9753510952 603004.2381884459
330848817.0554482937 1150774.9211425781
276171158.8089426756 599670.8734864596
276217938.9594847560 600842.4943723086
275615573.2954098582 584155.4991065863
275992662.6826060414 593755.6015979651
275385267.3589487672 576686.7061378363
307467108.9587285519 995500.5270195007
275443050.8792141676 577823.1197120551
275443050.8792141080 577809.9805518988
279341633.3025125265 674779.8327310085
275520367.5339780450 578016.4378272895
276743865.8035243154 613114.8441238806
278716468.7934430838 667046.9228804312
277241958.2993851304 624660.9631438567
277228662.9524890780 624006.1604094817
282290835.7160386443 734134.6499448903
282345972.7976111174 734678.1240659840
277291661.9252420664 625198.3190611561
290841824.1813137531 849539.4763088226
290148992.5216509104 843130.5784816742
299274302.9690459967 943634.1051940918
298396142.5104801655 930004.5280761719
299181922.9415042400 942151.5528106689
299593803.4582207799 945803.3912048340
299244176.7900199890 943522.6534118652
