262195107.3497529626 20.0459323952
264761172.8094463348 21.9057509989
263590455.5326681733 21.1627308965
265045998.6381909251 22.0379359440
262643851.1477804780 20.4792930216
262376807.4763146043 20.3040167430
262273807.5851293802 20.1633597890
263504189.3512856960 21.1085141520
262828642.2886016965 20.6034769519
267810945.8672983944 23.1135793552
264876040.6515690386 21.9665594638
263809199.4947801232 21.3274313133
264230870.7003276944 21.5963362134
264081758.3142749369 21.4751410154
264838980.5287054181 21.9506070284
264366325.3033748865 21.7133260570
266508123.6694923043 22.7249445617
263811644.5082905293 21.3319335948
267593176.2883724868 23.0437135696
265070702.9214587808 22.0728738708
263834509.1619288921 21.3473853957
262850713.5464037657 20.6271346155
264876040.6515690386 21.9729983002
264230870.7003276944 21.6146627940
261979661.8058582544 19.6322768557
263098672.5556320548 20.8313023853
261979661.8058581948 19.6132848713
267230525.1622674465 22.9485003203
264220955.3118001223 21.5746914480
267326401.6326168478 22.9968976974
262722878.7801755667 20.5019424547
262502717.8968260884 20.3872237157
264366325.3033748567 21.6733802609
268257013.5989247859 23.1507467702
264820376.9487264156 21.9116522489
266997624.4702786207 22.9046813622
264477744.2087305784 21.7420020817
264831095.5572121143 21.9456337510
262891527.4417015016 20.6486397170
262891527.4417015016 20.6406117612
267391229.6052564681 23.0233350918
265553790.6033056676 22.2989423033
262988948.3115453124 20.7327899034
263302905.6142516732 20.9973868081
263983600.0841033757 21.4323966778
266588469.2546536922 22.7791701779
263496271.2841536999 21.1069732397
267915563.3784523904 23.1390434876
265964862.6549606919 22.5307910172
266373406.1462117434 22.6745236814
263245426.2815143466 20.9224294969
262639136.0438907146 20.4690033727
266588469.2546537519 22.8123131320
264054436.7900724411 21.4678235861
265663257.8144536614 22.3900173781
267068958.6479344666 22.9242593646
264290502.1797955036 21.6565440721
263602864.4232450128 21.2077358016
264509636.8806182742 21.7744635759
267612937.7847574949 23.0580801293
262950807.7592079043 20.7067078896
263906535.7741234303 21.3792934358
263153793.2281988561 20.8762363433
262056620.9874327779 19.8829298837
266237951.5431645513 22.5974796340
266528837.7751859426 22.7612893656
266453014.6516066194 22.7004533410
264682486.5803897977 21.8559729575
266050709.5142295361 22.5321021759
262594402.2697004676 20.4470619431
262746348.2927456498 20.5596027317
263102753.7822530270 20.8337484407
262535477.8522613049 20.3948609731
263906535.7741234303 21.3980317652
266689542.2181749046 22.8352606371
264529490.7167050838 21.8098333894
262535477.8522613049 20.3948580723
267066895.8187266290 22.9072931409
264301220.7882812619 21.6703960724
262594402.2697004676 20.4382837498
263043268.9051059484 20.7536209891
263811644.5082905293 21.3329714458
264480577.8457229733 21.7436320899
264104668.5802294910 21.4867288235
263305739.2512440085 21.0058276602
267391229.6052564681 23.0127741471
264197408.5959357023 21.5370017565
263752013.0288226604 21.2881581555
266512646.1310743690 22.7249462605
263898650.8026301265 21.3724201560
263069993.8268178105 20.8261140840
263458803.3716932535 21.0883296072
263752013.0288226604 21.2810749482
268257013.5989247859 23.1853903010
263602864.4232450724 21.2148190090
264859034.3848677874 21.9598708188
262993029.5381662846 20.7375670368
262425753.6081745028 20.3080060111
262365351.3113430142 20.2601752671
263043268.9051059484 20.7792325983
263936579.1653190255 21.4092870779
265561243.9778774381 22.3215615852
264529490.7167050838 21.8048601119
264465386.4300612807 21.7155536810
267066895.8187266290 22.9203239381
262631870.1821608543 20.4510901951
266588469.2546537519 22.7801154181
262182660.6158065796 20.0083811604
265292495.4195713103 22.1861139841
267713362.2164071500 23.0873244777
263147487.5564433336 20.8648546892
264097252.7988317013 21.4824412462
263354652.1222261786 21.0226338455
261902697.5172067285 19.5176546167
264102770.6882395744 21.4840246295
264233704.3373200297 21.6196360714
262088048.4423347712 19.9215404849
266237951.5431646109 22.6207794920
265663257.8144536614 22.3533285735
267615000.6139653325 23.0667597130
266151679.0092355609 22.5512616215
263610749.3947384655 21.2197301337
263985492.0363011360 21.4600470788
262165012.7309862971 20.0062029919
263450806.6302007139 21.0804621051
262950807.7592078745 20.7049636193
263597346.5338371992 21.1840055824
265592792.9966329932 22.3226803325
266286864.4141467214 22.6527142152
263752013.0288226604 21.2896431159
263610749.3947383761 21.2161766538
263049574.4197848439 20.7967349099
267250987.6793935001 22.9693340883
264144427.9085416198 21.5157393158
263670380.8742063046 21.2430971959
262746348.2927456498 20.5661307964
265127629.4239609241 22.1118355624
268588261.5905141234 23.2358098626
268500692.4484890699 23.2207987234
268500692.4484890699 23.2288896665
265126953.4354503155 22.0785180945
266286864.4141467214 22.6715394929
263533785.1060868502 21.1205463992
267391229.6052564681 23.0008208081
266303987.8065969348 22.6717727110
265920299.7577803731 22.5024455665
264142474.5982621908 21.4975474091
266237951.5431646109 22.5985859260
264142474.5982621908 21.5044206890
263305739.2512440085 21.0044700154
262342379.0886165500 20.1678551117
262746348.2927456498 20.5663549992
262746348.2927455902 20.5584964397
263358357.9969276190 21.0361274132
263313624.2227374017 21.0102389404
263504156.2556469738 21.1070416807
264676628.6055689454 21.8297259553
264666294.9362784028 21.8294397785
266834917.0883965790 22.8538556919
263102753.7822530270 20.8345549362
266151782.4777507484 22.5555079886
263153793.2281988263 20.8691531360
264076438.3348298669 21.4720671537
262746348.2927456498 20.5661336971
264488462.8172162771 21.7541001110
263199146.1121526361 20.9176320969
264488462.8172162771 21.7590733884
262182660.6158065796 20.0083782597
263577173.4286162257 21.1610214482
268204329.9898426533 23.1480327621
266234511.0039172769 22.5669888062
263484395.1212780476 21.0913988562
261896847.8704254031 18.9577514065
262288387.0226915479 20.1641453335
264761172.8094463348 21.9007777215
262811477.1918679476 20.5832025650
263458803.3716932535 21.0884569227
263610749.3947383761 21.2163039693
265442171.4968240857 22.2503903545
265908450.0684255958 22.4598741336
264850415.8692164421 21.9592190400
262919196.3545101285 20.6507291183
263102753.7822530270 20.8331972914
262562974.8147984743 20.4201549164
263199146.1121526361 20.8955863952
263259133.9059674144 20.9808291444
265198196.7018817067 22.1348382344
262746348.2927456498 20.5584964636
263161678.1996922493 20.8859501421
263049574.4197848439 20.8053030776
263849737.9316479564 21.3557412863
266957463.4181696475 22.8876014799
265861839.5963743925 22.4469883926
263749136.1147165000 21.2556374143
264606663.4568104744 21.8103953048
262259624.9044581056 20.0970315820
263365370.7307118773 21.0482454547
262993029.5381663144 20.7433359618
267713362.2164071500 23.0885337219
263484395.1212780476 21.0927565010
262356958.5261786580 20.1838665733
262560587.2629595399 20.4088072860
263358357.9969276190 21.0446955809
263199146.1121526361 20.9164669304
264763157.4051261544 21.9076770438
265508867.0033745766 22.2638039000
263319121.6423918009 21.0110198953
263958328.9860776365 21.4237541161
265835812.8358779550 22.4373342497
267391229.6052564681 23.0234669670
267290156.6417353153 22.9750925303
270025055.0145767927 23.3065153435
271281612.4904664755 23.3907522038
270549970.6498798132 23.3757936358
267391229.6052564681 22.9989068732
268909952.4074769616 23.2569517270
268500692.4484890103 23.2205847278
265518653.8635215759 22.2835073106
265616407.7726793289 22.3235918758
263544026.6007459164 21.1363394619
265207862.7995765209 22.1675833843
264208309.5934470892 21.5599453176
264188437.3854100406 21.5270698058
266512646.1310744286 22.7326943427
269663790.2839184999 23.3045455888
263313624.2227373719 21.0059549758
263796387.8528082967 21.3150523850
264741380.8666232228 21.8973675563
269014953.5183005333 23.2716564015
266400718.8153614104 22.6949453056
266218305.4177915454 22.5664992630
264623180.2270290256 21.8280189155
265616407.7726793289 22.3230407266
262829856.8817100525 20.6223656571
264736382.2374762595 21.8580565432
266856390.4546484947 22.8835872486
263744449.7973477840 21.2518718937
267283751.8577708602 22.9727860242
264177630.7732415795 21.5188428327
266534119.4973264337 22.7694266587
264177630.7732415795 21.5238161101
268003860.9650236964 23.1412520185
264741380.8666232228 21.8606787517
267290156.6417353153 22.9746141434
267692790.1619566679 23.0710662231
265388347.9251052141 22.2212452225
263447324.6253467798 21.0570201525
267207808.1677026153 22.9400966987
263610749.3947383761 21.2153701582
265627350.6965512633 22.3390676705
267391229.6052564681 23.0354643390
266151520.4633910954 22.5478976099
263447324.6253467798 21.0580580035
264983133.5934396982 22.0192071533
267153896.1007092297 22.9257235974
263102753.7822530270 20.8346822517
265777112.2156683505 22.4134231908
264996139.3465194106 22.0318315958
265643692.1212732196 22.3469410865
266455077.4808143377 22.7186231464
266198495.5455035567 22.5614808751
271305340.8105417490 23.3918987513
265392630.4688850343 22.2278319306
264468714.8065397143 21.7166682917
265892705.7663756609 22.4478207408
265380179.8276223540 22.2144724037
264905660.1112558842 22.0108205264
266455077.4808143377 22.7036275715
265805410.3407903612 22.4234630642
265335085.6078450084 22.1988610905
267311828.7177934945 22.9769952744
266078701.9247319102 22.5416466547
265391361.8365024328 22.2265873682
270538685.6217455268 23.3698779196
265268871.7795732617 22.1695660632
264996139.3465194106 22.0368048733
265919179.2206117511 22.4880942507
267636672.6900234222 23.0709988549
265397785.2407782674 22.2328751069
265507524.5272777975 22.2514973488
268778006.6476833224 23.2361863777
270380265.1968795657 23.3244842514
268883058.0724936128 23.2438424453
268405198.2637378573 23.1989659294
265908450.0684255958 22.4879045440
269112896.7241550684 23.2974038795
268358378.3646855354 23.1854172871
265002544.1304839253 22.0370380914
265619253.1331847310 22.3309519794
269093896.5639103651 23.2858380154
268165612.9416924417 23.1419113055
