44539498.9727015942 258319.5908789635
44316866.8298711926 240808.2167701721
44334898.2497465760 242592.3173370361
44833349.6967423409 273904.3551025391
44760928.9777783751 269825.9309082031
44517610.0115076974 256994.1039428711
44229951.3045485392 232514.7838634290
45005506.3640151769 280337.6899414062
44685144.9963886440 267718.9614868164
44608892.6878220811 260946.9778442383
44792372.2826908305 271129.2120361328
44493628.5332057029 253533.1575293541
44208513.8232310414 228273.8996505737
43925676.0535613522 165460.0884561278
45073094.5359797925 282618.3088378906
44885674.9695045874 276265.6075439453
44983203.5133813769 278473.5934448242
44364214.8100913316 243044.1794395447
45324004.3299927860 292535.3016357422
43933157.8938064724 165992.6461817957
44295808.8235218227 237029.5939254761
44296506.7923045903 240239.8160036802
44177494.3691475987 226415.6204546690
44572155.3866620585 259966.4923682213
45498939.2967584357 299213.9462890625
44470018.3177007437 251886.2560400963
45157227.7975293100 286101.9667968750
44374435.0735706240 244226.8840460777
44515883.7785229087 255669.9038080722
45144394.1432543695 285152.2380981445
44330310.5854839757 241050.9192427434
44452961.9270269796 250660.2188849449
44636309.9154599831 263427.4387817383
44108766.1535902396 217808.5930483341
45219436.8110623434 288702.1872558594
44878725.5795433149 276020.2977294922
44737952.3411007524 269150.5311279297
43975675.1630899087 186387.3927549580
44631710.8315007985 262495.7383728027
44164812.2427253798 225830.8026977777
44673069.6112836078 266271.2189941406
44455258.9688852802 251720.7375183105
43924815.7411175743 158260.4021358490
44649472.0463687479 264418.2310485840
45141890.8060885370 285037.1010131836
45178301.6634421796 287159.9381103516
44433428.4087924287 249350.8167715073
44021339.3506335095 201176.8898279406
44219227.8257927075 232506.8238049746
44418427.7852749005 247637.0082054138
44216706.6506041139 230383.8537675440
44140460.6611079723 222449.9314939976
44068405.5177790374 210051.0422670841
44173484.4414567277 226071.8255473673
44329503.0912440717 241048.8872845173
45022324.6195953712 281640.9710693359
44533034.6847991422 257030.9515953064
43906440.8277405351 158235.0954005457
44013570.2325328216 200188.9484288096
45338368.9356131926 293449.6694335938
45014692.1818909496 281395.6612548828
44050665.2690952271 208947.2695556283
45347859.8183369860 293838.5827636719
44854231.6645921320 274962.3264160156
44025048.0121970996 201514.4730885029
44557074.5044785887 258819.6075019836
44636068.4184262902 263216.5377960205
44395967.0831178948 246673.1508425474
43979943.1108652875 186768.1396836364
45047569.8369853348 282207.9682617188
43998759.2445588410 199097.1267106533
44731837.6231610999 268528.9915771484
44151523.5973477438 224749.2730237246
45208872.2194758356 288463.2192382812
45081497.6907884479 282853.0822753906
44425947.7367606387 248462.3113039732
43938793.2934812605 178060.9644540399
44217106.8618635610 232264.1375366449
44967473.5935693085 277088.8054199219
44035834.8267903551 206896.9003719091
44557869.0930066407 259132.0166549683
44816048.6367572173 271998.6863327026
44073603.5209647119 216474.9036812782
44345101.9773150906 242759.4666900635
44151452.5224532038 224506.5867553949
44626863.0677406266 260957.8139190674
45084003.7661088482 283092.0502929688
44070300.8450135067 215177.3043806553
44046460.6214703098 208651.5632040501
45079009.5121019930 282681.7097167969
44236307.0247071087 233067.0663088560
45189266.5420595407 287583.3317871094
44452132.0702652931 249654.3255571723
44626927.7595552132 261359.8351440430
44813777.5829924271 271935.1772460938
44507867.2888627946 254402.6875151396
44510490.5583668798 255241.7911338806
44790233.6396324486 270627.7015380859
44490851.2175311297 252140.5857820511
44059440.9793937281 209272.0238697529
44113653.1922980770 218047.8907568455
45125757.6822175905 283200.7922363281
43938775.1408177093 172743.5021998622
44146115.1412736848 222935.6483894587
44259157.9189456403 234713.0372571945
44150475.2817976475 223398.6956996918
44416042.3812261745 247484.2403526306
44091200.4404395968 217078.3886969090
44571986.3343634009 259837.8841552734
44164234.6932228357 225089.6017131805
44430231.6384544745 248808.4562950134
44594114.1511603892 260847.7209701538
44077963.6614886597 216989.9194433689
44371143.3079003170 244154.2379722595
44174053.9313901290 226109.7921997309
44932532.1220876500 277071.5727539062
43989211.7059256509 195055.0757732727
45208044.6525964141 287818.1052246094
43949682.8670394048 185589.6474274136
44133189.2969781831 219646.0100344419
44191378.5483079851 226800.0046228170
44281524.1921788454 236587.4661903381
44274296.6837044656 236220.7761192322
43966488.7208429873 186001.5587624633
44483886.4134532809 251911.7887535095
45178246.6837317050 286514.8240966797
44364098.4752945229 243020.8010292053
44108173.5524572283 217463.2963732481
44263380.2763715163 235051.4430809021
44190429.5096801892 226633.7314699888
44103853.4239617288 217092.4095594883
44191380.3051727042 226850.4445565976
44125795.8443540633 218321.7940920591
44106827.8014767766 217250.7366852760
44037117.6297520399 207814.9029976130
44245736.5891222954 234085.4706667662
44391515.1195112392 244613.3425865173
44194663.8704753816 227652.1358278990
44238391.6756322756 233806.4811648130
43983736.8702181131 193419.3390466906
45130330.0161966458 283326.8237304688
44189168.6527985781 226506.6743540168
44267921.3060111627 235202.3717613220
44033387.3474591896 206854.6774919033
44170413.5391168371 226048.9303835630
44195773.2429356426 227830.8902963996
44013865.0064385459 200421.3426530361
44193317.5711244047 227060.1853884459
44247905.3354478106 234617.5706748962
44365161.3955934793 243345.7093009949
44270809.3674553856 235628.8256797791
44294626.7977007404 236591.2931480408
45416076.9215087593 294077.5507812500
44268369.2227856070 235213.0216026306
44125678.8217253461 218155.7800135612
44130324.0994361043 218729.5824617147
