137217962.4292710423 461790.6161215454
142712302.0305148959 617023.7711181641
141077795.4653419256 586020.7027587891
142107817.2198224664 607444.0767822266
137435700.2796779573 471751.3490317017
136637982.7426873744 439578.6715379953
140016005.4634552896 556583.0887432098
137331321.1701159179 466916.7582113892
139805067.3929039240 550560.5032939911
137148111.5828966200 460998.9869711548
134854302.1736712754 355169.3287293743
133637274.9230847806 246115.3186262492
141204036.0188057423 590853.9188232422
140392192.8413068354 567630.5606689453
141513500.2766914070 596603.8714599609
142767311.5585017502 617650.9226074219
133993991.0579545051 290219.0690895319
141103624.1336753964 586950.5452880859
141332552.9616543651 592043.2882080078
136771268.8507067263 446219.2736872584
135521402.3351844847 387934.5812892467
134775384.3278345466 349556.0684754681
141066105.5475398600 585847.3753662109
135981098.2559836805 410439.8722009212
135234733.8909634650 377997.0383299589
141558677.3620996177 597895.9649658203
140609795.4710302949 575264.2066650391
134138770.1153178513 300195.7355769873
134545433.7154005766 333684.2773968577
140777822.2543863058 580270.7501220703
134050310.7834249288 291531.0421867371
133822382.6977722794 263805.9470736384
134729062.3110178709 348734.9771668743
134588317.2931285501 337742.2634814978
142312440.5191741884 609542.8173828125
135357745.5021890998 385537.4904052019
134321894.4290398657 314306.1103414297
134445022.1321192086 325681.2294022515
133681414.4837562293 248232.7187606692
140842058.4603165090 580642.4547119141
141714489.8818570971 601610.4149169922
141912973.5601247549 603473.2946777344
136766292.0576953888 446152.7384185940
135768211.1266566515 402682.3214196712
143062323.8453602791 622790.0244140625
135337822.3883721530 383375.2863768339
135600721.3706111908 394850.0820827037
134325074.6333272159 318017.5006176233
140295213.1614705026 565304.1440429688
141874323.2121313512 603035.0667724609
134885653.7702074349 355381.0600897074
134420493.1083057523 324401.7306159735
135577713.8344740272 392419.0567089319
134375584.3824901879 320119.3408740759
142092017.2425124049 607376.6682128906
137257856.5056841373 466138.0887777954
141268272.2247359157 591225.6234130859
133823994.0484037697 266290.6238538623
142346958.5840243101 610028.8106689453
133931969.4043632001 279877.7428709269
134326314.7885617018 319023.4825690985
136917148.0680547655 453166.7476341873
134450905.9999761581 326750.7551807165
137057110.9816865921 458305.8494408280
135853487.2383186221 406069.8849876185
141462020.4101208448 596166.3480224609
134270867.1399608552 311964.6549323797
140459165.8682406545 568829.8551025391
134469804.4195747077 332364.0154346228
141795552.0116812885 602304.9749755859
134848929.8672116697 354539.0101019144
140590216.0785623491 575226.8563232422
140520561.8865918219 571287.0936279297
137056508.2613050044 457324.4344809204
134117427.6240460277 298321.3581167459
134770012.0213749409 348925.7498480082
140475159.4088304937 571070.3973388672
142966496.0546222031 620584.9111328125
141032379.3999719918 585781.5565185547
134138067.1226944774 298768.9828960896
133893901.6716362238 273659.2319464087
134626623.4067291319 339471.5333187580
136571959.6212010682 438585.6276911646
135544272.0833567679 391171.9855309725
135299891.9202188849 379186.2233728876
141978961.6883445680 606400.2620849609
134147607.0958193839 300936.3147976398
140408353.8446363211 567946.3714599609
135762086.8579387069 402607.6328639537
135421762.4209410250 385700.5011135340
133961430.9377636015 281599.6122846603
135521803.5247744918 389236.8218287975
135810818.1513346136 403699.7351530194
136477100.4538352787 431434.5725228935
134224452.2970584333 305113.5360035896
134229006.1653061211 306132.9968956709
140837393.3559070230 580403.3084716797
136223641.8215285242 421267.6013516337
136291097.7427215874 423435.5531491190
133831858.6361490637 269930.4195697755
141959796.7752669156 604195.1488037109
136678757.5346669555 442903.6381892115
134142583.5259351432 300932.3190345764
141380339.5317437351 593311.4361572266
141607757.0142246783 597909.3697509766
136544901.0037413239 437290.3779353052
141523531.3553482294 597467.8951416016
133808954.5405513346 263128.3958429694
134627863.5619636476 340193.7623558044
141626012.3804440498 598456.3189697266
133702607.4998520911 253744.8951373938
141370799.5586187840 593078.0709228516
134585995.2949412167 337582.8014379740
133823052.4050824046 264753.1585499644
140276841.2772461772 564636.0457763672
134603047.9328578711 339077.9965370893
134684000.5628046691 345178.7656391859
135493782.3029505610 387189.5451246798
134549497.4331823289 336936.1906651258
134676702.4478605092 342314.4387120008
141474965.0701863766 596232.1668701172
134408593.1642549038 321100.0138920546
134413772.9077310264 323595.6577996016
133842249.7540274858 272741.1606948823
134100072.3840933144 297111.2323647980
133836175.4276041090 270599.3548229188
133749115.4363759607 262841.8040416688
134247758.6806710660 307574.1039971113
134901399.4656575322 355734.7546077967
138044393.8916336894 494083.1402220726
138831371.3813283741 518170.9138277769
135499910.6033105254 387309.6300074607
135065151.9407005012 367793.8356817365
139316666.6723338962 534598.4747700691
139063164.8153440058 527883.6022498012
139502213.1305193007 539066.1503401138
133739402.0763296187 261691.5654018372
134941188.1804428399 362133.5501748323
134933956.4686255455 360986.7416683435
136833929.1777073145 449727.2073509842
135462808.4404713213 387092.5313014537
138975118.9972164631 522913.3459601402
138983495.1151711941 524274.1280226707
139217239.0616986454 530815.8923693895
139268473.6661584973 533327.0047510862
133801294.3935700357 262969.7580758482
139348843.5262355804 536321.7398390770
139042810.5374532044 526543.5436778269
134921359.2004129887 358607.4389339685
138890272.5325938761 522165.3174952269
139429054.6814196706 537776.8328680992
136322009.9246780872 427530.9467770010
134995444.9726557434 364366.5100690722
134964434.3861337304 362265.7605573535
136490130.5713762045 435071.3988522440
139235272.4702281952 532010.5795722008
138703928.1602540016 515362.7362036705
139201021.5507553518 529103.0750597715
135059982.0069711506 366201.9790068865
139344487.8208930194 534716.3353136778
138847396.6755987704 520975.9964575768
136236759.2483111620 421926.0626553446
141195072.7785944641 589363.4481201172
133920812.5549177378 279007.8968086839
134819441.9521426857 353229.1908870935
141438470.6648850739 594741.6961669922
140895805.5585451424 581455.1888427734
143515232.8801925480 624670.3972167969
138333034.2560123503 504074.1829977036
136182665.5837855637 419944.5766781718
137364542.9469658732 469941.6951439530
138128648.8296303451 497277.0621480942
136319143.7067064345 424120.9260479917
138176337.8519371748 497921.3995504379
133931537.4709177613 279222.1515632719
134845901.4434164166 353235.4266077280
133942009.3475308716 280468.1243693233
143242322.3664187491 622901.9707031250
137744419.6388292611 484573.2390111834
135169067.6373657584 371400.7018976808
140958198.1290127039 583682.2961425781
142544723.1036398411 612867.3121337891
137468535.6583180726 473305.2578270584
141114267.0791820586 587477.7742919922
140675356.7235179245 576358.5736083984
137796240.7220408618 485426.6710531861
140436650.0089822412 568406.6364746094
142908276.3970778883 618633.5654296875
141276258.6384775937 591634.2332763672
142558128.3657911718 613255.3173828125
136039133.8250977993 412540.6217126399
138386769.0363134444 504346.9754502773
136194912.4876572490 420500.8759286553
134081282.1800890565 294665.7294002622
140742320.4051588774 577092.9827880859
136043819.3329595029 412609.2082070857
138595082.0759869218 512098.1408684254
139613270.5191738605 544995.8051300049
140351759.4232854545 565847.1110839844
140903550.1239851117 582471.2308349609
135193162.5564399362 374951.0013112326
136140495.0625922084 419364.1908744127
139591569.2364973724 543063.3134307861
136403735.7218749225 430115.0991494805
136256671.0958572626 422683.3656348139
135922445.3390317261 409598.2836769372
143536077.2157406807 625281.1630859375
142508963.5805658996 612621.9291992188
140536056.3303448260 571302.9872436523
140441804.7300131917 568792.5047607422
139522283.8840539455 540839.3461456299
136656464.8460982442 441633.8058617264
135948476.5202913284 410326.9818900377
137792511.7663837373 484812.4593041092
136100415.6334943473 415940.2421439439
137154382.9517834783 461539.8069603592
135722455.8441999555 399115.9488604367
139780728.6419700384 548752.2237548828
139844235.1924814880 552074.4940948486
139700459.9446935952 547772.0268096924
142396203.3243803382 611155.8256835938
138056214.8580158055 495780.8961260319
138946791.9007882476 522397.3510603905
136531384.5287247598 436014.6631615311
138990505.5905541182 525611.6127624512
138762789.3029943109 517856.9900112152
138427541.3333261609 507076.9154131413
138837395.1913916171 520821.7655944824
140160501.8022099435 561063.1524658203
139962376.1188917458 555639.9812622070
138603872.2377591133 512478.7419643402
138719867.5461302996 516862.5011825562
140092050.4980019927 559796.4402465820
138560950.4808951318 511484.2531356812
142743584.5896399319 617411.7763671875
138088209.3260475397 496369.2970049381
138730483.9976970553 516985.9824371338
136001488.5703661740 411160.9297353288
138727857.2873471677 516881.5515727997
140191751.8943733573 562932.9199218750
137929224.1691731811 490991.0489580631
138467443.2355106473 509124.0007915497
142173453.0775573552 607824.9139404297
136434796.7407900393 430442.6340477616
140066674.6593211889 559559.7305908203
140360392.4838670194 567089.3789062500
139777192.5541304350 548064.8057556152
138221297.3808861375 501251.4383363724
138352600.0293470621 504334.1536235809
139937000.2802110016 555403.2716064453
138635957.5110422373 514328.0519638062
138106454.1747225225 496461.5911684036
140122105.1474052966 560781.5196533203
137880878.8824449182 488630.7966139317
136889244.5332862437 449839.9839613438
143664307.4385392070 628483.0815429688
138392701.9965109825 506694.4059677124
138577806.8637052476 512072.6540145874
142452146.6735004187 612233.9239501953
136753086.2202665210 444226.7237074375
142665381.0703289509 614187.4929199219
137718506.4756550193 483252.5485670567
137570749.6998264790 477905.5422194004
142567859.3624742329 613658.5758056641
140338739.4159799218 565365.6197509766
142692992.9478216767 614285.7272949219
142785553.3928552270 618000.1772460938
142901050.2664425671 618521.6191406250
135737368.8452774584 400114.2952216973
140045205.1069096029 557096.7916259766
133965868.7845737934 286225.1938117594
136951016.3981737494 453516.0022728592
137634892.2317752838 480284.8449537754
137530452.9231749177 475494.9977858067
139896050.5366401374 553125.3790283203
135740531.6912428737 401852.0290483346
137868069.2998953462 488220.0703725815
137080663.9252696335 459129.2625267655
136988172.8875611722 454192.3018629551
134200119.6608888507 304920.9601082206
143285192.0593695939 623693.2343750000
143571517.7984995544 626474.5585937500
134304084.5012440085 313739.5645436645
135450188.0968517959 386156.8515462875
137082711.5496114790 459274.1058477312
137101739.9231913388 460036.8271009922
137401294.8654313684 470204.9223158360
137506137.7379808128 474150.4465324879
135594941.3696537614 394182.5039510839
135663764.0860024393 398687.1601431370
137441091.2650638819 472529.7030022144
137592091.3700686395 477907.9510490894
137230175.7538985312 464063.9530157000
135591932.1888205111 392887.9194288366
137181641.9732152522 461684.6502813250
142273523.0323481262 607865.4560546875
143394994.7721654177 624608.2553710938
139781729.8856584430 548859.5345306396
143525061.3080895543 625066.3833007812
142279496.6720828712 608612.3964843750
