80799871.9344523698 572891.0637207031
80834139.5017342716 582921.9501953125
80793800.6919067651 572782.0932617188
81543121.4499561638 698105.9423828125
81512225.3545503914 695933.5830078125
80820413.4311167747 578193.2800292969
80656867.9234915674 539727.5949707031
80774222.5551730394 569926.8168945312
80766248.1271653920 567815.9008789062
80859788.8810136169 587645.0583496094
81014047.8259967119 618422.7495117188
81209899.3362646103 652723.0400390625
80789949.1772021502 572042.1953125000
80730201.5181004703 561127.5021972656
81181454.5617907643 647635.7460937500
82388929.3920152932 780657.2915039062
82223619.8905691355 767141.1777343750
82786533.1500256360 808106.5683593750
81166685.1994712055 644934.8100585938
97535781.1948845685 931103.8134765625
81566153.7350669801 702549.4296875000
82329204.9623798132 774902.5737304688
82953832.2144853622 820560.8681640625
82214370.6065243781 765502.2832031250
81559927.4247610420 700242.5961914062
80773167.3934259266 568382.8217773438
82196968.8706077486 764551.8613281250
82751200.9458454400 806938.2089843750
80761433.2525300831 564629.0629882812
82150700.0324822366 762302.4565429688
80781974.7491944879 569931.2792968750
80675328.4628916383 544072.6955566406
80746824.2278346121 562949.1594238281
80671317.8741449863 542258.0456542969
83082741.9237296283 828905.1601562500
81455515.0840824544 688662.2319335938
81599360.1960929036 702786.4912109375
81430729.0779455155 684629.4282226562
82355386.6304840297 779675.7641601562
81629477.8379489332 709762.0483398438
80765192.9654182792 566271.9057617188
80697661.0397362858 547691.7080078125
83023078.5248388201 827647.4814453125
80929105.2537852675 601624.0432128906
82501939.9110006392 790824.8930664062
82824011.7964738905 813065.2929687500
81378554.4184550345 677602.8979492188
82974000.5460767895 822843.9873046875
82315911.1488249153 773615.9008789062
82523151.7070485801 793301.7348632812
82955344.5145536214 820669.8632812500
81986268.3369944245 746506.5610351562
82908261.4769941270 820306.6191406250
82578186.2307153791 795559.0952148438
84232177.4796572477 867367.2919921875
84906241.8721669167 882686.9033203125
83572053.1456018388 848912.4199218750
83937898.1764825135 859449.6757812500
80950818.7037753016 605744.2128906250
82071866.6707256883 752815.5776367188
83504319.1353166252 841934.8017578125
81147623.8640514165 641908.8041992188
81262264.0470916480 660806.6518554688
80810582.4756829739 576441.4667968750
80843007.0972373635 583985.6848144531
81420860.1134122312 682643.3081054688
82627264.2094774097 800362.5893554688
81289462.2768751830 665562.1762695312
81134599.1267544627 638635.3447265625
82713156.6558059454 801580.6655273438
81161114.9112653881 644013.4501953125
82724754.0967015773 804239.9106445312
80706468.3955048472 549240.1655273438
82683459.5050250888 801438.5869140625
81622392.4812037051 707747.9570312500
81404260.2887751311 681199.0014648438
80802044.6935330927 574870.5336914062
81489174.0675312430 691956.8925781250
81923065.8146883845 739468.4169921875
82181621.2448739707 763427.8657226562
90216154.2502955943 911533.7226562500
85050520.6261583865 886073.1533203125
81022606.9921198487 620297.8325195312
81666847.1937961429 712471.1298828125
82449605.9874015301 786466.0854492188
83535440.7035997510 842659.8173828125
81006073.3979890496 616311.8334960938
80714442.8235125095 551351.0815429688
81334490.8509271592 672354.3540039062
82022890.5606105179 747873.0795898438
90547175.1896126270 913756.7246093750
81111000.5441336185 635599.0502929688
81150758.4430623502 643136.7988281250
82119894.5611926317 759902.1909179688
84046561.5339159071 863326.9970703125
81790325.7302268893 724540.2021484375
82423096.4750452340 782499.5302734375
81531810.0366210043 696339.6879882812
81467552.5489768386 688898.7021484375
81548612.6778366864 698770.2221679688
81742686.0763700455 720435.2377929688
82432009.7984139025 785210.9379882812
93640371.7074227929 920239.3154296875
80809631.4801249057 575050.2800292969
81766263.1004502028 724512.3613281250
80689686.6117286235 545580.7919921875
81893512.9731646031 735800.5532226562
82229649.1353409141 770514.4790039062
81655624.4494656622 710625.1635742188
83241384.9756702036 835362.5429687500
80852766.6429099143 586144.9011230469
97714394.6949057877 931396.3955078125
82810656.4593816847 809141.5273437500
83603174.7138849646 849637.4355468750
81505792.8940766305 692817.9375000000
82725005.4921122193 805325.3305664062
97445176.5390913486 930888.2080078125
83120819.8074736148 832138.8115234375
80727101.6939856708 553861.2421875000
81179735.7744816840 646093.0644531250
82031097.1308986247 748193.9609375000
80618383.6315858811 518785.9477539062
82609307.7989985198 796284.1108398438
83667225.0546354651 849846.0527343750
81395154.2430921048 678930.7397460938
82071056.7565348595 752096.5375976562
83538860.3031319231 846898.9101562500
81697570.3663970828 714231.5957031250
82879902.7697351575 816228.1406250000
82992239.5641597658 823017.7822265625
97799382.4981643111 931497.9521484375
81126437.6653416753 637651.3852539062
84676064.4060088843 878173.1914062500
81812742.3009143472 729224.3999023438
81603523.0909142643 705258.5112304688
81615306.5207404494 706211.6220703125
81245778.7134337723 657296.1342773438
81032212.8617629111 620847.5488281250
81743495.9905608743 720450.1098632812
82484088.4543737471 788943.2485351562
84133657.2045976073 864033.2363281250
80844792.2149022520 584033.9851074219
82812168.7594499439 809250.5224609375
83471126.2928467095 839921.2919921875
81612918.8132795691 705855.2832031250
82480727.5556846708 787191.1010742188
85019399.0578752756 885362.1611328125
83235460.0880344659 833327.6054687500
82813349.6032726914 809625.4375000000
81294503.9365779757 665738.8823242188
82596425.2487983555 796232.3208007812
82283826.3260002136 772763.6254882812
81188315.4328445047 647681.8081054688
82061154.2089311182 750980.3330078125
81424886.9339966625 683482.1777343750
81067345.9351367503 626864.4287109375
81720337.4762863964 718293.8471679688
82355508.2110598981 779850.2387695312
81146410.5370752215 640414.8540039062
81032366.5377924293 622457.0488281250
80981233.2793470472 612498.3540039062
81488211.0368786156 690694.7963867188
81802817.3534624875 726583.3686523438
81100731.7950215489 633938.8168945312
81401420.2057545632 679231.9438476562
81192896.2836973369 649669.4472656250
81169239.7386846244 646027.8237304688
82721180.9600013345 801623.9150390625
81239479.7641221285 655373.9760742188
81240289.6783129573 657039.5131835938
81146799.5911205560 641722.5991210938
82751322.5264213085 807107.1113281250
81167190.4133772403 645956.8789062500
81067917.2483719289 628014.4213867188
82116825.0850385427 757226.0229492188
83415696.5284462273 839766.3740234375
82219571.9688073993 766104.2358398438
81190564.1346293539 649004.2016601562
80632133.1393896490 520279.3769531250
81682236.8101419955 713348.8388671875
82282161.0226389766 771817.2133789062
81194945.6090047508 649740.3920898438
81126871.2587953955 638474.5322265625
81135409.0409452915 640300.8818359375
81197684.5131584704 651115.1176757812
81822501.8465868980 729427.8447265625
81223390.3834785670 654827.6860351562
81088560.3965695202 630955.8251953125
81119559.7102567703 637474.1333007812
80830172.9767893106 580352.4963378906
81048746.4558937103 624833.5478515625
81077191.2303675413 628933.0859375000
81040187.2897705436 622958.4648437500
84414440.0143534094 870248.9433593750
82417823.0379422158 781856.6352539062
81314248.2830121368 669594.9799804688
81326463.1061182916 671202.9023437500
84480047.5463587642 870580.6181640625
81362342.4832874537 676046.3750000000
81181021.9035893381 646286.6386718750
85131164.5963494480 892703.0234375000
81250049.2239855081 659198.7294921875
81048725.0719204694 624784.8144531250
81683046.7243328542 713873.5708007812
81412857.3570594341 682602.2192382812
81699638.5460586399 714299.2607421875
81280417.5852728188 663617.7314453125
81339954.1533322334 673307.5483398438
81057284.2380436063 626659.8974609375
84562775.0472472608 872740.1796875000
89356356.1394374073 908120.2099609375
81306123.4555929154 667330.2998046875
81275755.0943056196 662911.2978515625
80718294.3382171094 552312.7846679688
81972518.8291906118 744778.2880859375
80645846.5868147314 528884.3691406250
80705881.2211742848 548167.0756835938
83855320.2939387411 854126.1181640625
85440699.1249965876 896659.0712890625
82197090.4511836171 764726.3359375000
82099675.1392555386 756340.9980468750
80637860.9132101536 526646.6418457031
80958793.1317829490 607855.1289062500
83364535.5016616583 837871.9296875000
90578296.7578957528 914481.7402343750
82082273.4033389091 755390.5761718750
90247275.8185787201 912244.7148437500
80652510.7378733158 533080.8959960938
81946337.1610864103 741644.5732421875
81913448.9108493924 737691.6748046875
81881936.3846079111 733370.0190429688
81719691.5800286978 715424.4428710938
80687089.4710537493 544557.0371093750
81393815.6377978921 678231.7495117188
80710319.9102094471 550201.8686523438
82214492.1871002465 765676.7578125000
84200417.8216001093 865958.5263671875
82322476.1551681459 774732.4350585938
81718206.1444105059 715243.2841796875
85073552.4911050647 886665.2812500000
82407685.3056024164 781017.2397460938
81819130.9994303882 729412.9726562500
85310717.4477683008 894028.8642578125
81836532.7353470325 730363.3945312500
97376273.0805234313 928330.1386718750
81885538.8718459010 734343.8129882812
82201085.4314588755 764939.6669921875
81004101.6542908400 615728.7568359375
81907509.8106602132 737068.5903320312
80973258.8513393998 610387.4379882812
81963562.7017913759 744155.2036132812
82049472.3813710958 750709.6894531250
82008330.5445546508 747498.2011718750
80894526.5236157626 593817.3447265625
82349082.6382787675 775057.3276367188
82007520.6303638220 746779.1611328125
85609158.4148912579 898750.1728515625
80989792.4454702139 614373.4370117188
84623827.4762833863 875203.7089843750
83254995.1097464561 835733.8310546875
83190660.3460129350 832502.0556640625
80903942.4785677046 596408.4531250000
84891110.6903314888 882317.5585937500
89717168.5742172450 911413.6386718750
80887160.6947914958 592749.0795898438
80911916.9065753669 598519.3691406250
85501921.7716483027 897287.1455078125
80946202.2020583302 605144.2060546875
81012660.8204140067 617603.8398437500
80955961.7477308810 607303.4223632812
80861304.4250597954 587789.9809570312
80915202.8883710653 598625.8979492188
80868326.6631634682 589290.1381835938
80821928.9751629680 578338.2026367188
84326588.7166551948 869770.6972656250
80924962.4340436161 600785.1142578125
80851544.8793872446 585630.7646484375
80972947.5430524498 609026.1440429688
81012273.3930020630 616504.6166992188
84711463.7164476961 881172.9140625000
80828951.2132666260 579838.3598632812
80878086.2088360339 591449.3544921875
85127377.2043401003 887532.6455078125
83719908.6055588871 850451.7324218750
84876796.7130116820 882143.8457031250
97058767.3290428668 927839.7880859375
85362268.9792473018 894995.2236328125
83312821.6605512649 837381.2744140625
84789851.1017683744 881447.3291015625
84268524.7318284214 869404.5927734375
83896347.2091600448 857490.4560546875
83769325.2214466631 851796.5683593750
97009658.9839392900 927682.8037109375
95473000.1557108462 923318.9853515625
96685970.0012523979 926252.5722656250
84978520.2942074537 883090.0126953125
96014662.5621608794 924216.9160156250
96232034.3030223846 925245.4375000000
96160063.1422155946 924809.0820312500
93598580.0967490971 916967.4667968750
