81084155.8046954423 631905.5107421875
80623947.3359329104 521223.0000000000
82697824.4126695096 807591.8979492188
81763585.0522468388 721155.7719726562
80609729.8060218692 518875.5395507812
80625234.9184224159 522332.4096679688
80595310.5643183887 515054.1523437500
83357902.9805443436 845197.6191406250
82357047.7860378474 779681.9018554688
82348813.8578314930 778402.1645507812
82353155.0749544799 778866.3549804688
80620004.7862918079 521015.4204101562
99245356.8051058203 932110.6523437500
82160412.1866848469 762567.5688476562
82743304.1472256333 810043.3452148438
80624154.9046338350 521469.2116699219
85128522.2071727067 895114.8476562500
82939645.5980985761 820673.0029296875
85361596.0312915295 896341.0146484375
83053502.5940739363 827710.5839843750
83185882.2491480708 836606.2197265625
83239300.0940662175 837574.7705078125
80652881.2770725787 537220.1804199219
83392454.0823436528 848898.3730468750
81187181.7117146403 647665.4707031250
83285958.7217383832 842966.3339843750
82195515.2609567642 766186.9633789062
90428320.3935423791 909566.2929687500
80627968.8320393562 527884.4206542969
80646927.0903165340 532631.4611816406
93478547.6108620614 915593.1884765625
80687984.3513444811 549430.6584472656
80663071.9063112587 540094.8986816406
80687344.6477503181 545192.5876464844
80702403.5930479616 553252.0456542969
83038324.4830320179 826841.0346679688
82260468.8216537386 771265.1372070312
93268254.9513275027 915335.5253906250
82602242.0579056293 800498.9467773438
80698869.1761678606 552459.0871582031
80673956.7311346382 543123.3273925781
94435785.1379085183 916464.7646484375
83353561.7634213865 845009.5517578125
80606195.3891417682 516983.3964843750
82906642.4443760216 817978.5512695312
81819989.6117258221 727304.0576171875
81758051.6384849846 720931.3652343750
99026113.0688703209 931732.8369140625
85399642.7856345177 897437.7089843750
83263483.1168761700 839215.4169921875
82914036.1900689602 819744.2329101562
82606583.2750285417 800962.4155273438
82008120.4002147466 748490.1010742188
81894992.5404714346 734948.7690429688
84110322.5239641219 873062.1972656250
84892522.7266894728 887773.9853515625
82846932.0023099780 814120.5537109375
91578695.4828232974 912359.9228515625
81624523.4373642057 706448.5493164062
82641686.3493004888 803767.3706054688
82264810.0387767106 771729.3276367188
81551387.2999576926 697608.1665039062
80848665.4617232829 588799.0097656250
81864140.8055850714 732579.5981445312
81106604.2114427388 634943.3647460938
81526738.0228240043 693789.1381835938
80906453.0445681661 601259.6752929688
80829779.6155924052 585004.4091796875
80887679.8449430615 595559.2333984375
82068174.4394237101 754551.0678710938
96545651.5060999095 924813.0009765625
80967013.1203955412 611741.2817382812
80903272.3327763379 598512.5371093750
82051673.4836406112 750790.2368164062
81847372.7903540432 730491.5317382812
80938443.2808773816 605970.8242187500
82124535.8152942955 758929.6909179688
83550747.6736107320 856394.4443359375
81974021.8772242367 744925.7319335938
98570413.0764867514 931518.3291015625
98320759.3535788208 931048.4677734375
80997012.9735662639 617700.7514648438
81298013.3404534310 664579.0727539062
81931233.5374372005 740533.6640625000
82626753.5375197232 801756.5512695312
82120019.9293715209 755348.3012695312
81654633.9742504507 710082.1948242188
85330978.3994225711 895661.8105468750
98754854.0857509077 931552.1083984375
80873583.1619744748 593564.3359375000
80860567.7419825196 590466.2167968750
96585302.7658434510 925994.0146484375
82040121.2322561592 749593.9311523438
84678624.9409490377 881319.7050781250
80989405.4659679085 616764.2827148438
80989284.6190254539 615404.1694335938
80975187.9360568672 613409.2719726562
80663766.1018959582 540248.6091308594
81349639.9655961394 671540.5605468750
81365338.2881024480 673130.5161132812
81472880.7124741077 687372.0058593750
80615465.7697181106 520089.7670898438
85036490.1434758306 892327.3613281250
83477684.6110858470 852145.7783203125
81512385.7428545803 692679.1772460938
81496687.4203483611 691089.2216796875
81660167.3880123496 710306.6015625000
82860194.6053660810 815530.8730468750
81683974.0958865732 714287.7670898438
85083990.5766111314 894185.2236328125
81800389.5109661818 726162.6342773438
81082101.9697774351 631682.5288085938
81566266.7627705038 698944.6782226562
81180852.4695223719 646836.9912109375
98352035.9816018492 931152.8447265625
81327353.4620895535 668784.6450195312
81286692.0212897658 662119.7529296875
81254713.8322678506 657815.9912109375
83248538.9460632056 838108.9619140625
81325833.2577219158 667823.3447265625
82957989.6520827115 823138.0859375000
80794459.8112005293 575640.2807617188
95237127.1895491183 920170.9501953125
82755550.6875364333 811562.4965820312
98805455.6291332692 931577.3603515625
80803008.6267651021 577279.5273437500
81164121.2495393753 645061.4570312500
80638853.6568627357 530912.8493652344
83015214.1864767224 823845.1660156250
84907766.1653569937 888260.8281250000
81649346.4907908589 708241.9003906250
81924332.6621075422 739154.3413085938
80947163.9282084554 608262.4423828125
81759482.9159743339 721141.1015625000
83155127.3693456501 832307.6425781250
82953243.3629565388 822413.0703125000
81670028.0129524767 711308.9252929688
84090704.4900820404 871363.2744140625
81701847.1765222549 716551.8041992188
81750217.8139393330 720828.6201171875
81726307.1277861446 716980.3041992188
80809531.4295778424 577902.1972656250
80677575.4990459979 544280.6330566406
81170960.5851810575 645406.5815429688
81717042.0257511139 716667.8227539062
80961260.6111770570 610257.3398437500
82277693.9847225398 771903.3286132812
80587035.2202475369 500170.0371093750
84664627.6809711903 879448.1962890625
80904148.6550457925 599280.6162109375
81672686.1845189184 712243.4379882812
85417803.2291580886 897476.5039062500
83998533.0288152099 868052.6699218750
81177190.0063465089 645621.4174804688
82000427.9780285358 745134.2895507812
84024546.8544372767 868187.2695312500
84211671.1050456762 878562.3369140625
81133430.6430069208 640087.6674804688
81157841.5900785178 643459.8984375000
82028328.3779871464 748825.7465820312
81917105.3401224911 738631.2612304688
81457709.5728113353 685197.9111328125
81185057.2681496292 647401.4790039062
81532486.5971857309 694365.7714843750
81729790.5815917850 719709.2763671875
82319746.8660238832 775933.5629882812
81120821.7413537800 638298.3754882812
81147153.8773068041 641689.3657226562
81413839.0246227682 678760.7119140625
81039746.4281493872 624378.8374023438
81052761.8481413275 627476.9565429688
81106725.0583851933 636303.4780273438
84706522.9486786425 885333.3955078125
80643392.6734364331 531838.5026855469
81770899.3361009955 723895.6450195312
81010028.3935582191 620798.8706054688
83536675.6124228239 853948.0390625000
81633086.4875130951 707216.0444335938
81092507.5284741372 632948.4672851562
98370120.9299474210 931229.9736328125
81606201.9060327262 703965.0844726562
80974886.3092464805 611972.3491210938
83455110.7792587876 850401.1152343750
83926015.9742692262 866121.0742187500
81191941.1668078750 648658.0527343750
83869807.1828898042 860749.5449218750
82409947.6756755859 783848.0825195312
82354849.9402957410 779552.5698242188
83513735.9414722919 852239.6972656250
83792915.2471353114 858780.2119140625
84047427.4129296094 869794.7246093750
82666410.9358453304 804475.8833007812
82480937.3188368082 790077.0493164062
82283860.2971345335 773323.9907226562
81161250.5602754056 643684.2631835938
81079550.4797480851 629415.1059570312
84061644.9428406358 871221.4746093750
80862762.1446918845 590793.9072265625
82248757.2228625864 769704.5961914062
81316032.1429258883 666325.3251953125
80870490.4992326945 592007.1762695312
97914380.8793883324 930778.7197265625
90347174.2829643935 905603.0419921875
82530229.7657695413 793425.2709960938
81540099.3885900229 695563.8374023438
81422451.5646742433 679624.0849609375
80708139.5567442328 555565.4577636719
80652663.0540127754 534944.8732910156
80721807.6681903154 556425.6293945312
81580959.6776405275 701623.0473632812
80681762.2925999612 544753.4057617188
81404222.3156244904 677450.8247070312
95421082.2508881539 923550.6083984375
81957058.2135891020 741688.7192382812
95796241.8120325953 923865.7158203125
80758088.3610783070 568537.9702148438
83789295.1020721644 857040.1445312500
81821754.0144940317 727640.1645507812
97388677.5181427598 930554.2607421875
83242920.6616479903 837764.5957031250
97188285.1589063257 928399.1025390625
80754659.8345431536 566823.6298828125
80743669.1193748266 564716.5830078125
82003086.1495949030 746429.3989257812
82899730.2232191414 817738.0708007812
82185456.2374614030 763886.8276367188
83088872.3315279335 829313.6601562500
81796772.3703975379 725356.5839843750
81144251.1148111820 641508.4252929688
81031403.9320976734 623785.9384765625
81045500.6150662601 625780.8359375000
90397510.3669132441 907123.5244140625
95315215.4798277915 920481.0986328125
95055298.0128796846 919084.9599609375
97381735.3142632842 930185.4638671875
97234612.1960973740 929472.1630859375
80821230.8000278622 581879.5034179688
97647423.4128837585 930664.9697265625
80811308.0427777022 579883.0239257812
80685761.0581761450 545015.5310058594
80767347.7082399875 570547.2641601562
83913124.5340668857 862557.8271484375
80941925.2660762072 606654.7739257812
82156519.4756014496 761688.0952148438
80727735.4157293886 560175.4506835938
80795434.7466092557 575907.2998046875
81485399.5089806616 689044.8925781250
80780363.1282319427 573645.3833007812
80737504.5644336492 561139.1110839844
82120566.1252483130 756842.2475585938
81375261.3354080021 673982.5854492188
80752928.4665365070 566725.8769531250
81245087.9963182211 656580.8408203125
81182140.0520118475 647160.0332031250
80794174.1398041695 574538.9243164062
81394678.4097385406 677336.0883789062
80927828.5831076205 604659.8764648438
81254457.0766322166 656749.5742187500
81169295.6682747602 645217.1196289062
82576773.6555033922 796107.4780273438
82317141.6024147719 775333.3188476562
82398672.0038622171 782817.6918945312
82430330.5918895453 784434.3227539062
81378980.0872322619 675746.1328125000
81388349.1675462574 675914.8662109375
82369735.2420022786 780618.9594726562
81221281.2884439975 652863.6250000000
83106019.0357249081 830140.6240234375
81260786.3188244998 658170.7963867188
81241244.3606980890 654826.9458007812
83146923.7559497356 831141.9765625000
82335156.5088219196 777370.6489257812
81355173.3793580383 672028.9169921875
82444766.6227474809 784967.2700195312
82298745.5988410562 774396.3041992188
82491039.9810710996 791041.1069335938
80939149.9022712708 606092.9091796875
82540773.8503531218 794303.0297851562
82394330.7867392749 782351.6997070312
82246471.7042746395 767126.0629882812
82365394.0248793215 780152.9672851562
82895389.0060961992 817550.0034179688
80731922.2092833072 560397.3017578125
94754955.3031679243 917714.3691406250
80859526.2496162653 589506.2500000000
81884439.4439127296 733257.0664062500
82912535.7102931589 818376.9672851562
80739830.9320603013 561453.6425781250
84890496.4329482168 885786.2978515625
90436752.6808350086 910423.6572265625
91559118.0302427411 911384.6601562500
90186825.6413058937 904731.3281250000
80914813.1631156653 601561.7573242188
89908111.4753151685 904727.6708984375
81212878.0883509964 649418.7866210938
89642204.6253188699 902169.2119140625
96827064.7485888004 926898.8623046875
90943525.2261311412 911136.6484375000
89833580.1327885091 903920.1552734375
85955829.4789457917 897801.6962890625
