29996549.5928934105 612468.0029296875
29767823.5220939144 586860.2192382812
29546550.9567765631 542576.4270420074
29926870.1042664833 603825.1884155273
29644237.3565308973 566303.1091507673
29863810.7811296619 597880.0983886719
29511483.2967806570 517730.4831553102
30142311.1912242100 622372.2048339844
29817601.7496632971 590281.2922363281
30762492.2493578009 654305.7468261719
30243255.6716786325 627674.1806640625
30431854.0158284567 638410.1618652344
29645953.2424842305 569430.3756818771
29755896.1383408532 586350.1711425781
29592493.5089882910 557595.9796905518
29566219.1971146353 549667.3039989471
30037162.1078540944 613749.7425842285
29668385.6065697521 573205.6631469727
29663257.3332383186 571888.1032104492
30433331.2452215627 638429.3806152344
30091292.0391794480 619648.0107421875
30794573.0730439648 655057.1435546875
29515000.3620537855 519977.2871833146
29667554.1006008387 572879.2633972168
30737985.5378474519 650498.2802734375
30958119.1503774971 662595.0463867188
30058249.0300187916 615972.9290771484
29590420.1184022725 557379.4323929548
30556770.0204161145 641180.5737304688
30104125.5922549143 620308.5708007812
29506805.6362868920 516400.3943629861
29608570.8463526294 558065.3027572632
30397030.7108691968 634839.5194091797
30460275.1267838627 639373.6882324219
29733052.9303522892 584735.6297607422
30727819.3518879749 650340.5505371094
29662482.5103925355 571363.8752288818
29782752.5476437323 589356.8355712891
30058533.4733627997 617152.7781982422
30268041.3008748293 630212.9519042969
29824934.0157967359 592447.6408691406
30629544.9733143970 647301.3105468750
29657562.9745398685 569574.8987169266
29796203.4641838856 589851.5623779297
29660796.1558213159 570842.3675384521
30415400.6517579779 638000.4133300781
30040073.3312302120 614539.4206542969
29728677.7567451857 577162.2449264526
29521887.2272287421 526297.3069660664
30262390.5624196380 629769.2592773438
30284742.0607217029 630730.4245605469
30072180.3523027375 618899.8059082031
29505561.6446163878 515334.5908015370
29965602.6056400500 609228.2614746094
30644826.7921225689 648034.4667968750
29842009.8775908835 596021.7155761719
30589346.1041615792 646549.9138183594
30293569.7871642560 631067.6701660156
29991140.4661007635 610706.6420898438
29786049.0793545246 589485.3685302734
29843584.9875492454 597270.6325683594
30392345.3668969609 634537.4320068359
30210829.4990481213 625613.7552490234
30043369.8629410081 614649.5955810547
29848787.9587428868 597506.7125244141
30732798.8107131012 650432.9147949219
30417897.5648999549 638099.5610351562
30224214.8985926732 626541.2525634766
30243362.4519130625 627976.2819824219
30100581.6647677161 619906.5411376953
29532641.4107196629 529845.3089346886
30914734.7995428331 659427.1362304688
30705576.3848183751 649111.0644531250
30741588.6543466114 650873.5629882812
30522707.2248821817 640764.1269531250
29528236.8860931993 527932.4334644079
30406823.7198261656 637647.8264160156
30455501.3656799644 639212.6350097656
30575576.8017029390 645937.1259765625
30485303.0731268711 639677.9848632812
30819237.8383670114 655715.4042968750
29509157.5115229972 517549.8845120668
30399781.8469920047 635559.3231201172
30771282.0929913111 654839.2133789062
29870518.3892220557 598820.8999023438
30226732.1991294287 626807.8594970703
30807239.2153431624 655418.8208007812
29726445.2404306419 576898.8829345703
30632910.8070150763 647626.3769531250
30391488.5555409640 633729.5129394531
30640712.7503425106 647701.4069824219
30758555.9435475841 651701.3847656250
30210409.3780672289 624219.4877929688
30510687.4659803510 640525.1813964844
30364660.1007010974 632479.3642578125
30766508.3318874128 654678.1601562500
30586697.2946468629 646120.9465332031
30186725.7287738807 623764.0119628906
30118128.2753741108 620612.9045410156
30119811.1718690768 620734.1245117188
30896516.4474419393 656682.7221679688
30568578.7203475535 642253.6992187500
30299562.8810417280 631335.5842285156
30822648.7391722426 655990.7065429688
30529185.1932326443 640777.3925781250
30566783.0172484890 642001.0917968750
29588840.0894249082 554364.1806411743
30625303.2265134305 647129.5212402344
30272541.4530447461 630355.8054199219
30389763.8589354455 633686.7902832031
30122138.1499536224 620782.1113281250
29731260.4981407188 580738.3746566772
29520003.1429669149 525791.5508187413
29611137.4916992188 560415.8034586906
30232152.7618498281 627270.0235595703
30241442.3874380961 627617.0986328125
30940073.8796712197 659999.2338867188
30405774.9408694729 635787.4008789062
29630526.5498118103 561309.4249114990
30087320.0380759276 619538.2609863281
30760797.5672395341 654226.4255371094
29911485.7917469889 601509.8391113281
30238145.8557273000 627498.1013183594
30155204.1486069821 622641.3796386719
30928835.6781003885 659968.1840820312
30351649.0759074166 632094.2736816406
30256978.1707379073 628596.7829589844
30088289.5917021744 619611.4921875000
29703859.0359052420 575601.8813629150
30118841.6182428263 620660.8933105469
29820329.1750807762 591787.6607055664
29602336.1035097726 557949.5979392529
29832586.4000935890 595949.3792724609
29573518.6669986136 551194.8912067413
29579880.3224476352 552147.9932174683
29620909.0323138647 561028.2837181091
30239959.1399678327 627545.6477050781
29782311.9930676334 587500.2856445312
29710415.6253157146 576540.7769775391
30497548.9537281282 640259.4150390625
30260197.7618615888 629281.5720214844
30421393.7456354499 638268.3273925781
30560184.3991918154 641951.3574218750
30240672.4828365482 627593.6364746094
30618397.2549914606 646934.4045410156
29730622.6269125789 578969.9481201172
29933527.5416534208 606486.2189941406
30693577.7617945261 648814.4809570312
30241642.0364627987 627666.8676757812
30746899.6892706566 651678.8845214844
30542928.5317841172 640937.4301757812
30351290.8666752763 631930.0051269531
29539200.2126433328 530414.9703171747
30229214.5882516950 626982.3592529297
30596841.9822598360 646842.0715332031
29527800.4219830558 527855.6074183583
30661977.9308994077 648606.3525390625
30571574.2094629072 643392.1920166016
29928768.6348909587 604661.0026855469
29883193.3668572158 600983.7041015625
29981843.1099799015 610351.1621093750
30368587.0842413194 632793.7094726562
29961356.7533060685 609071.5556640625
29584477.4485160224 554075.1399955750
29543095.9960805774 538183.3155317307
30359981.6449370421 632425.2021484375
29818779.1520748064 591303.0813598633
30334039.6537461951 631890.6430664062
29876310.7626262940 599654.8127441406
30412398.2042807117 637816.5927734375
30235648.9425853342 627438.7899169922
29905653.1811194569 601099.4995117188
29506107.3349617273 515577.0022406578
29930132.4595329352 605575.8095703125
30365974.7388145141 632693.1162109375
29631220.0389312357 563291.7123369575
30369271.2705253102 632834.9506835938
29519165.9258367121 523880.3839263916
29835824.2660357803 595952.4942626953
29830325.1952972561 595181.3680419922
29846881.5192600414 597399.1655273438
29706801.9930966906 575958.3893966675
29518452.4352608807 523835.1833882332
29522861.2758294232 526413.6820735931
29539540.3468238153 535325.1445061862
30439374.1494854875 639173.2729492188
29914782.3234577850 601638.3720703125
30102330.7050153129 619919.3398437500
29551061.0882726647 548845.6385247707
29701058.2129047923 574732.9951095581
29620124.0753543451 560820.0543022156
30727540.4682009146 649150.1210937500
30165579.8421177380 622644.6005859375
30105281.4659623355 620374.8466796875
30103598.5694673695 620253.6267089844
30285033.1751349866 630976.3063964844
30030231.8093245812 612479.9759521484
30123602.2058085315 621760.8947753906
29545567.3124729954 539039.3414605779
30060353.0687061064 618621.8801269531
29943088.4020496868 607710.1882324219
30356979.1974597722 632241.3815917969
30330396.1246045157 631355.8996582031
30168530.6030647606 623100.1074218750
30276037.6337802485 630524.5717773438
30177526.1444195025 623551.8420410156
30464486.2281752601 639665.8459472656
29988138.0186234973 610670.1235351562
29542221.4874598868 537314.6156987473
29642679.7093117945 563537.1911163330
29630847.9417199045 561758.2984199524
29696368.1422194690 573907.4425811768
30167030.6938565746 623066.9287109375
29507911.6092460006 516740.2269721031
30381964.8928084299 633326.2797851562
29531386.7243048921 528584.1754512787
30246858.6326485649 628145.0483398438
29638367.6713765264 563357.4065093994
