29914625.7186835147 591390.2757873535
30101764.0062410347 606882.5278930664
30076072.6414482482 604402.2190856934
31098383.1851655319 662595.0463867188
30399253.0932357833 629676.4726562500
30860977.3099340498 654305.7468261719
30527623.8053521663 637957.6057128906
30089034.2905352898 605991.6887817383
30324567.7575640157 625836.7322998047
30658474.5171007104 644634.2023925781
29878106.7347402982 583064.1742248535
30633838.4835293628 642262.9187011719
30826567.5440604165 650697.7612304688
30370633.3748141564 628595.6467285156
30669278.3021172658 645494.4245605469
30673495.3764312714 646399.3701171875
30230081.3771782666 619277.4199218750
30281931.5500195473 622233.2883300781
30603632.3672018424 640916.2055664062
30559235.8359238878 640217.0935058594
30361185.7136273682 628441.0581054688
30938729.7573987022 655556.5869140625
29940289.7464209870 594578.9687500000
30404388.5618972294 630188.5092773438
30703827.0358061269 647195.6003417969
30507597.0205299705 637457.9768066406
30117498.6752691083 607780.0284423828
30415935.1697555967 630275.5290527344
30651818.8873793893 643167.8642578125
30037019.8322677575 599076.9202880859
30889407.8558813334 655210.6923828125
29785015.6507039405 560620.6673889160
30332595.9078072235 627519.0473632812
30532804.2186612785 638469.6423339844
30442591.3990135528 632220.1281738281
29980007.1659637764 595631.2578430176
30652395.5836989358 644277.1625976562
30530487.3047847152 638343.6105957031
30306046.2534055971 623886.2575683594
30101538.1308355778 606020.3231201172
30758652.3505319506 648784.1550292969
30168357.8497621119 611402.2943115234
30269523.8628529944 621258.6103515625
30245313.5939561985 619628.9625244141
31054329.7380431443 659713.3276367188
30631039.8362117782 641607.9294433594
29895067.5414687768 584459.1432647705
30188608.5334314518 611739.2292480469
29806562.8470324017 572670.8548889160
30193565.3976160437 614539.8366699219
30464579.8615707420 636682.6855468750
29859483.5407853350 582962.4925079346
30250029.9279197231 620565.9324951172
30750287.6971608475 648028.2446289062
29784004.9350605272 558807.1894836426
29804771.4904581383 571393.5328674316
29887102.5024696030 584067.4210662842
30052156.5162004195 602562.2671813965
30974172.2975052074 655682.6186523438
30707796.4186180606 647267.2873535156
30461783.1897020824 632441.7165527344
30023834.8173929825 597790.2802734375
30441142.3678869084 631287.1945800781
30710113.3324946240 647393.3190917969
30459466.2758255191 632347.2346191406
30029207.1570486799 598781.8230895996
30420243.4142858423 631024.3920898438
30019449.6516384929 597503.5773010254
30216070.0061492957 617886.0726318359
30116810.4072518945 607151.3817138672
30154831.5696926191 609744.1385498047
30120909.4259962849 608174.4916992188
30979520.1072243638 657073.4545898438
30279614.6361429915 622138.8063964844
30208663.6992181614 615074.4156494141
30159023.8252081908 610166.3553466797
30209547.3855650648 617608.4282226562
30387190.6423091702 629307.6782226562
30082251.3711136058 604597.0201416016
30421648.4329536371 631161.0937500000
30029054.7932685837 598699.5748291016
30134899.5246404409 609165.0614013672
30114873.1309340000 606913.0568847656
30128376.9040562063 608887.4169921875
30126556.9162083492 608444.7900390625
30011328.5045549646 595915.5247192383
29994705.0645920262 595747.1127929688
30015027.5140683241 596825.2332458496
30057031.3800348155 603006.0146484375
30167302.8422982432 610867.0981445312
29858982.0781314746 572977.5740509033
