44123191.4085457474 47855.8728446960
44124377.6792186797 48624.8821001649
43992747.0281216800 43253.1461857855
43981744.9330407232 42367.4016031623
44000964.3638962731 43361.7826474309
44018342.3343101591 45004.5686340630
43963141.3507265002 41357.0008033812
43960927.8798978999 41270.6069540381
43985122.9906054586 42370.4522700012
43973906.1698395982 42166.6553996205
44144234.7484824285 48737.9893102050
43967776.9438950121 41455.1862374246
43972560.4677319303 41483.8385077897
43976558.4516018555 42347.3200840354
43957265.5578568131 41248.0143824104
44663692.5011277571 52564.9456319809
43952424.4994258285 40377.9111071113
44030384.7259702086 45811.7899486423
44010708.0800102949 44915.8736053407
44132765.2549653500 48728.5194729567
44378094.5654320493 51607.0839162469
43957948.8051320538 41254.3430236462
43996196.3529762626 43302.3557372689
44398681.7880753279 52382.2311857343
43955735.1903203577 40481.2463884834
44099202.7478654459 47828.8399113417
43993439.0751059353 43262.4272397161
43961909.4115425572 41337.3375993967
44029213.3307709917 45086.2759781182
44008495.4271325096 44899.8432900608
43951706.8425727636 40342.5701670349
44003773.6440264285 43986.7411223948
44008504.8056362569 44900.3606968820
43975171.5969018117 42337.9133145213
44901048.7356296331 53452.2937040329
44177797.2555823326 49637.6688718200
44006241.6686103940 44058.0899574757
44052327.5693050176 46737.2762995958
44033366.9511362538 45881.6904222667
44221076.0514543653 50472.0009120107
50310283.8636811674 57738.1174011230
44025326.1620677114 45051.1088743210
44015890.0222732350 44983.1087469161
43966700.3370290399 41383.9997878075
44269308.9253261983 51313.9144907594
44262133.6495351940 50575.7853563428
44315985.2791687995 51386.4859461784
44036836.2245862707 45895.8651781082
44379658.7299503684 52329.6285005212
43988390.6293498278 42464.3908960819
44098781.0272236392 47816.3742141724
44006245.5322818011 44086.8203599155
43979211.1387783140 42347.5942423344
44071677.0465443656 46911.4980068207
44506064.3948487118 52481.1940696239
43990502.5876537785 43159.7903131969
44276472.4877230600 51385.1221559644
44084713.8480642289 47803.5062177181
43955443.0094599426 40435.5152598023
44267362.3098847046 50585.5088553821
44752504.1703953370 53142.3244569302
44038631.5299781114 45916.4981994927
43959695.9407139570 41254.7258341908
44013894.6020054370 44969.4015302658
44330019.2604513317 51487.7149217725
44050179.7952842787 45935.8015613854
44022935.8372916728 45009.6116159558
43952123.4884378165 40365.7070904259
44701823.7376103848 52570.1301956177
50920331.2586135566 58537.9633102417
44888178.1178419814 53387.4984893799
44061841.2711926028 46808.3121503592
44233704.2131429687 50474.7376019955
44068693.6478204280 46898.3237495422
44768499.1602424383 53355.0224304199
44186662.0445214808 49649.5530131459
44217280.3500933051 50468.3471373916
44063457.3376850784 46828.4277649224
44056687.2046096474 46807.6941577196
43951956.0851070732 40348.5749827027
44080354.2127595991 47714.6425437927
44127251.8230229244 48626.5721092224
44089867.9146471843 47804.1242103577
44125386.2133765742 48625.9541165829
43950893.2868935391 39434.9242110848
44064872.2465445921 46892.1946449280
44036845.6030900106 45896.3825849295
44734040.7691769525 52819.8046458960
44171000.1869007275 49554.3036622405
44043615.7361654341 45921.5411813855
48378886.0666367114 55686.5570220947
44997654.8299358785 53937.1397819519
44005976.9184004590 43995.9057099521
48104209.5864123553 55164.2844696045
48650082.2947016284 56140.4617156982
47466783.9256821498 54752.4612159729
49080390.2626417503 56536.0471038818
47778432.5485042632 54943.4555282593
49462916.6735350788 56833.5390472412
51167655.6515640542 59369.9020996094
50599957.7417972609 57766.5428619385
44910948.9374099299 53756.8089103699
50235866.4134436101 56883.9087066650
44735350.4135286734 53033.6475086212
46569628.4089141190 53994.6842498779
46652523.2707397789 54364.6171722412
46568719.3949756250 53974.8878393173
46693035.7090697959 54483.2747344971
