81912433.3752069771 1181574.3232421875
81641000.3775519729 1143722.3251953125
84144896.0713779479 1369593.4550781250
89629859.5438400060 1436998.3203125000
82064773.3066124320 1201243.0625000000
83712843.3745213300 1348117.2089843750
81748862.5475440323 1160927.1816406250
87368587.0218692571 1433991.2773437500
87194371.4140245616 1433899.0917968750
84263290.7852518708 1374892.1542968750
84323987.0654972792 1377620.0156250000
85605603.7987928838 1420255.3007812500
85385662.8280572146 1412822.0957031250
81374267.8315988928 1097693.4697265625
84011800.4760296494 1362636.3769531250
84015149.1099901050 1362754.1757812500
81656342.0944549292 1145395.3457031250
84032432.7650740743 1363858.8007812500
84216504.4479057193 1373165.8027343750
82875953.6999697089 1288493.9414062500
81446560.5087664425 1108819.7958984375
84977901.4266705513 1401816.1074218750
81661690.6381468475 1145543.6562500000
82020998.9847211987 1195554.4091796875
82951076.2444457859 1294844.2558593750
82693592.5596236438 1270658.9375000000
84994899.0841723084 1402011.9589843750
84403834.2980756611 1381999.1269531250
85004388.6065557301 1402093.3554687500
82758344.7118776292 1279240.4765625000
81523932.7143881470 1123367.5625000000
82865744.6878451258 1286307.4355468750
82942294.1944219172 1292523.1093750000
81096844.7001463473 1034681.9941406250
82960074.3648156077 1295016.1562500000
82042889.6745316982 1200224.3339843750
84903797.3531363904 1398984.0605468750
87372932.1065414697 1434100.0371093750
81438940.2713132203 1108679.6904296875
82644093.7215589285 1266586.7929687500
83045817.0022925735 1302149.3496093750
81223530.0507330447 1072323.5537109375
82590515.5898195803 1260418.7968750000
82747170.6913630068 1276826.9335937500
81433591.7276213020 1108465.0126953125
81127011.5658314973 1048616.5058593750
84283586.3109307736 1376462.5937500000
83125902.1928127706 1309511.7031250000
81332835.6172131300 1090733.4550781250
83313699.7633662671 1326335.3808593750
83395851.3720210642 1331035.3750000000
83419785.9143252820 1331062.6777343750
84826435.0356294364 1397005.5839843750
84629110.5154092908 1389778.8593750000
82141641.3877585828 1206799.4804687500
83300983.7270523012 1324875.2617187500
84637680.3293420225 1390155.8105468750
81205989.1250119358 1053455.5371093750
81393933.8833265305 1103542.7460937500
81615172.1979731172 1139982.6806640625
81353392.7698453069 1091984.5625000000
82033936.4298615158 1196840.3378906250
84009825.1311961263 1362335.6445312500
81428438.1594802737 1106772.4443359375
84464771.3192746043 1384282.9824218750
84975835.2242755592 1401358.9062500000
84390185.6103983670 1380609.0703125000
86321190.4510629773 1429141.8730468750
81214243.5339910984 1056506.1455078125
82322929.5726036131 1230228.7031250000
81603641.5347677171 1137320.8681640625
84515127.9661207348 1384313.8984375000
86534492.0104923546 1429632.4511718750
82050962.2950402051 1201217.0117187500
82153228.5055194348 1210135.2558593750
86683432.5702955723 1430999.1250000000
84444475.7935956866 1382712.5429687500
81262810.8516249061 1077187.0048828125
83734848.6398533136 1348506.9882812500
84807848.8640765101 1395063.8789062500
81472540.3506857306 1116243.1386718750
83439271.5201274306 1332591.9433593750
81423943.0927468836 1106127.7324218750
86390499.8045925498 1429337.5195312500
83078389.3692152947 1304696.5605468750
81501662.9453559220 1120441.9785156250
84338326.7970494032 1377991.2949218750
83494069.3239239305 1334419.7519531250
83011778.6060843766 1299217.9785156250
91537552.1606063843 1437459.5058593750
82021310.3975596279 1195947.2763671875
87416724.8041477501 1434124.0351562500
86371867.6116438359 1429245.3339843750
81486454.3364156336 1119140.9492187500
82357330.1639097631 1234437.8417968750
87902056.5072424114 1435062.2714843750
83511409.6659468114 1338905.9941406250
81583243.5145338774 1134286.7900390625
81349122.6922079921 1091588.3437500000
87722395.0524998903 1434902.6660156250
81253875.7820641994 1076820.0703125000
86575145.7790957987 1430975.1269531250
82979206.2391616404 1296670.7675781250
84062744.4627231658 1364903.5019531250
81342304.2538079023 1090909.8369140625
85679148.4071902037 1420360.3984375000
82408797.3633798659 1242202.9687500000
87539340.0734661818 1434769.9082031250
88064117.8153875321 1435170.7070312500
86108702.7690252066 1427474.9023437500
84538189.6562655270 1387212.5742187500
84569729.4624759555 1387421.6484375000
86122050.2912132591 1427481.9140625000
86537458.6185349375 1430774.1816406250
85815934.9901435822 1425058.8808593750
82001140.8833238930 1195213.6113281250
86893588.5944130719 1431509.5800781250
81719184.4694998264 1154602.1845703125
83447809.3022773117 1333567.7773437500
81738868.7841448188 1154878.0849609375
83153684.8231262118 1313061.2265625000
86979516.2348651141 1431745.8457031250
86005462.5087375790 1427054.4355468750
86986988.1716699749 1432497.2207031250
86163681.4666297734 1428226.0253906250
83297967.0073708296 1322094.2187500000
86704625.8813335150 1431009.2089843750
83241298.2428340763 1321376.9199218750
83100800.4867734611 1308094.2519531250
83093253.4077145159 1306743.0312500000
83019034.3231197447 1301264.4492187500
87989973.1502957046 1435073.9355468750
81363238.4920795560 1094750.4150390625
83564229.1674182117 1340544.6816406250
82833209.8651044965 1284888.7871093750
86124243.1970937699 1428035.0644531250
84075591.7155758142 1365948.6621093750
83131881.4410671145 1311616.6347656250
83701938.6100255996 1345642.2910156250
86037002.3149479777 1427273.9570312500
83198492.2041980475 1317095.2167968750
82656692.6217258424 1267460.3320312500
82702896.0718640387 1272302.7851562500
81291951.1686762571 1087091.4560546875
83012583.7659627497 1300705.4707031250
83194002.2084366083 1315898.3378906250
83991217.3074446470 1361223.5019531250
83950816.5528781265 1360066.0800781250
83621647.4577808529 1343052.2480468750
85782844.6531033814 1423663.8730468750
83705437.1518031508 1346546.6816406250
82911612.0433434248 1290927.7109375000
81770480.3910576254 1162456.2177734375
82821871.3149898797 1283277.0156250000
82888482.0781207979 1288755.5976562500
81467187.4704074264 1113773.1240234375
83057021.7889385223 1304539.0019531250
81408499.7922491878 1103922.6494140625
82735806.8762153238 1273809.7304687500
81717527.4443172663 1154391.5126953125
81558669.9197717458 1129784.0419921875
81598704.5367894769 1136988.6015625000
81810047.8974063694 1169023.3457031250
85812018.8577201217 1424871.9980468750
81672179.1723889410 1150370.9384765625
86530654.1544506401 1429599.1503906250
85699023.5093388408 1423652.6328125000
85682025.8518371135 1423456.7812500000
91361346.6183397919 1437310.5976562500
85957614.3751060367 1426556.4121093750
81538112.7671395540 1128334.7021484375
85940616.7176042944 1426350.1132812500
83688266.5757548660 1345588.0917968750
85792923.7650574893 1423895.4531250000
81978156.0859142244 1192447.1220703125
81824405.3660198897 1171730.5898437500
84712716.3411395550 1393233.8203125000
82680903.3054107428 1268585.0351562500
83079194.5290936679 1306184.0527343750
88985651.0673254281 1436502.8437500000
82098258.9208969772 1204871.2236328125
81514223.3162498325 1120689.3378906250
85506997.8767503500 1417417.8164062500
81511069.8594055623 1120445.9677734375
81411168.1888143569 1105945.1142578125
81374398.9213240892 1098619.8173828125
83790649.9862034023 1351294.8437500000
84657975.8550209403 1391726.2500000000
85445356.6390894204 1416429.2734375000
83015797.3412912637 1300707.9746093750
82731368.7587842792 1273328.2031250000
81584231.2073566765 1134641.5478515625
85284400.7256649286 1411537.3535156250
83786993.7198374569 1351272.8183593750
81935613.4096625000 1184963.2626953125
81461571.7966874093 1112106.0029296875
83153639.5413761586 1312327.6601562500
81865951.3181801438 1178655.0673828125
85462354.2965911776 1416625.1250000000
82487783.0275263637 1248055.1894531250
84838004.7720739990 1398804.3574218750
81944865.3415761739 1185317.7880859375
81931960.5581553876 1184102.3818359375
82289093.1105039567 1226479.1855468750
81612155.6575571150 1138662.5234375000
82181895.0589420050 1215270.4902343750
83651959.7466505617 1344425.7050781250
85848790.1776500642 1425648.3925781250
85865787.8351518214 1425844.2441406250
82529494.9077620655 1253039.1894531250
85225671.7220785320 1411111.1992187500
81709008.3718038201 1152660.7070312500
82486179.0261242092 1247892.0019531250
81771468.0838803947 1162810.9755859375
81961303.8542487919 1189984.0839843750
82193392.1646593809 1216427.5888671875
82065970.8118939549 1201299.0781250000
82113168.2968294770 1206571.6738281250
85242669.3795802742 1411307.0507812500
81745777.6392941028 1159984.2031250000
81815812.2748991102 1169616.5673828125
88611305.3308245242 1435997.9589843750
81784837.8596711904 1164547.6845703125
85256560.8580722809 1411341.5019531250
81841595.1677326858 1171812.8173828125
82155861.4956082106 1211528.7060546875
85342566.2066178322 1411813.2929687500
81864006.9666094780 1177044.8466796875
82490619.8757835925 1249394.2324218750
85155118.9034285992 1408929.2597656250
82295041.9990148991 1229322.5234375000
81703066.2478995025 1152170.1289062500
82247708.0356255174 1222368.7041015625
85339754.7663227916 1411801.3925781250
82850451.5391209871 1285582.2011718750
82078564.6992614269 1203058.6445312500
82566622.1862603873 1256660.0234375000
82536278.4288280755 1253533.0722656250
82491934.2378093302 1249565.6367187500
82612037.0727920681 1261964.2929687500
85349716.2756191939 1412031.9003906250
82693573.8649590760 1269429.1816406250
85582758.9209194034 1419047.5078125000
82332716.7308838218 1230827.2529296875
81458937.8591699004 1109583.4814453125
84938266.7161845863 1400140.0468750000
83778091.7291350663 1350326.1972656250
81920945.0449956656 1183415.9560546875
84648545.5148883611 1391011.0195312500
85054401.1011749953 1405819.9648437500
81536816.3110116720 1124791.4599609375
82444930.9608327746 1243567.1113281250
81878139.0063596815 1179487.3613281250
84836754.6123456657 1398685.7402343750
85006337.4038482606 1404083.6914062500
81573585.5785019547 1132116.7568359375
84250183.5724404901 1374484.1171875000
84054756.4462525696 1364274.8593750000
89376669.8612892479 1436720.2851562500
84572128.0793899894 1387729.0722656250
84732294.6460646838 1394600.0234375000
82585965.4602624625 1258276.1992187500
89165494.5636739433 1436586.3242187500
83973923.4414325207 1361017.3300781250
83966138.4052407444 1360837.6269531250
84302798.6079837531 1377021.9550781250
84104828.6447935998 1367706.7656250000
82433290.2583569735 1242559.4257812500
89456037.6902100891 1436972.3378906250
89402591.4450740367 1436764.6972656250
87883045.2467031628 1434960.9257812500
82474878.2441055477 1246839.7832031250
82465862.6252797097 1245877.5429687500
84339581.4215411544 1378078.7792968750
82378131.6174155176 1236677.8867187500
82258028.7824327648 1224279.2304687500
89169448.7959064543 1436672.7148437500
88622409.7391578704 1436442.4121093750
88306638.5943797827 1435989.3730468750
88163512.0353877991 1435610.4042968750
82234560.9178399295 1220864.0898437500
82398303.5656508356 1239198.7031250000
82223578.6981049925 1220290.8359375000
82198964.1965396851 1216850.6992187500
82111515.4171703011 1205245.3320312500
84356683.1054037511 1378816.0722656250
83423377.3294769526 1331638.7753906250
87156929.7819733620 1433147.6757812500
88178040.7874141932 1435790.1835937500
88160018.3058520257 1435269.4863281250
86855873.0824038088 1431436.0976562500
91184925.5609030873 1437107.4824218750
86720999.1564853638 1431097.8671875000
91287417.6857414693 1437170.6250000000
91160070.2261004895 1437089.3164062500
83389109.0729908496 1328883.9589843750
86736070.7748627067 1431233.8261718750
91533362.7604149729 1437340.9511718750
84364733.9292791933 1379184.5019531250
87107898.1611477882 1433030.4707031250
