86151146.8664753437 1424361.1523437500
86005269.3970449716 1423256.7558593750
86951860.5546279252 1430932.0820312500
81952881.9831728488 1161554.0839843750
86674894.9523515999 1430591.1757812500
83185566.1578175575 1303207.9394531250
81840380.3795962334 1141791.8310546875
81785764.1179041862 1131893.4169921875
84494495.5472963750 1379641.5546875000
82148512.3938613832 1195797.4873046875
82145818.4423064142 1195684.2685546875
82777783.6497238725 1265567.5712890625
84354945.5265733451 1373493.6210937500
86128659.1469916999 1423979.9707031250
81948749.3090672940 1159492.2724609375
82582322.2825443298 1247635.7958984375
84746671.8311433643 1387983.9589843750
84345128.2655026317 1371688.7695312500
84604915.3820454478 1382987.6953125000
83925651.8856999129 1352614.4335937500
81955480.2963801026 1165931.4355468750
84696358.2413808256 1386639.5859375000
82175270.8476570845 1203598.7431640625
82051492.0960377455 1175839.2236328125
86632152.5454781801 1429273.0800781250
83862010.1553731412 1350152.0019531250
86358581.7451469004 1428785.7382812500
81902644.4188928902 1155994.6035156250
82268892.8444918841 1210567.8076171875
82924990.2524595857 1281823.5791015625
81866206.0441357344 1147130.2333984375
87660282.8850743920 1433101.1484375000
85865487.5010356903 1421361.7109375000
86112912.6721306592 1423882.1406250000
84194298.8016528189 1366971.4707031250
81827632.3483882546 1138350.9990234375
82306187.8213561177 1214377.3437500000
86902829.1630420983 1430883.4609375000
85855949.0289432257 1420571.8574218750
91272105.1500252038 1436976.8261718750
82376481.0220892727 1221739.3876953125
82728061.5202888846 1263891.8037109375
82594836.9399296641 1248862.8720703125
84128111.5482414067 1360279.6132812500
82454112.0244129002 1235501.0058593750
84100005.9296632707 1360136.0761718750
81933540.7001269907 1158207.5419921875
83105861.0634970367 1297432.6650390625
85708810.4073014706 1417032.1757812500
86610675.9117721021 1429045.9589843750
84250042.5277255028 1368097.6093750000
82415754.1332703531 1230767.7197265625
82403239.4758849740 1229540.6435546875
83145871.6832603067 1300860.7109375000
85679405.2360818535 1416440.8222656250
86791484.0828570276 1430781.2968750000
91280172.8329254687 1437026.1894531250
85126992.1212261766 1401161.5000000000
82094347.6379235089 1179522.8076171875
84128717.2680058479 1361561.4433593750
82059344.8920429647 1178265.8515625000
86175135.1995141059 1425186.0156250000
83533931.7851993591 1331143.9648437500
82216136.7198293507 1207245.8544921875
84453177.1236445904 1376677.6386718750
83936010.2415208966 1352837.8574218750
85691593.4737596959 1416916.5527343750
84756464.4863673896 1388557.3144531250
81802221.6766459793 1134548.7939453125
83088796.3628873527 1297412.5830078125
85084087.3864754289 1397932.9882812500
82272358.9323512614 1213288.8427734375
84465365.3613224179 1376852.6796875000
83999641.7258976996 1357070.9921875000
84236799.3987219930 1368027.0585937500
82171661.6760636270 1198926.4746093750
88141824.6991847605 1434398.8457031250
82133303.7849210501 1194193.1884765625
86073096.9460542649 1423846.3652343750
85132300.1171471030 1401364.3750000000
84822386.8914182335 1389857.8808593750
83734352.1787678450 1343416.2226562500
83811817.8691883981 1345877.1230468750
82109023.2265300900 1185592.9599609375
85177305.7109887004 1402505.8730468750
83051362.3039097786 1291722.0078125000
82906216.9474221915 1279922.2646484375
82287616.8736238033 1213685.8818359375
84415051.7715599090 1375700.4921875000
82271990.6994185895 1212397.5400390625
87421866.2749227881 1432435.8378906250
83776633.7690371722 1344921.3535156250
82644558.1087499857 1254144.3173828125
82396004.5981920660 1227679.5888671875
82030868.4947940260 1171204.2832031250
84335889.3865531087 1370622.9960937500
82357147.0311009139 1217613.6064453125
84075747.0600032806 1359473.9238281250
82515585.5018517226 1240772.8662109375
82021091.1706261188 1169858.8798828125
81843267.9063447416 1145462.5595703125
84080467.7889470309 1360090.7480468750
81986002.6474226713 1166776.1835937500
83686253.4668107778 1338998.3300781250
82635232.6911473125 1252768.5947265625
81993830.5287125260 1168641.5966796875
85301165.4485591352 1406082.0058593750
85090359.1100839823 1398261.8847656250
83817527.8670862913 1349089.7714843750
87983044.6137654334 1433866.2812500000
85334872.2427238375 1408334.5039062500
83825083.2824159712 1349208.0156250000
85042747.5022409409 1396915.1972656250
83128164.4177370965 1298086.8212890625
85007367.2273967713 1396749.2578125000
82655916.1505585313 1254818.5556640625
83624642.0239063948 1335139.0898437500
83296911.2380026579 1312366.2929687500
81769498.7127082646 1126740.7607421875
83541569.9796528071 1331720.4375000000
84871959.9465909302 1391561.2578125000
83015609.9856524915 1290175.1943359375
82039496.2610820532 1172567.2431640625
82041680.2304452062 1175583.8408203125
83313975.9386123717 1312386.3750000000
82984234.8037682027 1288564.8818359375
82971720.1463828832 1287337.8056640625
83697464.4958677590 1341950.2050781250
83216415.1494355798 1304670.3935546875
83568749.7968247235 1332840.5898437500
83599575.2235697210 1333959.6406250000
81748941.5600760728 1124725.6103515625
82206646.0295413136 1204451.6259765625
82387521.8360084891 1226306.0322265625
84079471.8304289728 1359937.2226562500
82889725.4244177043 1279426.1787109375
86064566.3660868555 1423258.3261718750
82475402.9358518422 1235640.0673828125
83774957.9028021842 1344250.5312500000
82040977.4424652457 1172588.5087890625
83897884.8894362152 1351726.0781250000
88913562.8078221530 1435431.9453125000
82840478.3707698137 1272522.0917968750
84408063.5261666328 1375501.6386718750
82852993.0281551629 1273749.1679687500
83724644.3130396605 1343098.3437500000
83669188.7662010342 1338978.2480468750
88069720.6665077209 1433912.6757812500
82503070.8444663733 1239545.7900390625
82500327.5605791509 1238966.7392578125
83082685.2206212580 1295066.9726562500
83140679.0751224458 1299313.8974609375
82109391.4594627321 1186484.2626953125
83986426.2003967613 1353906.6347656250
83066421.4352382869 1294318.2080078125
87889560.2413333654 1433718.9863281250
82321028.1756381392 1216990.1943359375
83009498.8433864266 1289710.4765625000
83424685.6726532280 1321368.2519531250
83533247.1500006467 1329201.7773437500
82121418.9786710143 1189856.6572265625
83482933.5602381378 1328049.5898437500
88771183.6716256738 1435307.9335937500
83443680.7073547393 1323701.8867187500
83875396.8721785098 1350360.2031250000
81897229.6611909866 1148181.0634765625
82949345.2187338322 1284243.4306640625
82308513.5182527751 1215499.1142578125
82047028.7741370797 1175724.2646484375
83273490.4698085189 1308118.5214843750
88974006.7075420469 1435677.6386718750
88341887.1331278235 1434635.0253906250
83868105.9019477069 1350231.9003906250
82696416.5918195099 1259106.1103515625
83233731.5054647028 1305793.1816406250
82786439.5542404056 1267949.2773437500
82711038.7521582991 1259339.8769531250
82789140.7309177518 1269847.4873046875
83393142.7640308440 1319639.1562500000
82626867.2111553848 1250621.5009765625
83230754.7711064965 1305618.5859375000
82801655.3883030713 1271074.5634765625
83426058.0104239285 1322075.3769531250
82867350.4967686534 1278212.6962890625
87855358.5972499400 1433713.4863281250
82536887.2152809352 1245836.6376953125
83561184.3773407936 1331740.5195312500
82854835.8393833041 1276985.6201171875
88833358.5590263009 1435401.7304687500
82515565.1737799197 1240329.6455078125
82783992.0068296194 1266257.1865234375
81869789.5691189021 1147414.8486328125
84378547.0113978982 1373787.5957031250
86271567.4948407561 1427166.7070312500
84893464.9717243612 1393404.7480468750
82824369.7308430374 1272220.1582031250
89181515.3515602499 1435805.6660156250
84920216.6605329216 1393603.6015625000
87243552.4176990688 1432110.9042968750
83527939.1540797502 1328984.6464843750
83379710.3687414527 1318501.5273437500
82961859.8761191666 1285470.5068359375
85727692.3911898732 1418183.0683593750
85756853.7450840175 1420566.5703125000
82844296.4812539667 1272705.7041015625
82667287.5938471854 1256291.5107421875
82485577.1080061942 1238244.5068359375
87973759.8095227629 1433723.6835937500
85626206.7080144435 1416439.5117187500
85625673.5451809764 1416403.0078125000
85444877.3294312507 1409817.4335937500
82385113.7826118469 1222873.5595703125
81849232.4164867103 1145670.1259765625
82523453.1204676926 1241435.4941406250
87129744.9903377742 1432041.7285156250
83565687.3321874738 1332645.4218750000
82255315.2728282064 1208152.9775390625
83653874.4975906014 1336649.0039062500
83203445.5937669277 1303582.5937500000
84920749.8233663887 1393640.5195312500
83019617.2077935487 1290480.5527343750
89531994.5471417308 1435971.7773437500
83215960.2511523068 1304076.5625000000
83276066.5475264192 1311662.3320312500
82267829.9302135706 1209644.0576171875
83437118.8862451166 1322711.8515625000
86118692.0198685378 1423956.0253906250
85442703.1597177684 1409651.8164062500
87439297.8180820644 1432534.4316406250
91241493.2084768713 1436946.3691406250
84170201.7804250270 1364927.6406250000
82529853.6223183721 1242183.2939453125
83014291.8330412805 1290061.9375000000
87718900.4934913814 1433250.2382812500
85749533.2827514261 1419978.8007812500
85126429.1110158414 1400823.8300781250
85515083.5015464276 1412673.9667968750
82383825.8585722446 1222199.0986328125
89625885.0997419059 1436097.0820312500
86119608.3132364005 1423966.3320312500
89532910.8405096084 1435982.0839843750
89638355.8765179813 1436123.4824218750
83424960.7767843455 1321595.9023437500
85514167.2081785351 1412663.6601562500
83247120.7665790319 1307156.6777343750
83063685.8063735366 1293230.4082031250
86884566.2804056108 1430833.7343750000
84281874.2812268138 1368588.8105468750
91252841.3334528953 1436963.7500000000
83007421.0469202250 1288853.7490234375
82664443.1080471426 1255250.6142578125
83342398.0098524392 1315390.7714843750
87340764.6926461309 1432192.9492187500
83415132.8951518387 1319754.4531250000
82434035.8273062408 1232081.9951171875
82674318.2581759691 1256312.2939453125
84159897.3418781161 1363716.9218750000
82724755.4253689945 1260389.9482421875
85750066.4455848634 1420015.7187500000
87369724.5463760346 1432397.0566406250
85750982.7389527708 1420026.0253906250
85575359.9554184824 1415058.2949218750
83328522.7836938202 1314238.1484375000
87117237.5023390800 1431936.2304687500
87848378.1072101146 1433627.0957031250
84297263.1842115670 1370015.4589843750
82678576.5596819371 1257460.4189453125
82572029.0165114701 1246279.6435546875
84168868.7945946753 1364111.0390625000
87505846.2179039419 1432955.2226562500
84476859.4577024877 1377263.5722656250
90905360.8175428808 1436798.5605468750
82531775.0257463604 1244190.9462890625
84689442.2197843194 1384969.7187500000
84685154.5284526348 1384830.5742187500
84685687.6912861019 1384867.4921875000
90961026.9815803170 1436861.1953125000
84672444.5622825772 1384782.6855468750
89514996.2469417751 1435893.1933593750
91382989.3949839026 1437167.8203125000
89514079.9535738975 1435882.8867187500
88733643.0548035800 1435089.8085937500
88369287.8448402733 1434947.4140625000
85111823.7839648128 1399458.1289062500
90442967.4516815990 1436369.8105468750
85111290.6211313456 1399421.2109375000
84893034.6499502808 1392003.5781250000
88732726.7614357173 1435079.5019531250
88484889.1857788414 1434982.1992187500
90049880.4708145708 1436309.1484375000
89331400.5205409229 1435807.2968750000
91035333.3309968710 1436884.2402343750
88082382.7047781944 1433945.2714843750
87105030.6536840796 1430970.8261718750
90580888.8415536433 1436480.3554687500
90298245.5313437879 1436311.9414062500
90791890.4485622197 1436637.7519531250
87811196.2317148894 1433332.0175781250
90585011.9350958914 1436631.9765625000
90467814.1121664047 1436438.5898437500
