30569293.0217278637 1677674.0800781250
30018511.3366775773 1638325.8300781250
30046779.2014244124 1639436.4121093750
30255791.9779757261 1662740.2949218750
30726610.9302395210 1679670.8417968750
30591981.8390734494 1678784.6621093750
29962312.7813718319 1619364.4707031250
30781135.7532729097 1685140.9726562500
30133417.7591672428 1653259.6152343750
30097459.1110489331 1647806.5097656250
30254862.8927467652 1658380.7460937500
30560453.1124818511 1675037.5722656250
30418365.4984026961 1671317.7695312500
30171795.5500925258 1656383.9843750000
30056321.0797907598 1645792.7226562500
30311025.3118099198 1664961.4589843750
30537420.2553275451 1673314.5312500000
30255239.0773376748 1660726.5078125000
30489443.4708027616 1672428.3515625000
30395035.6917415150 1670207.1875000000
30380319.8733433671 1665847.6386718750
30165321.2863402478 1654370.1972656250
30084588.9445375949 1646903.3046875000
30282757.4470630810 1663850.8769531250
29995050.6827405654 1636312.0429687500
30118455.6771430448 1648013.8867187500
30205662.2826979682 1657494.5664062500
29973723.8415412232 1628845.1503906250
