84230169.7549574375 158886.5166084766
81934183.3477602303 106005.8575280607
81324161.1179068089 85482.5904176533
82191909.7307707071 113746.6053736508
83671864.0401819795 148123.9056894779
82151959.3953272104 113523.8450672925
83737953.8127196282 149448.9466583729
84100210.6001899838 156599.2864906788
84350660.0053713620 161023.7513496876
84706663.3111402392 166864.7706909180
85274122.7530794293 175217.3116149902
86094747.6379412413 185544.1284179688
84487003.4167936444 162425.4188776016
85513414.1303283125 178498.5281066895
84159827.8287663609 156690.7025063038
81755958.8007542789 100688.7332699597
84091967.8264227659 155719.4506866932
81992381.9255823642 109401.5340321362
81936833.9893641025 106140.2618249357
82244880.0613024980 116717.8562264144
88044555.1344113350 190347.3183593750
82218910.9817068577 116243.8973244131
82649383.4700979590 127261.3826153576
82097722.3818658590 112841.2155918181
82767241.3203052580 129177.2004718781
84485145.3120429218 162278.7321100235
81905227.3492422998 105911.6599576771
81814895.8972634375 102136.6384733021
81901382.3106065392 105535.1220068038
88030089.9428137541 190126.2102050781
81990073.3959748894 108750.2672574818
81631747.8265842646 96834.3596823514
83876090.1195797324 152288.8828766346
82315359.7993570119 117520.1794799268
84565292.3410623521 165144.3958816528
81946603.1380683929 106251.5279286206
83858444.0631335378 151586.1813995838
87559538.2055648863 189783.1833496094
82142190.2466229200 113412.5789636075
90821667.8256655782 191860.7270507812
82130130.8170113117 112933.3267567456
81470939.6639496982 89786.7182020247
81675336.3146830797 98008.1693271697
83678899.4204942733 148439.5525543690
82551487.8116860837 124877.8599102795
88316662.7923340499 190689.3032226562
85429461.3476718962 177425.7308654785
84061883.0215821564 155708.4924347401
82614812.5297839493 125189.2937335968
85334287.4237648994 176082.4640808105
82094874.0287611336 112247.5629117787
82134064.9349742830 113405.2900246084
82010027.9820285589 109408.9556119740
81787025.6683235615 102129.2168934643
82912898.5231622458 132187.1123659611
84711030.8894522488 167130.4352722168
85143176.5220361650 173132.2824401855
81168098.8482377678 73859.0735175312
85363846.4787664413 176540.9337463379
88215630.3656549007 190542.2829589844
84272915.9701566547 159034.0577783585
85113091.7171955556 173121.3241882324
81880848.0932713449 104809.4575245678
82604752.8687117845 125043.0027421415
81821934.3296003491 103112.6485418379
81313169.5638578683 82278.5421921015
87805878.3119013906 190060.9091796875
84022641.5880255401 154723.6541643143
83954211.8260815740 153548.6373186111
86871124.0685979426 188529.5390625000
85746435.5436119437 181174.3649902344
87822711.5115008205 190066.5627441406
86057321.4617552310 185438.2382812500
84955895.4635907114 170858.5064392090
82339495.2567393333 119669.3415683806
81539959.2160395533 93606.3911798298
84327918.8026611954 159314.3607101440
81426391.5693254918 89488.9522116482
81512455.1994163096 92668.4335539639
83456175.2175190896 143813.5020754337
85716488.1839349717 181158.0349121094
82817244.7109453231 130406.2976993620
81691509.1288605630 99909.2550109923
82738909.3620672524 128615.9241288602
83823538.8774520159 151096.0145850480
82131414.2933703810 113270.8857277334
83717415.8832822889 148450.5108063221
82047649.1156923473 109428.3434891999
81235848.9665323794 78042.9029600322
82216260.3401029706 116111.1049660146
88108070.7746647149 190413.8522949219
81205764.1616917551 77820.8471128643
88091237.5750652701 190408.1987304688
81955585.6953386962 108001.6481173337
81272265.1078332067 80898.1707212627
81369766.9929275811 85622.5860894024
82946003.9774988145 132742.0389996171
81737190.1616496891 100597.8086097538
82690340.5236464590 127800.8879856169
82077227.9723149687 112240.1413319409
83794116.3319538236 150167.8793365955
82836805.0204790980 130916.3982499540
84948859.3292992413 170842.1763610840
86070573.0669963658 185443.5429687500
84882835.2921234369 169443.8745422363
82759553.7541985959 129145.7295220196
82366673.3196163774 120337.2605250180
81445954.2532748580 89588.6942961514
83734565.6306452900 148641.3891022205
83839177.0794846117 151226.4157135487
84319690.5893110484 159300.3745384216
82541718.6629817933 124766.5938065946
83410830.5194765627 142751.0349123478
83814815.2326109409 150589.7965118885
84855780.1236257255 169129.2769470215
85754385.9889340997 181866.1749877930
84768995.6175558418 168029.5894470215
82097608.0189460069 112697.8672840893
82525288.1587417275 123758.2801212370
85088917.1462506801 173020.7387390137
81533257.3231083453 92860.6608488858
86040488.2621557564 185432.5847167969
82737056.4511008710 128318.6951153576
82706971.6462602168 128308.5974591076
83807779.0983195156 150573.4664337635
82467201.6738337129 123481.8711856902
88473024.0797750801 190833.0009765625
84772472.4060029387 168163.5390319824
85909542.0311124921 183347.5555419922
85239292.3450801671 174289.9584655762
88329914.3975752145 190694.6079101562
83795041.0204340070 150219.4705240726
83393184.4630303681 142048.3334352970
84302857.3897115737 159294.7209739685
84997407.5022006184 171695.2242736816
85017289.0912432224 172017.1932067871
81121274.4723289609 73705.9576575458
87482783.2204158008 189566.6472167969
81588183.4933436513 95892.6952727139
84802557.2108435631 168174.4972839355
81466756.3769668788 89780.7345793545
81775400.2781389505 100829.4705255330
84151629.3592577130 156604.9400551319
84789305.6056023985 168169.1925964355
81608985.6170356423 96084.9225676358
81407144.7190824896 86033.6536867917
81505044.5516012609 90220.7329240739
85013812.3027961105 171883.2436218262
81475024.4344393909 90091.1007631123
82408692.5855159014 120752.4250757992
89105739.3124784678 191034.8508300781
85757862.7773811817 182000.1245727539
81745315.4732982963 100605.6743829548
81263719.1954722255 78050.3245398700
81451958.1710344255 89642.1531385481
84488779.8158697933 163458.5226373672
82278119.4766568691 116911.3159449399
81778263.7319410145 100913.2053888142
84671099.9591439813 165455.7686462402
84035502.4647408873 154727.3331940174
82532892.0060932636 124152.5103879273
83067719.8852512687 135765.0978142917
83089938.6881758869 136657.9330008030
83429446.3241547644 143396.4218437374
81830161.5200308859 103444.2816827595
83400116.8659167290 142656.1518456638
83426845.7592810392 143073.2320773602
82353735.9059015810 120060.8515894711
83328950.1008692235 140604.1253879070
81658160.8969582468 97388.2574098408
91366207.3531943262 191897.1479492188
84727406.8117166013 167331.0024580956
81293945.7254485637 81474.5854338706
82291371.0818980485 117130.1629298031
85931253.0142773986 184136.2116699219
81710058.6850481331 99919.3337037861
85936615.8425802737 184266.7373046875
85146075.7625590861 173950.8787536621
91266352.1213365644 191876.2258300781
83153827.5863221735 137381.0459072590
82440672.6853578836 121205.1683819592
91744079.7732646614 191902.9362792969
82426338.6419621110 120829.9235651791
83448293.7525519729 143404.6711649895
83764031.5271131694 150151.6481354237
84813875.0834200084 168569.0830245018
84452513.1327210069 161412.4676055908
84349599.3076249212 159792.5315423012
82054539.7062271535 110071.5077359974
81625561.2194985896 96651.0023043454
84634330.4407807440 165422.4541792870
81157447.1302842945 73722.7695624530
81233634.3906316012 77828.2686927021
82972583.3231969923 133793.8723978996
83156047.8317379355 137763.2535110116
83629616.8930337578 147095.2788887024
81573663.4314086735 93773.8017428219
81384202.6004983634 85768.7116990983
86026957.9965782315 184821.1623535156
83465939.8089981526 144103.2581539154
81417738.9538787156 86653.0567680299
82261286.2770573944 116906.5229761899
84467124.0917409658 162003.2925780620
81414713.0996223837 86445.7114396989
85310255.7764627188 175239.8449096680
85411123.3594950736 177370.4883117676
81857292.9966324270 104122.7565887272
88550304.5837756544 190958.7114257812
81300898.5202791393 81648.9068398178
86144457.8933950514 186306.7833251953
89155053.7599295676 191063.9631347656
82438022.0437539518 121070.7640850842
83594090.7176894993 146343.9816315174
88009395.7782409787 190116.9396972656
85507535.6701032221 177541.4002685547
83023770.0666396320 134789.8342919946
82641412.2479896396 125461.5005659163
84692385.8962550312 165845.0284357071
82644970.3381328285 125765.1290563643
84183431.5016078055 157298.2761834469
85355600.4745052308 176302.3120727539
82801824.1627655029 129400.8404254913
82788572.5575243235 129181.9934406281
83540111.9346633852 145170.7686891556
84483957.2913403958 162008.9461425152
82882595.0795988888 131561.4600881338
89307442.3533883244 191146.9575195312
83249088.8246687502 139552.7450859249
89656161.8759538531 191300.4682617188
81306106.1819164455 81950.5797278583
83048791.1165283620 135652.3819754124
83089015.2686149478 136101.1016533077
83186910.9270267934 138484.6243583858
85877999.4185656756 183113.1359252930
82950895.4581165165 133268.8592703342
83232255.6250693053 139547.0915214717
83151193.1662569046 137169.2223808467
83134359.9666574746 137163.5688163936
84917024.0941628814 169540.6507263184
86161519.5223169774 186536.7156982422
89915569.8895091712 191363.2944335938
82967728.6577159613 133273.6522390842
83822189.8059554696 150671.4336204529
83624999.1068699956 146822.1032981873
81407245.3595208526 86112.2168848515
87434565.8821834326 189436.6169433594
81686331.8673724681 98235.9807489216
83993847.6253417134 153591.8060240746
83641551.6736883074 147504.0833769646
90063316.0156724900 191478.5024414062
86379906.0189715326 187191.7261962891
86333513.8229942918 186761.3863525391
86506764.5861745477 187880.1821289062
81567829.4449793696 93613.2359254658
86329292.3987410963 186582.6871337891
83305108.4848489016 140337.5842912197
86422624.4824206829 187202.6844482422
81575831.6308898777 94121.2625977099
90242733.2470542341 191505.3498535156
86026266.6362905055 184374.4833984375
90043054.1510675400 191471.0405273438
83566600.2000530511 145740.4018969536
86218649.7969163656 186547.6739501953
84702358.7932060510 165989.7565612793
87042626.2400103956 189160.2080078125
88891234.9718359411 191021.3918457031
87209880.7434040457 189162.2836914062
87401293.7120978832 189381.0449218750
86772397.6996061951 188488.8579101562
89504491.0031807870 191219.0786132812
84226288.4131477624 157934.7844161987
87013355.4940067679 188705.2492675781
86941745.9960874170 188679.0764160156
91355995.9549383372 191876.7233886719
87265479.7330119461 189211.1625976562
87005327.9137089849 188682.8906250000
83999967.4860827923 154000.0408587456
86671480.2504841536 188226.5117187500
84880454.6180915236 169273.3235778809
85484387.3794810474 177524.5877685547
85491423.5137725472 177540.9178466797
86935751.9965418577 188537.2683105469
85647356.4218179882 179703.1501464844
85081021.4044099599 172089.7653808594
85571256.2560626417 178913.7288818359
90260369.4232920557 191627.3979492188
86619570.3905801624 187926.1535644531
86709912.5445780754 188480.5786132812
85568865.3568414301 178758.5294189453
90482800.6879592985 191735.1440429688
90752743.9213119298 191756.6127929688
91196737.3128466755 191863.9887695312
86505927.7348278165 187262.5947265625
87412881.1676045656 189382.0029296875
90764837.4808614552 191791.8215332031
85995264.4419792593 184327.1607666016
90668259.5599880964 191750.2138671875
85978949.0412097126 184325.2972412109
89801700.5643683225 191324.8979492188
90221336.2772425115 191482.1176757812
