9835718.2276427597 859375.0468750000
9825011.8610239625 844595.5751953125
9832210.5409279279 856840.3476562500
9855863.3945613094 874098.8515625000
9828742.6357655413 847781.5888671875
9830934.0176021867 854514.3017578125
9832518.6347688287 856922.6640625000
9830044.3158649728 854387.2138671875
9826576.4107025843 846921.6210937500
9846993.9232548326 867124.6669921875
9833167.0921502262 859163.6191406250
9833033.6236050744 856971.9472656250
9838289.0010417886 859377.0703125000
9828289.1951169465 847048.7089843750
9845659.7302057929 866633.2587890625
9828994.7550226003 849506.3544921875
9831757.1002793331 854645.9013671875
9839913.7131912168 866631.2353515625
9824703.7671830654 840315.9960937500
