163225650.7910589576 611177.2858212590
164450949.3492703140 648634.2030944824
159188085.8266312778 424566.1941387004
161828394.1020080447 558702.7880716324
164291777.2781813145 647832.4174861908
161766132.5374802053 557541.8168147157
162480071.9579960704 583459.0158770012
160132955.1247017086 482052.9064069837
161298182.8133704066 537966.6774835538
160561670.3845855296 506094.3678195428
160464758.0298694968 499523.4885294389
163104109.6809310615 605122.6313805117
159129251.6098824441 416950.4643483052
158934771.7918330729 408725.2110302029
161649262.1031936705 552486.6392869949
161928798.4915561676 564150.1544046402
163114109.5839840770 605909.6840146184
162856132.0725498497 598325.1008847356
162108563.9819068313 571253.9201192856
162880674.8574142456 600813.8794469833
163043846.0754301250 604820.4466924667
162785367.6961596608 595287.2021562981
159169211.0993763208 424535.2761699504
160510683.5723010302 503969.4100382279
162610236.4796315432 589256.6346306338
163258879.9624572694 612564.8109931946
159027247.4801580012 416753.8311441396
166669372.3830344677 701194.4096679688
165398593.7591689527 677193.9848632812
161167669.3868418038 534793.0027748125
163394956.2882985175 616300.6629209518
163032746.0183653831 604758.6659482121
162580476.3475442231 589075.9945146965
162588247.6542523801 589239.4287684511
162382747.6674460769 581524.2381365227
162180686.4357371926 574094.1743203253
162120778.3029037118 572759.2912636846
160432622.9664594531 498634.5212442826
166658350.5023719966 701163.4916992188
161986717.3859231770 564456.9854593277
159741608.8107876182 458678.6037557076
161234887.7986061275 535944.0208412188
161265008.8823368251 537156.2962224435
158917443.3771305978 402220.3445751248
161534770.8182650805 549037.2276189278
166988899.6397066414 705208.5043945312
161174565.1819445789 535223.8735772222
162329743.7934941649 577903.8820839971
167352954.2361309826 706066.5537109375
159676624.3935191929 454030.1851466894
161053016.4734447896 528501.4494300860
159695499.1207741797 454061.1031154394
160487034.7379024029 502818.3919718217
161892962.0291970372 563190.9217835665
164200912.6967357099 642026.5431144238
159348908.3486985564 435373.4071732610
164112621.3525318801 641212.8895918131
162248768.9823162556 575486.8829062532
162086833.8210772872 569739.5324563980
163984477.4259016216 635800.4672572613
162784610.5015172362 595019.7155295610
161260374.7828167677 536553.0284935015
163328088.5708364844 613227.7321103215
161914549.9677072167 563305.9673929214
163113160.3788706064 605431.1163883209
159698563.8392832577 457598.6308403015
160032086.6903350651 474597.2597696732
160923065.5427248478 521909.1021097826
159136134.0116547346 422511.8544551907
161988835.8152743876 565862.8246905755
162638873.0013510585 590567.2206425369
159140798.7267784774 423677.2268535441
164971103.1199215055 664809.8079833984
163211287.4023476243 610271.9411227516
162691638.9373261333 592621.7863430977
163776269.7274342179 627915.1944143772
161025794.4958242774 528194.6183753985
161382726.4235568047 542766.3592107247
162418716.3471799493 582946.7294815134
159041546.2204899788 416802.4373409329
159556688.9482656717 451000.2464408875
162486774.7131352425 583790.9164932321
161067264.9972937107 529345.6364418047
158886530.0444525778 401224.1570751248
160115271.9708613753 481339.8931482981
166174015.4555839598 694852.0544433594
161718768.1392360926 556644.4954080582
158998835.1075601876 415895.7818277334
160162559.0707142055 482228.8604334544
161795040.8039172292 558186.3637084961
161341764.0087218583 541768.4478343725
160205638.1850705147 488941.6036974043
160367301.3585434854 492201.4689704988
163740579.5499336720 626353.6001760960
165026552.9424460232 665818.0989379883
159355570.4019600451 439098.5333859872
162636190.3217397630 589989.0777888845
160386630.3483542502 497371.0256388139
162318311.9576318860 577329.7508438181
167984023.1764614284 708406.0742187500
161558624.9424933493 549881.4146306466
160543254.0766932964 505393.3865187119
163212825.3121357262 610603.4461240768
162808230.5477311313 597000.7857060134
159701651.4535442889 458639.6839352697
159792342.9713503420 460912.2283993810
162969233.3534529805 602845.0306897163
161458220.5529452264 544434.0482976388
165317597.9590016007 675380.8478393555
159620136.8112637997 451858.2957572937
168645092.0212059021 710656.3256835938
159284998.1813473403 431138.7408989149
159250271.3323687911 430580.9621246832
165823421.3179596663 686491.6867675781
159603364.7025487423 451167.1557220221
163600859.4960133433 620180.4634416699
159741630.6334739029 459337.6943566750
159457047.6094273627 445719.7893890142
160542373.5524379015 504537.9034640740
159350675.7219169140 436028.3284576910
159746760.5228760839 459977.1492580175
160271895.6992003918 489108.6417972546
159905855.4005264044 467463.3733791113
160386003.5488631129 495430.7443847607
160672301.4948194325 511795.9713432740
160385358.2176201940 494848.9768802624
163678014.0427056551 624830.7765113115
159630153.4975807667 453597.3592736672
165495967.0432609022 678801.1416625977
160284953.8280720711 489401.6105472546
165955144.2266899645 689475.9926757812
165984815.7081210911 690407.6220703125
171166112.1903133690 713691.9848632812
167114674.3173244596 705573.8022460938
159249921.8018828630 429543.2212722253
159874815.3849791586 467417.0948544592
160105544.2919411659 479343.3674452256
165561273.6539175808 679328.9487915039
164758282.6796139181 658908.1270141602
160786669.4762234688 518035.7893283318
160821868.3935692310 518682.3153593789
164929242.2243104875 664612.7517700195
161439844.5447303057 544081.9230711411
165752109.1779781282 685666.2849121094
166966336.9256828427 704364.1958007812
159979995.4742833078 472905.1669921826
162218158.9015110135 574856.1850854009
165406406.1719454825 677912.1743774414
165758418.9406432211 685982.6647949219
162227731.0381861329 575250.9597671579
159643211.6264523566 453890.3280236672
168452641.6511350572 710254.8789062500
165692815.4281894565 684680.8955078125
159529493.9058077335 446158.0594689797
160049667.9963351786 475448.2505155653
165016392.3052328229 665461.4221191406
159299163.7310338914 431250.3180559545
160750002.1189705133 513432.6100070428
166963401.5179608166 704283.1542968750
159228290.9081382155 425460.5436418920
160169245.4602927566 484327.4837845564
159247561.0810943246 426018.3224161237
160346469.8106940985 490791.9880371045
161364951.9340666533 542138.1739654492
161347916.6466066837 542084.6163711499
160737338.2668781281 512806.3942325066
159931675.8147999048 467973.4418945264
160606326.5933822989 506767.7306125115
161206406.9243149757 535618.0325376939
163647044.8874357045 623998.0791465044
159965930.4127830267 469573.2516473532
161118122.2544890940 532050.3123693417
161264547.5445185304 536690.8076324414
159941637.4468635321 468685.8298733782
161007854.6238437891 527049.9274875771
160696074.1435328424 512588.4229953240
161279125.0602109134 537882.8845719099
160907450.2342956364 521602.5611545693
164773252.1954200566 661438.3563079834
161540708.4230036438 549309.6819686778
159318433.9039899111 431808.0968301862
160945425.5625026822 524346.3191823910
160765378.6623249054 514411.1242361020
159234502.9522226751 425822.8448770612
160949714.0036402941 525843.7425222348
164874252.4732348323 661793.9156494141
160849309.6140921414 520396.3761892270
159809199.4108979702 461173.3309862565
161681200.5205643773 555419.4510925363
161580796.1310162544 549972.0847595285
160071264.7852844000 475516.6822658132
162777071.6759807169 592965.5090606760
159966333.7363607883 470036.8268315743
161816632.9553545117 558518.7689103484
161857136.1776826680 560824.2981415987
161603965.0086432993 550965.8792402695
161493000.6610500216 548769.3920576524
161392596.2715018988 543322.0257246445
159698218.9443880320 454718.6666185807
167760817.9938146770 707267.5566406250
164640507.8687928915 657528.3395900726
164626951.8062122762 657193.1745510101
168077947.0497649610 708872.7910156250
164627256.0395522714 657211.9597072601
160775018.0939166248 516932.1750705193
159533877.3199725151 448332.2068727862
159449688.5506361723 440638.7511614214
161702111.7654297948 555666.2214363168
165119366.3775965273 668897.2886810303
165613121.6390911937 682820.6187744141
163806536.4945823252 629718.7222721875
162580188.0698534846 586363.6338851999
170773289.0614402294 713436.2368164062
165692490.9188604355 683444.1912841797
164752599.9174549878 658770.2560939789
165736254.3220081925 684686.1077880859
162357178.2724893689 579020.5274429023
162373107.4293551445 580345.3023452461
162519151.4969028234 584993.6639785469
162263442.6925130188 577058.3285165429
163154844.0434901118 607271.7922711372
163928779.6176241636 634399.5474815916
161960310.7962126136 564210.6944048952
161107680.0536952019 529686.9398160465
162754349.1148658395 592914.9713401794
164151679.9071904421 641492.8757305145
163332644.2549462914 613600.1144146919
166330548.0520600975 698123.5734863281
166135262.8501684666 694630.2456054688
164285716.7154988050 646579.2813701630
164260087.4811460972 645823.9556789398
164393411.7556092441 647954.8394680023
164490324.1103253067 653394.1943264008
163597234.3611215353 619809.8096821855
163507846.7540152073 618658.7916157793
163469586.4204115272 618106.7929809641
163861776.7562128007 632870.1671969891
164088722.2346754670 640965.0558528900
165590980.4825838506 681648.7969970703
163636654.4099631608 623961.6706099696
163894801.1056627333 634041.9889743328
164028837.9139712155 638012.6768634319
163617370.8809006214 620800.2078263760
163851342.0703660250 631284.0091443062
163388690.9654239118 615833.1637374163
163694060.3021796346 626347.7229630947
163953892.8847483099 634776.6788346767
164087309.4804128706 639667.4341037273
164253261.2925863862 645714.5787258148
167816744.9721560180 708343.8774414062
166544015.0354855657 700305.4423828125
164542914.7869170010 653711.6493911743
166809751.7074109912 702406.9755859375
166037540.1046043634 692617.0961914062
163525239.6863885820 619758.6828802861
165191992.1672140956 670175.6136474609
166444241.5140302479 700105.7778320312
166831118.2067698836 703690.9301757812
166378963.9575609267 698671.9555664062
165873996.5918989480 688084.9033203125
165888329.6426762640 688430.6557617188
167815857.4084346592 707497.6582031250
167501593.2777070105 707164.7011718750
164890267.3054118454 661840.0236892700
165854399.3063859046 687588.5784912109
165039624.8853387535 667112.2374572754
166393297.0083383322 699017.7080078125
166430148.3656842113 699873.1499023438
165840066.2556085885 687242.8260498047
166385547.1615181267 698701.3281250000
163763924.2590223253 626832.3200309277
165193627.9366949499 670452.0179443359
167265410.6732973456 705774.5458984375
166327577.6243897676 697370.1862792969
165148872.7852879465 669625.9486083984
170158077.8400361240 713184.0869140625
165207960.9874722660 670797.7703857422
165374361.8593089879 675676.4106445312
169091571.5955558121 711432.8989257812
168939998.5652489960 711189.8115234375
169114703.0479489565 711571.4790039062
169280031.2929783165 712167.6201171875
170044689.4009704292 713002.3784179688
166811692.7426114678 703183.3354492188
169244530.2074783146 712014.6489257812
167381267.0118894875 706590.7207031250
167421923.2363619208 706627.8339843750
169849383.0669325888 712348.0419921875
167770504.6356952786 707411.8300781250
170001416.6281681359 712540.0175781250
168739583.7542723119 710663.3037109375
169902278.9132779539 712362.6259765625
169772789.1508743167 712321.8662109375
168141705.5839010179 709096.7265625000
168348515.0906355381 709930.6528320312
168213345.2691844702 709467.3222656250
168060867.2877550423 708623.1352539062
169932947.8021348119 712452.0278320312
170535125.7245731950 713238.1894531250
170526731.5482781529 713217.8955078125
