32494587.0101765357 1583393.7978515625
31069996.8722138181 1564651.9042968750
30555017.4101976044 1533566.5107421875
30087872.7125240453 1487060.9531250000
30719393.0449836738 1545356.2421875000
30720040.5932817310 1546125.4238281250
30417343.3699915670 1518703.2880859375
30860373.6884221286 1554163.2177734375
30867673.4565422498 1554170.3417968750
31046766.8744954839 1563118.1962890625
30648576.5700073875 1536501.9941406250
29997592.6434877403 1471591.7539062500
30199179.7597969435 1497874.3652343750
31025961.0866268501 1558679.6513671875
29876060.2545984015 1445120.7509765625
30029297.1579211541 1474876.0947265625
34648596.6014227495 1592089.5468750000
30047743.4754518121 1479330.4755859375
30033367.4736736678 1477404.2646484375
30008912.7160046697 1472416.2558593750
30365014.4210809916 1511530.3876953125
30140623.3875558823 1490763.8837890625
30972499.3575759307 1557899.5556640625
30181945.7571460828 1494291.4648437500
30198275.2249602526 1497873.7216796875
30086968.1776873507 1487060.2880859375
30002517.2952665612 1472415.9843750000
30139718.8527191952 1490763.2148437500
30445048.0527264029 1519688.1552734375
30628394.0466052070 1534641.2539062500
29726585.3906667121 1414582.4345703125
29928123.9582525045 1454667.5585937500
30158926.6761638410 1492619.8613281250
30727987.9096999168 1546731.9052734375
31101643.6151779070 1565759.9072265625
30819518.5735074542 1550116.5449218750
29718037.0062358342 1414426.4365234375
30868321.0048403069 1554769.7285156250
29954992.1140936501 1459372.7412109375
29911284.3460888639 1454518.9941406250
29677631.2888564430 1401401.0156250000
29765246.1723811328 1420909.8007812500
29659976.1748446152 1399359.0322265625
29800361.0838602334 1428544.3906250000
30261843.0547563583 1503059.1074218750
29987661.7183762453 1468700.0820312500
29834679.7881247252 1437201.6132812500
30473325.9488760456 1521590.5664062500
30126970.0054553114 1488959.5751953125
29690395.8336783201 1405847.4658203125
32366968.3599637598 1583391.2333984375
29675363.5509576015 1399858.6220703125
29732697.8022118062 1414601.7880859375
30770174.7043276280 1548760.7402343750
36443490.4109754562 1592191.5195312500
36891100.6641546190 1592231.6015625000
31557636.6985658109 1582119.5644531250
30679185.4783670641 1542078.8632812500
30550444.2528848834 1530829.5488281250
30055699.6591396257 1479601.1015625000
29703716.2492185682 1408321.6953125000
30497572.0351650417 1522214.8232421875
29636167.6604878865 1385293.5195312500
30094924.3613751642 1487330.9238281250
30268238.4754944704 1503059.3837890625
31315323.0825802311 1576478.7265625000
31357640.7571963258 1576581.1621093750
29683693.5590951182 1404880.0566406250
30041348.0547137037 1479330.2031250000
31112831.2151395977 1567102.6699218750
30507827.4480637349 1524005.2695312500
29846907.0544243492 1439097.1279296875
30025513.3173329271 1474559.4687500000
30551009.7313461043 1533544.7802734375
29856259.2954864986 1441450.2138671875
29943142.0577814505 1458334.3134765625
30066647.2656603344 1480456.1386718750
30049304.2384015173 1479600.8359375000
31281467.7923020571 1574302.9794921875
30958560.4727960005 1557753.3486328125
29948596.6933555417 1459372.4736328125
30255470.7729525268 1500371.4833984375
32617336.4885678738 1586112.6718750000
31321718.5033183433 1576479.0332031250
29650704.0513879433 1387249.5917968750
30304810.4750956893 1506550.9785156250
29780348.7634373158 1425582.0712890625
29633158.6082139648 1382828.1210937500
30599909.9272875562 1534046.8916015625
29835547.7958780564 1437225.2041015625
29706613.2361731417 1411549.6230468750
30423738.7907296792 1518703.5644531250
29777662.4391678795 1425015.5771484375
29853072.2566585988 1441181.1230468750
30655619.5390435569 1537101.8027343750
29758779.2625778317 1420502.5185546875
30852889.5573312528 1552646.0869140625
29704932.2245783694 1410191.1962890625
29757984.1856755652 1419666.7490234375
29652452.9947556406 1387258.2646484375
30522691.7811540999 1525989.0332031250
30016071.4744593054 1474179.9277343750
29679863.6013154276 1401582.4355468750
30126065.4706186168 1488958.9072265625
31032091.2600631528 1559953.3164062500
29619222.4898587652 1374097.1777343750
29781806.2755992822 1425974.1289062500
30022466.8951974139 1474180.2001953125
29704584.2569719031 1409550.6992187500
29849633.7001609355 1439222.0097656250
30741569.7748785503 1547560.6445312500
30331132.1197241843 1507388.2421875000
29813783.2404192351 1431806.7607421875
30388311.1367987879 1517448.7753906250
29968038.7823737450 1467641.9736328125
29687386.7814043947 1405158.2031250000
30340999.8971118070 1509947.9267578125
30301932.4094917327 1505466.3369140625
30674370.5192184597 1539077.9375000000
30883178.4716715664 1555078.8212890625
30618786.0017014556 1534420.6191406250
30293198.6744553410 1503069.8027343750
30255342.5508377850 1498710.1708984375
29994057.1391143501 1468700.3466796875
29682012.5475003421 1404154.4873046875
29875189.5011720695 1443184.5449218750
30457795.7778360248 1520080.1181640625
29630602.3055812605 1381529.8818359375
29616954.7519599088 1372891.0546875000
29974434.2031118535 1467642.2382812500
29623603.7485026605 1379604.3808593750
30531520.5438206196 1527757.8427734375
29772988.4386071749 1423076.7607421875
30758321.0056031011 1547853.6523437500
30453788.0989845246 1520059.1171875000
30252694.6827691905 1498258.4677734375
36384036.3344228417 1592182.5468750000
29958667.1521181688 1459468.8867187500
29740038.1399306431 1419289.1914062500
32984698.3014640473 1591864.5722656250
29699090.0560841747 1406884.0253906250
30734383.3304380253 1546732.1972656250
30659627.2178950571 1537124.1464843750
31106605.7059288099 1565835.9560546875
29886219.8196883462 1450081.6992187500
30013555.3768415339 1474091.7744140625
29766989.6388439015 1422720.7031250000
30874716.4255784154 1554770.0380859375
30922711.0881785005 1557317.6259765625
35980561.9849061072 1592177.3457031250
31077039.8412499875 1565250.4550781250
36328602.7367007434 1592180.3339843750
29945528.6875807494 1459216.5996093750
35372111.4941388220 1592122.2734375000
35751226.4171075225 1592162.8710937500
29906191.9741819054 1452298.9121093750
29823744.0751287825 1434896.3759765625
29876817.1905900463 1447563.6875000000
29619511.0545926169 1374923.1621093750
29622520.1068665385 1377048.2138671875
29776265.3028791808 1424677.7861328125
30450710.2639703229 1520058.0781250000
30498743.1457675621 1523587.0380859375
30629452.5748071522 1535239.9296875000
29940767.6118533574 1457362.6728515625
29940240.3302493207 1457296.7812500000
29787176.8619007543 1427190.4453125000
29960741.7335749231 1461037.9726562500
30154177.5667486377 1491833.5498046875
30358755.2311079428 1511400.6933593750
30033178.3128440306 1475074.1240234375
29894430.1959544271 1452081.3154296875
35371206.9593021274 1592121.6289062500
35877878.7934875563 1592165.6250000000
35741459.1357198358 1592131.3339843750
29959690.3266930953 1459933.1240234375
29786862.8087472320 1426102.2529296875
29774404.6305043250 1423708.0312500000
30372456.4727113806 1511645.9150390625
29762076.8795856014 1420564.1064453125
30387835.1892691813 1512910.4326171875
29906388.1364458166 1452344.9912109375
30301806.4980279133 1504567.3359375000
30514222.8688018396 1524005.5546875000
29827485.9581291936 1434978.6787109375
29933328.0353689976 1456660.8789062500
29938174.4500354417 1456803.5449218750
29732902.9121751040 1415453.4980468750
29793349.6775334142 1428499.2480468750
29849437.5378970243 1439175.9257812500
29852490.4489238299 1439636.3710937500
29829465.3834034652 1436958.7158203125
29657708.4369457662 1391422.1269531250
29653428.6082306877 1390688.4111328125
30013160.8296640590 1472683.5068359375
33874610.6897167489 1592061.6064453125
31498127.4449094385 1580086.8740234375
29836807.7519162036 1438935.0166015625
34509723.7834095210 1592089.1601562500
35016395.6175949499 1592110.2031250000
29816738.1744951904 1434524.3271484375
31531900.4176575020 1581963.7402343750
34448968.4122339115 1592078.4501953125
31171432.7584889792 1567368.8593750000
30972813.4647849947 1558472.3564453125
29807734.2630909011 1431786.0712890625
34183052.2040822729 1592062.5410156250
34669391.2515259981 1592097.0810546875
29837675.7596695423 1438958.3320312500
33816797.6238345131 1592027.6669921875
31781055.1402594447 1582219.7880859375
29801560.0537994877 1431715.5478515625
34279832.0966218933 1592071.7148437500
29863510.9408832192 1441667.6318359375
33213383.2517170385 1591945.4833984375
30641033.9716495574 1536468.9941406250
31255818.6051258668 1567707.8720703125
31876799.8369456232 1583261.3642578125
31275053.0427802876 1567889.9316406250
32497954.1325749047 1585735.1015625000
