9828289.1951169465 2817820.8593750000
9834447.1582272872 2821158.5468750000
9839340.0300772805 2831970.5625000000
9833381.8124287613 2820395.4375000000
9849545.3922094572 2835018.8828125000
9828130.2878919523 2808189.2656250000
9830681.4233844858 2817867.2421875000
9849685.7997370195 2835279.6171875000
9825638.6374975946 2805148.5625000000
9831669.0280143991 2820216.5234375000
9836850.7363567110 2825969.2343750000
9873582.7408043835 2843660.2812500000
9855326.2623491343 2840071.7187500000
9853659.5296644550 2835762.2187500000
9859036.9749759324 2842684.3437500000
9863010.7049033679 2843166.9453125000
9837826.9911247380 2828120.4843750000
9845864.8954972494 2835016.3515625000
9886105.8797831926 2850571.6718750000
9835223.5530929975 2823663.4921875000
