9899115.4937541652 173443.7371826172
11684391.1483624354 180989.3391113281
11829054.4383965544 181002.2404785156
10137617.9071677718 180519.7106933594
11766180.0834456682 180993.5239257812
10748235.0519783571 180699.7226562500
11939018.1668917295 181005.0187988281
9950751.2242160067 177429.1330566406
10054009.0713179801 180505.7622070312
10027458.2528227791 180477.6186523438
11326130.0440769624 180879.2590332031
10449473.9531451836 180639.6796875000
11346677.7706949320 180886.4382324219
11437165.4421385638 180890.0280761719
10823143.5077985208 180759.5781250000
11566085.0712498445 180894.1777343750
11534566.9008941818 180893.3156738281
10623920.4851542357 180650.8999023438
10662491.4787876233 180657.9042968750
10143226.0900461320 180526.9697265625
10683216.6697285697 180682.4875488281
12170634.2971141990 181105.1413574219
10001956.7573716640 177938.4808349609
12062797.1549799386 181045.0483398438
11701527.7965223510 180989.3867187500
9907875.0579237919 177123.9484252930
11576929.0226859376 180925.2861328125
11580420.4872783162 180929.2460937500
10176054.7109969519 180532.7563476562
9884158.5354760196 170682.6191406250
10052843.8175931089 180499.9187011719
11600561.1272483356 180929.5312500000
10023282.9181045648 177988.0218505859
10636131.8545650505 180655.8232421875
10790219.0115590021 180750.3154296875
9987906.1421737112 177839.0072021484
10357590.1180129759 180613.7348632812
9968100.2801024355 177572.9689941406
9947715.6063612066 177139.4529418945
11625144.6968909595 180935.3798828125
11283803.4157440457 180877.7216796875
11163026.1165515389 180817.2363281250
11642127.3562615179 180935.4274902344
10773026.3650082462 180747.9265136719
11827896.8091625199 180995.0612792969
9906638.6036844626 173795.6532897949
11616827.1318658311 180931.7897949219
11376737.2686566990 180887.3002929688
10399884.8650295138 180636.3090820312
11930745.0651357900 181004.1816406250
11121459.8875383586 180811.3400878906
11398694.6200453211 180887.8417968750
10686374.6503280308 180682.7250976562
10237020.7568086702 180532.9948730469
10863881.3640251048 180761.1154785156
10383999.7942145299 180630.9631347656
11214998.7409678288 180869.4296875000
10953768.6862566583 180772.0871582031
10087124.4163749721 180515.6943359375
11180218.7631022967 180819.6252441406
11116269.1147404127 180807.1425781250
9855606.8400959093 169354.3993072510
11460711.5656335186 180890.5695800781
10263380.3810312450 180535.0759277344
10513904.0800329372 180646.3283691406
10807245.8972761072 180750.7561035156
10719286.6068601236 180688.5117187500
10712309.7442611940 180687.8303222656
11583578.4678777792 180929.4836425781
11578675.5415194407 180929.0070800781
10743127.6147616804 180695.5251464844
10568451.0327524059 180649.7963867188
11089024.5478042122 180776.9692382812
10480992.1235008463 180640.5417480469
10311104.5604732111 180566.9101562500
12104295.1130016036 181047.0144042969
10285718.9957028814 180544.6101074219
10311392.4069128186 180570.6311035156
10334369.7886839435 180571.2763671875
10677125.4011564199 180678.5275878906
10343933.1814240329 180572.6967773438
10046252.5662401039 180494.0659179688
10316295.3332711570 180571.1076660156
10286006.8421424888 180548.3310546875
10416828.4151653498 180636.7497558594
10758265.5529565457 180742.5805664062
11120615.4375536833 180810.8635253906
10042120.1749017350 180478.9033203125
10290909.7685008273 180548.8076171875
10745160.4069601633 180699.4851074219
10724933.3906835951 180688.9687500000
11219733.3458073717 180871.1955566406
10349123.9542219788 180576.8942871094
10016149.8636943772 177956.9487304688
10706896.2941481620 180686.1032714844
10711799.2205065023 180686.5798339844
10971198.3726056777 180774.2258300781
11304336.2057671472 180877.8818359375
10506416.6936793178 180644.3964843750
11134594.0577154495 180813.7290039062
11222198.5733209569 180873.5844726562
10344221.0278636385 180576.4177246094
10916077.3607111741 180769.1567382812
11482545.8758375905 180891.7539062500
11098659.3293230627 180778.3754882812
10044852.9040707462 180491.8210449219
11480363.6773675699 180891.6452636719
11786712.8734687697 180993.6840820312
11408694.7162831295 180889.1660156250
10281848.3510766272 180535.0925292969
10396007.9696018156 180632.9248046875
11017079.7473957241 180775.8430175781
10743415.4612012878 180699.2460937500
10694689.2297280543 180684.6374511719
12109110.1366989166 181051.1821289062
11746562.0827399921 180992.0668945312
10699592.1560863946 180685.1140136719
10501574.1380768456 180641.0832519531
11746555.3888860736 180991.7949218750
10681555.0595509615 180682.2485351562
10562726.7076853532 180647.4877929688
11133832.9433120452 180813.2524414062
11862161.3808585498 181003.1025390625
11514064.0461932532 180892.6159667969
11497499.9925943296 180891.9995117188
11049191.3441150747 180776.8137207031
11264185.4150383696 180876.2646484375
