157043988.6392332613 6203065.2929687500
157386294.4885798991 6247603.2929687500
157546788.9650677145 6271417.1484375000
160980500.2127711177 6552220.7031250000
160762814.9777652025 6539936.0937500000
156386833.1324279606 6055512.0078125000
156891552.3305661082 6177889.2773437500
156804113.9425737262 6161165.7539062500
158903539.9016688466 6415763.7226562500
158457347.2493400574 6375269.2382812500
159844501.8502389193 6479179.5429687500
156826917.0214190185 6167841.2773437500
156800061.2603608370 6160322.6992187500
156904261.3879668713 6180146.7539062500
158301064.7311505079 6361486.1132812500
158269445.3406240940 6361087.1562500000
158247460.7130351961 6358655.2343750000
185423105.4153570831 6750834.5468750000
156508844.8131716549 6092318.1367187500
159012062.4784942865 6425183.4375000000
156389097.6601004899 6058192.9960937500
156963415.0466591418 6195543.8906250000
157483677.1596588194 6260950.0390625000
157532837.9335897267 6267926.4843750000
158601756.3636572957 6388073.5820312500
158517684.3568556607 6381913.7382812500
157916553.6731271744 6319339.3906250000
158764148.4411520958 6404920.9921875000
159087263.4370368719 6426956.0742187500
161925094.7076117694 6583914.2695312500
161639665.6188013852 6581238.5273437500
157756005.1189218462 6294952.9648437500
158150649.9081102312 6348299.4687500000
161436975.6483564079 6571599.7304687500
167151433.9231866896 6668646.5273437500
164279292.1359445751 6620816.2851562500
161995107.8415914178 6586455.9960937500
157198557.7462427914 6227178.4882812500
158323049.3587392867 6363918.0351562500
156940175.0775302649 6187724.6523437500
157051106.6691532731 6203086.8046875000
159203568.4385646582 6435284.7929687500
187729624.1215851009 6774403.5742187500
156483286.8342048824 6081497.8085937500
156362330.0925669670 6053739.1406250000
156543305.5792846680 6112639.4414062500
157116459.8812105060 6215246.8554687500
157107100.4446422160 6213532.4023437500
157915004.6380066872 6319038.1328125000
156316301.1159923971 6045045.6093750000
156914355.4094114006 6184564.8007812500
158590480.2402690947 6384744.6171875000
158830133.5835285485 6410078.6054687500
161508486.1344559491 6572604.6601562500
188162590.6230281591 6779348.4960937500
157062175.4464463294 6208300.7656250000
158923222.6495050192 6420107.0390625000
176630319.0377259851 6710780.7460937500
156401535.5511274040 6062626.1835937500
157007224.4144695103 6197468.6015625000
157163513.8648362756 6217152.1992187500
158683569.3062455058 6394773.0507812500
156991699.7759592533 6196870.2773437500
156311243.3061980009 6040108.8281250000
173488683.1886764467 6693403.9726562500
156298288.7021568418 6038732.4296875000
156610388.0646176338 6122362.5546875000
157891795.2152854204 6314995.8085937500
164874339.3767079115 6635822.7304687500
163093937.5480870008 6605769.9257812500
157617066.4571000040 6282677.1015625000
158254752.6510105729 6358760.4218750000
156811509.8666855693 6162988.8867187500
157226625.6702452004 6227619.3085937500
159542648.9898113608 6460300.1601562500
161591465.4028189778 6573868.5898437500
163351203.9752780795 6607990.6875000000
160205122.7430410385 6506838.3632812500
158507701.6131455600 6377931.8710937500
160030320.4260787070 6494540.0585937500
164070656.9893263578 6615242.6757812500
156756964.0410940647 6151169.3281250000
157336963.6961464584 6238196.4335937500
187622070.5573672950 6774354.8515625000
157231459.5373141170 6227716.8554687500
156886577.3065195382 6176542.8554687500
156879660.5514184833 6174482.3632812500
158401445.7351022959 6371619.7343750000
159306251.3011530340 6442635.8945312500
157612546.9529242218 6278981.6250000000
160029248.6473619938 6493054.4257812500
162475011.5677994192 6597924.9296875000
156794081.9240287244 6158780.0351562500
156864135.9129082263 6173884.0390625000
158308356.6691258550 6361591.3007812500
167363883.4797554016 6675258.8320312500
156483101.1096476614 6080678.6796875000
158144480.4880263805 6347628.2617187500
157077086.7476872504 6212533.3632812500
157278943.1434473097 6235774.5195312500
157563798.4529742897 6276348.8476562500
157605213.9932342172 6278851.1054687500
158795327.8730757535 6407334.0703125000
158513831.4501372278 6380963.5429687500
156525785.7445793748 6099724.9062500000
156776697.5249158442 6157160.5156250000
158416138.4247157574 6373946.4687500000
164858620.1100488305 6633771.3828125000
189081966.1631768048 6782541.8203125000
158120049.1104744971 6336678.4179687500
160400035.4703925848 6519782.4414062500
168122917.0097105205 6684164.1054687500
156440663.6092041135 6067263.6523437500
156512959.9138375819 6096482.9101562500
157267207.2261099815 6230248.9453125000
157533385.9156311750 6270668.7226562500
159111755.0573094785 6428930.1171875000
189101319.4528662860 6786855.6796875000
158044069.5786768496 6332798.2851562500
162646898.1801011860 6602719.1562500000
164052022.9008656740 6614332.9062500000
159325130.2937568426 6443658.5390625000
156469311.6234728992 6076082.4140625000
156736946.5290296376 6149603.3828125000
157801998.7648756504 6303930.3750000000
159524014.9013506174 6459390.3906250000
167470815.4051982462 6681892.5351562500
156554325.5888619721 6117184.5859375000
157018421.7474852502 6200334.2734375000
159362415.7345461845 6449437.4375000000
159182776.1910643578 6431601.6796875000
162562232.5352629721 6598130.2382812500
157275604.0040445328 6230891.1328125000
157188570.7821907103 6219183.5117187500
157291145.8705639541 6236922.6953125000
158226416.2004363239 6349510.2031250000
158676198.1035576463 6392722.5234375000
156491856.2633455396 6082479.5195312500
157028464.0007230639 6202466.9687500000
157805405.8648882508 6305420.0742187500
162795110.9317511618 6605765.9570312500
167012143.9146083593 6666032.8437500000
156448558.5569515526 6075248.9453125000
160014387.0279306471 6492413.7265625000
156473075.9205711484 6078242.7421875000
157147989.2263260782 6216553.8750000000
159752938.6618092060 6475194.1406250000
164339443.5215669572 6625787.4726562500
156642247.7506233156 6135438.7304687500
157712467.0884286463 6293742.5351562500
157767036.0213206112 6297540.5195312500
159682666.3471218348 6467141.2109375000
158128805.7484149039 6337344.6953125000
156711072.9180859327 6142094.2656250000
157505958.0233385563 6263928.8515625000
157794179.1786735952 6302055.4375000000
162347741.0545543134 6588301.0390625000
164199915.7064029276 6619458.1250000000
157454749.4717120528 6259603.2890625000
160697410.2036687732 6535603.7460937500
160052781.6284682751 6495661.9179687500
159884391.1748679876 6484040.4414062500
157468152.5211486220 6260351.7148437500
156732886.1484200358 6146748.4179687500
160086175.2281900346 6505362.4062500000
159168914.2153792083 6431299.3906250000
159908915.5905696154 6486519.5468750000
158027328.2928864956 6327855.1210937500
161646507.1230220795 6582831.6015625000
157264684.9243932962 6230151.3984375000
181881725.9421286881 6738675.0625000000
158011551.9920743704 6325590.1367187500
158091260.8626744449 6334501.2695312500
161386266.5450287461 6570002.1796875000
161184174.7709771395 6560211.1953125000
159807701.8960428834 6478206.6445312500
157951771.1094460189 6321905.6484375000
157183736.9151218832 6219085.9648437500
162675129.3255728781 6605277.0546875000
156668004.5571224391 6137157.0468750000
161124998.1606018245 6554091.8203125000
159734113.2736072838 6474221.2421875000
162384143.8775255084 6595704.1718750000
156478567.9117240906 6080441.4375000000
160946689.8910741508 6549208.1992187500
156435499.7062131166 6066711.8632812500
156584425.4581382871 6121036.2812500000
186904798.3679758310 6774327.0976562500
156618502.7446464300 6131664.3437500000
157402197.0906289816 6248513.4414062500
160266465.0843147039 6517241.7695312500
157676708.7223374248 6287002.6640625000
158391136.7843714952 6363935.1484375000
159005798.6076319218 6422798.0585937500
160205314.0427823067 6506901.4921875000
187780856.0263863504 6775045.0156250000
179902150.9768555462 6724136.3164062500
164520786.4854855835 6633190.6054687500
161241303.1621295810 6562420.5390625000
159164142.1026036143 6430691.9101562500
156771271.2156377435 6152009.7968750000
156730052.8263097703 6145193.7734375000
157685038.4394285083 6287403.6757812500
165870378.3578863740 6644961.8398437500
160934720.5609011948 6545790.4687500000
163115609.3379115164 6605942.6953125000
159710222.2827170491 6470850.8242187500
188274657.5217138827 6779808.4375000000
156513254.3773804009 6096990.7109375000
156494951.7337474227 6090836.5039062500
160442371.8957086802 6523767.8437500000
165065535.1877000928 6638351.1289062500
164395554.1773409545 6628315.8710937500
157808611.6038070619 6306591.3203125000
157886878.4675335884 6313732.9765625000
160497699.2591418624 6525371.4140625000
161217959.1230335534 6562372.7929687500
156599800.2035347819 6122289.6601562500
160864195.2112433314 6543891.9843750000
157408470.8411885798 6253896.5898437500
183429958.7354964316 6741503.2656250000
181695565.6542798281 6733935.1953125000
160049145.8142805994 6495512.9570312500
179472430.8909069300 6716157.5273437500
161334258.9980238974 6562607.8984375000
160215988.5354097784 6509494.1289062500
177627067.3744266331 6714086.5859375000
162330284.8718570769 6587375.4531250000
157353474.0091261268 6242142.9531250000
158743293.4627261162 6395929.4804687500
157967227.8929746449 6322818.1171875000
159804063.0964345336 6476258.4140625000
156537407.9564002752 6100245.1367187500
159559905.8685477972 6464128.7070312500
157862252.9232401848 6312709.6875000000
160077123.4530455172 6496543.8515625000
157940014.0540672541 6319966.5000000000
157687350.0047807693 6288260.5117187500
160708717.3076802492 6535873.8007812500
160961190.5335931182 6549721.9062500000
159963806.2613474727 6489203.8476562500
157740480.4804116786 6294354.6406250000
160596386.8139543831 6531854.3710937500
189782272.6773149371 6787106.0000000000
160883020.5994452834 6544864.8828125000
156695441.5564668179 6138743.1718750000
160843157.3724714518 6541805.0664062500
157377039.4529083967 6245460.2851562500
159185547.5279844701 6433504.5312500000
166418222.6992000043 6654520.4921875000
166189413.9734516442 6647520.6171875000
186776183.4341765642 6767032.9023437500
157513464.1845431030 6265437.0859375000
185455918.0656448007 6754422.1406250000
157323560.6467098296 6237448.0078125000
157656064.5119307637 6284192.8789062500
158081924.8439293802 6333958.3281250000
159636921.0499607921 6466295.5351562500
157192725.4810797572 6220464.9257812500
157447750.4459769726 6254514.4960937500
186713632.9848257005 6763438.8515625000
161300832.2297135890 6562426.3828125000
160999325.6009730995 6553193.6015625000
159399123.5791607201 6449642.6914062500
160471496.5684934556 6524740.7421875000
159475446.9337657988 6454916.4570312500
157661027.5727481246 6285688.1445312500
159123694.9918139875 6430668.6093750000
157780439.0707571805 6298288.9453125000
159446928.1628405750 6452810.6796875000
159322664.0054116249 6442687.9257812500
159266705.1067291498 6441734.0429687500
159488197.1918411255 6458578.7578125000
157352117.4063388109 6241680.5976562500
158545807.1774538159 6383306.3476562500
159328125.1919981539 6444575.3984375000
158130200.7519878447 6342312.2382812500
158109893.3879301548 6335973.3789062500
158725669.1354181170 6395656.7539062500
159349369.1187991202 6445424.6406250000
159221707.8672479093 6438684.7031250000
158657697.1530895233 6391110.3437500000
157354923.3405514657 6243057.5625000000
157260403.8016479313 6227919.1953125000
167221824.0042259991 6672541.6132812500
166921770.8712528348 6661647.9414062500
159546237.5716935396 6460322.2500000000
178544244.1328208745 6714094.5273437500
159984999.2279113829 6492206.1289062500
160813492.4698700011 6541049.9023437500
159465674.1203268468 6453753.3593750000
159615573.2358815670 6464277.6054687500
165302421.7189863026 6638777.3007812500
166744498.9896208048 6657017.5468750000
166333409.7919949889 6650743.9609375000
165665647.0814444721 6639286.0273437500
181080343.6115725935 6728374.7265625000
183433378.8216711283 6749127.2656250000
186466829.4087969959 6755348.2382812500
