45002886.9752212390 273680.2691612244
43903734.0846568868 185197.4894249737
44045490.0734017491 213022.9056131840
44105154.4497775584 221052.6823333353
46726909.8968910351 293838.5827636719
44442837.2062354386 247303.2242517471
43905464.6299080104 185234.4779923260
44014345.5374725983 210683.3287134618
44976489.4158485606 268941.8488769531
43892044.7067377269 179279.9269997627
44889339.1985580623 267651.4166259766
45211848.6374843940 280726.6032714844
44008948.5137561932 210014.2707300633
44299156.6264473125 239720.7811255455
44170403.1031589806 228658.7409231663
43885470.6358952969 179252.8362290412
44167962.9584892020 228583.9965994358
43939198.7453196272 194499.8649683446
44102125.1517449990 220780.4563944340
44675385.8399203271 261218.0817871094
44640782.5358719975 256759.1286830902
44361220.3263563886 243040.4677200317
43919362.1466180384 186568.9806132317
44348386.1093691066 241727.7576027960
44487855.7810061574 250551.6113071442
44029056.4629857913 212046.6157548875
44552015.9229318574 252538.2275366783
44576259.2247600332 253594.4704971313
43915981.6936538741 186352.5042278171
44222670.6101420596 233919.3520110697
43898335.3326626271 184497.6682319641
43998303.6336491033 208689.2969470471
44152550.8001658618 227554.7801859379
43911055.3598941192 185749.1925555766
43902005.7754422426 184736.0668144226
44075446.2349183708 219728.7489488572
44271075.4086457416 236713.7353115082
44831398.1377517432 264590.4469451904
43853795.6423311532 157029.6963979639
43922770.7365551144 191555.2141965479
43979410.9175239801 202403.3055072278
43933386.2695569471 192695.2391478866
43993480.5649923608 203691.9328020066
44472940.9948814958 248556.9262638092
43895160.8252020404 184424.2187725604
44371954.6742353737 243829.5009708405
44391913.8205026388 245044.8200992942
43971117.8898607567 202360.6126699448
44066073.5034730434 216882.1909175366
44550919.7096645907 252303.5811977386
44361451.3783683702 243709.5257034302
44289508.6398770809 237170.6729907990
44064420.0519251972 216319.8392087072
43871711.2088435292 171285.2996177562
45045662.7032203451 274706.1257324219
45424853.4036162198 287818.1052246094
44070049.2112019658 219059.6909654588
43849801.4454698563 156140.3180257715
44137291.7694264278 226162.0837877244
44273485.3173082024 237098.4550628662
44068718.1245116368 217061.3802514076
44412040.3491367549 245468.1773223877
44069106.1589077935 218155.5520494431
44374969.9053066596 244546.0304164886
44086383.2152122706 220116.2623591870
43847237.2599055097 155922.4662343897
43865152.8264178783 170178.0694541819
43929272.0380002782 192569.0222333521
44519708.0152955726 252281.0074615479
44194161.7650976926 229906.8126220703
44058329.0229503736 213222.5235896558
43881223.6715736091 177935.6202354319
44130951.6934158728 224588.8868883103
44240011.7349908426 234581.0287647247
44416729.9817741141 245878.3726277351
43925218.2158862799 191646.3260778040
43919180.9498305842 186560.5091953874
44248126.6180813536 234655.7730884552
44496883.7162084058 251383.7651576996
43951653.4791088775 199402.4232176393
45291093.8848271668 282815.2353515625
44770635.4480527714 264514.3004760742
44008005.4614620209 209110.1318140477
44761607.3514725417 261606.9951171875
44164733.8939754441 228222.4382495880
44007245.6797787175 208803.7419214696
44353524.2422410548 242546.0365161896
44910151.6594791412 268018.9717407227
44480529.8763994873 250262.8358097076
44265370.7730103210 236414.8917846680
44018874.5825626329 211302.1401842088
44204947.0505095944 231039.5282592773
44509608.0153400898 251966.3719329834
45391070.6242437139 283164.8808593750
43959821.5327795520 200451.3362877220
44023659.4392693713 211427.1731584519
43979703.6560105979 203544.5894029588
43919574.2101945132 186597.5514844060
43877776.0261515304 176703.6565586627
43965540.8458097950 200995.6160960644
43963021.6371377334 200691.0505124182
45014577.9245813489 273714.2239151001
43842604.1362837330 149838.7489030063
44193330.6034250706 229377.2863156796
44249094.6678668857 235214.4364829510
43867604.2097486928 171066.8653826863
43957374.0534483939 200293.0540344566
44036847.8959746882 212780.1885240525
43857015.8451729864 163499.4248008616
44181854.8937307298 229266.1599578857
43951609.8856033087 194904.5324153900
44119167.3806204349 222639.4869137853
43860519.7027961016 164094.3521227986
44200253.2344700992 229910.0663452148
43965634.0085422248 202255.9621081799
43995389.2782149017 206945.0181387514
44262521.7020006701 235877.2305984497
44163546.9136494175 228147.6939258575
44563073.6508648321 252668.8023834229
43970432.4760099202 202268.7157464474
44918887.5616923645 268272.7908935547
43984502.1234782860 203557.3430412263
45546553.3995647579 288540.2443847656
45568871.2508224398 289185.3583984375
44405442.9473019391 245180.0578765869
47445441.6752404347 299213.9462890625
44833462.4308788478 266951.9293527603
43937313.4020445496 192760.0816953182
44100321.8306364641 220580.7075455636
44657262.2976189852 258363.3281860352
44150119.8795156181 227484.8998103589
43864100.3521255627 164268.6029753871
43858732.6909273863 163680.0170156397
44292344.5085048005 237472.8630981445
43876326.6599127203 171496.2587017566
44618127.6014349684 255638.1993350983
45259238.6910704002 281384.7703857422
44622071.0997390673 256283.3133487701
43854930.1937730163 162637.8427890129
43894659.7038832158 179306.4651056826
44192960.7938136682 229280.4095630646
44291930.4400517344 237215.0501251221
44951926.5459616631 268554.9034347534
43922562.2509762198 186653.3336184025
44212314.2208347395 231926.3606431931
43906546.5392583758 185386.4175716937
44585075.5447260365 254151.3739471436
44289453.6136153266 237162.8153820038
44193449.8079167753 229379.6925334930
44346423.7137343511 240780.2083740234
45127979.7046594247 274967.1262207031
45111015.4527452216 274941.6761016846
