43745993.7896573097 664570.7939453125
43961361.8444849402 692986.0214843750
43854419.9162594154 678864.3144531250
43121153.3381550536 454872.8334960938
43477811.3854396939 611125.2001953125
43727475.1247711331 662049.3740234375
43092875.7108909339 416435.0625000000
43132363.3696922362 473558.7592773438
43145263.2203657404 499147.0747070312
43302775.5136723295 567896.5156250000
43618778.9788226560 643635.3476562500
43863811.6419763789 680798.5976562500
43150260.8667337969 502263.5610351562
43233506.9012339562 546726.4921875000
43541966.9331448004 623962.0712890625
44069299.7663434371 705078.2167968750
43242336.2848665118 547925.6279296875
44404840.8311815560 733443.4804687500
43113615.4371637106 441996.9843750000
43118080.7844637260 450764.6118164062
43843081.2502160072 678160.3261718750
43235863.9147071242 547073.2197265625
44777628.6738610864 756967.2851562500
43507375.1394854933 620359.3125000000
43648981.2773951441 647922.4628906250
43968693.0390697569 693460.6972656250
45220798.3226833269 774414.5488281250
43163538.8728165179 510019.5712890625
43203914.9845148772 528077.2382812500
43371868.4122888967 588278.8378906250
43196062.9118107483 526197.4765625000
43128846.4466063827 472164.2670898438
44439017.8424946442 733594.4785156250
43186156.6341780871 521714.3984375000
43402564.9619711787 595044.8447265625
43768280.8668839708 669982.7558593750
43125507.9962397367 469604.3496093750
43211324.0328098983 531092.3847656250
45136951.3696592450 771840.3085937500
43553303.7178253457 627037.1855468750
43334723.2911326438 579314.9785156250
43182462.3429418355 520511.5605468750
43359175.2102762088 585221.7412109375
43099740.5573171452 427382.2714843750
43217043.5348462015 533132.1992187500
43168154.5682559013 514742.0000000000
43640028.1762458980 647327.4482421875
43126142.1579430774 470023.7978515625
44271339.3202516884 724003.6992187500
44450112.2309908494 734451.4472656250
43169418.1900278777 516041.6376953125
43112575.3255923092 434868.7202148438
43318416.4339037910 571822.9990234375
43421331.9397095442 599573.6474609375
43254437.8606363237 552271.8789062500
43593872.4212144017 637620.5205078125
43206351.5241444483 529690.3359375000
43188847.0885788798 525480.3671875000
43537254.8781699762 622321.9091796875
43840675.0932120681 676238.7382812500
43657098.2191660255 648153.7861328125
44058548.1658025831 704357.9042968750
44270799.3247372955 722027.6367187500
45141400.0439101309 772890.7402343750
43234742.5162587464 547051.7744140625
44100906.3395992741 710220.2031250000
43823724.6650315970 672795.1396484375
43941919.8068403453 689281.6816406250
44242932.2385683432 719302.8007812500
44513070.2599802762 738809.5585937500
44882436.1612030268 764655.4570312500
43391964.4784499779 593525.6240234375
43774457.2557445616 669986.1601562500
43894015.8644771576 683653.3125000000
43441824.5132267401 604967.4267578125
43999294.1555366293 697628.8105468750
43660540.7548381090 648211.5732421875
43218940.6238704398 536409.2636718750
44145103.2200859860 713584.0058593750
43490929.6306375414 614762.1914062500
43467157.3433556110 608937.7304687500
43440614.9746029079 604509.3759765625
43331103.2017837837 576232.4160156250
43871125.6556489766 682173.5839843750
44678407.2579526082 751294.9101562500
43181169.3149138689 519071.1289062500
43345932.1281140968 581879.1708984375
43740042.7920104861 664190.9384765625
43092785.0683708116 412351.3466796875
43166876.3508266881 514684.0351562500
43261853.8091429025 554634.1113281250
43292747.6176984981 567564.7197265625
43618436.9658545107 639569.8671875000
43215379.2970903292 531338.1865234375
44122052.4684158117 711933.7988281250
43405157.6878712028 596023.5136718750
43180381.4480757117 518133.4042968750
43290736.0284198821 566406.7529296875
44007178.9447383732 698062.7773437500
43246102.3207266480 549644.3515625000
44248241.8767604679 719357.7128906250
44983487.1415987685 766063.5820312500
43242969.3329996467 548531.4599609375
44112000.7280954719 711152.1406250000
43121345.4244670495 455407.7348632812
43742263.8045035824 664258.8876953125
43743137.5893895105 664288.2177734375
43340249.7016484439 580647.0478515625
43396388.5731105953 595040.6025390625
43924905.4949019626 684558.2968750000
43120894.2472306266 451834.9716796875
43739538.8447963223 663986.1494140625
44188514.4400755763 716387.6992187500
43256794.8741094843 552618.6064453125
43272092.2151624188 558047.5986328125
43229680.7104069144 539293.1953125000
43832717.3668350875 674724.2041015625
43231080.9973601550 539496.1337890625
43430487.8119966388 599916.1132812500
43490615.5794466883 613698.2890625000
43122183.1594658867 468811.5981445312
43577140.2787858248 634222.9589843750
43135180.1907909513 481102.0263671875
43288413.5847499445 562414.4921875000
43428742.3225876316 599834.9882812500
43318737.5121342689 575761.3906250000
43332582.9376937896 577360.6054687500
43314291.9244573489 571623.6406250000
43624955.3676832616 643638.7578125000
43386261.4105043262 590447.3398437500
43118311.1922697425 451777.6401367188
43998837.6478342637 696742.6757812500
44545191.8247257173 740868.7832031250
43414787.1366336644 598275.0019531250
43753307.8033298999 665945.7802734375
43112086.2276604250 433758.4951171875
43143393.3066327572 484232.4501953125
43828642.6646672040 673801.9326171875
43364350.8642985895 586618.6806640625
43700165.1119012162 656767.2294921875
43281656.3681673706 559393.9599609375
44701529.7397438362 755802.4980468750
44436706.9655380622 733469.1484375000
43817548.2761709914 672790.7333984375
43714790.6717716083 657518.4628906250
43525988.7302326113 622011.0244140625
43547416.3838308156 625978.0937500000
44550501.4629178345 740923.4101562500
43113088.0464182347 436765.9570312500
43727020.7644226998 661452.6689453125
43650921.8303054422 648150.3818359375
43271881.4296147302 556126.8798828125
43758225.8029655218 667006.5302734375
44631115.1534698457 748114.3261718750
43207629.7415736541 529806.9453125000
43747131.4144693092 665942.3759765625
43682190.3888187781 653758.3564453125
43915381.8216443062 684009.0214843750
44638538.8098466843 749343.6230468750
43161661.1107983068 507891.7119140625
44468830.5331756026 736744.9492187500
43538782.7465695292 622501.5126953125
43158445.6413245723 507606.5546875000
43603999.5838206783 639024.8652343750
43309979.3845250830 569340.9677734375
43979214.2713283598 693584.0917968750
43355968.8053210825 584475.7548828125
43870204.5713132024 680881.8339843750
43698345.0440490767 656286.9130859375
44823757.8293334544 757345.1171875000
43408166.8418842554 596142.3076171875
44359486.3786516786 727775.9843750000
43587696.0323538110 637617.1162109375
43679911.7914378792 653754.9521484375
44350266.2843393758 726311.7031250000
43206078.6193890348 529093.9248046875
43354148.7374689355 584043.2666015625
43719058.3570779338 658371.0830078125
43200340.5965492800 527382.7480468750
43595925.2988929898 638502.6689453125
43332097.5345120132 576350.8613281250
43222145.2637256458 537218.7216796875
43583638.1792199910 637460.3466796875
43270096.0221404210 555322.9492187500
43116307.6794657111 444788.7900390625
43282784.7685452625 560441.4648437500
45437264.7077578530 777466.2128906250
44393654.6813139394 731276.1210937500
43886313.4704292789 682359.9023437500
43737345.8048679605 663198.1376953125
44879694.4454860687 760565.5839843750
43762744.2922219634 668046.8994140625
43925814.0237244442 684909.3515625000
44584042.8850483000 747141.2011718750
45093779.1952341869 767785.4160156250
43481074.9264960885 612765.5732421875
43106699.8455921412 433297.6494140625
43731169.4160073698 663194.7333984375
43471413.6180756837 609168.2568359375
43581606.8278588280 635708.5312500000
43697182.5687946677 654821.7158203125
43707963.9685817212 657404.0068359375
44038095.3013814986 699318.8164062500
43694644.6251483187 654702.9589843750
44466935.6365472823 734465.6015625000
44862498.8154445514 759216.1386718750
43393203.2668415755 594992.6689453125
43457701.8425205424 607027.5292968750
44369756.6442568153 728526.4433593750
43435911.1501555070 601036.2519531250
43950910.9727556780 690321.6152343750
43614994.4301824272 639549.4453125000
43547342.1804984137 624421.2216796875
43380085.0216437355 590442.9335937500
44486970.8722255826 736799.5761718750
43595903.5849735066 638076.4160156250
43689925.7255287841 654450.6982421875
43724955.1886513308 658533.4130859375
45282945.4276269302 776859.4414062500
43567521.3542531654 634195.5664062500
43662301.1334492341 651788.7314453125
44371392.8090542927 730171.1953125000
43438433.7603234872 602776.1748046875
43555312.5313708782 629964.9130859375
43812202.5185016915 670596.4863281250
43460484.9632804096 607075.8330078125
43500180.3176309690 617258.1103515625
43678831.3370325714 653424.7041015625
43986299.5149673671 694113.1523437500
44094258.4546905309 706328.0917968750
43789645.0705248639 670105.2949218750
43567008.4121931344 630561.8125000000
43928648.6724075973 686541.9960937500
45211626.0012012273 773586.3261718750
44332059.4002292007 725881.1425781250
44958736.1548838094 765561.5898437500
43539830.1896117330 623106.0371093750
43466661.3521410003 607079.2431640625
43918637.4914117008 684099.2714843750
43573697.7431137562 634198.9765625000
43504711.3647727296 618477.7822265625
44404749.0698101446 731987.9687500000
43495661.4780631661 614799.6093750000
43455428.9016506374 606199.4091796875
44174951.9025516510 714515.9433593750
44186920.0759337917 715609.4277343750
43554973.4540102482 627195.2109375000
45117423.5279789940 768779.1406250000
44770940.3169029504 756281.1230468750
44218363.1225412339 717319.6367187500
43919309.5669058859 684535.8398437500
44092748.8301679716 705410.7460937500
47780072.2773328647 800840.6210937500
44572856.7026463225 741717.8847656250
47047106.5289510563 792566.8476562500
43890831.9596857280 683489.5820312500
43855350.0831875950 679841.9003906250
43816892.6691440418 670826.9765625000
43937528.1048423201 687872.1328125000
45513243.7646390349 779977.7695312500
43941360.7698628083 688694.8261718750
44324909.7375781983 724029.3671875000
45636314.1334991157 781271.2285156250
44389960.3900776953 730414.1914062500
43926476.2101405114 685034.1992187500
44860238.1173329651 757458.2070312500
44520622.7086986229 740121.3261718750
45502039.1318525448 779203.4824218750
46555469.9164991826 789997.4492187500
44038757.4877975583 699443.6640625000
44492086.1593531966 738169.1816406250
44490665.1634618342 737499.5898437500
45697821.6233145148 783528.7871093750
43935271.5653678253 687177.9511718750
43838603.1654634029 675096.0585937500
44027663.0993013531 698418.4863281250
44366064.3423981518 728261.2753906250
45710539.7486854866 787485.8925781250
45524490.4164183810 780536.7500000000
45709117.4416687638 784227.4433593750
44042451.7790338099 699692.3808593750
44399605.3821795583 731477.5878906250
44364989.8230755702 728158.0468750000
44261004.3745568693 720012.1933593750
44263908.5744722933 720087.3710937500
44231634.5809357837 718106.9296875000
