43164072.1199076623 523078.2744140625
43937521.1762207225 692986.0214843750
43504061.3373178467 624273.0029296875
43432472.1360236332 608557.5595703125
44233238.6403766349 724765.2011718750
43259455.1412953734 564525.6660156250
43305001.1220063940 580173.9082031250
43131210.6863936931 495330.2734375000
43097287.8971498609 463039.1201171875
43077581.7865768820 425491.5415039062
44238363.6176238284 724976.2695312500
43127281.6297504902 494695.5625000000
43698888.4512158111 659068.1455078125
44194845.8259835169 720995.1406250000
43102333.6649033129 471148.3154296875
43210817.7688342407 546424.8535156250
43273076.4314688966 569391.5068359375
43160397.1041025817 522447.2939453125
43259328.7154601142 563985.3046875000
44164673.7718113661 716387.6992187500
43111989.5483298004 481053.0917968750
43529062.1819355339 629127.4970703125
44111893.3492713496 713724.1074218750
43101197.7599529177 467901.4941406250
43224091.5557684079 550994.9316406250
44551871.0453536659 749743.4980468750
43098580.4725127593 465002.0966796875
43218408.5150973126 548168.3496093750
44398254.0397492796 737142.8300781250
43211550.8048947975 546537.6875000000
44441443.8382093906 739519.1113281250
43520530.1131763086 627971.9287109375
43562375.3278994784 633956.0166015625
43689438.3300655335 655946.9414062500
43762108.8285364285 670358.5429687500
43751700.7082554922 668026.7578125000
44540169.5239216909 747424.3046875000
43223120.2720757425 550786.1015625000
43675601.7741382346 654921.3261718750
43441258.9701606408 609914.2158203125
44738680.8546591550 760547.9140625000
43455749.0124135762 614833.2216796875
43075671.9955655783 418494.2416992188
43250339.4436653554 558679.9052734375
43169644.9830268398 526389.1347656250
43161272.1172509789 522895.3876953125
43200061.7180392966 541183.0039062500
43174965.1690184921 526717.5068359375
44246257.0854578242 725858.6855468750
43066929.3032328561 385163.3193359375
43083159.2784538940 439912.9443359375
43108966.7796261907 471687.5292968750
43187269.4160246328 536471.9511718750
43304531.4027639478 576780.3847656250
43206837.0050227866 544965.7656250000
43478263.1483074054 617496.0263671875
43349129.3368598372 591901.1728515625
43428457.8336287737 607772.8916015625
43790600.2630857155 673879.7890625000
43086180.2351713926 441489.8979492188
43394692.5168255568 601047.3710937500
43558654.2966404036 633523.1142578125
43085720.4365476891 440656.1064453125
43136486.6662355661 503064.8798828125
43189562.2416633964 537626.7519531250
43086939.4563980997 442051.7792968750
43184534.1352340877 533928.4472656250
43179023.9519988000 531600.0947265625
43489895.2351065055 619144.1904296875
43226568.5159133822 551602.9814453125
43817843.8813418001 676299.4746093750
43204213.5619632155 544617.3964843750
43165567.1849032789 523454.1640625000
43224351.7884349972 551142.3691406250
43337354.1502657682 588876.2265625000
43399748.9039546698 602271.0019531250
43203608.2379376814 544036.9013671875
43145632.1880115271 511775.4375000000
43095685.0897340924 460130.9716796875
43539405.9165965691 630807.4775390625
43120765.8731059581 491094.2763671875
43221852.6555305794 548308.5107421875
43126150.5148662925 492757.7685546875
43324642.0528105572 586363.2939453125
43310894.3368017748 582134.4257812500
43119634.7582217455 489497.2812500000
43406599.5690609366 603385.4433593750
43117868.8785656989 483416.3730468750
43540407.1611082032 632253.2089843750
44669699.5909724981 757685.7382812500
43192918.7207835317 537976.0449218750
43387199.5617228448 599775.0009765625
44955839.1818867698 766396.7597656250
43249835.4964511916 557953.8867187500
44333203.3872497827 733789.9882812500
44459959.9614147618 742288.4472656250
43508625.1005514413 624609.7880859375
44321602.4001484886 729493.5996093750
43210313.8216200843 545756.0654296875
43267133.1581312045 566380.4101562500
43768897.0292526260 671176.5332031250
43750624.8326260895 667089.8242187500
43162954.8192086071 523053.2880859375
43592119.4816885218 641291.4179687500
46456718.3456062376 789997.4492187500
43208029.2905403152 545098.8447265625
43119379.0037836507 486457.6767578125
44767908.3441988602 764668.6054687500
43099783.2374649942 467122.4121093750
43284500.2979199663 571267.0947265625
43149184.7643136606 512273.9550781250
43289919.8150346652 571729.7656250000
43118169.4418689087 484457.0947265625
44972154.5935764164 774414.5488281250
43150782.0998364314 514483.6591796875
43668722.3630199283 654692.4355468750
43095755.0161515176 462142.5390625000
43978187.3120096475 699301.4570312500
43356002.6899952516 593064.6416015625
43820339.7731144056 676529.6054687500
43097889.3460867628 464351.7226562500
43144091.9360182062 511004.8417968750
43272572.4842547402 568722.7187500000
43068130.2309236079 392501.4770507812
43496927.3995891809 620907.9638671875
43780865.2026347741 672270.0175781250
43400229.0914875641 602634.8857421875
43074551.9902482405 418488.5073242188
43088698.6104400307 453616.6689453125
43981920.3957772776 699643.2812500000
43541741.2298774347 632256.5195312500
44751984.4756342098 764041.5507812500
43070425.6343447864 397213.0620117188
43746930.5413898453 665944.4648437500
43957312.3616747931 696771.5527343750
44959390.6359632462 768647.5859375000
45292883.9747687504 777466.2128906250
44589507.9926631227 754332.8964843750
45519464.0503644943 780134.6152343750
43146755.7737176120 512130.5800781250
44461686.7259953171 745080.5136718750
43253435.5006647334 563202.1210937500
43098677.6543890908 465952.0722656250
44524253.6002713442 746510.8789062500
44422529.0822915360 737524.5234375000
43265480.8956823871 565094.2568359375
43576506.6039358601 638322.2236328125
43317149.7601746246 583203.4316406250
43870512.1343299150 684169.6621093750
44026688.4068586975 702601.3808593750
43087249.8491526917 447010.1093750000
44868504.4179435968 766239.7265625000
43188116.6677453965 536987.2695312500
43252931.5534505695 562533.3330078125
43209196.5209210292 545535.0029296875
43154192.2261742651 515638.5214843750
43135139.8586831838 501050.5087890625
44642298.4937609136 755815.6464843750
43147502.0623560324 512169.6210937500
43680690.5364020690 655785.9199218750
43091235.9769771248 454526.5527343750
43093936.7904367000 459951.8779296875
43970826.0072810724 698579.1269531250
43576882.0294801220 638431.5205078125
44386601.7525761947 736084.0898437500
45412716.0759350806 779977.7695312500
43070528.0803774819 399346.6401367188
43537585.5938040316 630358.2890625000
43114903.1780015156 482279.9121093750
43115881.5658311918 482706.9921875000
43133412.4343029857 499530.8056640625
43071126.1858701557 409866.4658203125
43320253.2580566183 583940.1250000000
43368666.1886096597 594041.4150390625
43244393.9660282731 557799.4501953125
43637819.4393068105 648198.4179687500
43950277.8537055925 694807.9687500000
43922696.8025707975 691609.9609375000
43119012.0637043715 484513.9785156250
43183570.2342080250 532824.7314453125
44051403.7804837152 705577.2109375000
43138568.3070486486 504970.9189453125
43705039.0623382479 660290.6933593750
43065239.7518220022 382468.8032226562
43078902.9183917940 438299.7968750000
43653539.2013175637 651064.4697265625
43607091.5240399167 645252.6542968750
44378377.3211486936 734987.5859375000
43165987.7399476543 524263.7724609375
43077676.7578205466 432816.0083007812
43346269.0910643637 590172.4785156250
43629301.3944102153 646507.1601562500
44127506.2270240039 715325.4199218750
43666009.2085739225 653335.4501953125
43152464.8017940670 514587.9931640625
43592623.4289026707 641587.0039062500
43372167.5815544426 596885.8027343750
43491789.1841492727 620894.5224609375
43489571.2950648963 618890.1357421875
43092042.8990584612 457150.2080078125
43283664.3916618153 570660.7597656250
43606790.3475252986 641779.0048828125
43637577.2028556317 647398.8193359375
43525624.4049106240 628991.7392578125
43302409.9216579422 574403.9951171875
43236996.9731607139 553838.3632812500
43159044.1763935164 518501.9111328125
43647163.5110151693 649414.2724609375
43076094.2725679278 420507.4951171875
43630899.6792556271 646810.5585937500
44040309.3919875026 704513.0566406250
43221311.1055456027 548219.3095703125
43384231.4321364537 597152.7548828125
43289933.0221322849 573482.5488281250
43525248.9793663695 628882.4423828125
43072862.4388373941 410834.5644531250
43486756.5567014366 618478.4345703125
43906870.6881680116 687082.6806640625
43446683.0684773251 611483.0830078125
43951313.9861212447 694816.6230468750
44087117.4116553962 711001.8613281250
43222850.3148366809 548397.5732421875
44014869.7842120528 701603.9980468750
43315150.7171513140 582641.3505859375
44329347.4295996279 732511.5429687500
43631932.1111501828 646977.0976562500
43111729.3700180575 475449.9648437500
43648195.9429097101 649580.8115234375
43407941.7474794760 604190.4023437500
44210728.4415945485 721750.7519531250
43661071.2816753909 651565.8007812500
44423694.6936345920 738473.6054687500
44537302.0456795841 747237.8984375000
44371065.7128817886 734490.0878906250
43132381.5700496510 495793.3574218750
43141022.6784190163 505572.8779296875
43331135.9446093813 587109.3564453125
43178265.5813974962 527461.8203125000
43218263.2345319465 546919.9199218750
43324024.9444085732 585053.2207031250
44328544.0108361244 731117.2578125000
45278070.7680922002 775716.9062500000
44104452.5339393914 712272.2714843750
43743602.0460158661 665043.5048828125
43491510.0198550448 620869.7832031250
44967192.6980452761 772009.3242187500
44072098.8210982829 710433.8828125000
44263527.8628146201 726788.0117187500
43502498.0006509423 622089.3593750000
44144777.0043807998 716254.7460937500
43298032.5309984758 573897.8310546875
47023992.6911771819 790475.9746093750
43427235.6964888498 606789.1748046875
43453965.2294073775 614103.8261718750
43780533.1949183270 671310.5429687500
45406303.8980074674 779931.0566406250
43953419.7706745788 696071.5703125000
44206910.9182650894 721685.4062500000
43368532.4712212086 593697.9560546875
43761388.4368969947 668735.5644531250
45569228.1063847765 787485.8925781250
43921981.2559604570 688248.9755859375
44736242.3117729723 759803.0312500000
43953134.0539733842 695090.5449218750
44069009.8647011891 708162.0761718750
43453075.8380590901 613704.2041015625
43902625.7556322068 685441.3867187500
44283424.6302451938 726920.9648437500
43940301.5254767314 694024.9355468750
44716779.7748508900 758744.7792968750
43928873.1914313883 691613.3652343750
43967415.8809432536 697725.0683593750
44304567.7121863589 729239.2578125000
44216959.6117100418 723071.7617187500
44228054.0002062470 724003.6992187500
44107666.7878019288 712354.2363281250
44088160.0598312616 711152.1406250000
44079811.5890675858 710625.4453125000
44070225.0738691613 709773.9980468750
43952850.3652299494 695010.7968750000
44089696.4389399663 711346.3144531250
43946816.9916979596 694161.3769531250
43853359.0983158052 682170.1796875000
43846949.1329912096 680320.6699218750
43830987.1345292702 677965.2382812500
43651890.2341459543 650732.3173828125
43843573.4887144566 679425.9414062500
43885745.1837680191 684564.7304687500
43849664.8070795685 681024.8203125000
43859535.4871763885 682173.5839843750
43831491.0817434266 678160.3261718750
43813376.7941863686 674236.7978515625
43743437.1232330725 664797.0166015625
43731169.4160073698 663194.7333984375
45282945.4276269302 776859.4414062500
43567521.3542531654 634195.5664062500
43662301.1334492341 651788.7314453125
47780072.2773328647 800840.6210937500
47047106.5289510563 792566.8476562500
45524490.4164183810 780536.7500000000
