37492052.7294901013 1109687.3730468750
34776764.8623673841 1109336.9921875000
35447841.5245421454 1109373.3408203125
36154945.0347483680 1109448.1025390625
36094344.2510590702 1109440.4746093750
30636010.4365542270 1068467.8154296875
37382346.8869206235 1109628.1835937500
30491325.4226963297 1056448.6484375000
30654954.2246731520 1069472.7949218750
35916166.8432107866 1109419.3105468750
30188227.1944117770 1030218.0126953125
31206701.7799379155 1096319.7753906250
29980058.4957173429 998877.1494140625
36955660.6540806070 1109574.2148437500
37088354.8741220310 1109579.6718750000
31234448.9016976655 1097650.4199218750
30016551.6540528275 1010150.3183593750
31530029.6580668986 1101830.3369140625
30696044.9951385036 1073055.3466796875
30625121.0066804439 1068432.3154296875
30588463.3172785901 1064620.1767578125
31167071.8781868629 1096276.6826171875
30616179.5176846422 1068428.1757812500
30993571.8800576180 1090383.9609375000
31537781.4936045781 1101840.6416015625
30351810.2212090902 1045347.2822265625
30271826.8058069572 1039250.7890625000
31551618.5145437419 1102036.6123046875
34377671.6647375673 1109327.9189453125
37255483.3280540705 1109599.3320312500
30425381.6961784773 1053063.5869140625
37042078.7480929345 1109575.1923828125
30201509.2814726308 1031268.6474609375
30394834.8263941109 1048825.1855468750
31486452.7524740621 1101701.2275390625
31018434.3438793458 1091159.5537109375
35050964.2833828852 1109341.0869140625
31480321.0345936492 1101700.7587890625
30168524.8734128214 1027742.4199218750
35164360.1951059625 1109351.3281250000
30669449.3082991987 1070380.5332031250
31540743.9526878297 1101905.0107421875
29962312.7813718319 990741.3750000000
30035008.8806915469 1012693.7714843750
37286858.3259961456 1109599.7421875000
29984199.5189025439 1001380.1455078125
35182011.7764347345 1109369.7246093750
37112912.6110203266 1109589.3857421875
30664113.7432337478 1069483.6025390625
30420117.6980574504 1053030.5830078125
30372624.0309845656 1046052.4541015625
30332366.9390671030 1044964.9326171875
31102915.0776570737 1091990.5195312500
30372816.2709890306 1046651.0175781250
30656066.6037529185 1069481.4970703125
30524906.6843759790 1059286.6982421875
33692611.0618103966 1109327.4472656250
30783755.2351599485 1076639.2714843750
31450177.1906134188 1101187.2988281250
30397665.4957724214 1049584.8027343750
30497804.8405538388 1058753.7294921875
30196639.8640846908 1030537.6875000000
31075853.1942520961 1091847.0771484375
30857751.6347295754 1083846.8730468750
36766320.7195129693 1109551.8701171875
30800856.3599096760 1078678.3730468750
35520288.3281701505 1109415.0283203125
30466641.9991081618 1056239.7392578125
30831314.4311416894 1081092.9189453125
30397562.5449304432 1048918.9111328125
30597225.6645133495 1065726.0439453125
30106792.1418310925 1023466.4931640625
30136517.8512513377 1026447.5185546875
30020692.6772380285 1011505.0966796875
30459323.4417850487 1055668.5761718750
30056635.3115818724 1015455.2763671875
30471905.9972291887 1056272.4580078125
30084236.9887040854 1019476.9921875000
31441849.6763664261 1099855.9833984375
30268752.0117654502 1036758.0341796875
31476501.6149101853 1101240.6474609375
30455498.6110444292 1055638.1425781250
29990181.8926991820 1005463.8623046875
32599058.9864555448 1103655.9716796875
33308030.3524514064 1109275.1972656250
36252415.9426783770 1109478.2900390625
30717918.5194186084 1073769.1894531250
32846670.9093824998 1109235.0146484375
30051687.1130659357 1013312.5898437500
30290339.2612280287 1040956.0214843750
30953135.7493121214 1087693.6875000000
30935560.7931037024 1084757.7695312500
30539832.5183929168 1061371.4521484375
30574223.6769680753 1064351.6240234375
30115376.0027731992 1023512.0966796875
30962077.2383079194 1087698.0595703125
30590541.0459948741 1064813.3066406250
30764186.6418760754 1076562.6289062500
30701308.9932595380 1073088.1484375000
30866693.1237253733 1083851.2451171875
30161736.5573790632 1026680.3837890625
30531940.5558134690 1060859.8925781250
30537204.5539344996 1060892.6113281250
30231540.7719708346 1035044.7890625000
29988768.5880503133 1003293.8134765625
30559656.7562195249 1064344.7880859375
30418806.7684488855 1052156.0292968750
30673052.6679426059 1071668.2431640625
31300568.9832039475 1099174.5898437500
30681994.1569384038 1071672.6152343750
30568598.2452153265 1064348.9277343750
30506514.9328868091 1059249.1660156250
30579487.6750891060 1064384.4257812500
30441003.5274183862 1054730.6904296875
31421376.2434845790 1099219.9414062500
30548513.3681557961 1063743.4775390625
30670619.3722118512 1070482.6533203125
30670561.6873789653 1070388.7529296875
30890964.4477394372 1083864.7041015625
30402800.6803199276 1052143.5839843750
30515456.4218826070 1059253.3056640625
30263286.2981760874 1036611.7734375000
30723761.1955445632 1076542.4814453125
30732702.6845403612 1076546.3408203125
32355034.0674977601 1103526.4873046875
30376523.6472942792 1048667.3623046875
30127677.9711920358 1024593.3798828125
31132518.7406323180 1094386.7119140625
30250984.0541128181 1036309.0712890625
30236488.9704867750 1035283.4345703125
30526061.1658707745 1060291.2949218750
30479924.4268491864 1056346.1318359375
30295287.4597439691 1041822.2851562500
30247610.1632873155 1035805.0507812500
30828678.0606363788 1080372.7724609375
30803526.3936131224 1080371.4267578125
30557454.8571515940 1063747.6171875000
30085650.2933529541 1021960.3681640625
30179161.5839443170 1029395.1699218750
30398975.8495793082 1052113.1503906250
30075526.8963711224 1018767.7470703125
30792667.6914350204 1077126.3466796875
30542959.7735255510 1062839.8935546875
30038669.3991823383 1012774.5996093750
30052066.2424341068 1013541.9570312500
29972436.1783536710 997063.9892578125
30157403.9562567137 1026581.4326171875
30521081.8536353633 1059256.0253906250
30179259.9094235897 1029764.6015625000
30358005.4107568823 1045944.1035156250
30192976.5278973430 1030288.9902343750
31761711.2076959163 1102994.3867187500
31811362.8580333292 1103017.1914062500
30126235.4239730760 1024469.4951171875
31901360.8659259975 1103026.3955078125
30193656.6675703600 1030420.7822265625
31591006.1087141335 1102884.3193359375
29968295.1551684700 995455.0380859375
30084138.6632248163 1019421.7480468750
29995130.0912151225 1007606.4101562500
30206763.2610665299 1033731.5322265625
30311225.0905889682 1044047.4814453125
30017783.5698213950 1010370.1826171875
30102774.7700360641 1022060.3427734375
30404239.8477003388 1052146.1445312500
30170549.8170906156 1028404.0146484375
30221258.3446925730 1034757.1591796875
30058048.6162307449 1017625.2441406250
30460762.6091654599 1055671.1367187500
30127678.2468364686 1025029.7167968750
30709961.4007596225 1073088.3994140625
30446267.5255394168 1054763.3935546875
31905507.3051600866 1103080.1689453125
30038669.6748267710 1013210.9189453125
29999271.1144003235 1009215.3886718750
29977384.3768696114 998031.3281250000
30022731.7683373354 1011624.5253906250
30173691.0364593640 1028853.4638671875
