44362612.8167330399 705332.9564208984
44240709.5519039705 672340.9916687012
44113887.6280779243 632563.4797668457
44405764.8190322071 713576.7779541016
44299574.7920009941 690481.9850463867
45289140.6956226826 772016.7814941406
44068129.4246505797 593510.8444280624
44338590.2021064311 702722.9731445312
44497631.2525534481 724298.0491943359
44253818.8669961169 674326.4335327148
44965549.7283699512 763757.1384277344
44183603.6269214749 656823.3198089600
44181260.1690280214 656044.5930023193
44105077.7117283642 619484.6702423096
44163680.5971394256 646407.3003540039
44193573.2224804461 660456.9575500488
44256140.0143273696 675397.6580810547
44291381.7252717912 689844.6432800293
44253112.8371453211 674275.3968505859
44369370.1577491686 706188.8724365234
44271405.4024025723 680775.6087341309
44171551.0795359313 648569.6948852539
44208770.8497221619 665167.1124572754
44360992.8507134467 704659.3706054688
44311705.9738875180 692382.9926757812
44256941.0941963121 676130.4395446777
44292087.7551225796 689919.0765075684
44106097.3751093969 622328.3184432983
44255433.9844765514 675359.5749816895
44581842.7866088375 741774.6781005859
44515842.7613658533 725769.8038330078
52515142.9847324863 782612.9482421875
44233147.3881385401 669833.1558532715
44131146.8321694657 633305.0116004944
44210324.2945969403 665884.5895080566
44916390.8784028739 756505.0629882812
44069168.0894208327 603664.6801438332
44064535.7246609852 592139.3462263346
44917167.9571807683 762154.2700195312
44335540.7968320996 697375.6550292969
44272168.0275416672 685228.7261352539
44077942.6840457544 607204.8825378418
44144303.9972448498 639150.2273559570
44517075.2031742483 732792.4053955078
44726458.6424872056 754613.7448730469
44358194.4383509830 702784.1457519531
44551156.8203504309 735830.7031250000
44096101.7996531948 617423.3844299316
44140705.5253777280 634409.7489471436
44505395.3911473677 725617.8712158203
44207980.8367034867 665105.8627014160
44215513.2099736109 668467.9762878418
44112249.0491441265 628296.9310493469
44463040.0073951408 715302.9089355469
44332668.8475448713 692948.9185791016
44103869.6560344994 617629.3937683105
44764124.6227170750 755123.8166503906
44072046.2994727716 605138.9102478027
44889556.5877457634 756487.0439453125
44186830.8622289896 657240.5176696777
44087153.8999978527 614074.8044090271
44455712.7226458788 715225.1208496094
44150638.8281941637 645298.2268524170
44192575.8524939492 657699.3073425293
44443254.3957588822 714057.2898559570
44614619.4593627751 746617.5283203125
44468191.3237670437 723999.1396484375
44236650.5488297790 671731.9109191895
44630734.5891135484 746963.8872070312
45579543.7602319941 780478.5947265625
44193484.7704923898 657786.2403259277
44680777.0701699480 747549.7797851562
44088610.8745541126 616053.6475524902
44454581.9914049879 715032.4873046875
45115147.2548724413 765089.5534667969
44720013.5003946647 753103.0761718750
44574414.6480131894 736470.9458007812
44584923.3881768510 744943.1467285156
44653985.5182069317 747127.6000976562
45416172.5474927053 779141.7353515625
44558299.5182624087 736124.5869140625
44673047.6820964888 747388.6589355469
44506592.6530245766 725690.8150634766
44513919.9377738386 725768.6031494141
45206573.0407790393 766023.9799804688
45219286.1961318478 771427.4008789062
45304037.3810640574 772212.3500976562
44778590.3246080130 755436.0881347656
44519071.2541457415 734464.8338623047
45043945.2268632799 764418.3608398438
45334354.0324972495 772903.2856445312
44817956.3834521547 755946.1599121094
45108365.1890861318 764431.0847167969
46063790.1777014062 781109.7622070312
44583838.8375803307 743447.1065673828
44428214.0930940136 713696.7915039062
44463068.1869439706 723806.5061035156
