29834584.1463073231 1517051.9970703125
29771069.7092118002 1508603.5244140625
29541138.7489679791 1381342.0302734375
30262571.8330282904 1556819.8408203125
30299623.7915128209 1558663.9345703125
29544395.5869255513 1396393.3369140625
29751526.4634685367 1500784.1591796875
29564895.9452827871 1420252.0869140625
29555973.9050118625 1410198.3056640625
30426819.4325723574 1566156.9228515625
30334584.0010244772 1559434.7705078125
29731312.5148025304 1497010.8037109375
29734806.8826739788 1499627.1162109375
30421879.0695102662 1565496.9306640625
29764942.8554086201 1504947.0458984375
29871430.2892008983 1527133.2431640625
29785705.2929024659 1515151.5869140625
29569532.1794196144 1433941.5869140625
30600123.6875190735 1575532.4892578125
30005538.2514273822 1538163.9892578125
29769022.7211822085 1506829.8935546875
30346019.3413099460 1560023.2470703125
29580444.7240446657 1435989.7216796875
29603405.1666783467 1455738.4873046875
29687411.6987937875 1485363.3212890625
30101368.2198290750 1545263.1376953125
29585073.5121964440 1436863.4541015625
30106105.3435486518 1545662.6064453125
30201074.6655473672 1551003.4853515625
29632378.0764434226 1465688.4384765625
29688110.1088289358 1488439.8291015625
29623748.7122970968 1463761.2939453125
29555707.5024860874 1408290.3017578125
29855369.3715417571 1521460.2900390625
30021123.9572599120 1539195.3486328125
29660345.3335555345 1479031.6396484375
29676571.6872039735 1480529.5576171875
30134705.8395414688 1548815.8759765625
29844553.8881893232 1517731.9736328125
29713367.0624021627 1495538.3447265625
29761527.6032104939 1502949.0888671875
30526470.5773809031 1568873.8134765625
30021709.9803279825 1540412.3134765625
29607860.8366436325 1459659.8466796875
29709463.4479527138 1492853.3916015625
30108134.6549587846 1546085.8056640625
29558922.7099094689 1412201.1220703125
29868306.5889255293 1526815.6611328125
29548998.0275281742 1401744.0419921875
29600031.8222981803 1449698.5595703125
30446672.9068627954 1567683.6962890625
30365876.0371601358 1560035.8759765625
29692193.4202320352 1489704.1259765625
29869350.0107171163 1527016.8642578125
29547705.3661168702 1398365.2216796875
29797862.4488547184 1515960.4013671875
29764874.8290206119 1504459.2412109375
29742930.1426140070 1500471.1396484375
30215732.7142428122 1551393.2470703125
29764589.7793695964 1504453.5029296875
29567902.2528039142 1431694.9873046875
30146620.3186760619 1549586.7119140625
29626737.1436167210 1464389.5205078125
29866127.8356206268 1522447.2255859375
29641453.1745555773 1474166.7080078125
29706616.2515674941 1491122.8740234375
30482741.0975804664 1567872.0400390625
29964427.5147806555 1529670.9814453125
29587248.4049463421 1440203.2900390625
29655477.4939074107 1477036.9189453125
29720133.4975318722 1496930.6845703125
29991897.4438657649 1537215.0986328125
29762279.8359601833 1503387.4794921875
29972804.7827039734 1534952.6806640625
30374088.8700910583 1560196.7236328125
30326402.2774073891 1559194.9501953125
30126253.3947060965 1548460.0712890625
29589646.6785780787 1449188.9775390625
30193128.5753020272 1550946.0244140625
29770478.0785570368 1508585.8662109375
30272210.2789201438 1557835.6376953125
30117627.1572657079 1547800.0791015625
29635124.6906025745 1471273.5009765625
29705598.4096989147 1490144.2138671875
29882352.1688759215 1527189.4970703125
29832235.8723581955 1516408.4423828125
29562574.1824432239 1417791.6591796875
29754854.2648410089 1502688.3349609375
30014141.1323101968 1538236.3486328125
29650635.9869320951 1476436.3857421875
30251716.8105363064 1551457.4970703125
29928004.0804663450 1529554.6494140625
30256621.9106107280 1551472.2080078125
29618908.1292712688 1459690.7626953125
29551699.3472385965 1404894.5576171875
29900641.3324990571 1528933.1494140625
30112170.8617667966 1547444.2744140625
29658302.7651009634 1477457.1513671875
29719512.7834503055 1496486.9267578125
29634170.4796706364 1466298.3623046875
29775208.0603067279 1513427.4638671875
30416453.9784595035 1561022.9384765625
30122960.0151851438 1548271.9072265625
30427055.8429602347 1566855.3994140625
30291564.9944386445 1558606.4736328125
30112170.7180518545 1546485.2744140625
30141164.0231771544 1549230.9072265625
29678942.6136996448 1484766.6611328125
29985104.2760970332 1536131.1533203125
30503089.3939564824 1567886.7509765625
29825434.3573932424 1516314.1669921875
30164609.0256578103 1550369.7744140625
30002226.6531755999 1537465.5126953125
30094857.3038000390 1541597.2548828125
30085522.5418235101 1540658.6650390625
30513060.8929361664 1568313.6220703125
30399888.4565138780 1560667.8837890625
