30306097.3730495460 625764.0086669922
30445163.4416344650 632972.4746093750
30374630.3175365217 630955.4582519531
30480213.2603847943 635448.4658203125
30387349.7712202556 631922.1318359375
29917475.1508434713 594259.8868713379
30893355.5843128562 655117.4775390625
30503035.4763746262 639461.5175781250
30324503.6854542792 629856.2941894531
30653872.6054661088 642842.4472656250
30490316.0226908922 638494.8439941406
29826542.3029959612 557263.9053039551
30957289.5794220455 655906.3154296875
30467493.8067010604 634481.7922363281
30386409.7637562566 631244.0793457031
30199829.7335299663 619511.9587402344
30585921.2873259708 639839.0180664062
30155342.3420839459 616510.2470703125
30158469.7009421065 617486.4992675781
30222749.5711102933 621396.8122558594
29942893.8294932693 594443.1303100586
30764002.5171630792 647989.4291992188
31073522.9762404189 662595.0463867188
30142929.0503260121 613412.9074707031
30610783.1435085461 640511.8603515625
29870002.3021834642 583378.1233520508
30044592.4058270380 604817.4544982910
30323630.6021884866 628482.5126953125
30004248.6538720354 597671.1213989258
30660795.2857399210 644777.9042968750
30156422.8369379342 617261.9179687500
30168742.7893451415 618286.4398193359
30222594.1543873809 620502.1865234375
31053963.4166686982 659583.8569335938
30848445.0572821051 654678.1601562500
30630386.7824430950 642255.4194335938
30323357.2624440417 625838.3823242188
30079532.7320638187 610270.8531494141
30232432.5110348500 621538.3847656250
30081579.5960679911 610567.2176513672
30042202.7447030023 604570.2570800781
30645726.6102980152 642426.5742187500
30186002.6787396409 618360.8134765625
31042716.2483008839 659231.8686523438
30292870.5550663918 623851.0085449219
30809806.1510872245 649462.2187500000
30970057.9564015754 656939.7875976562
30195841.0353871100 618919.3515625000
30657629.3319480121 643103.9521484375
30484581.4387904964 635908.0046386719
29838950.6431846023 557406.6110839844
30810848.7056025416 650581.5209960938
31030619.2131999396 657041.7758789062
30782563.6015823074 648613.6860351562
30742897.3874623999 647578.0917968750
30822095.8739703558 651666.9707031250
29947914.3925353959 595184.4498901367
30031697.0890514739 597853.4014282227
31055302.9005985036 659631.3979492188
30273023.5674115904 622581.1208496094
30649582.8305398598 642681.5546875000
30003817.1673890352 595793.3988647461
30660950.7024628371 646352.0585937500
30234516.6636835933 622254.4934082031
30688193.2519677542 647200.5913085938
30190250.7549496628 618833.1262207031
30002757.5555927642 595533.8908081055
30278531.5774928704 623023.2658691406
30235069.5235175043 622316.9084472656
30629344.2279277779 641136.1171875000
30435507.6776293032 632041.4614257812
30556642.7568632551 639661.2055664062
