273994187.5476652384 465402.5619548963
274339312.2525041103 497232.2928399169
274339312.2525041699 497240.2967461669
274397575.2846352458 502819.5529310703
279194616.1316468716 651054.4302061333
279016869.0293235183 649140.3990071251
273789300.0466102362 436881.1962106799
273994502.9799196720 466380.1644939588
273984609.0511338115 462660.2621502088
274073032.6575324535 474133.8625019180
274486816.1200449467 505028.0954115391
274250071.4170942903 495022.4705742919
275635755.8157976866 556081.4053165428
277392800.2031727433 611607.6234586696
336960213.7686231732 1123665.1807861328
273755895.9281288981 435988.5067575549
273880980.6245698929 450212.1473975885
273896488.6143035293 450782.3950632190
277431558.6313176155 614273.4228971462
273755895.9281288981 435998.6616647815
273868483.6166610122 442379.8268474744
273917078.4978219867 455806.2450603651
331346514.6002509594 1111246.9354248047
331484805.1546353102 1112863.9388427734
273926656.9943534732 458548.5448650526
274112374.3463540077 474842.5518078016
274172064.3200104237 480376.8705333875
274190381.4434378743 489481.4018487060
274250071.4170943499 495023.7503594482
296075869.3691654205 902015.3870582581
296186186.9840942621 903901.4398841858
278976350.6025717258 648848.4151113464
307008366.1189247966 941814.9961357117
315573405.9210668802 1009482.5685729980
275624082.4052689075 556050.6297418587
274112374.3463540077 474837.5479015516
274154946.1946939826 477088.8345226453
274154946.1946939826 477086.2798351453
274172064.3200105429 480384.9003185438
274181010.2483108640 482600.1025890516
288609446.5997155309 802235.5674567786
295856354.6445100307 896671.3658485413
273803205.6539713740 440594.2665231799
273985605.7116361260 463198.2134718107
273755895.9281288981 435994.5530222034
273803205.6539713740 440598.7878854846
273927430.3844531178 458555.2371467756
273896488.6143035293 450786.2163522815
274850618.8709143996 525702.8138386221
279273674.6343516707 653418.2147073282
309309700.8166800141 971454.2919311523
337013615.1501339078 1123677.4522705078
325558423.7126665711 1089819.9796447754
274062714.7614792585 472795.7598585294
279436662.9505479932 653993.2937333465
284068357.0015716553 731465.4650204696
283633245.8135346770 725705.8340390243
273720359.4335278273 422571.4815744212
273803205.6539713740 440594.4604929065
274062714.7614792585 472805.8228468107
274840225.5633710623 523564.9972886145
274651961.2672916055 512652.6408622885
278792149.2636581063 642017.7780639960
273755895.9281288981 435992.9432809924
274970178.7180511355 530770.1004407294
275076169.1304768920 534467.9908941016
275313777.5149222612 543926.2980498485
279909066.9785493016 663219.5307326273
274152706.9239319563 476252.9560114369
278872434.5572773814 647129.2403420939
279901452.0710967183 663029.2148146585
296101662.2305952907 903847.5599403381
275293908.7704069614 542541.0275420360
331041997.2671891451 1103666.4625244141
331181376.7545328140 1105555.8284912109
296046524.3789040446 899952.6214637756
275220793.4857791662 541551.2091826610
274651961.2672916055 512643.1101005697
274781914.4219717383 519859.9844929190
275439085.8424043655 548857.9806620292
277678817.0782282948 623638.9394987087
327848831.3560907841 1097198.6875610352
296227943.4548834562 904621.8702430725
278510319.1628182530 641555.2751023008
295578247.6770344973 892286.8734169006
273832946.9778133035 442105.2433723615
273832946.9778133631 442108.4049934553
277808002.6836118102 626238.7153776149
273832946.9778133035 442107.7310432600
275220793.4857791066 541507.8390654735
275465108.5097696185 549303.4083113782
277577841.4401414990 618484.2559049587
278076534.4495308995 629661.0239586692
278234030.4431887269 633996.2272507383
278342690.4423939586 636512.8270549804
296617805.8877009749 911185.4748268127
274714138.5495125055 519360.6055866690
274532067.7589377165 506518.7210624838
336090856.3103112578 1121243.6763916016
317609704.8261889219 1045664.5264282227
274532067.7589377165 506485.3206718588
274978935.8082569242 532230.9064097889
275220793.4857791662 541515.6896514110
274714138.5495125055 519352.4984089346
275694413.8126804829 556389.8555437716
324449084.5971727371 1084830.3472595215
318745750.1650900245 1052308.9402389526
297211840.7069737315 914660.8252601624
296778278.2939439416 911276.6787757874
274555438.2868884802 509738.9174736166
278166431.4103227258 633239.8895847063
336627407.6630907655 1123162.3917236328
274555438.2868885398 509767.9135673666
274555438.2868884802 509738.7744072104
279901452.0710967779 663149.4164748148
278166431.4103227258 633258.3973972063
279452869.0316994786 657604.8573436588
275198533.5208590031 539860.4871938527
277808002.6836118102 626241.8066862087
295708677.5756859779 895676.9233436584
279901452.0710967779 663156.0048537210
277808002.6836118102 626238.6763151149
274978935.8082569242 532227.3898082264
285892113.0230496526 757769.3652176857
281638290.1112939715 693344.3583803901
281154634.8272861838 688843.6924181709
281376851.0850401521 692863.3456850776
279192934.0150027275 650062.3726901944
277577841.4401414394 618336.3262174587
279949679.5860175490 665531.0060744241
281176797.1596876979 689572.5858995148
275860657.4393531084 564424.7250849399
276012672.8792865276 568926.3547208736
276108850.6247820258 574408.6887052486
295592753.6688908935 893500.6939735413
285739946.8373331428 754885.0306839943
279773748.4530538917 659667.7755003825
274808592.2607313991 522762.1461140128
275980407.2676453590 568306.8336697797
277577841.4401414990 618481.1255338649
279634678.8476201892 657722.1163206950
277614010.7133241296 619047.1884000759
274808592.2607313991 522761.8868366690
275935260.1789040565 566651.1379239986
275771007.4912222028 558918.1176032702
277026519.1174575686 602486.5107148419
280158353.7959434390 665792.2648265057
274013829.3525939584 469453.3378315847
274013829.3525939584 469446.8793354910
274685391.4415686131 516928.4481159659
274932794.0754967928 528202.1832652576
279718153.1070672274 657749.8679249317
275694413.8126803637 556385.8579851779
275771007.4912222624 558946.5326423327
296047158.8567818999 901972.1949501038
276137136.2037079930 576501.4736193399
277916514.3993530869 626607.3448525827
277538694.4302298427 615881.4512174587
283997224.2390279770 730975.3124070719
280158353.7959434390 665795.8058421307
276087090.8745040298 574304.6022794674
276435269.2902159691 583319.2822130899
276853373.7707666159 601788.7407680581
280261773.1227666140 666957.4468791180
276612874.7471049428 592933.3251679669
275841937.5345509052 561131.9977006594
276555000.3136913180 589407.7490091453
277965006.4539076686 627054.0723160963
277269214.7166192532 611025.8823698024
280914397.2591693401 683379.6008654365
322157485.8230295181 1071685.4961547852
322262466.2546142936 1072439.5230102539
276568408.3726244569 590555.6628283242
275601832.4031979442 553628.1573306712
281092006.9702889323 687688.9906124079
276693854.7629322410 595947.0420808654
276667583.6980414987 595742.4273347716
295935508.0557085872 898234.9972877502
276059959.1327857971 570690.7780626992
277032548.2197867036 604299.6431119899
280815292.4525367022 681712.5737658271
276747286.5518156886 597411.4036100368
276747286.5518156886 597377.0535123806
276556231.9877731204 590138.7256746154
310422278.5229739547 985342.0361633301
277269214.7166191339 611022.9214323024
281758641.0879946947 694428.0065008730
295881538.0264021754 897135.1105995178
282013177.0498013496 697295.6430212588
280655089.9598205686 678778.4546252021
280815292.4525367618 681724.6113634834
288610993.3225723505 802482.7003760901
327290427.1741454601 1095322.9342956543
281068709.4097026587 686997.6667834052
280815292.4525367022 681717.0234728584
276286784.5272845030 579526.7454709868
275770027.7741185427 558169.3219540062
276233177.5780436397 577269.5769735890
282245313.6863576770 705568.5365544383
280158353.7959434986 665799.3058421307
282295410.5026002526 710875.3027044863
324894755.0966706276 1085230.4604492188
320654725.2264315486 1053546.8528366089
282868547.1752001047 711894.5332297452
281916625.6263386011 695621.8432165713
321947370.7576893568 1062257.5599670410
322109478.2827696800 1063848.7826232910
276055162.7887712121 569774.5548805016
276055162.7887712121 569739.7218726891
280958386.9908026457 685274.8347521552
282222452.4360963106 703970.8332068056
295881538.0264021754 897148.9177284241
282026706.5748954415 699392.3718420595
284245312.2034565210 735208.4365370788
324184268.9707483053 1083702.4142761230
323796030.5545724630 1081445.8449401855
313512900.6908769608 1001830.5564488918
325488248.5999258757 1089626.7079162598
295219115.5882064104 887805.1191139221
310841638.4793405533 995710.6844253540
310631055.9933438897 989894.3260269165
281976233.8937863708 697201.3365789980
316606937.4864948392 1028393.0620193481
322111896.1770524979 1065609.9034805298
292765803.7717639804 839107.5941085815
282157219.6208854318 702345.8587347597
314873050.2546747327 1002258.0152130127
282215686.5821271539 702836.9300238222
315638669.9778777361 1024722.6235733032
282099854.4192285538 702162.2156683535
307514440.1479827762 955098.8705596924
280288815.9122891426 667420.0198249444
321340755.8956035376 1055858.8170547485
287807290.5773156285 787495.4142113843
287162081.2614622712 781829.0101205029
288581996.8027348518 801881.8683934775
288581996.8027347922 801880.3517919150
289286832.0413802862 815668.4519124595
290121734.6862692237 829563.0758824912
288782475.3490403891 805655.0394942565
286358465.7555066943 766911.5957674980
287009846.4698464870 777231.3553147316
286670755.9045544863 774121.7938218117
286104999.6878997684 759154.8140091896
284536714.6908396482 739512.4892043797
305053284.9341951609 938951.2867546082
286147524.0377267003 760944.7153763771
285581097.4822618961 751016.4396667210
309766306.2127162218 981404.1043090820
285780977.5384319425 756094.3236812893
289717990.7537382841 820402.7526622382
289100281.7999197841 812832.0557714072
295081035.1221287847 873989.1230354309
289174604.9326657057 814753.7783055869
286437466.2707630992 769118.9009314477
289541801.3164861798 819800.9219823447
286262896.5369423032 766749.1849178616
288864292.1606226563 809687.3290868369
321194022.1370257735 1054773.3215942383
288626210.7989999056 802758.1912694541
289317765.6433328986 818049.2816320029
288182392.8955652714 794554.6843306823
284801324.9460132718 740539.0579728950
283300777.2771222591 714876.2360610692
286855209.2679535747 774645.6517147366
286179386.4190973043 761367.0440506935
283595885.2663013935 722067.8548049657
286066654.9812252522 758944.1150705218
294940161.8759353161 866621.3017692566
295023917.1404482126 871299.6027030945
284966293.2052230239 744507.9533846406
284447884.7921717763 738309.8294143407
286006025.5823040009 758498.6982919574
286188070.8612322211 761877.9500032105
288303042.3720115423 801287.4682509704
313196770.5991810560 999929.7748870850
313103069.1732043624 999791.3950042725
283820884.6593065858 727484.2800979344
283575350.9726115465 720765.1056594579
287829079.5302823782 788755.3055329956
290096967.5528045893 821150.3226981312
294921694.8637933731 865890.5335273743
294897790.4119612575 865819.4915351868
284436374.8319176435 736301.4359817235
283621654.0377004147 724547.7448806493
283476683.6831052899 719345.5252761571
294865724.1049848199 855633.4260311127
315206076.9907022119 1003466.2400207520
315176978.8082090020 1003332.9599609375
285367759.3138975501 747617.2674545972
283434770.0149850845 718762.7184848515
283199175.2666074038 712449.5553415967
283485431.1155919433 719392.3858044697
292568364.9366021752 831224.7246817946
293885479.9612557888 853048.1180533767
293081806.6793692708 852132.5520133376
304836093.7712098360 921173.7211189270
292883297.9820048809 842785.1651725173
292838207.7805108428 839472.2118033767
292763155.1736691594 836510.4560050368
