9849835.7055650856 2137434.1132812500
9823783.2211402804 2111195.0117187500
9843557.0915530566 2137238.7617187500
9845692.1225073114 2137414.1757812500
9823359.7542236783 2110924.7695312500
9823999.3474015035 2116376.0429687500
9819241.5161685329 2093910.1054687500
9841582.6595278345 2137132.6367187500
9822216.0565004218 2110521.7148437500
9821742.6445527337 2109850.6914062500
9846201.0649714116 2137433.6601562500
9827435.8501954749 2127871.8476562500
9839102.1317933332 2136789.8398437500
9821593.4148862083 2109823.3242187500
9823005.5030508954 2110858.2304687500
9818991.4083259180 2093501.9960937500
9827265.5983534940 2124754.7929687500
9833216.6329013631 2128735.5429687500
9820575.3380868863 2101635.9492187500
9823491.0506912414 2110934.5039062500
9820258.4537662715 2099269.0507812500
9823940.5315900464 2116286.4492187500
9835401.8073042873 2128956.0039062500
9855941.0465361048 2145483.7773437500
9833934.3607238196 2128936.0664062500
9854883.4168220852 2137542.2617187500
9834914.6079408489 2128936.3789062500
9837320.4773686733 2136565.7851562500
9840264.1633703969 2137005.6679687500
9830581.8588356618 2128363.5976562500
9829226.3671299387 2128346.0351562500
9828508.6393074822 2128147.6289062500
9831222.5921332687 2128561.8632812500
9836429.4967846461 2128974.9960937500
9820680.2881946508 2102932.8945312500
9836329.7889104486 2128970.3710937500
9820122.7800499760 2097413.0039062500
9821331.2428782806 2109496.9804687500
9825150.0293818321 2124665.7929687500
9819484.6536374092 2093922.8242187500
9824006.3316585775 2124296.9023437500
9821195.5691619851 2109444.7539062500
9820095.6551280618 2094083.0039062500
