262251202.1852453053 881848.6170144081
275355737.9140136242 1067130.4843750000
270751774.3866634965 1044593.7255859375
273492061.9817874432 1060607.3461914062
261259888.9532813728 835901.7057051659
262379468.3961269259 888226.5916237831
265516632.8124714792 968787.7208709717
261413373.1517758369 844058.1432809122
264811232.1668526828 954458.5265045166
272417727.1370757818 1056124.6875000000
267109418.0697167516 996647.9626731873
266128574.5757351220 980966.9817047119
270751774.3866635561 1044742.1542968750
261413373.1517758667 844070.0319527872
261413373.1517758071 843792.5011910684
274490748.2273474336 1064568.4487304688
267516010.5345765352 1005896.4941825867
260205195.9342098534 766878.4434706457
265660053.6880248487 972086.0349731445
264315586.9987136424 942592.4457702637
267516010.5345764756 1005352.9238700867
261864317.9458838403 864655.5435694456
261915466.5546686649 869351.9407862425
264304944.3646701276 941370.0694198608
267230989.2811635435 1000724.9424247742
261357108.1070581973 842047.1974801309
261611318.6988480687 854705.9836129434
266005169.1107747853 978830.5762329102
266744692.6355861723 991349.0772972107
264568356.9703913629 949052.2834396362
264584048.8436628878 950216.4081268311
260824920.3672477901 814118.4861611612
271373283.0145089030 1049582.1972656250
260166202.1622746289 765947.7611748464
260289365.3995440900 780556.7254387625
269160508.0168410540 1028962.5010986328
267339465.6127015352 1003147.5161552429
267874747.2041975260 1010968.7819671631
267516010.5345765352 1005433.5483818054
268016884.0688054562 1013414.3312225342
262379468.3961269259 888503.5139870644
267874747.2041975260 1011147.3430023193
262342651.8838829994 882201.5201172829
271836497.8495029211 1051768.1660156250
261771427.7079636157 863413.5611891747
267698202.2823225558 1009141.2429046631
271012443.6819482446 1046907.6254882812
261269339.5077431798 840756.0890053995
261213671.7740547359 830407.7951974161
261019926.7155600190 823824.0356148966
261655548.4352701306 856215.3298043497
271884485.8682737350 1053322.1811523438
260735709.6277890205 808670.4290932901
267516010.5345765352 1005852.9741630554
267874747.2041975260 1011038.2350921631
261883495.4937562644 866009.0344557762
260899381.0756078660 815470.6085366495
262270358.5386468768 881870.6960872412
269160508.0168410540 1028991.9781494141
260620682.1316505969 801829.3805349357
267339465.6127015352 1003025.3345146179
261391442.2698729038 842389.7297066934
260452447.8179050684 796203.2450531013
260366314.0017171800 787095.6504875906
272880941.9720697999 1058962.8334960938
261655548.4352700412 855235.4938668497
268274107.3098301888 1016393.2311248779
268140354.1438232958 1014089.2684020996
261183598.1633788347 830346.6842965372
262996256.3604030013 906797.0719078779
261438792.9195501506 848040.6460885294
267179287.4980849326 997108.3514823914
263095351.4930513203 910423.8056676388
272417727.1370759606 1056449.3769531250
267022624.6678350568 995470.4603233337
261917560.9634432495 872132.0849000812
267698202.2823225558 1008641.1926116943
273780480.9437813759 1061660.6201171875
262181296.1958524287 876615.9752945900
262076371.2198027670 875123.7981809378
268733246.6733614206 1024612.2720184326
272417727.1370757818 1056186.5957031250
268140354.1438232362 1014049.8645935059
268544009.1636902690 1021797.9484710693
268367464.2418152690 1019297.7580413818
261524293.3217965662 850490.9421090372
267339465.6127015948 1003390.1064872742
263236944.1065214872 914436.8081970215
263670569.7059659660 927141.8007202148
275228918.4268491864 1067019.1894531250
261181320.9353163242 828739.0033290386
260286978.4724377096 779145.6164968498
263850848.3306780159 933828.2900780439
263187283.0351124406 913935.0155113935
263187283.0351124704 913986.1932457685
263900509.4020870924 934760.1696777344
272859910.1624551415 1058454.5307617188
262503233.1253128350 889300.5242286921
266965162.7456505597 994820.3015975952
264318005.7618536353 943098.3583679199
268367464.2418152690 1019610.5471038818
263850848.3306780159 934027.9106835127
263251554.1228256822 915406.8986775875
263187283.0351124406 913873.1073082685
271112613.7192243338 1047151.3623046875
273767138.3179815412 1061351.0815429688
263187283.0351124704 913974.3045738935
266128574.5757350624 980607.3449859619
264379090.0311225355 944120.1599273682
264066555.1932157874 938020.1809997559
260234960.1712010801 776414.7395989187
261428226.7683589160 844559.3860177286
262132148.9571431577 876423.3681960106
263670569.7059659362 926989.9848022461
263750223.1396783590 930629.7896993160
260726030.9042665660 805837.8300207146
264469172.7208610177 946961.7349548340
268016884.0688054562 1013596.0465545654
260622696.7033137977 802197.2158010490
270261301.6081799865 1040452.2304687500
263317509.5738065243 916366.0336998701
269822449.5844592452 1037269.0773315430
262677569.2462539077 896841.3133795261
263502390.1601813734 924973.7368428707
265828624.1888997555 976278.4424438477
261052343.0499053299 825602.1325387247
260860387.3036726415 814315.2870806940
260741193.3735405505 811388.7456090935
266005169.1107747555 978606.0317993164
270261301.6081799865 1040555.3129882812
272842526.4080654979 1058144.9921875000
273916861.2527769208 1063413.8466796875
264584048.8436628580 950029.8016815186
262373727.8087640405 883949.3003602028
261966679.9436952174 873395.1400758624
267214778.5141508281 999649.4127578735
262654903.4317422211 895927.1407520175
279459217.9250811338 1074520.7006835938
262640303.9098151326 895778.0655503273
260977390.8514557481 822079.6140471101
271112613.7192243934 1047174.8642578125
267214778.5141508281 999625.5792617798
261485853.8608000278 849414.8081979044
262520941.1020708680 894733.2209396958
263486810.5339570940 922860.8613240719
260918208.2904114425 815948.5557287224
262447771.9882377088 888728.9106076956
262570970.9041588902 895555.9578906894
260577062.0951847732 798860.7081106193
262781300.7824366093 901706.0388044119
261147043.9862187505 828048.3433048725
262122224.5378225744 875235.6217797399
267076088.8885405958 996541.2270569801
275840004.9996392727 1070592.9526367188
277361144.7540004849 1071973.6640625000
262689422.8900671005 896989.9429917336
260664451.5584779382 804028.3828161247
263150634.4093535841 913181.8360555172
268733246.6733614206 1024582.6377410889
262689422.8900671601 897092.4796128273
268733246.6733614206 1024553.7334442139
266896982.3313437402 993468.4931259155
262102477.9704642594 875155.0353331566
278825656.9056186080 1073882.3881835938
265734260.2155772448 973502.1572812200
261655548.4352700710 855513.0246285684
264783063.1282330751 953813.1519012451
278259039.9463392496 1073090.3271484375
262669650.0913872421 896347.8244794607
264469172.7208610475 947442.6182556152
268193428.9906804264 1016283.8937225342
279258194.2101058960 1074300.2783203125
268733246.6733614206 1024697.6240692139
270950399.9360281825 1044990.1303710938
264006745.8305694759 935440.3977661133
264469172.7208610475 947073.4742126465
267633955.6872065365 1007635.1994476318
268733246.6733614206 1024520.7295379639
269211200.1161647439 1029082.3712158203
265764377.5937837362 975150.2676391602
266064327.9806190431 979302.1955718994
260611970.9817961752 799069.5604055412
261693146.9332733452 857881.6198924780
262874649.4991105497 903682.6149762869
262689422.8900671601 897205.5655503273
266391762.9030633867 985046.0232162476
262874649.4991105795 903771.3659528494
262036012.9493514895 873894.7784972191
263817241.9945306480 930653.2504272461
262918667.4343879521 905189.7186543941
268669000.0782454014 1023468.6899871826
266150971.3860723972 981569.5578842163
262226881.7770344019 880902.4386838675
264961950.8881083727 958391.4826354980
268733246.6733614206 1024581.3643035889
274527947.8255671263 1065056.8642578125
262825530.5188585818 902345.8366559744
266391762.9030633867 985087.2302474976
265450487.1864117086 968561.4742279053
264513929.5619144142 947533.1514587402
269742241.3457587361 1035679.6349487305
269742241.3457587361 1035763.7926635742
269561780.2891745567 1035291.4913940430
261240023.4479185343 833684.0333073139
260878993.3460480869 815228.0225651264
265553092.5264675617 970055.8678627014
274356363.1388450861 1063678.3955078125
266501551.5590822101 986583.1189804077
266439532.5869404376 986297.0927994251
270622140.9407408834 1043193.3671875000
260927299.9927419722 819391.5303996801
270251345.8106160760 1038983.5771484375
265617339.1215835512 971184.0426673889
266351543.8187577426 984146.4010810852
272166973.2192229629 1054209.9521484375
270622140.9407408834 1043764.9643554688
264006745.8305694759 935259.2966918945
270622140.9407408237 1043188.7104492188
263626215.3198211789 925101.0236206055
265340087.8905964494 966190.9391326904
265026197.4832243323 959126.5119323730
266501551.5590822101 986679.3509140015
266565798.1541982293 987711.8714218140
265026197.4832243919 959149.1027526855
265026197.4832243919 959235.3996276855
265026197.4832243919 959127.7902526855
268193428.9906804264 1015741.9205780029
265165341.7506586909 961979.5255597234
268316250.7680691779 1018322.7736663818
268544009.1636902094 1021563.4391937256
272306637.4399701357 1054636.4956054688
264188519.9094174206 939811.0426177979
264175486.7880475819 939612.4683990479
270024199.3144964576 1038710.4440307617
267952637.4736894369 1012613.3346405029
264482205.8422309756 947468.3960876465
278559931.7041271329 1073541.0947265625
268557042.2850601673 1022094.6511077881
272087304.6802746654 1054195.3984375000
279213306.2228672504 1074048.3657226562
277603332.0690217018 1072706.8022460938
268911527.0189397931 1028334.5659484863
265159032.7964850664 960917.6087341309
268911527.0189396739 1028257.7641906738
275840004.9996391535 1069497.7983398438
274718744.6083604693 1066546.6552734375
264385037.6231923103 945496.4480895996
275840004.9996392131 1069646.2392578125
268330113.3674269319 1019067.2762222290
263726821.4151856601 928136.9860229492
264406760.7920230329 945840.5329983830
270970198.1501386762 1045571.8056640625
263477549.2245583832 920919.1897389889
261120474.1983870566 825717.2299989946
270950552.0700744987 1045530.6142578125
271320436.0004265308 1048142.3466796875
278423411.3882902861 1073097.0224609375
271320436.0004265308 1048080.4384765625
273034005.1692337990 1059500.9829101562
275249630.6663859487 1067033.8105468750
275555605.7692615390 1068517.2026367188
276555997.9274291992 1070925.4477539062
265709251.4697225094 972856.8978814483
265417084.2311812043 966242.3461172581
275555605.7692615390 1068331.0869140625
277378396.8935953379 1072659.1401367188
271727070.8696793914 1051722.6718750000
278819131.1482391953 1073659.4267578125
277367132.9258326888 1072152.8603515625
276555997.9274291992 1070900.0253906250
277367132.9258328080 1072238.3242187500
275401677.6888420582 1068090.6704101562
276825765.1744973660 1071923.0561523438
277367132.9258326888 1072124.9306640625
271186404.8314589858 1047784.4453125000
269262117.6808722615 1029370.7072143555
270277571.2712160349 1041241.3466796875
278113564.2528812289 1072723.6914062500
270365519.8046892285 1041363.3911132812
269262117.6808722615 1029481.4752807617
277372601.1670246124 1072253.3388671875
276766422.3949821591 1071041.7011718750
269262117.6808722615 1029398.8532104492
275620967.1057291627 1069101.0620117188
273235473.2291993499 1059613.4204101562
273235473.2291993499 1059581.0019531250
276318131.4745357633 1070889.5620117188
272810788.6104039550 1058011.0117187500
273634107.0435459614 1060727.2709960938
271318720.5767008066 1047820.9916992188
272654307.2865665555 1057457.3515625000
272740185.3373911977 1057558.5302734375
272627025.2824311256 1057075.3598632812
274425606.7548928857 1064103.2827148438
272027729.6121062636 1053555.0874023438
272174803.1128449440 1054568.5400390625
274472031.9807271361 1064400.6191406250
274472031.9807271957 1064439.5346679688
274184123.1549875736 1063590.8242187500
274184123.1549875140 1063497.3701171875
