274425372.4588557482 4770394.3320312500
277478640.5557366014 5080848.6796875000
274294830.8265706897 4753503.3339843750
274079034.1443600059 4729648.8613281250
273841106.1779445410 4693808.8164062500
274082253.8420383930 4729777.7460937500
278636541.5686341524 5165521.4414062500
274363546.6180598736 4762349.7929687500
272432623.1693702340 4450420.0458984375
272312663.2793202400 4426186.0097656250
274691353.0066416264 4802693.4570312500
277843061.3747510910 5101607.1074218750
274286355.4642203450 4753426.0351562500
272157604.6847469807 4402490.3671875000
272071019.6902979612 4384490.8144531250
277529587.4012927413 5082165.6210937500
272323086.7260278463 4428817.9082031250
314866982.4885526896 5792411.6992187500
278395234.9630953670 5138870.2343750000
278122161.1971485019 5125619.4628906250
282469522.5579386353 5361650.3242187500
277604574.6729629040 5088908.3613281250
272867353.7300713062 4539331.0097656250
276995751.1189568043 5039092.1953125000
339293109.5264316797 5916851.1777343750
272036710.2927045822 4371046.9433593750
272263989.7829942703 4415035.8984375000
274607631.7013813853 4791098.9902343750
274658008.6331858635 4800764.8007812500
273866777.6197037101 4704069.8652343750
275487486.3116996288 4898492.7480468750
278380473.1078561544 5136034.6054687500
307395568.6221615672 5752159.3730468750
275375293.2080559134 4881015.9921875000
272840042.0594754219 4533617.4667968750
273850894.7796086073 4694868.3769531250
274514198.9059236050 4784103.9765625000
338650690.3110238314 5916114.2910156250
276223520.1017548442 4959563.6542968750
274283135.7665419579 4753297.1503906250
272132516.0844342709 4397949.4296875000
285890889.3278850913 5500230.3339843750
282781978.6009002328 5378024.3613281250
274041804.2487230301 4724064.2031250000
272222589.1178853512 4411770.1992187500
274199238.5619659424 4745097.2812500000
285328031.8451002240 5477455.0097656250
274331244.3748405576 4757727.6386718750
335077094.9559516311 5896472.2890625000
288132317.9124709964 5573341.4433593750
272266223.9547272325 4416719.2050781250
275210749.7538003922 4869166.8710937500
292846474.7655507326 5636353.3027343750
275513717.3163262606 4902691.9628906250
273729818.7888160348 4682265.0937500000
272952667.8031685948 4551607.9511718750
306177377.8080208898 5722260.0234375000
276197845.4645624757 4957751.1347656250
272923939.2475308180 4548053.8789062500
280117333.9898777604 5236468.7753906250
273170230.3414266109 4584540.6015625000
274259310.9302088022 4749715.4765625000
282500532.3662779927 5363057.0273437500
283879814.7895815969 5429203.3496093750
273774296.2896010876 4685387.9511718750
274136231.1440089941 4737773.8476562500
273728780.7938386202 4678465.5781250000
280461607.6652929783 5258358.0351562500
274123923.0549803376 4733950.4648437500
276504113.0082374215 4992826.3105468750
272742501.9790945649 4515405.3984375000
280125160.9724964499 5238426.0546875000
273219760.8801217079 4593169.0312500000
274157884.6095854640 4738491.4023437500
275781047.0022292137 4927520.6894531250
275965567.8587023020 4944701.7304687500
282996804.8515748978 5388834.4531250000
283812383.0284541249 5424809.8964843750
272044054.2887393236 4374163.5507812500
276497072.1919357777 4987605.7792968750
273547703.9904361963 4646223.0312500000
276595757.8792224526 5010769.6191406250
276334445.7016196847 4979631.9863281250
276155192.6627424955 4957599.9707031250
273080501.5089699030 4571029.6035156250
273172568.4832493067 4586526.8066406250
273373066.8131876588 4622214.3437500000
276510933.7234678268 5002721.9316406250
275749864.8786032796 4920069.5644531250
288680291.3717492819 5599587.6171875000
288186405.8747356534 5588981.2851562500
294973784.1325732470 5683784.3593750000
275028502.3815610409 4848627.0605468750
332220012.5159816146 5880903.5566406250
273144075.9943317771 4581172.2695312500
273602392.2345535159 4660618.8359375000
274078053.4872875810 4726149.4238281250
272611921.0185946822 4485665.0087890625
273338217.6680902243 4616500.8007812500
278273824.7891714573 5125975.7265625000
273970845.6438424587 4709819.8457031250
273964496.0673384666 4708647.2402343750
272801315.3641018867 4526975.2421875000
274161920.6546307802 4739980.6406250000
338628552.0543913245 5915959.2988281250
273473575.8111498356 4635039.8691406250
276246404.5642116666 4967278.2753906250
274227291.4839364290 4748115.7910156250
273509154.3557757735 4639580.8066406250
274026615.9101353884 4719640.2207031250
273261978.3566671610 4597747.6132812500
275809335.8491331339 4932696.7246093750
273547936.6031257510 4649103.9843750000
286882911.7169358730 5525522.6562500000
272196174.9416778088 4406680.0957031250
272976968.0784562230 4555353.2558593750
339070211.8631068468 5916231.4511718750
273226399.8120412827 4593206.6757812500
275588333.2204580903 4910506.1152343750
272418918.0488188267 4445706.2958984375
286863247.6947358251 5521522.4140625000
283328752.3320006132 5403765.9746093750
285346619.1348203421 5482787.6113281250
277164341.3417389393 5054948.2324218750
282641084.1897066236 5371358.8007812500
272363546.7722573876 4437515.1123046875
273004279.7490521669 4561066.7988281250
287825418.7371531129 5561044.2695312500
273032772.2379696369 4566421.3359375000
331819985.0694282055 5878386.5742187500
272829440.4066401124 4532688.7851562500
282702831.0410446525 5373453.6289062500
315129029.1497474313 5798738.9121093750
276072321.6591171026 4956660.0917968750
276787365.2580892444 5016879.7812500000
276362378.7721306086 4979962.3359375000
286240331.7050990462 5511496.4140625000
272341778.3858990669 4432160.5751953125
278445554.5270559788 5153651.8300781250
280163195.7047106028 5242622.2402343750
287046376.2774945498 5530691.7148437500
272640046.0611329079 4491378.5517578125
275389204.8220815659 4888395.1191406250
337778718.1553893685 5900612.3710937500
276330409.6565741897 4978311.2011718750
278368929.2122187614 5135135.7988281250
274981345.1474350691 4839090.1347656250
277382179.4275522232 5069585.9765625000
277710107.7696541548 5095896.3378906250
277554938.5263049006 5084755.2109375000
275099144.4621185064 4853167.9980468750
275451437.4449753165 4893585.4042968750
276226898.4295015335 4966856.1562500000
277250076.1785861850 5055182.4882812500
272602132.7377016544 4484736.3271484375
333690997.1734014750 5881829.4082031250
275950648.7808648944 4933999.5410156250
272508189.1182665825 4461577.3466796875
317285611.4829344749 5809895.8437500000
317631469.5246167779 5812844.0156250000
276315398.7093802094 4978074.1933593750
273311559.3163088560 4609046.1992187500
274735614.0814785361 4806507.2539062500
276416651.2494584918 4986549.2128906250
338343568.8855368495 5914711.6230468750
275346237.1172037721 4880005.7539062500
277345191.3782382011 5063468.3222656250
282566767.4559312463 5370965.0605468750
282046716.4489369988 5342909.8320312500
274627381.1002400517 4796121.2812500000
327680192.9891726971 5871411.5839843750
274787124.7346175313 4817610.4628906250
283272009.6763901711 5397036.5761718750
275126494.7336322069 4856328.6503906250
272459843.1624088287 4451502.6298828125
282002645.8307014108 5341676.5937500000
280472531.1916957498 5270173.7871093750
285768127.1478331685 5499151.4667968750
320805639.7770913243 5836129.5878906250
278046360.8239082694 5116525.8691406250
282407454.1220345497 5361256.2988281250
274768386.6188976169 4813595.0683593750
274912234.3518038988 4833584.5000000000
276842273.8935962319 5023854.1757812500
320375945.6336042881 5835180.4765625000
274782771.3156045079 4816044.1796875000
327579001.4474186897 5866712.8632812500
276045689.2806564569 4948565.8750000000
280050684.0188990831 5234505.7773437500
281859130.8069136739 5334665.8632812500
273928332.7364084721 4705625.3886718750
272533527.0345426798 4468948.6445312500
272566243.6740868688 4477789.3632812500
275289206.0202919245 4872912.4375000000
275703429.5344485641 4917684.6601562500
284119361.1266248226 5441195.2675781250
284525921.5243561268 5455091.4550781250
272616179.3075370789 4487684.8378906250
272654092.6309683919 4494327.0625000000
277311154.1123891473 5062877.3261718750
284215468.0111547709 5442807.5234375000
317035425.5545923114 5800065.3554687500
317215730.2035454512 5800930.0585937500
337028086.7994498610 5899798.0781250000
274501003.2264026999 4779107.9882812500
323033046.8884769678 5837310.1718750000
323077275.0871062875 5851565.4863281250
274726731.5981079340 4806148.2480468750
324998767.7456498146 5862348.7578125000
310519734.0039572716 5765360.9335937500
287040089.9172269106 5529881.0605468750
280694178.1249771118 5285991.1953125000
327150658.8986603022 5862736.6484375000
314327095.3872064352 5784356.4023437500
281708344.9189264774 5330449.5839843750
282064939.7575446963 5345052.6582031250
280746076.3879489899 5287564.7324218750
280818677.1149878502 5294334.8398437500
312178330.6087058187 5767950.0468750000
309169633.6602296829 5755034.1679687500
295153723.4480988383 5689525.6992187500
281388652.3919624686 5320843.9433593750
334160560.6017808318 5892038.5898437500
314276873.8409820199 5776468.9335937500
283992343.7615749240 5432295.4628906250
279277985.2018096447 5203045.1484375000
295056435.8667189479 5688530.3515625000
273512202.6894508004 4641961.1445312500
280344832.4995721579 5250057.4218750000
279891184.6706042290 5233099.6074218750
280938226.1372401118 5297397.9296875000
292995892.6750190854 5639371.1367187500
281176202.2450813055 5310465.7617187500
281045762.8057413697 5306899.6660156250
280577627.0346586108 5279542.6132812500
280300357.4266011119 5247305.2382812500
290222518.8199875951 5610102.4902343750
276803411.2828979492 5022367.3105468750
280848857.1070392728 5296435.1933593750
284386291.4978454113 5445703.5468750000
279292008.8096948862 5208648.8105468750
276748189.1884458661 5015097.5781250000
280229487.2598790526 5243841.7695312500
278078791.9930363297 5120557.4707031250
276902803.4463897347 5030863.4453125000
279202517.4631146789 5199109.4609375000
279016410.9667325616 5191359.9160156250
294825472.9766486287 5683014.9824218750
278689731.2761440873 5170065.2460937500
312490564.2914194465 5774325.4140625000
294364249.6634609699 5677565.1621093750
301747322.7961456776 5714835.3378906250
301582203.1665213704 5710741.0683593750
286291158.6787710786 5516112.0000000000
278786873.1502158046 5174092.7441406250
289523837.2106823921 5603876.4648437500
278339247.2727789879 5129714.7402343750
294667667.5199746490 5679344.3144531250
279634881.8264442682 5220391.1386718750
295195531.9979177117 5695373.4121093750
295030114.5609496236 5686955.8964843750
283813893.3955815434 5427209.2929687500
284058775.2298974395 5437070.3183593750
285975159.7264866829 5505116.1093750000
287623174.7964702845 5541983.6445312500
278795016.5706261992 5174192.9355468750
285523017.4537688494 5489074.1386718750
278807713.2280321717 5180073.2050781250
278642417.7051057220 5169448.9277343750
278875044.8456885815 5183903.3261718750
287202393.1792862415 5535966.8828125000
285643924.4993385077 5494051.2070312500
284447898.8979804516 5446554.7304687500
282857658.6330450773 5379499.5859375000
294879720.0646321177 5683255.8125000000
294915842.5713280439 5683462.5078125000
293592090.3604038954 5655653.5839843750
293136771.2232277393 5650347.9121093750
277904066.6839657426 5102772.6093750000
303567839.9045375586 5716789.3144531250
288048196.8841906786 5569007.0117187500
287629732.3376976252 5547989.6035156250
285042326.0647234321 5470461.6718750000
278389561.2663074136 5136465.4414062500
293806672.9900988340 5664875.5683593750
310175939.9929289818 5761993.4863281250
309676059.6717412472 5756053.9863281250
290816654.6579811573 5630999.2792968750
290500295.5653952956 5618675.8496093750
282730828.2985519767 5377922.7167968750
283621791.8560580015 5417621.9980468750
283666255.7051703334 5420224.5800781250
285237961.5729551911 5476612.1015625000
307198979.4246785641 5731125.5878906250
282156340.1475112438 5345447.2753906250
303643885.3371503353 5719579.2031250000
303657779.1755855083 5721083.8730468750
282308564.7467476130 5357178.1757812500
300160138.0652428865 5703448.8359375000
306723265.0256223679 5729422.0429687500
