82448896.0065941066 3365.5349065326
83159460.7411870658 3885.5754919201
82121978.4862432033 3116.2444180787
83241010.8870852441 3957.6721043326
83036831.1743383110 3793.0293150097
84009543.7219448090 4385.4209583949
82464270.1082703769 3395.7557281107
83083208.7784677148 3845.0866857618
85915795.0828556269 5036.6995697021
83118381.3202364892 3865.1259274222
86897004.7372863144 5044.0186233521
81742918.4442383796 2771.9910992027
81923096.9566750526 2983.2094350100
81625076.8166084737 2572.2349605948
81869217.8623540401 2914.2380971253
82143882.8197379410 3122.1557842247
82045726.5235238075 3075.7556119204
82960579.2116189599 3752.5405088514
81464516.9182949364 2343.2373209551
81991847.4292028397 3006.7842740357
82318764.9495537430 3256.0747624896
83449818.7344597131 4057.5662500039
81365729.1932607740 2248.4297085360
82085812.0165574104 3102.6481785529
83940993.3742671609 4352.4539499283
83431995.0319687724 4057.5473106727
81998476.9803787172 3023.5035091393
81572215.7607688755 2569.3895035176
81999348.9193944186 3023.6982411683
83216864.5845424682 3937.2457835823
81777789.5767259598 2873.7492909670
81975661.4742986262 2993.5698997617
82704867.4231174737 3556.5125472695
82985519.6352791637 3764.2779563805
81845530.4172582626 2884.1097557187
82067630.8570185602 3081.6669780664
84498875.4316193461 4612.1881346107
82268104.0417895764 3225.5098300927
84098745.4210947454 4444.2526821494
83737138.4807511419 4233.3798795892
81565665.9019156396 2500.4181656329
82191852.0790701956 3185.0210239344
82227336.6639256477 3215.5859563313
84994834.3484778106 4807.3568058014
81671866.8670783043 2669.0637940118
84992295.3685816079 4806.2984008789
82546316.3916735053 3441.1671163104
84972760.8149954379 4806.1659183502
85234979.5500032902 4899.7615337372
81392013.9509304315 2336.6020291357
83599323.8419353664 4149.2688176176
83766719.2195838392 4240.1130656542
83550482.2580440491 4122.4471098138
86886951.2205898613 5043.9184570312
82470064.4289540946 3400.6783101521
81751429.5664254576 2802.1194406092
82614500.7012258470 3488.0091575235
84376243.9945176244 4563.7651253939
87604472.9468220472 5062.2423171997
83159323.6259098798 3880.0739601478
85177706.5502849221 4865.5413570404
83234797.6178421080 3943.5558456331
81309957.4344755858 2137.3520121899
81640152.3308997452 2652.3576236308
82069222.5122214407 3092.4748470240
83883614.9736684561 4321.5990846893
81666638.9214858562 2661.9597591667
83590853.5929098129 4148.0806073770
84169263.8663570136 4481.3021470308
82490767.8910569400 3417.5922772847
85515009.8811872303 4958.1406631470
82565731.2527591735 3453.1585014015
82856131.6372753680 3669.9095925242
81675177.6037060469 2761.6306344509
82372644.0438747257 3325.0461003743
82763822.0262432545 3620.6561757177
82030307.4897832125 3072.6521039597
81353783.8783393800 2167.6226345402
82507665.1292095631 3435.5638218969
83180874.8296710998 3896.9721431881
82192408.0077129453 3194.4666968820
83125987.1685917079 3872.6839569435
81522464.8435886055 2460.1163040787
81914489.9885601401 2965.8983909130
81489413.9391962588 2459.9293594746
84258585.7997775823 4501.6334115267
83035567.4497220367 3787.5119991452
81769182.6086110473 2856.4382468701
83281953.1927586496 3972.6201370582
82729862.2295049280 3571.2573174387
83939901.4190009832 4342.5633310080
83298554.6242425740 3972.7595513314
81729211.3191666156 2764.9503626466
81860610.8942391425 2896.9270530284
84742899.0933898687 4688.4056949615
82968802.4469017386 3761.6773936898
82581466.6798914671 3463.7631078027
82173818.5552527905 3132.9636531823
82347434.8621053547 3308.1321332417
82530980.6999367774 3438.2223343700
82362389.6716315150 3317.5778061894
82676288.0798858404 3547.6824784130
85730410.6662470400 5027.0838394165
82182266.5817144960 3133.7550439032
81864558.1708782017 2901.5892862513
81922323.4770694822 2972.2068340235
82190260.4238673300 3174.2131549768
82242291.4734518230 3225.0316292790
83660265.5240586102 4182.7529983148
84419382.6138172299 4588.3906970024
82340004.5613227785 3273.4416301191
86640578.5880673379 5041.3555831909
84970569.0661275536 4790.2890548706
82897570.6495443881 3684.7031158023
82215611.3236909062 3197.2043502867
84092864.3877273947 4430.6786986589
86004837.3873176724 5039.7174301147
82998786.1279091239 3765.8526414447
86962704.6168862432 5052.7061691284
82408319.5914958268 3338.3582329676
83790951.5350570679 4267.5267763138
82875169.6094539911 3680.7174614817
81472640.4669898003 2357.8898525790
85707303.3551564515 5026.5328826904
83641139.0451473594 4168.1446942911
81745632.7189052552 2791.1280585475
81985623.5046212226 2993.6683231011
83277156.7538459599 3968.4403847605
82288221.3933161497 3245.8120560572
82171348.4976807833 3125.1191594526
83345048.3660053462 3994.2907743081
83484279.3643379956 4086.9763654917
83467677.9328541011 4086.8369512185
84815503.8479128480 4759.0783519745
85753183.5408123136 5028.0045089722
83629184.8869240433 4157.6320350121
81885262.1693026125 2923.8366454752
83450586.5693421960 4062.7990972828
84391920.7365948260 4573.1810688972
84960788.5014747083 4779.0517201424
82785256.6090702862 3631.5871925615
83854046.7083037496 4291.0449553728
84746454.9298388511 4694.3535653353
83914127.1951128244 4325.6976480484
83091432.0137505084 3854.2235706002
84765218.3956753761 4734.1437664032
84133580.9654716998 4453.1027349234
83976676.2751525044 4383.5911322832
85014755.7703477740 4812.2188997269
85121974.0852162689 4854.4032254219
84902638.1121601164 4770.6168141365
83938085.2870751917 4331.8672627162
84240038.6741076410 4495.8445200920
84606087.3776053786 4675.2671093941
85025563.0796958208 4817.7480053902
81862993.9377724826 2901.1221461907
84342724.9786502719 4562.6098901033
84077224.6847027093 4396.3033934832
82568994.2047738135 3458.0810834430
85895780.9644222856 5028.1959686279
83665966.7695568949 4196.2747439684
85009817.3287939578 4807.6980099678
82921129.8274139613 3730.0186563879
82971095.5367667973 3763.9371601194
83156408.0105554760 3873.9892472178
83111676.7919779867 3861.3661154658
82624180.6997337490 3534.0178378485
84849022.8637801856 4760.2692394257
83463004.5979871750 4069.9229840860
82589406.3231733739 3472.0855217241
84548814.3778870106 4641.0469326973
82691623.7716225684 3550.6272603534
84292439.5264127702 4539.4730187654
83871543.2392277718 4310.8286179304
83049119.5108524114 3817.3600522727
83645519.0575063825 4179.4020674601
82732207.0550682247 3597.7620490640
82743090.0393546671 3619.5985982381
84156020.2148621231 4476.1373091936
85082180.5178248435 4844.4216861725
85165597.7800705731 4862.2025012970
82901973.4264798909 3727.8764325827
82553626.9714449346 3447.8183770105
83374691.4819914550 4043.1818665415
83949810.0959981680 4356.8348304033
82931617.3017592579 3751.3604627699
84639606.3934727311 4676.4579968452
85922923.5263364166 5039.4410705566
85315579.8907564133 4926.7449092865
82663053.1784283519 3539.5985801369
82420325.4133999050 3354.5062263161
83402589.3246379644 4051.4625977427
84143106.9998141825 4456.9090214968
84545249.7589918822 4625.0934262276
82808987.7349105030 3658.8142858595
82676256.5382936746 3540.3645539209
83814909.6270194948 4273.6963909816
83054657.1575988978 3822.5648332983
83520086.4867143780 4096.3798544779
83457413.1851836592 4063.2928480357
84694310.9365486354 4686.5055432320
83754176.6789054871 4235.7437790632
85572282.8809055835 4999.4043426514
83369686.1838739663 4006.3990360647
82505343.6988993883 3427.4414385706
83974419.3644162714 4358.7397910357
83336349.7561881244 3986.9007711038
84285451.9789319038 4528.3897134066
83831421.5923552662 4275.3181145564
82480912.5724464357 3403.3617827855
84592879.3566838205 4642.2345719337
84476691.2441089302 4595.1470055580
83538732.2829021960 4107.1554501429
82709492.5577021688 3564.9345411251
85275980.1937506795 4914.5895195007
84852644.7577350140 4763.9031429291
83354995.5523759574 3997.6763667688
82433528.7732652128 3355.2722001001
83459794.3174109310 4065.1852532998
83311740.4877700210 3984.9958104715
85384934.0435690582 4936.9678630829
85667580.5085551888 5023.9948348999
84932440.1260259598 4778.0500545502
84057072.2495806515 4395.6653653383
84489781.9826234728 4595.8498765230
82858817.6400472522 3671.3909832090
82590616.6305295229 3472.3883642147
83625304.4726202637 4153.3976181149
83042331.9362864792 3794.1632598452
85456905.8234298080 4954.7486782074
83933331.3107954711 4326.8041147231
85128456.8702484220 4858.4110202789
83840243.5612726212 4288.5128842592
82615371.8089031875 3510.1384541951
84432626.2653121352 4593.9593663216
83104622.8669517338 3856.4833370298
83329564.1902609468 3985.1352247447
82578786.9609214813 3458.1578697155
85014721.6565293968 4811.1346225739
85274268.3549460024 4905.4985866547
85419764.9136076272 4950.9571971893
85061635.6475268751 4836.0441131592
83708843.2232281119 4227.9294806421
82890056.4301620126 3680.7511123233
83028053.2303396463 3783.5599956661
85642501.9827222228 5013.4187774658
83724338.1405984461 4228.6689956486
83577861.6476811171 4138.5301585905
84642042.7356196046 4677.7706089020
82790149.8608416915 3640.2286553234
83495477.2182962745 4094.4748938456
84758230.8481944948 4724.8581752777
85306053.3633793741 4917.4342231750
85385798.9925730377 4940.7593441010
82819735.2702278048 3665.6661323498
83165507.5963422060 3886.7094367556
82999076.8716806024 3781.4827035479
82862990.3348337114 3678.3466886471
83062590.0733528882 3843.8027807325
83612514.6951366216 4152.7561366856
82360814.3742667288 3310.8156058751
84679183.6454417706 4682.5953998566
82856878.2672298402 3670.2284442894
82698885.1591011882 3550.7040466259
85185188.1781650037 4873.2725334167
84886163.7736023664 4764.0607204437
83571516.5412670225 4131.1579397023
85119321.4276470095 4848.2131671906
85079721.7306412756 4836.0577774048
83216446.3124135435 3930.1948639005
85376272.4651959836 4931.4486579895
85039376.6934673786 4833.1241989136
83768505.6816115379 4258.1317790262
84528532.5706144571 4622.9062948227
84405592.5847623348 4573.7551860809
85463310.3304619491 4957.5825576782
84218887.8209742010 4487.2826051712
85522083.9498935640 4978.5362243652
82958411.4925146997 3752.0582155178
85551781.5503598005 4985.3760147095
84039543.8812645972 4394.7364282608
85580546.6342078745 5009.9804000854
84232131.4724690914 4492.4474430084
86663738.2926914841 5041.4040985107
86844576.9364947826 5042.7394180298
86934571.1456582546 5046.7671661377
86410848.5082799345 5039.7503509521
87371370.5271381885 5056.4620971680
87554611.6322295666 5056.5749511719
