85548010.7287421674 4955.2216644287
84094566.8821970373 4356.0451720133
82740215.9639389068 3429.3811365170
83286964.7941753119 3827.4240858350
84042143.9574506283 4317.7111729335
85128496.1017134786 4808.9998416901
83498870.3435051888 3991.2301237378
82701435.8851005882 3364.6567784054
84581858.2564132810 4586.3143715858
83685364.4395836741 4096.5750668747
85067377.8818736821 4793.1639480591
82807178.6578904390 3439.0215292675
83475551.7533287704 3967.1887247358
85723776.1189860255 4984.7390060425
83180989.3437688649 3740.8012011750
84527115.7711722553 4554.3722678423
84687057.9737702608 4639.1733059883
83965376.9063609689 4269.6838210002
84375365.8950010836 4488.3912176490
84476494.5317290872 4538.5894656181
84230870.2046553791 4427.7855896354
83723801.3945347816 4115.7534573777
84173802.1088156551 4373.5904327929
85361278.7930098027 4892.9398403168
84437362.5660675913 4525.7087435722
84439860.0836407393 4528.3694300056
83224908.7035892904 3806.9704650147
83273845.3745762408 3825.0687363846
84732700.3434217125 4646.0130963326
83410157.3765297979 3915.6520970566
82987935.8014606982 3602.5192395253
85242106.6245323122 4845.8522739410
83132981.8844401538 3703.2260590270
82569472.4744555652 3231.4461023314
85641217.6809673011 4971.9596633911
84571852.3300525248 4572.8096423149
83442443.5802782327 3949.0904533658
82902065.4519659430 3552.4596596761
83003416.5153721869 3641.1380597157
85299399.5395094156 4871.3612174988
83458010.7057678401 3959.2057469590
83470169.9896004945 3961.8892195923
82896347.5304856300 3545.2220126195
85146748.8262088597 4811.6320972443
85507629.4783063978 4919.1918525696
85751973.9232365936 5003.1318511963
82469185.5090644211 3098.1800154308
83813976.5915160179 4179.4020674601
85189552.1419229358 4831.5790481567
85529758.0042467415 4952.6689605713
83159423.0325523317 3723.8865330918
82447345.7295938879 3083.0962073066
83729677.0441643447 4117.4485390559
83081055.2543560117 3669.0595915113
84127556.0852540433 4363.1697834681
84634748.7531689554 4609.4974976778
83394166.8890804052 3905.3766148789
84211228.9073826820 4427.6059142351
83740126.2173464447 4133.9434569255
83604293.0683052540 4055.8671247754
84397960.8431150466 4489.8877383471
83864136.2806211561 4224.2252104655
83419835.1232635379 3929.9120628629
84312469.5331224650 4473.0645247698
84873789.9095026106 4701.4551301003
83402586.6895526946 3913.7471364243
83194220.7314458340 3748.2967847912
84076769.6709258705 4320.8292428255
83111458.8626227975 3698.3532756073
85638794.0608224571 4966.5396499634
82708605.3875605464 3375.4646473629
83756868.0133813769 4139.5795119507
83576595.4614123553 4023.2072804673
84768133.3603149652 4659.5075650215
82491711.5367271006 3206.0240576966
84562608.1335343719 4562.5896067023
84726616.5307538658 4643.1790056229
86410848.5082799345 5039.7503509521
83632019.4776275009 4068.6658910019
83268127.4530959427 3817.8310893280
83581684.6112905443 4036.6887342725
83493644.6889594793 3974.2646464156
82607909.4294066876 3252.7241708739
83318484.0598572791 3836.9020402227
85127528.9670818597 4801.0064487457
83562198.0414146930 4010.8686803086
84859370.5070083588 4690.9039115906
85721352.4988412112 4977.8992156982
82311366.6602952033 2973.6360632636
84821974.3290773034 4677.3991823196
82396975.0534501076 2999.3837909451
85002847.3781347573 4745.1064672470
82628943.8331263214 3289.2728578551
85519621.8923449665 4926.4402809143
83000986.7621570975 3602.9012931911
84809806.0236639529 4673.3934826851
82864963.0492239296 3506.6031924291
84942116.8137291968 4737.7219142914
84565993.4433775842 4571.1673541069
83667653.4608191252 4083.7247904586
83781037.3352961540 4142.3866007701
84256871.2770341188 4434.4457045794
84526591.7204250842 4542.4140979052
83938665.4696072042 4233.1069472535
84007484.6332762688 4271.1585483045
83959045.0121256411 4235.8725632380
83211665.6246660501 3748.7159723369
82837572.7976537049 3495.7425681157
84015375.6149459183 4288.8622115031
83414745.9733853638 3916.4306090577
83266514.9456821978 3812.2033274872
83364411.1070483923 3884.4534523282
85110596.6313803047 4793.2434997559
83924496.1256176829 4232.5397281140
84906495.2732355297 4720.0159053802
84815148.3077707738 4674.7516984940
83082397.3506790251 3683.5301345913
83416775.3460951298 3924.5550053818
83331611.3986257613 3865.2235516356
85325126.5981812477 4874.5512428284
83155948.9946008027 3711.1576103298
83533040.5541537106 4010.4085142408
84542966.8362617195 4562.4099313021
83024333.8546550870 3658.3390897019
85456228.8118348867 4915.2018470764
82653062.4091103375 3303.9323009951
82634980.7947359234 3303.1835778458
84816115.4424024224 4675.7568941116
83235435.4469114542 3811.0856659207
84865229.3936832547 4692.5461997986
83387019.5640631169 3903.6318428311
83178557.4516154975 3730.6177009670
87371370.5271381885 5056.4620971680
83854144.4076516628 4190.2977714032
83155688.9251668453 3709.8988526482
82417741.4905491322 3044.4773871161
82792418.4408993423 3437.7397759659
83909778.6502726227 4231.0650008097
85593653.0983936191 4960.7212295532
84634340.9736706018 4590.5511304140
83943437.6718554795 4235.1228562593
83361840.9370547533 3882.0235989792
84359501.0819654018 4473.2442001700
84015993.8956786692 4297.0744428128
85349069.3475742936 4881.4360237122
83567121.1701713502 4017.2483045850
85849447.6197642982 5012.7435073853
84034246.0137598962 4303.9142331571
84744868.6488351226 4650.0187959671
84070477.0202147514 4319.2273730725
84929723.5823228508 4732.5244121552
82631601.0716722906 3292.3757088883
84922897.5610163361 4722.8887310028
83959987.8233195245 4237.3887633771
84087786.3271021098 4324.5509632777
85018255.3593397588 4764.0971050262
85205954.4297037423 4834.4518737793
84817697.8436593860 4677.0179939270
83120610.2332156450 3702.7424824936
84276512.5743068159 4434.6253799796
85575400.9803123921 4955.3012161255
84088729.1382959932 4326.0671634168
84171717.6459545791 4364.6859836072
84198479.0264382064 4386.1488294095
84673742.6966231465 4626.2925839424
84672775.5619915277 4618.2991909981
83808330.4945093989 4154.6384114074
84774442.7790534645 4661.8709764481
84882192.0322990119 4710.0080089569
86169395.2963843942 5026.0122528076
83810185.2958145142 4156.9629348023
84923864.6956479549 4730.8821239471
85858490.3920906931 5014.3702850342
85845729.7167547345 5004.4353942871
85915948.8185713589 5024.5642623901
85909122.7972648144 5015.6738281250
87213345.5096116960 5045.7670822144
86048565.2416414768 5025.4893951416
86264595.4239449203 5035.8026962280
87554611.6322295666 5056.5749511719
87134568.0494388193 5044.8104248047
