81978398.7927284837 734836.9838867188
81939377.3444727361 729162.2495117188
85435188.6327275187 931835.3408203125
82363840.9721848518 773227.2133789062
82833639.2300809622 817859.3398437500
81798318.1601511091 708401.1250000000
82408325.6338993907 782652.9423828125
82207724.4562140554 758806.4843750000
82880261.4074053764 818137.2714843750
82423538.8547519892 784300.6835937500
83107223.8611071855 837035.0625000000
84519262.2711246014 911081.6464843750
82886562.3883493245 820460.0742187500
82292580.6018878371 765521.7666015625
84026863.8074090779 893449.8652343750
82597373.6654765457 798824.8662109375
82915846.7762483805 826101.3486328125
82551448.0413127393 793929.4414062500
82510408.2481925786 792746.6699218750
83031107.0115485638 832717.1953125000
82433407.8777753413 784762.5009765625
81830933.8491789848 711722.8725585938
82078869.8551794142 746746.2211914062
83229389.4010347873 844793.5332031250
83862833.5593909919 886168.2851562500
83290785.3270848691 849577.4140625000
83953466.3914661407 890022.3505859375
84767568.6114786565 919000.0820312500
82155966.2494400293 752362.6000976562
84264563.3895722032 901952.4414062500
82903339.9184648544 823991.7900390625
82069000.8321560919 746284.4038085938
82166233.3936392516 757747.7353515625
86173131.0720462501 933645.8222656250
82966200.7151829302 830781.9228515625
82651363.9776041508 800475.8261718750
82670192.5108306706 802374.3076171875
83126617.8007793576 838174.3964843750
82518857.9160126001 793648.9023437500
83222484.0964073539 843650.9091796875
82564801.2985538095 796220.2783203125
84275175.4844985306 903068.1113281250
82054146.7599870861 744582.6132812500
82771302.1530491114 813844.2275390625
82508617.9947222769 789409.8071289062
82718378.9947807640 811243.4931640625
82552294.4407702833 794110.7197265625
82680061.5338539928 802836.1250000000
84270339.2406806201 902110.8310546875
84439995.5807990730 908018.0048828125
82341445.0850538313 772461.5732421875
82867699.5177756548 817988.9531250000
81678513.3517846465 694174.5332031250
83384880.8730925471 856145.1025390625
82128341.2325455397 750850.5214843750
85108951.1529481709 926362.4746093750
83372273.3074698895 855295.9609375000
84491115.7721620947 910102.7509765625
83281603.7758896798 849387.8232421875
83809294.6019893885 882716.3886718750
83562377.4027445763 868402.2236328125
83334526.9341580272 851528.7031250000
85055819.2313419878 924721.2753906250
83972167.4382984489 890423.7646484375
83846230.2604352087 884010.2470703125
84694694.2229656428 914688.6962890625
82305208.7676430792 768058.8476562500
83630406.1521753371 871843.5595703125
82160322.7090858966 752787.6699218750
83428180.4995911866 858991.1250000000
84952980.8959181607 921642.6572265625
84002495.8424124867 893441.1875000000
84516188.8191873133 910336.9658203125
83598451.7622624487 870511.7822265625
84869808.8397751004 921144.4384765625
84763822.6888651997 918101.8417968750
84166569.9496224672 900053.7441406250
85420593.2973845750 931807.8886718750
83479071.5573572963 863118.1542968750
81929461.3186237067 728772.6596679688
82712037.7963817418 803218.7705078125
84979189.0420057923 922726.2626953125
81871550.1085917503 720303.9594726562
81843210.3000102937 718800.6752929688
82209580.2772452831 762484.3183593750
84938385.5605751872 921615.2050781250
84801486.9393010736 919045.6406250000
83529425.4962918162 867734.5537109375
84202005.6862734854 901550.8330078125
82659114.6381133646 800618.0361328125
84347205.6117151976 906146.3525390625
84485390.1627017558 908111.4794921875
82311399.7666982561 772129.5732421875
83906781.0130730271 888934.8994140625
84844198.8008148521 920995.0947265625
84840452.8782013804 920096.8544921875
82493781.6415494084 784963.2749023438
84825054.4410353899 919259.1699218750
83357993.7280532569 852789.1201171875
83515145.9168751538 865227.7128906250
83166148.2084869891 839998.3730468750
83746380.2128141373 877967.2978515625
83861640.4481142908 884583.1445312500
83317678.1354075223 851497.3818359375
85208972.8668574244 928081.7080078125
83476081.6176793724 862233.7373046875
84531266.5345985144 911755.9619140625
86811400.8501404971 934486.0390625000
84214802.8564194888 901640.0644531250
85234582.9058177173 928231.0517578125
84668104.5306705534 914539.3525390625
84664358.6080570817 913641.1123046875
81943991.3455536067 729988.5185546875
84068726.6267663389 896638.1972656250
84407578.2397942543 907574.3994140625
84037607.3452939987 894879.7861328125
84539082.3800342828 912795.6826171875
85249178.2411606759 928258.5039062500
84414385.5418388098 907871.3144531250
81754370.5186742693 708210.9116210938
81867870.8166420758 719186.4755859375
83202222.5680048466 842107.9316406250
81956076.6456894577 732000.8022460938
85223568.2022003829 928109.1601562500
83717085.3279749304 877809.2939453125
85649154.2115692347 932379.6455078125
82022606.1867821962 735983.4208984375
83252576.5069393665 845734.9775390625
84383786.0638916194 906244.2011718750
84912775.5216149539 921465.8613281250
83740112.4030178040 877948.5419921875
82049955.7242448330 742133.4047851562
83896584.1993697584 888626.6464843750
83152293.0343528986 839472.3281250000
83855372.6383179575 884564.3886718750
83671752.2729283124 872831.3066406250
84927370.8569578975 921493.3134765625
81912038.5135625452 723836.8720703125
83981877.0548472553 890917.2285156250
84185446.8948457837 900561.2910156250
83674511.5413866043 874350.4003906250
83663939.5289546996 872415.9755859375
83194997.7940713912 840284.8886718750
83781815.8570632786 881916.0273437500
83420955.2326104045 858254.6611328125
84189192.8174592257 901495.6328125000
83565499.8558096886 869844.1123046875
83267553.2696530819 846088.1748046875
83879042.4805960804 888531.8740234375
83370601.2936758846 853638.2617187500
83097771.1705385596 833669.0419921875
83275040.3853833377 847514.7714843750
84321595.5727549344 906001.9208984375
85083341.1139879078 926213.1308593750
83828688.5416615605 883915.4746093750
85294961.5445150435 929939.3115234375
83776270.8803406507 881912.7373046875
82879615.1359383464 818089.7275390625
81908378.9577993155 722133.4912109375
83617131.4497399479 870926.6318359375
82391374.8997867107 774967.4873046875
84043116.5878060907 896493.7656250000
82287130.1699065715 765333.4580078125
83420796.3979201019 857662.3339843750
83072142.3137394190 833168.0781250000
84039370.6651926190 895559.4238281250
85059773.6122535765 925999.6015625000
83713428.3063613772 877299.6279296875
81842104.2386905104 713735.1562500000
86685990.6644749343 934172.0937500000
81834200.5370826125 711976.0634765625
83680760.0911098719 876459.9589843750
85205226.9442439824 927183.4677734375
81894120.1409692317 720646.3510742188
84153706.3777305484 898451.7324218750
86457972.0062351525 933879.6435546875
83773150.9486886412 880114.7705078125
81968714.4407459050 732152.1264648438
83749583.4469543099 879901.2412109375
83247862.6596129686 845265.2617187500
84427594.6968940496 907884.5390625000
83074765.7378276885 833348.8378906250
85029638.2144393027 922882.9931640625
83864843.6822544932 886517.0878906250
82302307.3361977190 765619.2685546875
85015474.6274268329 922753.7148437500
82029010.5971006900 737584.2670898438
82285593.8749034405 763225.2114257812
84315907.1545906663 903135.8750000000
83470547.7277124077 860124.1787109375
85271394.0427807271 929725.7822265625
86003655.9329537302 932941.5244140625
86095353.7099153996 933156.4716796875
81748340.2742410004 699885.2265625000
85708667.8739796281 932584.0761718750
84031485.9850691557 894384.2070312500
84171773.4204883277 900065.7119140625
84317849.6501414776 905067.5791015625
84588278.9524152875 912871.9228515625
84749916.0708282143 916304.8642578125
84757269.2724135220 916541.8271484375
85967688.2629035115 932636.0498046875
84394063.3697211444 906245.7470703125
