29500278.0917460956 530633.6639561048
29639877.9967834577 574645.2150878906
29648036.5395022146 574914.4072875977
29539936.3985688463 556100.2010955811
29728124.0297341906 586129.5547790527
30566248.1975246519 641308.0383300781
29773623.2213523649 597239.8677978516
30391711.8644742556 635368.8903808594
29475398.1257473826 512650.6288034916
29940822.8020119406 609811.0318603516
29887863.0410157330 602904.8022460938
29494300.1651160717 529140.0500076595
30591755.8911382817 641984.8613281250
29823151.2006082535 600722.6124267578
29512781.3679629862 540448.7438917160
29504182.7903194875 531127.1620029798
29627317.9052292220 571627.4240417480
29692753.8664644808 584971.1343383789
30378093.1121894754 633856.6263427734
29529565.8090918809 552137.2263433774
29508513.4516709037 537844.1211218853
29733593.8193374053 588473.7132568359
29526831.3581827432 543071.5325012207
29889417.3923395239 606590.9159545898
29504743.7758601010 537640.7613799572
29626479.7587674037 571465.7292175293
30007499.1673053764 616051.8285522461
29811050.6201659068 597704.6682586670
29581862.2448647618 565311.6249351501
29703315.5467689224 585690.8595581055
29503073.6190010495 530970.8788175266
29603150.4107772484 568580.3750915527
32133152.3410260677 660250.7573242188
29479565.8490063734 514812.9273054600
29589461.8858923018 568203.5000305176
29859119.5991086103 601856.1588134766
29516987.6552873477 541160.7809226513
29744155.4996418469 589140.7147216797
29924622.9207063690 608280.6209716797
30576208.8918842934 641979.1591796875
29479604.2076382488 516550.5833399296
29481527.1692491025 516550.5844189246
29503988.1043106653 531056.8043745905
29681081.4738889150 578678.5012741089
30773428.1822635047 647802.0273437500
29503392.0205398947 530986.8199130540
29558669.6626155525 556326.6987266541
31066948.3571128808 659467.8666992188
32158901.3647444099 662595.0463867188
29489913.9627820738 525953.6966720083
29611222.7306638360 570148.6614990234
29638179.6976444609 572450.1750922203
29812021.6166726500 599781.5528564453
29498204.8636894673 529490.6606033626
29520764.0355683044 541441.8244632483
30657019.1798031069 646485.1149902344
29819523.9714999609 599824.3653564453
29683384.0231251307 580029.2342758179
29499168.9204276465 530477.3807706516
29865598.4160459042 602474.5531005859
29573362.1371429525 563558.1084423214
30958737.8726201467 653722.7783203125
29773093.4966557212 595721.4282226562
30615391.7413987778 645966.9453125000
30601911.8182844780 642193.7678222656
30056980.2499231100 619519.5771484375
29607088.7467949353 569671.6166839600
30255260.8307189345 629675.4333496094
30170664.7999786586 622788.7215576172
29897035.9442663379 606712.1949157715
29638917.3288556300 572620.9725189209
29523972.8982747272 542849.9448914826
29612875.3833910972 570364.3239212036
29675782.8348387480 578632.3174505234
29908640.0781512074 608214.7620849609
29488132.1428733990 525617.0872779875
29999673.8587880731 611700.7557373047
29493959.8043298647 527561.6652420345
30072986.8476044536 621059.7705078125
29940846.1527335383 609865.9527587891
29942431.7624851353 610722.4019775391
29492984.2508104891 527503.7464267259
30210347.4630687088 629113.7788085938
30495671.8575326391 638272.1542968750
30737097.7097528763 647471.2585449219
29490055.1057564653 527068.1671951595
30177275.4394432530 627031.3734130859
29667119.7820684649 577221.2412567139
29583648.8873553537 566708.5790557861
29598897.6653588042 568337.6308050156
30364223.5398330502 631881.4160156250
30805835.6107227691 650595.5986328125
29538110.3244456947 554481.1356121302
30028525.5462454744 618677.2750244141
30052696.8904043473 618941.1267089844
30124556.3004600704 621720.5603027344
30509464.9883748181 638790.3239746094
29772583.1680104584 592626.3749084473
30282356.1409900077 630724.4226074219
29486170.8226306699 525596.7527182028
29624664.3076396286 571404.8835754395
29619335.6237981617 570911.1593513489
29660112.6884985566 576821.5193328857
30476487.3279187195 637673.8889160156
29933088.2582026273 609118.9547729492
30571173.8839509822 641584.6330566406
29511903.3396692500 538186.7626192585
29964919.9140855074 611348.2817382812
29761054.7743359320 592507.7435302734
30280266.6469039209 630135.9860839844
29582080.9195613377 566659.9802703857
30397181.6540774666 637612.8469238281
31042309.2751846798 655797.1040039062
29560926.0539662763 558265.7844696045
29579824.5282106102 564720.8945274353
29853253.3494870439 601102.0008544922
30816901.5138983987 650952.6804199219
29977720.9958649352 611458.4545898438
30065605.5434930623 619812.5529785156
30262403.3774271570 629918.0559082031
30085117.6750848554 621158.9057617188
29859142.9498302080 601911.0797119141
29978455.8119859956 611564.7041015625
30004113.4990710430 615220.5836791992
30362594.0742875226 630835.4509277344
29488944.1442062967 525623.7919117874
30131698.8471682929 621963.1828613281
30942304.5983262807 651684.8886718750
29886159.3485497907 602750.2622070312
29511833.4569592252 538158.3254710601
