9831932.1430053897 544715.4023437500
9844360.0922979992 553926.2419433594
9824596.7617758829 532077.6878051758
9826737.3926158193 542710.0797119141
9821331.2428782806 522819.0303344727
9823501.3002310600 531807.9242553711
9821835.2965155169 531300.3114624023
9827630.8607651759 542964.8642578125
9824166.9076323714 531957.5491943359
9826398.0370397214 541303.8496093750
9818862.5806482360 519534.2273864746
9860117.8431823179 554647.8261718750
9832142.9142417870 544911.3837890625
9826035.2800882105 533722.7031250000
9820602.0672557279 520419.3906860352
9818917.4590262137 519616.9851989746
9818254.9450270794 519145.0559692383
9857559.9284604527 554588.1069335938
9837511.0579329561 545407.0598144531
9842028.9099881928 551983.7493896484
9840631.3338445965 545527.5212402344
9822265.1506590266 531407.5501098633
9819691.5744439606 520242.8373413086
9828779.6274966802 543143.5302734375
9820829.1361445300 522387.6872558594
9827390.6782957669 542743.8372802734
9861123.7065267377 562511.1103515625
9821508.6823650803 522978.9004516602
9825993.4042527601 533511.3308105469
9839015.7420581784 545527.3378906250
9821019.9848887157 522712.3378295898
9835243.7002817914 545221.0954589844
9837343.3988455106 545341.3735351562
9843636.9812844303 553805.9638671875
9856350.5581102595 554465.4282226562
9851790.0018495619 554189.6235351562
9842717.0292804763 553613.2563476562
9830499.8512242623 544598.3981933594
9819862.0296736863 520262.1410522461
9848616.4715998881 554112.2062988281
9833688.6951167025 545112.1608886719
9826243.0963297989 534272.3693847656
9823183.0579844229 531687.2194213867
9842631.9012381993 553496.2521972656
9822226.4101875350 531343.4346313477
9848320.7368287724 554051.5307617188
9835204.1620045323 545136.4111328125
9827971.2873896006 543067.1904296875
9826392.6665145829 534336.2968750000
9853965.8384358864 554409.9477539062
9821078.8282215670 522812.8787841797
9821796.5560440235 531177.4129638672
9823965.8967950270 531810.0371093750
