68167952.5613529980 540439.7719726562
67201020.2457145154 508103.4261474609
74403089.1191437542 545274.1616210938
66627973.7885167152 483589.2750396729
66061519.9941548631 456968.6409568787
65714930.0715753734 433249.5772743225
66048487.1514339820 455633.3133202493
65913129.2809789330 447257.3526726663
65617776.1453268453 420619.6867290437
66415512.2452219948 475542.4367065430
66999244.1671844199 499301.5804328918
65704002.8287009299 433075.4748077393
65694501.6806709021 432139.7341499329
65757480.4385761991 436861.5270553529
66313440.5896974877 469711.8058471680
65991109.0596977696 452812.7028160989
67173367.3610599935 506029.6057739258
65874256.3200074211 445275.8601680696
65700551.3079281747 433025.9832649231
65865431.1180421561 444504.0787029266
66664998.1558281779 485109.7904052734
67181729.7526401877 506825.9728202820
67107569.6089132130 504495.1143798828
65819764.3734888434 441607.4470977783
67352858.5675646514 512242.4104614258
66946462.7002035230 498022.4040527344
66568141.2667605877 482289.5790901184
66787091.7987166718 491212.9410400391
65893982.9748026207 446030.8069591522
67614318.9791616052 523310.3684082031
66862150.0562697947 494098.3865051270
65832645.1384894475 442372.8322315216
65799085.7283161506 440061.8230762482
67437002.3021577895 516848.0218505859
66208588.4110367522 464812.1795006692
65764097.3923914209 437158.6449752748
68762220.5933860093 543673.0415039062
67298306.2564014792 510961.3789062500
65738044.2284732163 434899.8360664248
67234444.0454790592 510201.9808349609
68947091.0139445961 543781.3442382812
65727540.7378771454 434682.8356412649
67000492.7147861421 499564.0809936523
67224249.1897342801 508526.3510131836
65513907.3957038373 396227.0969965458
65756092.5946376100 436209.5648740530
68402785.5060266256 543249.4843750000
65747969.1287816167 435793.0869687796
65554464.8815437406 411413.9173656404
65555480.9874702692 411731.7764125764
67045735.3661158010 501832.4622688293
66550136.0161677152 481222.2771254778
67566985.8291579485 520996.4436035156
66542034.7061535269 480955.1193199158
66852895.1132754385 494029.1095542908
67364316.0633390546 513466.9416809082
66862264.6217947751 494282.4348716736
67185231.6576123238 507040.8376770020
66870365.9318089783 494549.5926772356
66529793.4300011769 479843.1770591736
66050941.2164975479 456350.6300316751
66362465.9801770449 471823.4479332864
65531715.6569058597 403860.6187111437
67462059.2823906988 517344.6370849609
66378002.0559834614 473281.3464927673
65549827.2305944115 411299.3299948871
66891077.2093974799 496257.0281066895
65520132.3337329030 402145.8165264130
65926162.1236998141 448592.6192741394
67169796.6343095452 505767.0934944153
67995246.8545258194 534190.4771728516
66217714.5025787652 465411.3258781433
66837460.0899726674 492696.2012290955
66516896.4130852520 479374.3065757751
67446152.2502472699 517139.1654052734
65517926.3778014183 396276.2242118120
66352762.7104115337 471575.5117760599
65516877.0376105607 396228.6882354021
65621949.9397361875 424159.7302945852
65601844.0449044779 418899.2204825580
66922226.0765618235 497524.4111328125
66882860.3708491921 495360.2060432434
66346145.7565963119 471278.4504967630
65569005.3332587928 416704.5622018576
69420187.5584774166 544060.0078125000
65608460.9987196997 419196.3579337299
66982917.4782922491 498227.5395240784
66846829.5984920114 492949.5265464783
65575981.9951434806 418439.3282791078
67591689.5986548513 521287.2907714844
67376249.1816696823 514529.5301513672
66788261.3419214115 491458.6052246094
68517165.7162604183 543575.8593750000
67618025.1377259642 523318.8454589844
65996018.4365626425 453731.5403404236
66196453.8617830575 463734.9633706808
66124969.8034966439 460684.5156661272
66352426.1820689887 471432.5022958517
66101582.2797100544 459324.0448570251
66389984.1225619689 473526.8900718689
65622450.9072562456 424421.7628650665
67089177.5580703095 504246.0190429688
67264347.9963176847 510626.1898193359
66759757.5393730998 490671.4674072266
65541230.1028394029 410765.2976104021
66073030.4229495898 458725.4365959167
66061577.3507715389 457645.3536949158
66686359.2300198376 486232.8131675720
67441613.2723344266 517057.6273193359
65900992.3748130873 446406.9020347595
66392694.1251891404 474333.4267836809
66928070.6493606195 497774.2955322266
67451222.3447365165 517303.6328125000
67061160.2067998871 502890.5652275085
65567293.7490956038 416422.4709019661
67094005.9578986168 504417.2569580078
65648450.3866928816 426612.8160972595
65677002.2434533462 428139.5951347351
71201744.6288453937 544645.1411132812
65894375.4209978655 446109.7763023376
67011177.2855150476 500360.4690361023
68811818.3697032332 543764.8857421875
71226742.9278235584 544651.8549804688
67764523.6646754295 527711.6901855469
66436356.6218684688 476758.7518730164
67721307.4000802934 525421.9049682617
65538384.8455979601 409877.2081704140
65540137.9045169204 409885.1360402107
72024340.1879764795 544865.6357421875
67577207.3366643786 521252.1663818359
67766918.5346100181 527713.4284667969
67720058.8524785638 525159.3780403137
66429682.3114365712 475785.9275627136
66385828.2605528533 473290.8314772844
67651461.4115961194 523860.6331787109
66454700.6184992120 477125.8898124695
66917726.6487137526 496752.1572685242
72591932.1615840793 544890.6289062500
67768954.8746715933 527714.6208496094
66902126.6576375887 496673.0054130554
66574229.8122923970 483099.2771415710
66092629.1724651605 459280.5964012146
67752307.9134261459 527503.1208496094
68308975.1394263804 542980.1625976562
68308108.3425695598 542977.8364257812
66918030.2036497593 496984.9995117188
72383216.8800214231 544884.6127929688
67993210.5144642591 534189.2847900391
71481373.7452205718 544691.6801757812
67505033.2769849449 517605.4643554688
66677914.1454439312 485178.2168846130
67476422.0987558365 517598.4970703125
67548135.8878169358 519756.6080741882
67813240.7940947413 530031.5720214844
70422287.6764750183 544445.9199218750
71854539.9595703185 544836.2910156250
71502727.6686184555 544706.1845703125
67516565.3895075321 518466.4372444153
71853162.7368652374 544754.5063476562
70939972.7495307177 544542.4624023438
66084611.1152957678 458878.8736991882
67729669.7916604728 526218.2461357117
68203026.6872757524 541398.5664062500
71063477.2519901097 544608.1577148438
69767164.3939322084 544223.6411132812
68004525.9503198862 535649.1568603516
70539485.0701063126 544528.2172851562
69718382.2343717664 544210.2983398438
69478435.1249534488 544099.6835937500
67197895.0142527521 507712.2457275391
70979983.0725118518 544582.5976562500
67605608.5234667361 522289.0353202820
67960061.0568443984 533968.5924072266
65566624.4671679810 416206.4863743782
67942019.1113717854 533964.3829345703
65529079.9335965216 402955.4028267860
69596019.3363255560 544123.4711914062
65652999.5113523677 427229.7959442139
67035287.3661177456 500606.1781425476
65665390.1932892054 427946.7589792013
71609556.1203321815 544712.3569335938
68033918.8171027899 536502.8721923828
67398558.0812319815 514816.1527099609
70003226.5208085477 544321.7744140625
71162198.8220476210 544629.3618164062
67191951.2601466179 507081.6589775085
65810493.7076705173 440409.2867196798
65914638.9291586578 448189.4238656759
65628954.9022379667 425082.9761899710
70001616.7686308324 544273.1640625000
70855881.6584784240 544536.1176757812
70016276.9723608941 544339.8515625000
70308222.2771419883 544421.8867187500
68039890.5243796557 536503.4683837891
68012331.7293677479 536349.8292236328
68857914.1836147755 543778.9916992188
70296487.0372657627 544355.2504882812
65811038.5968591347 440640.4084695578
68058531.5278067142 536511.6578369141
66669425.1127661616 485113.7762451172
66315937.6059587374 470652.5837821960
69403847.7651186883 544034.8828125000
68139890.1061381102 539196.6108398438
68477383.3184698969 543510.4121093750
67054855.8706538752 502470.5292167664
66484795.6683630496 478394.7655029297
65993040.9816175029 453729.9026451111
66235599.8345670253 466562.9533042908
66246266.3593392298 466936.0267906189
65946538.0958787873 450526.0033531189
66251034.8578697816 467896.5105552673
66089095.6227673441 459093.7166252136
66418644.3726723865 475644.5951843262
66103139.4562302753 459803.1533775330
67160853.8225072324 505282.0225524902
66934258.0475630015 497942.6789550781
66412027.4188571572 475347.5343933105
66225164.1058599725 466270.4301109314
66144171.8026412278 461895.8352239132
66628513.4315857962 484984.0272216797
66117647.4795278087 460620.1196861267
65928146.0450358763 449419.6255607605
68303178.0824510753 542974.8276367188
74143436.8296906203 545175.2749023438
65837203.0202813894 442977.6066398621
68351103.6513532400 543215.8779296875
67243816.6224211752 510262.6112060547
67082037.2399225757 504162.3916015625
66988543.6477135271 498280.9119567871
66842990.1681104675 492764.3842468262
67917339.2204205841 531445.0162353516
65830269.3999389261 441866.1824607849
66734705.2955111042 489781.4540214539
65924662.1275576353 448556.4334373474
65939495.3445251510 450501.7226219177
66720515.4399650767 488917.1817321777
67979149.7128147483 534045.9063720703
65954807.1136699021 451579.7776908875
65597230.4210929573 418826.3368034363
66563430.7030638754 481992.5120201111
66283706.5874495730 468847.1553325653
66994634.5795236975 499152.1863708496
66153521.6602571085 462210.9187270403
65947850.5761354193 450903.2984180450
67344964.0922406316 511829.1755065918
66305135.4458389431 469596.2820930481
66138803.3964277133 461646.5995445251
65819413.0654027686 441564.8559566438
66588758.4942921698 483470.7222099304
66719393.5263663307 488702.7407493591
66145420.3502429277 461943.7452964783
66699359.0980215296 487588.5742950439
65879213.7489422187 445326.4303245544
67908147.9191501439 531088.3262939453
65965698.1389329955 452183.9398937225
66004141.9024186283 454148.0236167908
65688902.0792510509 428711.8858299255
65977111.6874049827 452784.0347099304
65783093.1628364176 437166.4942834377
65756406.4291823208 436442.2500572205
74250981.5590741932 545229.3793945312
66874392.0862217769 495304.3988952637
72980436.0892672688 544938.7460937500
73206149.8186860830 545023.0375976562
68256019.6979637444 542829.2661132812
66552971.1803027540 481284.8190460205
68400625.4722772986 543247.4111328125
67425136.4901865125 516760.9368896484
72956181.5358591378 544909.8632812500
68135129.6371312737 537923.4404296875
73454730.2804673761 545138.7187500000
66586801.9160307646 483168.0032157898
73983776.6315689087 545147.8134765625
66868661.5227968991 494487.7375030518
65795686.4659375027 437382.2645454407
68099425.5000330508 537093.4692382812
68950332.5189093500 543906.0283203125
68785939.4534915388 543697.7993164062
68089249.9718126059 537090.5468750000
68643351.8857473731 543637.5400390625
72888444.4818364680 544906.4370117188
68221866.9214465767 542497.7119140625
74210916.7204220146 545188.5610351562
65828244.2007941678 441839.7754325867
67894657.8545527905 530618.9869384766
67705370.8020899594 524363.8327636719
67880471.3788517416 530614.7550048828
74225432.2445054203 545189.5917968750
68001155.2101550847 534959.3564758301
68233850.4239766002 542499.4038085938
68151336.0723805130 539865.9184570312
69717682.2827309221 544156.3530273438
69073549.6105201095 544023.8969726562
68687024.9375436604 543669.3076171875
68681327.3273493499 543654.7094726562
69654298.7825524211 544124.6840820312
70192946.7627274990 544345.2670898438
69656461.0041054934 544129.9438476562
69819206.5566484034 544225.6083984375
69473234.8353788257 544085.6044921875
