29806602.4651889950 177752.7074260712
30343091.5027090460 192359.7196044922
29623057.5126019195 166541.0943474695
29809113.7595309317 178135.3129234500
30488582.3444569409 195849.7770996094
29980651.7722041570 183846.9893188477
29946753.2686193623 183262.5776767731
29602696.1032194383 165517.8118362427
30517421.7862049639 196928.5789184570
29561649.9187977090 161788.4943266585
29974108.8737346716 183743.5639266968
30599945.4231525734 198843.1798095703
29708434.4262555093 171237.6214480400
30518448.5907327905 198343.0401611328
30663729.3196817003 199313.1566162109
29547495.4763898551 158151.6991291046
29792858.2840465009 175545.5583396070
30409599.3744858727 195375.7106933594
29774230.1955120713 175431.3999285698
29513454.4606134854 153089.0537919998
30522580.4304747246 198343.3775024414
29694617.8298415951 171068.1323199272
30193105.9027657807 190655.8779525757
29631935.2629547454 166869.5267291069
29803135.7572738267 177621.2645545390
30061502.9211941473 187164.0924911499
30704503.9515766203 201085.8719482422
29991378.3052447028 184336.9323425293
29988256.8997958899 183871.7851428986
29616769.1854818463 166390.7560958862
29990429.1804620251 183972.4801177979
29731568.7869081274 174016.1070594788
29682932.7337145545 170991.8377642632
29571661.5377551988 162418.7833123133
29610094.8030779772 165757.0848641321
30109286.7586008459 187949.1588745117
29762545.0993850306 175299.2502703667
29953290.5376418903 183378.5779209137
29545898.5967854857 157634.4880924225
29612071.5971268676 165969.9816670343
30445023.8015578538 195588.5123291016
30465853.1968528964 195627.5798339844
30711256.9424474463 201974.6502685547
29657804.4696436524 169893.7960243225
30061265.0627189092 187113.0672073364
29837907.4272420108 178991.9577965662
30537415.0402375199 198561.2363281250
29738125.3372512683 174272.9919166565
30097382.7544181570 187797.5859375000
29841607.8869295195 179091.1274271011
29919409.4199415483 182468.4513724782
29639229.2941458896 166935.2595710754
30301917.9071687460 192026.7718505859
30204122.5470375456 190775.1716308594
30058441.6434575543 187109.8669834137
30310216.3869181946 192098.3471679688
29873656.2768466808 179842.0491123199
30290264.8229027018 191962.2967529297
29568459.6842977405 161847.6706318781
29538218.9470525384 153992.9267141448
30189238.7254755720 188650.1329345703
29724307.8275385164 171423.1193605023
30040682.6185468212 186408.4102805406
30051185.8332155943 187105.2091217041
30209599.3026934303 190945.0504150391
29667859.1714376584 170891.3237900734
30380018.6729205921 195168.3934326172
29906224.4208844416 180435.7425843477
29543242.8474499993 154084.4295597076
29761148.8732902259 175152.4542552233
29822818.0024414249 178341.3418350220
29807345.7539729960 177884.6166248322
30192308.3987048641 190181.9403524399
29624247.2586085312 166769.0127549171
29880075.0444032960 180029.5350284576
29747424.2304008342 174643.5274620242
29653137.4172993451 167103.1681175232
30424308.3083988987 195491.1900634766
30196866.7367955893 190679.2606353760
30026769.5204650387 184622.6111755371
30536110.3632013910 198554.1217041016
29963791.7857561223 183684.6805572510
30531153.6424174942 198491.6483764648
30246763.5693595782 191676.6079711914
30031294.6785175726 185999.0328956246
30097311.4732625149 187694.7253265381
30189621.4382162318 190082.1244235039
30349238.0750831813 194291.5990295410
29943663.0533558056 183055.6851994036
30001766.5959597230 184380.5045471191
29891389.4824087098 180271.1266174316
30278983.5633635297 191891.0299072266
29537200.9135893919 153111.5216155052
30357515.4085660242 194724.6125793457
30373757.2751005664 195098.8054809570
30205259.1454632841 190846.4497222900
29906322.4266839251 181621.4830087218
30476256.6251125187 195785.6110839844
30538796.8994622976 198581.8073730469
30195694.7585846558 190659.9889221191
29798394.1596078984 177509.0332007792
29630428.9591269903 166835.3580031618
29595396.4227266535 162552.3160548210
30192371.6467514001 190592.4354858398
30633652.9924294427 199178.4539794922
29830166.0943067260 178789.0699310303
30076555.4267813936 187432.5939178467
29924850.6747955196 182996.9616031647
29760652.1666961983 175036.3116184709
30211183.9134570546 191229.8627929688
30166868.8436492980 188541.7681884766
30201713.2837584503 190747.9145355225
30127122.8819524795 188184.8225097656
29556609.3092604578 158164.5542867456
29913106.5611085743 181984.1215720773
29905297.6055621542 180412.9012756348
29744629.9994722418 174456.3242492676
30075327.1537355259 187388.3846282959
30360530.4275795780 194861.4729003906
30276646.8306888640 191883.9252319336
30350648.7951562405 194643.8766174316
29823251.0477667935 178775.4129982181
29736894.4712779932 174242.9964141846
30568647.8637921847 198768.5535888672
30339750.5477440432 192313.7579345703
30206424.1704626195 190853.4217071533
30224410.7609780356 191467.1953735352
30323575.7586058341 192213.8265380859
30336206.5803703927 192285.0933837891
29990351.8471382931 183878.7489776611
29666524.1371051073 170509.9214730188
29731178.5269578286 173327.2210427462
30401150.6279796362 195217.6794433594
29722357.7746415734 171294.5886192508
30525193.9149630591 198423.7761230469
29814357.1293978170 178270.8047432825
30313006.3849259391 192148.2089233398
29749041.9128083028 175016.4610443115
29621863.6871701330 166421.2685570642
30157498.9112723097 188447.2893066406
29791349.8190140240 175466.1681133745
30237467.5729016699 191582.6747436523
30191032.1582892872 190121.3032531738
29933935.4918769039 183012.2832298279
30552156.2711499408 198697.2867431641
29834819.9833798148 178897.2136559412
30081746.3111844808 187670.6875305176
29748481.9824408107 175016.3320617676
30323149.7684467547 192169.6140136719
30313510.8011437654 192152.4023437500
30387116.6467882022 195214.2848510742
30110881.9048163369 187964.0245666504
29662397.9533088580 170055.0816102577
30304973.7568157203 192077.7761230469
30298712.3589956947 192008.1881713867
30255273.1314418092 191747.8648681641
30128775.0039418638 188256.0794067383
30363656.4066049345 194940.7742309570
30691034.6225094609 200559.8516845703
30307249.4033237286 192082.8143920898
30617530.3718410991 198981.3552246094
30120918.0229731388 188090.8892822266
30158661.8413310722 188470.5112915039
29610234.0441231318 165771.4858229936
29855359.6699041687 179456.1481528394
30362428.1335590780 194876.3385925293
30404001.0590936877 195283.8728027344
30045351.2547092922 186547.2517395020
29659657.2073846422 169893.7968581499
30072004.0419022702 187354.6642608643
29864381.2389390208 179575.7484126016
30150802.7083615698 188300.3018798828
30111949.0727954619 187969.6270751953
30294091.1732352041 191963.4200439453
30051098.3706455939 186556.9533638880
30240804.7313035466 191607.0200195312
30152454.8303509541 188371.5587768555
29851815.5503954552 179133.7324547693
30121756.4337571450 188177.0051574707
30248227.6973346844 191729.2955932617
30168360.4538702108 188597.8251342773
30070789.6358769350 187219.5190277100
30270745.9555326700 191792.0873413086
30239634.7423983328 191591.8353881836
29714110.8793487623 171288.3609800339
29790698.6158745885 175462.3064985275
29963346.6554999277 183424.2047653198
