44456640.5314961374 254343.6268920898
43982614.6924806982 189456.2334564328
44653781.0492691621 266152.3252563477
44025614.6661696061 206788.0184113979
45454104.3689822927 299213.9462890625
44241031.9567489922 233859.7272887230
44566127.9864269719 260447.8925781250
44130014.9275229424 219474.9208922386
44765308.1698611677 272537.1455078125
44597850.9989034757 264422.0835571289
44556426.1586140394 259718.9904174805
44040021.5303696394 208089.8165128231
43992226.3089941442 199221.2823724747
44475562.2143566683 254932.5570678711
44258306.1012581661 234789.0451946259
44426425.3086513057 251007.8227539062
44829572.1823626459 276009.4068603516
45261215.4792486057 291937.0723266602
44108186.5721924677 217944.1985921860
44957083.2283456847 280726.6032714844
44064143.7691082731 210589.4388747215
44161795.7720729932 225446.8156707259
44451728.1668337509 254275.1278686523
44392734.2720615268 249557.1935424805
44500496.1082483679 257988.7487182617
44296877.6702125520 237843.9867973328
44053187.1702771485 208812.4082479086
44221539.4129388854 233185.7228941917
44849847.2882334515 277656.3083496094
44281617.6188662127 236197.0853080750
44413404.0516896993 250825.5115966797
44488364.7238837183 256673.2788372040
44193277.4908182174 228020.7061095238
44565133.0690399483 260401.7408733368
44377474.2207151800 247910.2920532227
44053567.5134261698 210135.1544194221
44357015.2689974457 245772.5621332675
44528336.3519174829 259025.3618164062
44081458.6152661443 216947.3561263084
44167811.3202230111 225530.7209639549
44363614.2052644268 246554.2774047852
44022617.1647568569 200504.5946299639
43970908.3980227262 188826.3442352414
44935202.3168940321 278957.3186035156
44086619.9795316905 217022.7737135887
43984170.1050344482 191492.1763273478
45272354.1272321716 293838.5827636719
44300336.4570639059 240468.2091674805
44584247.9599283189 263364.1122436523
44040978.5543417633 208262.1373105049
44334591.5526759624 242615.3619995117
44220373.1426222324 229048.5299377441
44344972.7092452869 243983.5264701843
44665940.0663167313 267076.9729156494
43979337.7964631617 188895.9200966954
44945623.2782999650 280081.4892578125
44938846.2403014898 278964.2130737305
44401441.1824874356 250239.9439983368
44172607.7111900598 226752.3880553246
44283210.6799123511 236227.4373590946
44209116.5946589187 228202.9303340912
44668943.4284006134 267141.7975463867
43948465.0811469778 179224.3670071214
44714376.2601810768 270855.4183959961
44328136.0839704201 242308.6401653290
45098034.9890535846 286455.5192260742
44197571.3135808334 228064.1487712860
45079414.5008248985 284332.6821289062
44625691.2425725907 265458.6966552734
44141737.5975500792 224111.1758971214
43984929.9824562296 194744.6132462621
44010167.1803217754 200504.5865292549
44139816.7826618254 219870.9922621250
43926227.9885029793 170792.0028703064
44487792.6699083671 255026.3773479462
44078602.4048175365 210693.7524886131
44440474.1813021973 251324.4689941406
43929716.8475454673 171013.9117888212
44116295.2044657171 218090.6983580589
45250049.5540094972 291830.8827514648
43964156.7283248752 185700.1454730034
43940843.7449331805 173023.8179461658
44023289.7094977722 201432.2545638084
44954131.6622819901 280326.7990722656
44612838.5007733777 264789.6386718750
44155340.6365252435 225428.1721129417
44176178.9313157946 227426.3924498558
44801411.0943690985 274706.1257324219
44804414.4564529732 274951.4355468750
44238916.9445993155 233276.8347754478
44004296.7719571143 199267.2368046641
44001856.6272873431 199248.3194215298
44662487.9596950561 266835.0757122040
44293766.6351967081 237359.6203174591
44288257.5789987892 236726.7351775169
44567834.7553857267 261717.2107543945
44184514.0506892651 227463.3790254146
44748845.5723015219 272280.9448242188
44677614.3860815540 269208.5169067383
44581364.2306747735 262294.4294433594
44264065.1847208738 235452.4460983276
44645752.6869156659 265847.6099853516
44978305.5603235960 281936.3790283203
44325133.8900705799 240819.6866283417
45134202.7458584309 289052.1494140625
44053492.2708844766 209189.8053450584
44283266.5457017273 236708.7532272339
44262947.3338017836 235227.3858928680
45092805.4561551511 285397.5479125977
44247360.3300382644 234058.0631041527
44844421.6686903909 276598.3370361328
44688036.1448812112 269797.4470825195
44125530.4457274452 218772.0211727694
45128775.1165425628 287818.1052246094
44251878.4026447758 234349.9143466949
44541616.8310876787 259046.7200317383
44238909.6099379212 233204.3577194214
44335375.7609821260 242941.4940123558
44978530.6118818671 283031.6718750000
44967685.9887048900 281669.0858764648
45286217.3108143434 294427.5129394531
44100545.8875548840 217621.3605208397
44945589.9101404175 279776.8745727539
45115110.0293778256 287405.2479248047
44524593.4493351132 258401.6060180664
44190033.9858922362 227472.4823129177
44552572.1654855609 259575.3528862000
45271212.9944591001 292413.0563354492
43960547.8848136887 180188.1266497225
44790566.4711921439 273343.5397338867
45111898.1726357639 287044.4494018555
43936488.1060764194 171753.8596190214
44112881.9430672750 217977.8839994850
43943463.0591049492 173029.8662417531
44674619.3440597057 268150.5455932617
44276581.3473414853 235888.6517734528
44745764.4032380208 271500.5324096680
44709597.7175935209 270165.0021972656
44881235.4312903881 278301.4223632812
43951808.7640423849 179829.6174014211
44280516.6877815276 236036.9280414581
44557807.2383813262 259836.9345703125
44733322.0269558579 271222.9735107422
44214749.2265033722 228293.1007118225
44250117.5864352807 234286.5835609436
45009918.7549387887 283676.7858886719
44576176.0413968414 262130.0680541992
44336470.1546714529 242960.1288375854
44119240.5016213581 218272.6471801996
44219589.9222094044 228426.4959392548
44558253.6211419851 260122.3680419922
44318227.0206185877 240574.1671180725
44141697.5690766424 220697.2019863129
