30470028.9803253300 2197931.2695312500
29522200.5229580998 2038437.9492187500
29712050.9939614013 2130035.7968750000
30132310.0174652115 2181900.6718750000
30375028.5291128680 2193837.1367187500
29524484.1370955184 2044101.5156250000
30245686.0598464757 2186679.8906250000
30041345.7039959133 2173467.4687500000
29563380.1701450273 2085904.6445312500
29500439.4125944003 1993104.7460937500
31109438.8630210795 2221316.2382812500
29552398.9621069543 2075552.5585937500
29498358.1379264891 1986655.0312500000
29626044.5454955585 2106858.1406250000
29858281.5557816029 2160243.0742187500
30117971.6296406351 2180109.2695312500
30292209.8340683281 2187318.0507812500
29758279.1287859306 2140732.2539062500
29831010.1346883364 2151977.7304687500
29980420.2336815447 2168775.4414062500
29984509.5210270174 2170437.5585937500
29517592.4589531459 2034002.0625000000
31066726.7130099051 2217820.2578125000
29537826.6291488186 2049014.0312500000
29844726.4794053547 2155400.6601562500
29530278.9280041307 2045604.3515625000
29670485.9400015846 2127114.0273437500
29774606.5243724696 2148193.2851562500
30761621.0249142610 2207719.5117187500
30727662.0678978600 2207508.7578125000
29505989.2573186792 1998535.6992187500
29517427.9125987478 2033888.6093750000
29650765.1287480332 2113446.4257812500
29610567.3905785866 2100244.0781250000
31012023.4938850887 2217693.8046875000
30347922.5125078820 2193242.7031250000
29506856.2223499380 2021294.9179687500
29556696.3971211053 2078396.2226562500
30048370.1378302500 2174830.4687500000
30035365.2037911937 2171046.0234375000
29613324.5846907571 2101848.5390625000
29505952.9026643112 1994864.5000000000
30002939.5826099291 2170639.5976562500
30182728.9130760953 2184715.4453125000
29495936.3826472312 1977596.5195312500
29902913.5740755312 2161906.1445312500
29757151.6200794652 2140150.6992187500
29769107.6982431300 2142518.8046875000
29541304.4913437292 2055630.5546875000
29852163.0046167560 2158387.7695312500
29589284.5668583736 2093915.6992187500
29940656.4358750843 2163903.3789062500
29520908.2894273624 2034430.4023437500
29515920.1700976342 2032035.2382812500
29497349.7181133218 1980780.7226562500
30380145.6060573123 2194455.6132812500
29559508.5788523741 2082025.3437500000
30695512.6226028986 2206377.8789062500
30970089.3974698968 2217608.5585937500
29596036.8244326897 2096573.0937500000
30485142.3698231578 2198746.4726562500
29754927.5253558531 2136456.4960937500
29573336.2467287295 2087350.4140625000
29623330.8330080621 2106285.0429687500
29538996.1949529238 2054548.9843750000
29566805.4886089340 2087191.1250000000
29669541.7541557290 2117535.2773437500
30773072.4361649156 2211795.1562500000
30400548.4612209611 2196301.1093750000
30306299.2153976224 2190995.0820312500
29616020.7359449714 2101919.0390625000
30615564.0168269612 2202444.3789062500
29742983.1002485044 2132405.0117187500
29739008.6125319526 2130745.1328125000
29639303.7982390448 2110202.5976562500
30285608.8051099628 2186866.4804687500
30310978.2005169280 2191285.6796875000
29584482.6288802736 2089793.3281250000
30499820.1684044674 2202393.0781250000
29908566.6149326228 2162172.2148437500
30644743.9917225204 2204987.3046875000
29512359.4785309695 2022939.5468750000
29664790.5462395214 2116761.2460937500
29585407.4053683653 2090976.3554687500
30475426.1504885443 2198246.4882812500
29896041.1109463573 2160244.8945312500
30179383.9952033460 2182002.3359375000
29698081.4831809439 2128031.5742187500
30320841.7153132595 2192840.2109375000
29750456.6351870075 2136445.6406250000
30296031.9685606770 2189778.3007812500
29748454.4138685763 2132485.5273437500
29740060.2883720621 2131777.0273437500
29624565.0665624626 2106675.5781250000
29632969.9848082811 2106872.3906250000
29818351.2383827791 2149248.0234375000
30012856.2921459079 2170847.0000000000
29620195.1686371677 2103139.2695312500
29813837.7244529761 2148799.6054687500
29544791.1057791598 2061795.2148437500
29915599.8745156042 2162457.7812500000
29546920.2211673036 2062248.9687500000
29945243.3045412339 2164322.1718750000
30393617.5305996574 2194475.8437500000
29954817.1544217691 2164923.7578125000
30086468.0703134499 2178653.6601562500
29562729.6276159734 2082671.6250000000
29543923.6316650063 2061636.8398437500
29721241.2231576294 2130491.0078125000
29556813.8658280261 2078579.0976562500
29716626.7627347745 2130231.0039062500
30616898.9655199535 2204492.9335937500
29695987.9314157218 2127932.7734375000
29541144.8968648128 2055206.0468750000
30498181.6819243431 2199040.5703125000
30846750.0146831311 2214014.0156250000
30461357.4866457693 2197406.1445312500
30038247.9864774272 2172336.8320312500
30643193.4777032137 2204708.3671875000
29623104.4698845558 2103661.8789062500
29821748.7113929316 2150019.0898437500
29533181.8337923996 2048950.4687500000
29538154.9673364572 2052212.9140625000
30223873.8664058298 2184919.3867187500
29532001.1011362262 2047339.7070312500
29580504.0997961164 2087393.1601562500
29608840.8098438494 2097636.0156250000
30712016.5029919408 2206927.2265625000
30767433.2260875925 2208878.3515625000
30660873.8370154835 2206005.5312500000
30688919.7973302752 2206162.4453125000
31963254.8474536426 2228246.1132812500
31777290.8764342889 2224400.2343750000
31359312.1492739283 2221959.6718750000
