65565345.8785522506 312652.4437998533
67573014.9326119721 424491.2759841681
67251294.8752761483 415407.6231622696
65591681.9078997225 316642.6217422485
65970116.5541850477 350615.6304912567
66258798.0571117923 368034.2722969055
66771008.4785995409 392633.1743831635
66875886.6213419288 399278.8872601390
67050404.2029466704 407561.6503417492
67040411.4041826949 407312.0838422775
66887600.2730483711 400759.7357864100
67256260.6462569237 415890.8312370330
67216166.0549593568 413733.2724847794
67382880.7940290570 418522.6741775274
65988802.9222893864 351826.6566593687
65820506.7015424669 339862.1382789612
67647352.0838885456 428745.3718309402
67128934.4377817512 408766.3130933959
69832748.5394884646 478466.1202392578
66835021.9061015248 397349.4425386979
68727107.1631523371 455749.1459531784
67314605.6167103797 416973.8934280425
67465561.4281608909 423895.5401659012
67920247.8040993363 432654.7774995150
73213829.1634890139 500177.0063476562
71467126.6028094441 492317.8590087891
65549873.2998209745 310744.1803401243
67637547.5009687096 428265.9407510757
65542987.9359084219 309219.9959278107
66859160.1649173200 398675.3328645229
65529455.8238330781 309155.6250143349
66811618.5915092230 394529.1978174411
67615736.4621354938 425434.2894687653
66889588.2740585506 400788.9130420405
66897846.8311055154 401289.4497686643
66483361.0755134001 380144.6833541538
66674037.7011936978 391098.2062935829
66897593.0718123466 401008.7623121459
66971241.9656021819 402691.9656448085
65446826.6649681851 293400.7577482462
67212616.7847793698 412787.7506697513
73499255.8394471556 504435.9140625000
67455467.8502053320 423487.7470848113
69296102.6784796715 466851.7779617310
67115793.4124977440 408657.7340232879
67437368.6902536154 422361.8000213653
67683835.4672402442 431765.4053692222
66121688.6631946415 360024.6873435974
69786883.7720597535 478368.7457275391
65627209.1304032132 321488.2847084999
67240834.1075063795 415069.6346235275
70085511.1468638182 480216.8304367065
68768621.6834688485 455948.0959854126
68488700.1373634040 447752.7685182872
68462033.5078853965 447347.4824792147
66493595.5833114535 380319.5925540696
67250826.9062703550 415318.6611492634
68025681.3337464184 435490.6831536293
67323222.7970655560 416996.8020164520
68025008.9058136940 435333.5762641430
65640218.6088150740 322528.6840286255
68580231.1365640312 449538.5346250534
65970069.1242702007 350493.8435928787
65436116.3443303928 291732.8205539584
65451489.8263979033 293640.5234518349
67176464.3550733030 411492.8873868324
66662952.7041072473 389531.6230272776
66219657.5510869101 365955.5596294403
68280145.4084719718 440902.7894859314
65986869.3944910914 351500.8399089575
65626617.9290567040 321482.9455032349
67751454.6467252970 431959.8330169376
67085427.1674215198 407602.1938466728
65444409.9844636843 293150.5712595582
65507166.5934791714 303941.0278743040
65504238.9295522869 303714.6399812204
65545539.0004650727 309993.1371235847
65509254.5132109746 307070.4397710115
70573349.8563182056 487715.8129882812
65455120.3051014766 293871.6771810055
67259944.7490262687 415901.0101463348
65483533.6765667722 301629.2279622555
68711662.4540755898 453704.1689089122
66765125.3074253425 392165.8301789761
65567845.6174561605 313411.8848490119
65475240.0364334807 301158.3085294962
66244445.9011123776 367036.6516753733
65496869.2601747140 302485.8361431360
66481373.0745032355 380144.6333977948
65479903.1978631988 301398.0742330849
65464529.7157956883 299490.3713352084
65789538.6504539326 337336.9506058693
65951009.5356087983 348848.4422035217
69630740.4746198952 476769.6684036255
65861064.4294725358 343007.2357351631
66798964.5601091385 393943.5502616987
65621631.2504755184 320375.9791198689
65684474.3083472773 326796.6011772156
65714889.5349710882 330321.8571997881
66298501.9463844746 371035.8199119568
65599824.8600718454 317812.0308374763
65739935.3103432208 332166.1574839331
65751406.9437393695 333614.1787329912
65776522.2057851255 335195.1114039421
65942971.6278926954 348560.7342995405
66788971.7613451481 393011.4047462568
65866611.5037854239 343603.1299002022
65858213.2917053327 342698.6838150024
65906330.7267755270 347205.7111904994
65711215.1294851080 329983.5443097949
66994138.7071714848 402721.1429004390
66238681.2110726908 367035.9381489456
65724224.6078969687 330926.2882751226
65710623.9281385988 329880.5497497320
65720389.4613702744 330688.8562288284
65648452.5357462913 322976.9719632561
65783609.2185282186 336613.6811866800
65706788.7816119045 329643.1177034378
65634851.8559879214 321931.2334378655
65717006.3702355623 330447.0088167191
65753155.9158556238 333620.8400265617
65910401.3444670066 347396.7905263270
65893126.2821934596 346161.5645563677
69760581.1993887722 478350.7623291016
68660935.8264380097 449971.4966452899
65697403.3226261958 328344.5483987331
65794494.5234203115 337729.4213638306
65675653.5569976047 325864.4986052513
66662432.5739351287 389189.0250055827
65703037.8273289725 329282.7799679679
65933530.0108065158 347576.0787695451
66077410.8828622103 357899.6310963333
68955048.0442915410 460181.9687500000
65847327.9868132472 342463.1972999612
65831983.2077810690 340233.4816393852
65873658.7563810125 344416.8429029156
65833727.3070548698 341417.4587745706
65989263.5177972019 352321.6620451212
66500666.9827397168 381135.6629916094
66148989.6341944560 360991.2717097998
65939588.5367579833 348318.8868874311
66186110.2217439115 364192.6145820618
66151781.4989075959 362908.7692383698
66109981.1662878990 359088.2303047180
65693568.1760995016 328085.1728403568
68077765.0161540955 439404.6484882236
65808095.2031786814 338775.1598892212
66589614.8501671627 383938.5682257378
66643245.6771251485 388658.2348204590
66051696.4968079031 355592.2940287590
65956693.2343715131 350245.4502427544
66019260.0282998979 355208.5456442833
66258155.0201931670 367542.5490479469
66767355.0174695924 392332.2622318268
65622873.1574828178 320381.8085136414
66777466.9713391736 392730.5063048340
66382815.4071849883 374510.7569160461
65463940.0879110843 299141.3795246184
66592913.0221483186 385229.0335319936
65463482.7014822587 298143.8252967000
65636892.1424554437 322071.8219413757
66291489.6646214500 369027.6680126190
67543056.8448767364 423920.4075002670
66652439.7751711532 389107.1137267090
69330357.8976450115 470526.5922565460
66370072.7682046592 374451.5820312500
66823469.7031308487 394962.5960969627
69008364.4281112403 464113.7775878906
65502691.3738233969 303154.2769384384
65697994.5239727050 328526.8647680879
65781865.1192544177 336309.9577136040
69696993.3587809205 478315.5128173828
66209664.7523229346 365931.4356346130
66224469.3342754841 366750.4269532135
66339987.3516284749 372765.0110849552
66079398.8838723823 357899.6860388629
67407702.0891954005 420329.6806593016
66592494.5787836313 384299.5246364065
65486979.2405795977 301655.1421391964
66019126.2133822143 354680.2217952013
66448311.0748230144 378566.3323287736
65992646.6089319140 352563.5094572306
66485590.7855576426 380295.5235017720
66421324.5057949498 376076.2849955312
66560109.0324130729 383833.8357767812
66519726.8501243144 382735.3345591202
67137749.1606990844 409047.0005499143
65458565.8691143021 293897.5913579464
65490464.1821152940 301791.7019038200
65462050.8106499985 294034.1511225700
65440189.8778755069 292430.7475754656
66167042.7158956677 363194.2804341018
65960076.3255062252 350487.2976548637
72654602.7392814904 499593.7669677734
66054062.7277653143 356246.0386243965
68290138.2072359473 442354.9846764803
66665182.4141514897 389684.8151637502
66586706.1641361117 383885.7338485718
66483602.7845474780 380295.4685592423
65435526.7164457887 291383.8287433684
65432579.0365384966 289213.7759615183
66211652.7533330992 365931.4905771427
72852742.0995937884 500104.5421142578
73214259.0754691213 501988.3143310547
66123653.4780873880 360248.1793127654
65507343.1852578074 304008.2897614938
65688021.1017866135 327660.3980295658
65689817.2218165696 327828.0974253394
66153746.3138003424 363072.3955545928
67030483.8632812053 404558.2146242857
65554625.0119437575 311857.0008870363
65662336.6262749434 324238.1777009964
66355268.1862521023 373461.9480514298
65662432.9514852017 324305.3025035858
65747558.3994767070 332669.9746208191
67092575.1256581619 408465.3294508178
65551697.3480168730 311629.7246117592
66236694.5490791723 366869.7970833480
66226987.9122832045 366845.6730885208
66642348.8140594587 387562.6826466769
66536847.8158561215 383321.6930934377
65558012.3014747947 312004.7814279199
68434254.6718152314 446328.7677033725
66453405.3425180838 378906.5571391620
65586507.9293491840 316186.4539272785
66053213.3153645769 356015.4731487975
66297384.9328367636 370609.9243164062
65551601.0228066146 311550.5791368484
65621611.6140242964 320327.8390520699
73845631.4172588438 507770.6779785156
66048381.8385347426 355504.0504493713
66825276.7540959269 396555.5938186366
65526973.8332986683 307455.5673632249
68031240.0848255157 436010.9351129532
67032584.8991519958 405222.3242144585
68533077.7900451720 448135.4720808449
69258970.9433830231 464764.0627746582
69290231.4944711626 465110.2779846191
67006645.3329635262 403142.9327223022
69643607.5189657807 477804.9752807617
69609065.0385931283 473447.0036315918
66751529.2088838145 391782.7506064577
66118374.0049214810 359582.8586750966
66746339.5171711147 391348.6057782173
69548595.6985202581 473247.2657775879
65749354.5195066556 332734.7177121086
66008677.2645619884 353455.2029781342
65586604.2545594424 316255.3748987913
65831237.4588903710 340202.8600582778
65986350.2755887061 351116.9822082520
69680208.5641907603 478139.1267395020
65527735.6177486405 307926.4128208160
67021220.5491616428 404420.3165969569
66630843.0161893815 386466.9302679263
68024719.2415887117 435017.8584699631
68376904.4968548566 444601.8994288445
69400335.1515585333 470733.6583557129
65596023.4637228772 316925.9085230231
67298619.0274747461 416094.5685834885
65671852.1606486365 324978.3762907982
66513409.6217200607 381713.3644286506
68170630.4885830432 440398.3278265180
65746250.2638011351 332441.0679318351
66429967.1483820230 376640.4828689061
68003033.5507315248 433809.9258294106
66181897.7316524237 363572.0367430896
66827264.7551060989 396584.7710742671
65733031.1991355494 331050.4199151993
65668747.9049431235 324684.7265105247
68671791.9996107817 452332.8858054461
67290943.0559573621 416080.4494972229
66829138.7349273264 396821.5492238998
66346634.5740685761 372850.8840303421
66510659.7815036923 381217.5742704831
67023208.5501718223 404449.4938525874
71287491.5942676067 490728.5979003906
66423312.5068051293 376078.1189230122
66477226.2668264508 379197.8988804035
69302059.4640012830 467738.7174072266
69438776.8127819300 472303.1417236328
69614372.7283921689 474581.0257568359
66966140.6440983489 401436.0492889583
66443020.4357844070 377838.1502967775
68844536.0274894834 456123.0024185181
68283575.6401925087 440910.5277290344
71329104.4552472681 491328.6822509766
70259130.2060003877 481786.9885864258
66790959.7623553276 393169.8413052186
66793365.1141406000 393228.7111110315
65937068.9946650118 347732.6264953613
69940062.9400784820 478808.4833374023
68200227.2209384888 440786.8606496304
73634181.5080097467 505545.1673583984
73354141.6992062479 504187.4396972656
73925180.5209033936 512348.3198242188
73217673.8825498521 502727.4061279297
73287873.4654506147 503021.0559082031
71738778.8756807745 494801.1275634766
72307441.3342668116 498832.5975646973
71813401.4387178719 496137.0990295410
