65445983.2777904198 292705.0421096832
67192062.9579784870 409047.0005499143
66991007.7431236580 402243.8480840940
65481916.7826888338 300822.6851885319
66054062.7277653143 356246.0386243965
68756170.3808642030 455650.6936364174
65808609.3230305389 338334.8884887695
66859631.4970175102 397442.3659450002
68290138.2072359473 442354.9846764803
65453503.4112235382 293065.1344072819
65497473.6105417758 301535.2915391624
65814386.5374713838 338576.4457310960
65929796.6350655407 346931.8168869019
68733458.8575143814 453426.7091705054
66665182.4141514897 389684.8151637502
66675175.2129154801 389741.5674936809
65440632.8946904317 291395.2766745053
65863927.4698316604 342441.3017094703
65458312.1098211259 293631.5546004623
65486725.4812864214 301389.1053817123
66380065.5669686198 374456.8548421860
65443046.8498789147 291805.7383624911
66239730.5512635261 367035.9381489456
66586706.1641361117 383885.7338485718
66483602.7845474780 380295.4685592423
65772226.5884322375 334532.2842748314
65435526.7164457887 291383.8287433684
65432579.0365384966 289213.7759615183
67561471.3921847045 422550.4027621895
65540922.9982103929 309142.2702713013
66211652.7533330992 365931.4905771427
72852742.0995937884 500104.5421142578
73214259.0754691213 501988.3143310547
65464170.2280390263 297607.2442921996
65500271.7350533158 302141.4244407415
66123653.4780873880 360248.1793127654
66581739.9408134595 383726.0463969745
65971238.9184399620 350537.0500726700
65507343.1852578074 304008.2897614938
65688021.1017866135 327660.3980295658
65864504.6259980276 342499.9696568772
66602357.4891475067 384569.6998676696
67725374.8723547459 427897.0168876648
67561811.5241045803 422598.6515490860
65759217.1100203693 333620.8400265617
65689817.2218165696 327828.0974253394
66153746.3138003424 363072.3955545928
67030483.8632812053 404558.2146242857
65554625.0119437575 311857.0008870363
65662336.6262749434 324238.1777009964
65645776.6227574348 322303.2998275757
69003090.6276817322 459193.9893121719
66355268.1862521023 373461.9480514298
65662432.9514852017 324305.3025035858
65747558.3994767070 332669.9746208191
67092575.1256581619 408465.3294508178
65551697.3480168730 311629.7246117592
67773072.7430945784 430647.7581110150
65960843.8202578947 350401.5620236397
65888144.7325297073 344267.3492794037
66421324.5057949647 376076.2849955312
65993762.0114239231 352331.0355606079
66236694.5490791723 366869.7970833480
67228019.8918196857 412787.7506697513
67523353.0892573595 421377.4579352550
69036616.0710036755 464113.7775878906
65570882.8224837705 313107.8882799149
66226987.9122832045 366845.6730885208
67574302.8017287403 422794.1239252239
65461797.0513568223 293760.3891992420
65473546.3141126707 299873.7347607552
65490210.4228221178 301517.9399804920
66642348.8140594587 387562.6826466769
66607404.8220533207 384858.5644944794
66536847.8158561215 383321.6930934377
66344698.0415716767 371984.2729251236
65947734.2492812946 348414.3067378998
66150978.8873316422 360861.8549154401
68495284.2974230349 447752.7685182872
65558012.3014747947 312004.7814279199
66404593.9463954046 375216.0673529301
65961960.8338056058 350401.5744145485
65994879.0249716416 352351.1331386566
65705617.6131061912 328951.7722234726
68434254.6718152314 446328.7677033725
66453405.3425180838 378906.5571391620
65586507.9293491840 316186.4539272785
66019527.6294468790 355111.8880681992
67543678.5788588375 422087.0701087117
66053213.3153645769 356015.4731487975
65565345.8785522506 312652.4437998533
67223277.2699530423 410184.8231662959
65482544.7522211149 300842.7695506345
66291567.1143483296 368391.9405214190
66297384.9328367636 370609.9243164062
66249723.3500275165 367050.2741436660
65450500.8779029697 292784.8344250508
65947600.4343636110 347858.2847299576
65551601.0228066146 311550.5791368484
65621611.6140242964 320327.8390520699
73845631.4172588438 507770.6779785156
65990282.5950789526 352164.5677719116
65479059.8106854185 300748.4061893821
65471280.0344296619 299646.4880995452
66209351.5535825789 364149.1217816845
66048381.8385347426 355504.0504493713
66712288.2782162279 390167.3654140197
66825276.7540959269 396555.5938186366
65450646.4392201230 292990.8554081321
65458166.5726532489 293468.4267847389
65526973.8332986683 307455.5673632249
68031240.0848255157 436010.9351129532
65445132.9426473752 292116.1839795052
65486579.9441185445 301225.9775659889
65579674.2339213863 313629.4683990479
65639651.5066941381 321818.6993732452
67032584.8991519958 405222.3242144585
65517887.4600876644 304725.2829208374
68533077.7900451720 448135.4720808449
66418218.2391100600 375651.3374651871
69258970.9433830231 464764.0627746582
69290231.4944711626 465110.2779846191
69724647.2306482792 478315.5128173828
67006645.3329635262 403142.9327223022
65991399.6086266637 352188.0054264069
65525900.8619988784 305454.6254589558
65532222.0697424114 308358.8377699852
65513975.0767069384 304212.1733922958
69643607.5189657807 477804.9752807617
66838217.6447587907 397063.4580062777
69609065.0385931283 473447.0036315918
66751529.2088838145 391782.7506064577
65512922.7002719566 304053.9747889042
66118374.0049214810 359582.8586750966
65565249.5533419922 312576.7463867664
67336346.1124420762 416925.9441062957
65659831.5672443137 322768.5673973560
66746339.5171711147 391348.6057782173
69548595.6985202581 473247.2657775879
65613453.9483193830 319714.0109596252
65901071.9846575782 346030.6701827049
65749354.5195066556 332734.7177121086
65958481.4174606353 350225.6935920902
66008677.2645619884 353455.2029781342
65523456.3774396777 305187.1578912735
65586604.2545594424 316255.3748987913
65831237.4588903710 340202.8600582778
65884761.6413949803 344025.5018672943
65986350.2755887061 351116.9822082520
66268409.1106715277 368196.7880077362
69680208.5641907603 478139.1267395020
65527735.6177486405 307926.4128208160
65840508.8480575755 341308.4365158081
67021220.5491616428 404420.3165969569
65697440.3109500483 328331.9145622253
65957364.4039129168 350225.6484484673
67278581.4717677832 415027.1324293334
66630843.0161893815 386466.9302679263
66770076.4542756006 391946.8834111691
65989934.6873386055 351984.4645709991
68024719.2415887117 435017.8584699631
66122804.0656866506 360019.0274794465
65883644.6278472766 344014.5545387268
66594252.6785175949 384398.0336501561
65454131.3807558194 293085.2187693845
67145544.1084800363 408766.3130933959
68376904.4968548566 444601.8994288445
65850726.4366812408 342112.3276290894
66091083.1946616992 358101.6139469147
65779596.1752340347 334795.9788522720
66122402.6496219859 359611.6320992094
69400335.1515585333 470733.6583557129
65596023.4637228772 316925.9085230231
65632735.7479965389 321267.9308280945
65699236.4309800044 328396.6576535148
65696132.1752744839 328103.0078732414
65873079.1314832717 343173.9236688614
65681714.7511623502 325864.4986052513
67298619.0274747461 416094.5685834885
66267292.0971238092 367713.0571427345
66196608.9146022424 364020.4764264598
65795599.8446186855 337336.9506058693
65469053.7357864156 298687.9314951526
65709099.0214937180 329282.7799679679
66886230.5281058401 398456.3860967159
65671852.1606486365 324978.3762907982
65725697.7922435552 330641.7856512070
66275934.7397108823 368351.4807100296
66513409.6217200607 381713.3644286506
65712849.9757766575 329643.1177034378
65642953.3366201967 322071.8219413757
68170630.4885830432 440398.3278265180
67482820.3689947873 420902.9397797585
65899954.9711098671 346030.3485431671
65767638.5786140710 334359.9880485535
65746250.2638011351 332441.0679318351
66096612.5301109403 358462.8490717672
67666423.2548474818 427374.4211132526
66824528.1398174986 394313.5784143507
66780069.2530395910 392128.8450248241
65800785.8577129990 337530.7072057053
67473773.1247534901 420267.2514562607
65698955.4614117369 328346.3108265772
65777036.3256369904 334768.3807091713
67477549.8137830198 420719.3919286728
66839131.5336913094 397091.4785468578
66429967.1483820230 376640.4828689061
68003033.5507315248 433809.9258294106
68282118.0316992402 440902.7894859314
67745813.3255986869 428659.8743209839
65605886.0542365909 317812.0308374763
66181897.7316524237 363572.0367430896
66783304.3897875547 392170.4096339643
65592919.2080173567 316632.2587427497
66827264.7551060989 396584.7710742671
65827661.6973396018 339709.3768628761
65800663.3288216963 337504.0247336477
65640913.0501526743 321931.2334378655
65787819.0114937723 336350.9351109788
65733031.1991355494 331050.4199151993
65635559.0341337770 321499.4087142944
65517015.1728323177 304354.8945040703
65668747.9049431235 324684.7265105247
65715480.2036199048 329837.8945379257
65651130.6387763247 322735.1245511468
65649869.0953178033 322622.5904865265
66894685.0967373326 400208.9162731171
68480913.8830374330 447343.5905006826
65707302.9014637619 329218.0368766785
68671791.9996107817 452332.8858054461
65717520.4900874197 330021.9279899597
65703104.5587471798 328431.0951065719
67290943.0559573621 416080.4494972229
65723067.5644003153 330447.0088167191
67438779.4894589782 418106.8505036384
66372794.2050106451 373875.8179903030
66829138.7349273264 396821.5492238998
67271856.8727380782 413032.0489899665
67455286.0573528409 418654.3187556267
66195491.9010545164 363860.6851942902
66346634.5740685761 372850.8840303421
65520991.7157931849 305018.9327011108
66510659.7815036923 381217.5742704831
68731398.7708811164 452478.8440270424
67023208.5501718223 404449.4938525874
68027264.0554904938 435170.9083204269
71287491.5942676067 490728.5979003906
68667556.2021015286 448756.2765749278
66423312.5068051293 376078.1189230122
66650357.4760057628 388463.5325608253
66206601.7133662179 364035.2089990154
65919927.1529057771 346811.3643529983
66536819.4124457687 382242.5082304440
66477226.2668264508 379197.8988804035
68667207.9925795197 448648.7342165294
66655161.2119771689 388722.3999300860
67629443.7540886998 423994.6990308762
69302059.4640012830 467738.7174072266
69438776.8127819300 472303.1417236328
65917641.4135683402 346411.3781750798
66665154.0107411444 388804.3112089597
69614372.7283921689 474581.0257568359
66966140.6440983489 401436.0492889583
66443020.4357844070 377838.1502967775
65468799.9764932469 298316.0993020033
66501128.8033060282 380437.6209688187
69847873.0691370368 478350.7623291016
68844536.0274894834 456123.0024185181
66373911.2185583711 374295.6361742020
68283575.6401925087 440910.5277290344
70247069.2022848129 479013.4548950195
66803361.4551803842 393649.6446352601
70854047.0208056122 487715.8129882812
71329104.4552472681 491328.6822509766
70259130.2060003877 481786.9885864258
66790959.7623553276 393169.8413052186
67443470.5278278887 418294.2252542973
66331624.7556659579 371065.8067674637
67465924.0284025967 419678.2034902573
66793365.1141406000 393228.7111110315
66804729.2501488402 393845.6088682637
65937068.9946650118 347732.6264953613
66265008.4683141708 367538.9733393453
68094949.0640428811 438606.1778901400
68976427.3828548342 457650.3136558533
66818703.4151981771 394050.9385668747
67926893.8027066141 432654.7774995150
69940062.9400784820 478808.4833374023
68798510.4366155416 455948.0959854126
68200227.2209384888 440786.8606496304
70670899.9245320261 484243.4708251953
73634181.5080097467 505545.1673583984
73354141.6992062479 504187.4396972656
73925180.5209033936 512348.3198242188
73217673.8825498521 502727.4061279297
73287873.4654506147 503021.0559082031
70110746.0044977963 478936.5279808044
71738778.8756807745 494801.1275634766
72307441.3342668116 498832.5975646973
71813401.4387178719 496137.0990295410
