159311397.8709961772 455906.5833561616
155389075.0844503641 236583.7486310899
155334965.0239790380 229428.0884379148
155243690.6103291512 213844.7207392454
158113166.1070185602 411578.4506430225
160365993.4201272428 487625.3616149621
157353990.2116911411 377460.7209803462
155672113.8746063113 262898.6672574878
155865486.3939651847 284979.1573562026
156986575.4401874244 360232.7461839803
155364393.4234430790 235872.3622410893
155335742.7695962489 229438.7971776128
155432969.1947469711 242432.5287984312
155650664.8677127659 261316.8336238861
192177955.1651224792 710223.1298828125
155323677.5694935620 228783.6611332595
156774244.0015264750 346865.2734056599
155317588.4167771637 228104.1027201414
155757130.4382588863 271057.4382589161
156057481.3169483244 297930.5710780621
155235595.3008178473 213791.8038691282
155253730.4446572959 213855.4294789433
158129415.7622891665 412385.4263389306
155202407.5520975590 206034.2530878782
155298977.5972584784 221681.2463963628
155212447.3864257336 206044.9618275762
159295749.1061283946 454359.4189211922
155593929.7635798156 253833.9205894172
155325206.0885438323 229241.8020657301
166021589.0770938098 597299.5059432983
160896042.2445914447 503367.7770206928
155288937.7629303038 221670.5376566648
155665610.6376242638 262251.9546198249
155272925.8724243641 215087.8962624967
155263185.7285844088 214236.9814293385
155229342.3457470834 207395.4488471448
156006202.5248796344 293879.0530696437
158462663.9753686488 426941.3869853215
157478185.6809044182 383572.1745044477
192311842.6640762389 710580.7265625000
157738104.4892055392 392408.4441610165
155738193.7927507758 270204.2971456349
159744822.0394171774 470113.5380871492
179374998.2707711458 683081.9807128906
178749771.1154423654 680017.3236694336
155759941.6218369603 275876.9151687026
155495232.0209204853 245114.5186536610
156390458.7188084424 324302.0496455915
155453631.1046347320 243779.8241961896
157151188.1225985885 367518.2765552290
159998582.9017617106 476907.6682751374
155838393.8603764474 279103.4346013665
163375170.3017877638 545305.6008443832
159450478.0781365633 462061.1238835054
156898691.6058675349 354622.5419551618
155982829.9824427068 293057.3584046364
160055761.1142716110 477150.5964977937
155785134.2705557346 277200.9008864760
156221642.2242928445 312353.4027232695
156725742.3829540014 344545.3082515486
155196154.5970268250 199637.8980658948
155883532.4057047367 286093.0730462074
158275259.8994290531 418329.3627802925
159651583.8799545169 469785.8074352937
156877828.6987609863 353553.7871996053
157544034.5428535342 385008.2017338276
160708659.5716077387 502774.8380084233
155310197.7689208090 222799.0032856911
157338076.8414951861 377304.1212336421
156082007.2664772272 300787.9106776714
155879056.7798865438 284980.0929068923
157185828.7020002604 369546.5704523921
157891634.1993418634 399087.7293419726
157548197.7933586240 386192.6618587971
157618083.4902872145 391329.8523641415
163285941.3348527253 544288.5188131332
177688973.5226243734 645549.2621688843
156322828.2926331758 316557.9948971495
156362652.3906084895 321220.6539351940
157974673.2000512779 404899.4916586475
157810548.0689993799 396817.9267294006
157602434.7254194319 389953.4685993381
159089210.4025539756 445592.1135926247
158901314.9574807584 437743.4758872390
158631823.1031497419 433846.9724587994
159754745.5584132969 476290.6738903718
156952205.2474828064 354734.8864313960
161336040.2369962633 521873.7001642585
159648591.3884043694 469167.8512585359
161046711.2796622217 506120.8359773159
157466680.2076533735 383519.9035358615
155443009.0290751457 242443.2375381291
155957784.0704578459 291365.9537736773
157919294.8104257286 403496.8857137756
158488447.9051747024 432243.9622048931
155511816.9280693829 245822.9815102518
155696325.3961502016 263300.6874040663
155817717.6440798044 278546.5278434157
155938369.8099343181 288876.3153190017
158054407.7094566524 409930.4507772522
155603969.5979079902 253844.6293291152
155794169.0111333430 277672.9201683998
155804147.2581584752 278545.5922927260
159504561.2657446265 468344.2450976567
156854437.2306438982 353553.5049678572
171503931.1963246763 613891.6753158569
158298051.2929574847 419655.8566140728
159123998.2987489402 452187.7716279030
157180574.9718298018 369336.5004246235
157491877.3710008264 384851.6019871235
159221938.5737587214 452292.1846150160
155521485.9086513519 246123.1508682072
156608005.3710659146 337697.0293933637
155449992.0348811448 243738.6651326120
163341439.0873384774 544337.2580709457
155286912.3971557915 221026.1103520095
157121962.8826808929 366716.0130702741
158078349.0701019168 411254.4364950256
157131313.6591288745 366926.0830980428
157033617.0563571751 361315.1287338026
156592414.2067236304 337663.2291499861
162530078.4563654065 535681.1537237167
156577935.4353589416 335458.8500122428
158908614.5981105566 438821.9434043765
166235796.9065383077 604099.6733627319
155392714.1542039514 236624.9076946676
163377230.3096119463 548693.2644948959
157600776.6726783514 388874.7497240193
159383810.8772134781 459945.3224091530
158583051.3941755295 432715.8747469978
155556872.0636101067 251105.8778400421
156467762.2912107408 329905.6783687361
161077347.2441202998 511125.8256227374
155619103.7857551873 259992.8479061127
156588071.1480864286 336373.3259073384
156431805.7834204435 327218.9185342081
155542904.6419603825 250818.5768146515
157315514.3477737606 375770.0654881001
163277997.1655739546 543880.2756490707
156341765.4020959735 320369.0641634949
158433805.8107235730 426089.4216775494
155431375.2133226097 242014.3496015966
158298172.1258365810 424367.0492443638
158755726.5089587271 436758.8856832581
155998172.6230653822 293408.4906968996
156379070.7016820312 321743.1429621875
156650152.8578867912 338742.1031786092
160113770.4137103558 484198.9328150153
158776979.6375857592 436761.3831138015
155720826.2268824875 268880.3114278615
158288328.0587829947 418602.3248791294
158180521.0970404744 417933.4841808872
158862982.6575439870 437641.2420005202
156129684.2940208912 305645.4337815531
156197901.4562608004 307758.5865653642
156356314.8762135208 320476.2658354528
155742307.9582347572 270387.9435759187
156060133.5548450649 298660.9871277809
166242619.7296176255 604149.8304367065
157905195.8726388812 399320.9009386189
161296168.0805045664 519303.3483441714
156531759.5182707906 335197.9492046349
156313280.4293384552 314686.2010062821
156976310.3625512421 356181.3405405637
158996169.2706516385 444924.7829646664
163184276.7351286709 543702.5905904770
166017440.9683931768 594768.8569564819
158697859.2442721725 434284.1923484206
157074470.5770584941 365602.0973802693
159391807.0222370625 460351.1714787679
156840555.8447851241 349747.7754770871
157428064.4864574373 381574.0025316365
156159310.8388795257 306391.5394008160
157563819.0042235255 388007.5675951131
156062073.0434977114 299464.2071916461
156277867.1287752390 314218.5509244092
156758830.0291303694 345796.2364183553
159267757.1287864149 452593.6206975179
156464431.3738422990 329203.3691068180
178360638.5514824688 673064.9700012207
156103173.5238475800 300823.4676019251
159112405.2332999110 449539.8001923561
155215403.4659980237 207330.3454812467
162510963.1037620604 534115.8513937593
157267068.1768949926 373359.6481615193
156677693.6135828197 342363.2452798970
156411871.5604409575 325895.2150481828
157161713.8182680607 368222.5847346187
155947694.6724422276 290352.6400219875
158941697.6609690189 443349.1316192346
157408308.2433880568 381117.1989427693
160247054.7770284116 485766.0617517829
155582876.8858278096 253816.4831640124
157272553.7256219685 374683.6338792928
156054374.9196054339 296735.1036643852
159229336.3256019056 452511.7857758999
163417098.7359763682 550410.5133065581
157407117.0673310161 380250.0168138631
156023728.9434278905 294998.6128920671
156485903.4689066708 329905.9606004842
191923119.5450090468 709300.7631835938
158041066.4708507657 405102.3933982253
160702713.7693500519 497084.4673402309
155572837.0514996350 253805.7744243145
156250636.5379992127 313341.4879773743
156123086.8168824613 305446.1020606644
165258840.7521045804 583223.2536544800
191152284.0582861304 707389.6489257812
161117041.9651808441 512469.0883485675
191451989.5828796029 708278.9921875000
156331332.8220183253 319283.1547581311
162734288.2795041203 539181.0945219398
162153023.8741690516 532380.1847319007
164401807.9832472205 565162.2207508087
177223545.4185933173 643826.5731811523
161089633.1701239645 512250.8864507675
156182289.2941388488 306509.5270895362
164392918.2626367211 563229.5528945923
156238465.7899601460 312373.7165015824
165096167.7411133051 581174.0448226929
186167051.3187845647 684422.9741210938
161498244.9009962976 528036.4161981940
163469505.1667277515 553780.7823342681
191148525.6142965555 706819.0000000000
166439505.4751445353 607233.0235519409
161160910.3136247993 513432.2342953682
189614481.1482029855 705221.8232421875
190074841.7029887736 705792.1923828125
190564648.2138664424 706703.6098632812
190145795.1985762715 706486.4819335938
165846913.2828982174 591648.3274459839
161651466.8060857654 528036.5395769477
161054946.5964785516 507138.3399511874
166092952.6623845994 597477.7760543823
160548878.5986391902 494644.0436354652
189614228.1876359284 703495.3129882812
160491938.1587345004 488623.0389967933
160362046.9214675128 486992.7240862846
161251843.9785372615 514902.8036493659
161475921.4415005445 527250.5123896003
158043303.1512208283 405373.1352630705
160559560.4934009612 494752.7829835415
161302187.8124009967 520278.8654169440
164615566.2360094786 569863.3384170532
158049892.3581726849 405423.8994302154
161673903.6649585664 528693.3246552944
160607063.9957401156 495980.9711834341
165972240.3082845509 593250.3539352417
172176004.4778980613 616593.4356307983
165862363.8457527757 591912.6051559448
160544661.7824075818 489413.2095065862
177707383.5173725784 660013.9997863770
177932166.9835577309 660496.1467590332
161263454.9878371656 518935.6026911139
164105923.3668231964 560025.1386604309
165235817.1125811338 581590.7052688599
165601605.0316970944 590680.0551681519
165274283.8027569652 583346.9638595581
166108709.3508094251 597781.4038925171
163344571.1406793594 544556.7516641021
160933674.2132608593 504379.9752120972
166342830.6734464467 605028.7288742065
165499206.3006074727 589398.9803085327
165111610.7917656898 581297.7550277710
163886155.4738327563 556590.4867406785
164417251.0338996053 565285.9309558868
175901028.5879642069 620271.2879743576
166206297.7382344604 602057.8301315308
165025538.5600271225 579377.8869247437
164706522.9611644447 573226.8295974731
165297545.7578038573 583776.4392318726
166112390.4708317518 598756.5393600464
173937907.6603526771 619526.4123153687
173113229.2936194241 618453.5893173218
162778703.6766385734 542682.9463561773
166355613.2285528183 606365.4850692749
163373468.8749641776 545169.6301583648
166760528.1519514024 611541.5317001343
165647107.7274988294 591058.7665634155
164463078.5487999916 567146.0846424103
164886858.1221720576 575086.9832839966
166621339.8829407692 607997.3987655640
166590178.8861605823 607897.4439010620
166693625.6742920578 608531.8429870605
165250109.4872795343 582807.9883041382
176276191.8909256756 628367.7464395463
162105242.1076541841 531341.4031550288
162076628.4967799485 531287.0906550288
189571716.7014919519 702427.0864257812
186387754.4261379838 687829.5691528320
176280145.3503516912 637902.1320991516
189480610.1331187487 701553.6220703125
189542396.7023332417 701743.9082031250
189146269.7219012678 701183.7792968750
188844189.4581246972 700963.3554687500
188260726.2280721366 700316.4824218750
187817767.4173559844 699986.3974609375
187812344.1879481971 695226.3264160156
188379779.8255785406 700735.2119140625
186878590.2272262871 693286.4345703125
