47847005.9387866482 434899.3757324219
47828137.5329041332 434707.7097167969
47853914.7974112257 434900.6159667969
47415330.0858756304 371026.2664973177
54181249.3026993945 460509.5083007812
47632568.9196216688 419258.1470375061
57295654.8115116432 463422.8320312500
47415386.5779400095 371218.6297785677
57740227.0419210419 463676.9755859375
47733269.2087356299 427663.1175422668
47632948.2005111352 419835.2286911011
57072976.3652554825 461959.1303710938
47428859.4340207651 378153.3325755037
50677353.8700885549 457267.3344726562
47961897.6382514685 441109.3703002930
47715148.2688073441 426864.3400878906
47708227.9992928207 426615.8801765442
47428915.9260851368 378345.6958567537
57215924.1962312534 462661.8955078125
47736257.6352343634 427689.8816528320
47383722.3311348408 355879.7588946261
47386233.7974186465 356500.8687579073
47913432.7679769546 436201.7419433594
47378006.3271003738 349667.3722369112
47384405.2451398075 355995.1275469698
47386569.0607323647 357508.1332597174
47385550.8834136799 356385.5001055636
47378689.2411053404 349782.7408892550
47389908.5610541031 358027.0141190924
47715527.5496968105 427197.8394203186
47382028.7414270788 350301.6217486300
47388080.0087752715 357521.2729081549
47816667.8088876158 429295.5637817383
47375149.5906556621 342895.6952959932
47375832.5046606287 343011.0639483370
47397073.9238237962 364490.7702346630
47572136.8998217285 413735.5902786255
48238648.2313931733 456900.6479492188
47383712.3242876530 350736.4563187994
47394113.6170456707 364226.2611283697
47392285.0647668317 363720.5199174322
47521648.2150381356 400321.1809410490
47466859.4821069837 391729.7313162722
47576068.7428374961 413957.2860794067
48015808.2514961511 447883.7185668945
48008899.3928715736 447882.4783325195
47643650.7076374739 420577.1793251038
48139628.6618850827 454792.8598632812
47470791.3251227587 391944.3377615847
47636730.4381229579 420328.7194137573
47751302.8557469100 428228.8623695374
47990030.9869890586 447690.8123168945
47679426.0136875659 421608.2022743225
47998468.6105349213 447800.8582153320
47836954.4373394698 434817.7556152344
47719459.3927125782 427419.5352210999
47712159.8423085958 426837.5759773254
47498466.6626855358 399366.0512930788
47740189.4782501310 427911.5774536133
47640662.2811387256 420550.4152145386
47502398.5057013035 399587.7470938601
47579641.7046873868 414302.6752395630
47814260.6992756873 429089.2830200195
48109167.9652648419 449551.9827270508
47647617.6271430627 421074.2242965698
47772032.9412844628 428720.9046020508
47529464.1778732538 405334.6662979126
47807351.8406511098 429088.0427856445
47561071.3584517986 412970.9862747192
47788483.4347685948 428896.3767700195
47473814.8281113207 392253.5403983034
47505422.0086898655 399889.8603751101
47643685.7841272876 420852.5284957886
48047651.7145304829 448693.0457153320
47528914.7190119252 405293.8464736938
47560521.8995904699 412930.1664505005
48077470.3763039783 449388.5838012695
47539594.7455602139 406132.1833267212
47534832.4283460602 406080.0818252563
47565003.2014675662 413192.6820755005
48021874.4500233904 448500.1394653320
50923659.5168753266 457271.5327148438
48040742.8559059054 448691.8054809570
47551869.0117079467 406868.4385452271
48171472.1249194145 455602.1870117188
47564453.7426062450 413151.8622512817
47756675.0482240915 428362.3987922668
47411447.0394700915 365784.0740610994
47408133.5263394266 365447.9384333529
47409711.0337656215 365601.3587290682
47462616.4811217710 387119.2765757479
47879228.6827104539 435708.7028808594
47474364.2869726419 392294.3602225222
47886137.5413350314 435709.9431152344
47383673.9585584998 350480.3685317822
47860360.2768279389 435517.0368652344
47650606.0536417961 421100.9884071350
47579092.2458260730 414259.3993606567
47525221.1768880263 400664.1140465178
47568026.7044561282 413494.7953567505
47524671.7180267125 400623.2942222990
47369294.1817036718 335428.4029833712
47505971.4675511941 399930.6801993288
47369977.0957086384 335543.7716357149
47376978.1429344937 343401.4365069307
47377661.0569394603 343516.8051592745
57035952.1837570965 461492.8999023438
47453675.2687990814 386030.9279429354
55075711.1520893723 460568.3994140625
47370259.6160394102 335577.8775164522
51175140.0211079493 457841.9936523438
56994870.6973668933 461445.3945312500
47391357.9197893217 358278.3835769482
47380517.7933841720 350288.4821001925
47388397.6130111963 358013.8744706549
47379834.8793792054 350173.1134478487
47372833.8321533501 342490.4670550264
47372150.9181483835 342375.0984026827
51894970.1390061751 459895.6459960938
51680610.0110520497 458702.1708984375
47489361.6713583469 393273.5706717409
47397482.9268983081 364621.5882768072
47519575.8229246214 400163.6588609219
47528603.5610424727 400844.9900230803
47696765.6546487957 421691.0626258850
47742865.2322010472 428118.8164710999
47625251.8468330577 414849.4735794067
47431009.3005432189 379482.9565989412
47451418.1153365001 379889.5352122225
47452879.6025657356 380299.3423716463
47414750.2198168114 365785.5028330721
47441317.3715299964 379786.6772410311
47402122.7473165244 364876.4494338818
51757099.0941869169 458713.0966796875
47551416.9082632884 406837.6858291626
47417833.1587506235 372429.0497652926
55731505.9038377181 460723.1186523438
47420793.4655287489 372692.0261485018
47417479.9523980841 372355.8905207552
47442663.7675512508 379829.1630198397
47434941.1435589865 379697.5630442537
47550059.8572039828 406776.3107070923
47466548.3241375312 387340.9723765291
47923985.7804179639 436283.3620605469
47905117.3745354488 436091.6960449219
47551966.3671246096 406880.9617080688
47542337.2332117185 406644.7107315063
47553402.7745816484 407409.3147354126
56616436.6375591233 461266.5307617188
56974121.2123599425 461335.8798828125
47530900.5853303075 405858.3860244751
47495050.4037665278 393551.5137962736
47702540.2950000763 421974.4381141663
47615183.8192399889 414758.0336380005
51460663.9679930359 458632.1635742188
47509903.3105669618 400152.3760001101
47558165.0917957872 407461.4162368774
47618342.9882084802 414848.2333450317
51502890.2740760595 458651.8935546875
47599474.5823259652 414656.5673294067
47583024.0888418332 414481.0951614380
47496769.1208073422 393828.1324698366
47583573.5477031544 414524.3710403442
47427218.3842069656 372800.6876780428
47479732.5374454558 393039.7757498659
47417424.1556761116 371973.7566172518
47475800.6944296807 392818.0799490847
56341416.4383983314 460764.1015625000
51030430.6491781250 457812.8061523438
47782463.7236211151 428802.5247192383
47487455.1614377201 393171.3757254519
47654537.8966575712 421322.6842079163
47484494.8546595946 393091.8772513308
47689856.7960242182 421689.8223915100
51615999.1883419901 458683.9091796875
47571958.5474719033 413716.4911575317
47963912.4848733693 442274.0724487305
47547099.5504258573 406696.8122329712
47509353.8517056406 400111.5561758913
47670988.3901417032 421498.1563758850
47763595.3177386001 428610.8587036133
47546550.0915645361 406655.9924087524
50527961.7599864006 456905.6035156250
