288791372.7875493169 2713.8069582725
287440768.0724180937 2531.3952944764
294661007.2629918456 3201.2993186414
286657569.9448781013 2332.6253864654
287763582.0173671246 2598.8056481966
292268267.3466111422 3047.0527856648
289229801.4608691931 2774.7449182677
294389424.0468832850 3191.2691749036
301630959.6494666338 3510.9678506851
286950767.3673442602 2469.7461180576
292500705.3378881216 3063.0252530873
294777023.4785788655 3218.1612509191
288358791.0100502372 2654.5166547784
287617394.1100501418 2566.1090458030
303475460.2051486969 3530.4050645828
291874266.8062534332 3001.8045631945
294389424.0468832850 3191.2516883314
304921260.5604939461 3555.9624700546
288053039.1022636294 2644.1493060478
294940402.2364365458 3228.4234550893
290931706.9692925811 2927.8702133405
292465342.9516316652 3062.1595113575
292748039.3687795401 3078.6508968174
291715087.3755269647 2992.3596008122
288226123.9482126236 2653.4828227051
287526410.5566996336 2562.8802250022
289220900.5295900106 2767.1330026793
301211123.4559725523 3496.0939483643
289205909.6009966135 2762.6528100180
291823250.7919957042 3001.1587053835
302188805.9105948210 3518.2277288437
287525482.3294661045 2555.5254726031
290714702.2745313048 2901.8200028646
302411156.9511396289 3518.9836912155
294856125.4296967387 3219.2681673467
289367223.4486309290 2791.1866707015
303734410.7306650877 3538.8129310608
301630959.6494666338 3511.2607641220
302540801.3660108447 3525.0066442490
288395482.2117271423 2671.4120578059
288864802.3652134538 2716.3191743126
294865177.4619190097 3221.2527874410
301555786.1895459294 3500.2745370865
289229801.4608691931 2775.8206314254
289229801.4608691931 2774.7150577712
291881251.4113416672 3002.1937446892
303639303.2789053321 3534.8307380676
295411868.6375913024 3238.1862915456
289229801.4608691931 2774.6591972518
293588160.9497358799 3134.5407200754
313408451.3180428147 3600.7734031677
303207022.9696696997 3528.1383094788
291670190.9693144560 2983.4619647563
289229801.4608691931 2774.7168335128
288584668.1044616699 2691.7130119690
294766279.2253512740 3210.1443422735
304767281.9636669159 3554.5391893387
302411156.9511396289 3518.7730054855
287115503.5548598766 2478.4279312381
302411156.9511396289 3519.0243253708
295426657.2025257945 3242.7864817083
296889738.2499873638 3323.3421669006
290863693.2151035666 2926.3353851545
287438385.9670872688 2527.2855701664
287374647.8341232538 2527.1835722544
288229515.9450113177 2653.5434010514
291145724.5713484287 2940.3528049695
290980537.6642979980 2938.2301157224
295233855.4645524025 3233.0422151983
292610937.4898027778 3073.7093341649
288498353.6989184618 2684.4025331029
293952182.5234196782 3162.8242963254
286939254.3840746284 2400.2007514157
288272527.7553963065 2654.3608064869
290553847.2523389459 2890.2422040212
290839903.5717041492 2921.1531289327
290138670.3599266410 2863.1659957874
288685220.4539225698 2704.1046760567
291150161.7368687987 2942.4306696164
289107434.2720810175 2736.6137360740
303258038.3488037586 3530.1647567749
291459001.8702123165 2959.1253135907
294356098.6045165658 3191.1106856763
287159634.9569581747 2514.7862536796
292672183.4277081490 3075.1834791005
294272579.5976890326 3179.7936852872
301280321.8166360855 3499.4715442657
291881251.4113416672 3002.2928648293
287135614.3596261740 2506.9324784168
290138670.3599266410 2862.6394054401
291750333.2541861534 2994.1939060986
290839903.5717041492 2921.1158631551
288864802.3652136326 2716.3748326531
301581793.8610275984 3501.4335737228
286883723.8555136919 2373.9284370163
293823047.2558000088 3144.4353378713
288621452.1347000003 2694.1672864189
287966848.9052289128 2617.9386059531
288017569.8283766508 2625.1413821199
295656914.8861286640 3254.9770706594
291264248.3399814963 2950.7306764829
304914217.4467034936 3555.6505146027
291168114.7567341924 2944.8105486142
301581793.8610275388 3500.5630674362
287465428.0004894137 2547.3881535419
295962462.3915463090 3272.0628770292
287195822.6019515991 2516.0798489937
291890967.3467798829 3011.4529133141
288488847.1879953146 2682.6822146662
287964032.2370638251 2603.0136948117
290781043.2535940409 2917.0328553426
313802662.1054068804 3601.9283447266
299774099.7364832759 3453.5787324905
291521079.4294685125 2967.7547645271
291522935.4974119663 2973.2206955254
299910445.9751018286 3459.7480669022
300714170.4922550321 3480.8436107635
308849349.6636863351 3597.2032060623
301970350.5498822331 3512.2085752487
291994639.8212071657 3020.6521311104
291987546.9718219042 3019.8440140784
287331636.0237383842 2526.5520646461
289736694.7082927823 2821.6332871425
299366338.1138540506 3437.2741641998
303193327.4714139700 3525.8056497574
286929584.5863119960 2397.6558358886
289168621.7898040414 2744.4817409026
291949098.6091465950 3018.5375013649
287736444.9336783886 2581.2089868077
295557990.2519547939 3248.1433084905
311426018.3977363110 3599.3749608994
289156275.6746462584 2743.4797484776
289509335.5257815719 2803.2570924270
291795175.7057788372 2994.9246799052
291994639.8212071657 3020.7014684975
300081389.8962647915 3460.1515579224
292106092.8042322397 3030.1099653542
292456218.9283635020 3059.8871205151
292610937.4898027182 3073.6348169148
292410831.1164245009 3053.1276214421
292410831.1164244413 3052.3422878087
290299838.6319810152 2865.4493400562
301046679.9383847713 3493.2049121857
297146791.8835191727 3333.8165884018
295962462.3915462494 3271.7024014890
287736444.9336784482 2581.2373986729
290619897.9425830245 2895.1205060780
290507943.2876409888 2883.2035911381
289795624.8706382513 2828.3193699825
289856172.9543936253 2832.3542382228
308507061.1807764769 3596.1562452316
289156275.6746463180 2743.5087392231
288359617.9448614120 2661.3730133065
294667463.6504071951 3209.6339252889
290060777.6736205220 2855.1495434749
292571251.8144964576 3069.4201705754
296564027.9446111917 3301.3675103188
300613479.7316197157 3474.4106068611
292610937.4898025393 3073.5808570683
290054393.5531868339 2853.6212589252
288994976.2459968328 2731.8082398077
289967625.9374184608 2840.5750109660
289967625.9374185205 2840.5876643169
300392708.3362978697 3472.5705804825
296137494.4551784396 3283.9857433736
310865800.9700856209 3598.5918340683
297581749.9377108812 3353.9430580139
297426584.0162911415 3343.3098278046
289967625.9374185205 2841.1667830455
298644669.2752338648 3411.7053995132
300909688.4437774420 3492.1421661377
297581749.9377108812 3354.0073795319
295033095.4775338769 3230.0954531133
289967625.9374185205 2841.7811991679
299067441.9924650788 3421.5761823654
292533727.9380853176 3064.5615547001
291443374.6372925639 2954.1187832654
293583244.6032199860 3129.6418097913
306442789.4170458317 3574.2071323395
300181819.9189413786 3461.6305837631
290310104.6005122066 2874.5512136924
299408670.0877522230 3438.6216068268
288956076.9068888426 2722.9571750649
299212877.3567382097 3430.7126741409
290367097.5417317748 2874.8639200437
295706753.4424712658 3264.1887347102
292784165.4130795598 3079.4007680714
297952965.9612376094 3375.2088632584
297553515.4681389928 3352.5714578629
297045067.7220746279 3330.6466236115
292738033.7055612206 3077.8061464131
313485252.9523407221 3601.0507221222
306140489.9136900902 3571.5119915009
292725947.8085875511 3076.6197889149
297084493.3868018985 3331.4555978775
290449856.1879255772 2877.0604307652
293435004.3017209768 3120.8990967572
300672686.5250352621 3475.2471399307
288899358.7171764374 2717.0314604151
308441850.3304293752 3594.3244619370
292383757.3705482483 3051.0882861912
290409800.4244875908 2875.2880413532
298617994.3289602399 3402.8221845627
296370578.4394711852 3293.3476554751
307701412.6200530529 3590.1791219711
300692557.6098048687 3476.6827077866
293435574.4317653179 3121.1512091458
300238063.3302747011 3463.3556489944
300372887.2441795468 3467.8459520340
299519532.1380355358 3440.2948322296
299521778.7303706408 3440.3548297882
290701670.4109620452 2901.1711323559
293720406.0834152102 3140.7722971737
297651711.9006105065 3364.7010965347
313467683.5202957392 3600.8468704224
293529727.0704978704 3128.8241628110
294297244.4571654201 3180.2297990322
299675262.9365549684 3447.2935647964
300336217.6281107068 3465.6573657990
297643717.5599412918 3364.5478792191
300336217.6281107664 3465.6681213379
298910505.0418732762 3417.9834318161
293529727.0704978704 3128.8718684614
299237493.9515906572 3431.6367254257
297239319.6585852504 3340.0650472641
297602390.3328909278 3356.8332786560
298335879.4016816020 3394.5719289780
295133032.4924445152 3230.4864107966
295133032.4924444556 3230.1755034328
292842308.3235217929 3086.0076735318
298232979.2936609387 3392.1991167068
295347604.7367935181 3237.9273611903
298016757.3163956404 3384.1867256165
298391217.9786130190 3401.7110738754
299085586.5961319208 3423.0880393982
292918916.4084202647 3093.9988596737
294170892.8732314706 3166.6853048801
298187831.4049027562 3392.0317678452
293136080.2546977997 3108.4505522549
294198258.5313816667 3169.9743936062
293625298.6316555142 3137.1341908276
296778988.6805623770 3316.9036259651
292842308.3235217929 3086.2250902951
307759608.8699146509 3591.5900888443
313136432.7022148371 3600.4351577759
293106491.4248141646 3106.3643114865
293106491.4248142242 3106.4811566174
293106491.4248142242 3106.5323269665
296230823.5204174519 3286.4101166725
307962587.1583683491 3594.0288038254
295494253.6879402399 3246.3450241089
312677932.9594198465 3600.2735233307
293332570.2415891290 3116.3022283912
297796061.8571398854 3371.4870557785
296549410.1632648110 3301.3593740463
304064250.1241734624 3541.2949562073
299085586.5961319208 3423.2357044220
296641047.0469846725 3305.9417467117
293476842.9303575158 3124.0136908889
296662673.9788637757 3312.1575908661
293563649.6451339126 3128.9049047828
293818237.2532399297 3142.5448011756
296507115.7623094320 3300.8693666458
304092235.9528442025 3542.6326942444
305037314.6050332189 3557.7104101181
303725826.1237256527 3538.0612430573
304408226.8524630666 3550.1734199524
297552917.1471651196 3351.3199262619
304144902.2030458450 3545.1153659821
296056301.1566733718 3275.8711824417
311039306.3044540286 3598.6471948624
306705791.8066062927 3582.0778074265
306615051.0324924588 3576.5752229691
306617707.4630193710 3580.3528470993
305066717.7496812344 3561.7919111252
305481808.0071277618 3563.3021955490
305051183.7301588655 3559.8655805588
305846675.7637718320 3566.2139644623
305846675.7637717128 3565.9964809418
306483393.8076945543 3575.7931232452
304046486.9746378064 3539.7317552567
305827555.1292007565 3564.7108497620
304272453.0067014694 3545.5992155075
307636728.4696183205 3587.3464355469
305563902.8190143108 3564.0559768677
305720037.8811699152 3564.6088333130
305563902.8190141916 3563.5825557709
307354860.8453459740 3583.7896709442
307489474.0449283123 3585.7950439453
303583450.1135580540 3532.3242073059
303596877.5073872805 3533.5960788727
306958041.4352396727 3582.1900081635
307354860.8453459740 3583.5513992310
306240019.8622451425 3573.2052803040
