9824348.4597353991 148298.8948006630
9892646.3304942548 153792.5169372559
9888518.8562628888 153751.4706726074
12750858.6087880768 160749.4278564453
9827720.2019545268 148319.1516661607
9836001.5834404081 149216.0232400596
9855993.9460687190 153152.6582336426
9894841.6435373817 153927.8593750000
9832863.0772529729 149172.8678444251
9868906.5803477112 153338.6462097168
9845074.4900511503 152757.8990173340
9831579.7089591194 148776.4973531459
9883376.4840349033 153734.5997009277
9849408.8302606773 152780.9012241364
10085420.4486050569 160485.0364990234
9828143.7458362672 148335.7120291311
9897189.7975956816 154034.6170654297
9923094.2314817943 156887.4807739258
9901081.9535734039 156782.1759643555
9879271.9703642819 153554.2113647461
9819793.2343814839 144613.9716844559
9971327.8455324993 160453.7419433594
9821967.4945337363 144673.1840057373
10098376.3565951344 160512.7257080078
9833406.7525711432 149172.8987776041
9842920.1312718987 152742.0973968506
9964060.1548365206 157603.5291748047
12614461.2718264312 160749.3267822266
9821385.3767974284 144672.8739752769
9904397.7181046419 156884.3439941406
9903332.4690106604 156806.1039733887
9858892.5186803211 153184.0498352051
9852706.9543813914 153064.6709136963
9830103.0395399462 148647.9275846481
10064712.5546903964 160484.7465820312
9855755.4545673225 153152.1511535645
9828684.2176863756 148391.5063153654
9862874.5657341219 153211.6717529297
10008515.8947117459 160477.1120605469
9971268.0753454808 160453.2558593750
10074170.6040510070 160484.8359375000
9829920.5825038422 148639.9886629712
9827813.2699337602 148324.4763681134
9821121.7237232290 144660.5657911301
9819847.5798354819 144654.7222378254
12762597.3422462046 160749.4483642578
9825888.3242068812 148313.3784937859
9823365.4464264736 144794.2854142189
9826318.1783503946 148313.3847193718
9825741.8913812414 148299.8428801894
9835457.9081222378 149216.0111806020
9946136.0107651092 157447.2766113281
9827281.7558527235 148314.4517948776
9938658.4608167093 157328.4777832031
9823951.5553406756 144801.4327387877
9822493.6815523244 144781.4805544184
9947113.4709163196 157483.7169189453
11425285.7278765142 160646.8740234375
11164492.0457215440 160603.5260009766
9981260.4543871228 160453.9938964844
9826963.5136060864 148313.5235446468
9944958.8688787725 157444.1954345703
9822154.1799962390 144766.0987682343
12569205.5789495409 160705.6468505859
12770969.2418509033 160751.5410156250
10088528.8712110519 160488.6412353516
9933481.0829595830 156967.1948242188
12045364.7301567625 160661.1358642578
9870956.4050694574 153475.9581298828
10122901.9889802076 160515.0445556641
12234732.8386483155 160663.3640136719
10504557.9349667579 160532.5799560547
11898354.6146828346 160658.5484619141
10150753.1009402871 160525.4932861328
10200965.4251725823 160527.5607910156
11282024.1047322527 160618.9388427734
