112242.0308430678 113580.4355777579
112439.5708363359 113776.3994947421
112242.0308430678 114364.2912456946
123106.7304728131 121614.9561741091
132588.6501496818 117107.7860834731
138712.3899409929 117303.7500004573
135946.8300352395 117499.7139174414
133378.8101227543 117891.6417514098
136341.9100217757 118087.6056683940
130218.1702304647 119067.4252533148
131403.4101900732 119459.3530872832
124687.0504189579 126122.1262647452
125082.1304054941 126318.0901817294
125674.7503852984 126514.0540987135
126267.3703651027 127493.8736836344

121723.9505199365 122202.8479250617
121921.4905132046 122202.8479250617
121526.4105266684 122006.8840080775
121723.9505199365 122006.8840080775
121921.4905132046 122006.8840080775
122119.0305064727 122006.8840080775
121328.8705334003 121810.9200910933
121921.4905132046 122398.8118420458
121723.9505199365 121810.9200910933
121921.4905132046 121810.9200910933
122119.0305064727 121810.9200910933
122316.5704997408 121810.9200910933
121526.4105266684 121614.9561741091
121921.4905132046 121614.9561741091
122119.0305064727 121614.9561741091

121328.8705334003 122202.8479250617
121921.4905132046 122202.8479250617
112242.0308430678 113580.4355777579
112439.5708363359 113776.3994947421
112242.0308430678 114364.2912456946
112242.0308430678 114756.2190796630
132588.6501496818 117107.7860834731
138712.3899409929 117303.7500004573
123106.7304728131 118087.6056683940
133378.8101227543 117891.6417514098
136341.9100217757 118087.6056683940
130218.1702304647 119067.4252533148
131403.4101900732 119459.3530872832
124687.0504189579 126122.1262647452
125082.1304054941 126318.0901817294

112242.0308430678 113580.4355777579
112439.5708363359 113776.3994947421
112242.0308430678 114364.2912456946
112242.0308430678 114756.2190796630
124291.9704324217 120831.1005061724
138712.3899409929 117303.7500004573
135946.8300352395 117499.7139174414
133378.8101227543 117891.6417514098
136341.9100217757 118087.6056683940
130218.1702304647 119067.4252533148
131403.4101900732 119459.3530872832
124687.0504189579 126122.1262647452
125082.1304054941 126318.0901817294
125674.7503852984 126514.0540987135
126267.3703651027 127493.8736836344

121328.8705334003 122202.8479250617
121921.4905132046 122202.8479250617
112242.0308430678 113580.4355777579
112439.5708363359 113776.3994947421
112242.0308430678 114364.2912456946
112242.0308430678 114756.2190796630
132588.6501496818 117107.7860834731
138712.3899409929 117303.7500004573
135946.8300352395 117499.7139174414
133378.8101227543 117891.6417514098
136341.9100217757 118087.6056683940
130218.1702304647 119067.4252533148
131403.4101900732 119459.3530872832
124687.0504189579 126122.1262647452
125082.1304054941 126318.0901817294

126267.3703651027 127493.8736836344
125674.7503852984 126514.0540987135
125082.1304054941 126318.0901817294
124687.0504189579 126122.1262647452
131403.4101900732 119459.3530872832
130218.1702304647 119067.4252533148
136341.9100217757 118087.6056683940
133378.8101227543 117891.6417514098
135946.8300352395 117499.7139174414
138712.3899409929 117303.7500004573
132588.6501496818 117107.7860834731
112242.0308430678 114756.2190796630
112242.0308430678 114364.2912456946
121921.4905132046 121614.9561741091
120933.7905468641 121614.9561741091

112242.0308430678 113580.4355777579
112439.5708363359 113776.3994947421
112242.0308430678 114364.2912456946
112242.0308430678 114756.2190796630
132588.6501496818 117107.7860834731
138712.3899409929 117303.7500004573
135946.8300352395 117499.7139174414
133378.8101227543 117891.6417514098
136341.9100217757 118087.6056683940
130218.1702304647 119067.4252533148
131403.4101900732 119459.3530872832
124687.0504189579 126122.1262647452
125082.1304054941 126318.0901817294
125674.7503852984 126514.0540987135
126267.3703651027 127493.8736836344

112242.0308430678 113580.4355777579
112439.5708363359 113776.3994947421
112242.0308430678 114364.2912456946
132588.6501496818 117107.7860834731
138712.3899409929 117303.7500004573
135946.8300352395 117499.7139174414
133378.8101227543 117891.6417514098
121131.3305401322 120831.1005061724
130218.1702304647 119067.4252533148
131403.4101900732 119459.3530872832
124687.0504189579 126122.1262647452
125082.1304054941 126318.0901817294
125674.7503852984 126514.0540987135
126267.3703651027 127493.8736836344
112242.0308430678 114756.2190796630

112242.0308430678 113580.4355777579
112439.5708363359 113776.3994947421
112242.0308430678 114364.2912456946
132588.6501496818 117107.7860834731
138712.3899409929 117303.7500004573
135946.8300352395 117499.7139174414
133378.8101227543 117891.6417514098
136341.9100217757 118087.6056683940
123304.2704660812 118087.6056683940
131403.4101900732 119459.3530872832
124687.0504189579 126122.1262647452
125082.1304054941 126318.0901817294
125674.7503852984 126514.0540987135
126267.3703651027 127493.8736836344
126859.9903449070 127885.8015176028

122119.0305064727 121614.9561741091
121921.4905132046 121614.9561741091
121131.3305401322 121614.9561741091
122316.5704997408 121810.9200910933
122119.0305064727 121810.9200910933
121921.4905132046 121810.9200910933
121723.9505199365 121810.9200910933
121526.4105266684 121810.9200910933
121328.8705334003 121810.9200910933
122119.0305064727 122006.8840080775
121921.4905132046 122006.8840080775
121723.9505199365 122006.8840080775
121526.4105266684 122006.8840080775
121921.4905132046 122202.8479250617
121328.8705334003 122202.8479250617

126859.9903449070 127885.8015176028
126267.3703651027 127493.8736836344
125674.7503852984 126514.0540987135
125082.1304054941 126318.0901817294
124687.0504189579 126122.1262647452
131403.4101900732 119459.3530872832
130218.1702304647 119067.4252533148
136341.9100217757 118087.6056683940
133378.8101227543 117891.6417514098
135946.8300352395 117499.7139174414
138712.3899409929 117303.7500004573
132588.6501496818 117107.7860834731
112242.0308430678 114364.2912456946
112439.5708363359 113776.3994947421
122119.0305064727 121614.9561741091

112242.0308430678 113580.4355777579
112439.5708363359 113776.3994947421
112242.0308430678 114364.2912456946
132588.6501496818 117107.7860834731
138712.3899409929 117303.7500004573
135946.8300352395 117499.7139174414
133378.8101227543 117891.6417514098
136341.9100217757 118087.6056683940
123501.8104593493 120831.1005061724
131403.4101900732 119459.3530872832
124687.0504189579 126122.1262647452
125082.1304054941 126318.0901817294
125674.7503852984 126514.0540987135
126267.3703651027 127493.8736836344
126859.9903449070 127885.8015176028

126859.9903449070 127885.8015176028
126267.3703651027 127493.8736836344
125674.7503852984 126514.0540987135
125082.1304054941 126318.0901817294
124687.0504189579 126122.1262647452
131403.4101900732 119459.3530872832
130218.1702304647 119067.4252533148
136341.9100217757 118087.6056683940
133378.8101227543 117891.6417514098
135946.8300352395 117499.7139174414
138712.3899409929 117303.7500004573
132588.6501496818 117107.7860834731
121921.4905132046 121614.9561741091
120933.7905468641 121614.9561741091
122316.5704997408 121810.9200910933

121328.8705334003 122202.8479250617
121921.4905132046 122202.8479250617
120933.7905468641 122006.8840080775
120736.2505535960 121810.9200910933
121723.9505199365 122006.8840080775
121921.4905132046 122006.8840080775
122119.0305064727 122006.8840080775
121328.8705334003 121810.9200910933
121526.4105266684 121810.9200910933
121723.9505199365 121810.9200910933
121921.4905132046 121810.9200910933
122119.0305064727 121810.9200910933
122316.5704997408 121810.9200910933
121921.4905132046 121614.9561741091
122119.0305064727 121614.9561741091

126859.9903449070 127885.8015176028
126267.3703651027 127493.8736836344
125674.7503852984 126514.0540987135
125082.1304054941 126318.0901817294
131403.4101900732 119459.3530872832
129625.5502506604 118283.5695853782
135551.7500487033 118087.6056683940
136341.9100217757 118087.6056683940
120736.2505535960 121027.0644231566
135946.8300352395 117499.7139174414
138712.3899409929 117303.7500004573
132588.6501496818 117107.7860834731
121921.4905132046 121614.9561741091
120933.7905468641 121614.9561741091
122316.5704997408 121810.9200910933

121723.9505199365 122202.8479250617
122119.0305064727 121614.9561741091
121921.4905132046 121614.9561741091
121723.9505199365 121614.9561741091
121526.4105266684 121614.9561741091
122316.5704997408 121810.9200910933
122119.0305064727 121810.9200910933
121921.4905132046 121810.9200910933
121723.9505199365 121810.9200910933
121328.8705334003 121810.9200910933
122119.0305064727 122006.8840080775
121921.4905132046 122006.8840080775
121723.9505199365 122006.8840080775
121526.4105266684 122006.8840080775
121921.4905132046 122202.8479250617

126859.9903449070 127885.8015176028
126267.3703651027 127493.8736836344
125674.7503852984 126514.0540987135
125082.1304054941 126318.0901817294
131403.4101900732 119459.3530872832
129625.5502506604 118283.5695853782
135551.7500487033 118087.6056683940
136341.9100217757 118087.6056683940
133378.8101227543 117891.6417514098
135946.8300352395 117499.7139174414
117378.0706680383 116127.9664985522
133773.8901092904 117107.7860834731
121921.4905132046 121614.9561741091
120933.7905468641 121614.9561741091
122316.5704997408 121810.9200910933

121328.8705334003 122202.8479250617
121921.4905132046 122202.8479250617
120933.7905468641 122006.8840080775
121526.4105266684 122006.8840080775
121723.9505199365 122006.8840080775
121921.4905132046 122594.7757590300
122119.0305064727 122006.8840080775
121328.8705334003 121810.9200910933
121526.4105266684 121810.9200910933
121723.9505199365 121810.9200910933
121921.4905132046 121810.9200910933
122119.0305064727 121810.9200910933
122316.5704997408 121810.9200910933
120933.7905468641 121614.9561741091
121921.4905132046 121614.9561741091

121328.8705334003 122202.8479250617
122119.0305064727 121614.9561741091
121921.4905132046 121614.9561741091
121723.9505199365 121614.9561741091
122316.5704997408 121810.9200910933
122119.0305064727 121810.9200910933
121921.4905132046 121810.9200910933
121723.9505199365 121810.9200910933
121526.4105266684 121810.9200910933
121328.8705334003 121810.9200910933
122119.0305064727 122006.8840080775
121921.4905132046 122006.8840080775
121723.9505199365 122006.8840080775
121526.4105266684 122006.8840080775
121921.4905132046 122202.8479250617

121328.8705334003 122202.8479250617
121921.4905132046 122202.8479250617
120933.7905468641 122006.8840080775
121526.4105266684 122006.8840080775
121723.9505199365 122006.8840080775
121921.4905132046 122006.8840080775
122119.0305064727 122006.8840080775
121328.8705334003 121810.9200910933
122119.0305064727 122594.7757590300
121723.9505199365 121810.9200910933
121921.4905132046 121810.9200910933
122119.0305064727 121810.9200910933
122316.5704997408 121810.9200910933
120933.7905468641 121614.9561741091
121921.4905132046 121614.9561741091

121723.9505199365 122202.8479250617
121921.4905132046 122202.8479250617
121921.4905132046 121614.9561741091
120933.7905468641 121614.9561741091
122316.5704997408 121810.9200910933
122119.0305064727 121810.9200910933
121921.4905132046 121810.9200910933
121723.9505199365 121810.9200910933
121526.4105266684 121810.9200910933
121328.8705334003 121810.9200910933
122119.0305064727 122006.8840080775
121921.4905132046 122006.8840080775
121723.9505199365 122006.8840080775
121526.4105266684 122006.8840080775
120933.7905468641 122006.8840080775

121921.4905132046 121614.9561741091
120933.7905468641 121614.9561741091
122316.5704997408 121810.9200910933
122119.0305064727 121810.9200910933
121921.4905132046 121810.9200910933
121723.9505199365 121810.9200910933
121526.4105266684 121810.9200910933
121328.8705334003 121810.9200910933
122119.0305064727 122006.8840080775
121921.4905132046 122006.8840080775
121723.9505199365 122006.8840080775
121526.4105266684 122006.8840080775
120933.7905468641 122006.8840080775
121921.4905132046 122202.8479250617
121328.8705334003 122202.8479250617

121723.9505199365 122202.8479250617
121921.4905132046 122202.8479250617
121526.4105266684 122006.8840080775
133971.4301025585 117303.7500004573
121921.4905132046 122006.8840080775
122119.0305064727 122006.8840080775
121131.3305401322 121810.9200910933
121723.9505199365 121810.9200910933
121921.4905132046 121810.9200910933
122119.0305064727 121810.9200910933
122316.5704997408 121810.9200910933
120933.7905468641 121614.9561741091
121526.4105266684 121614.9561741091
121921.4905132046 121614.9561741091
122119.0305064727 121614.9561741091

121723.9505199365 122202.8479250617
121921.4905132046 122398.8118420458
121526.4105266684 122006.8840080775
121723.9505199365 122006.8840080775
121921.4905132046 122006.8840080775
122119.0305064727 122006.8840080775
121328.8705334003 121810.9200910933
121526.4105266684 121810.9200910933
121723.9505199365 121810.9200910933
121921.4905132046 121810.9200910933
122119.0305064727 121810.9200910933
122316.5704997408 121810.9200910933
121723.9505199365 121614.9561741091
121921.4905132046 121614.9561741091
122119.0305064727 121614.9561741091

121328.8705334003 122202.8479250617
121921.4905132046 122202.8479250617
121526.4105266684 122006.8840080775
121723.9505199365 122006.8840080775
121921.4905132046 122006.8840080775
122119.0305064727 122006.8840080775
121328.8705334003 121810.9200910933
122119.0305064727 121614.9561741091
121921.4905132046 121614.9561741091
121526.4105266684 121614.9561741091
120933.7905468641 121614.9561741091
122316.5704997408 121810.9200910933
122119.0305064727 121810.9200910933
121921.4905132046 121810.9200910933
121723.9505199365 121810.9200910933

121723.9505199365 122202.8479250617
121921.4905132046 122202.8479250617
121526.4105266684 122006.8840080775
121723.9505199365 122006.8840080775
121921.4905132046 122006.8840080775
122119.0305064727 122006.8840080775
121131.3305401322 121810.9200910933
121723.9505199365 121810.9200910933
121921.4905132046 121810.9200910933
122119.0305064727 121810.9200910933
122316.5704997408 121810.9200910933
120933.7905468641 121614.9561741091
121526.4105266684 121614.9561741091
121921.4905132046 121614.9561741091
121921.4905132046 122594.7757590300

121723.9505199365 122202.8479250617
121921.4905132046 122202.8479250617
121526.4105266684 122006.8840080775
121723.9505199365 122006.8840080775
121921.4905132046 122006.8840080775
122119.0305064727 122006.8840080775
121131.3305401322 121810.9200910933
121723.9505199365 121810.9200910933
121921.4905132046 121810.9200910933
122119.0305064727 121810.9200910933
122316.5704997408 121810.9200910933
121921.4905132046 122398.8118420458
121526.4105266684 121614.9561741091
121921.4905132046 121614.9561741091
122119.0305064727 121614.9561741091

121723.9505199365 122202.8479250617
121921.4905132046 122202.8479250617
121526.4105266684 122006.8840080775
121921.4905132046 122398.8118420458
121921.4905132046 122006.8840080775
122119.0305064727 122006.8840080775
121131.3305401322 121810.9200910933
121723.9505199365 121810.9200910933
121921.4905132046 121810.9200910933
122119.0305064727 121810.9200910933
122316.5704997408 121810.9200910933
120933.7905468641 121614.9561741091
121526.4105266684 121614.9561741091
121921.4905132046 121614.9561741091
122119.0305064727 121614.9561741091

121723.9505199365 122202.8479250617
121921.4905132046 122202.8479250617
121526.4105266684 122006.8840080775
121723.9505199365 122006.8840080775
121921.4905132046 122006.8840080775
122119.0305064727 122006.8840080775
121328.8705334003 121810.9200910933
120933.7905468641 121614.9561741091
121723.9505199365 121810.9200910933
121921.4905132046 121810.9200910933
122119.0305064727 121810.9200910933
122316.5704997408 121810.9200910933
121526.4105266684 121614.9561741091
121921.4905132046 121614.9561741091
122119.0305064727 121614.9561741091

121723.9505199365 122202.8479250617
121921.4905132046 122202.8479250617
121526.4105266684 122006.8840080775
125082.1304054941 118087.6056683940
121921.4905132046 122006.8840080775
122119.0305064727 122006.8840080775
121131.3305401322 121810.9200910933
121723.9505199365 121810.9200910933
121921.4905132046 121810.9200910933
122119.0305064727 121810.9200910933
122316.5704997408 121810.9200910933
120933.7905468641 121614.9561741091
121526.4105266684 121614.9561741091
121921.4905132046 121614.9561741091
122119.0305064727 121614.9561741091

121723.9505199365 122202.8479250617
121921.4905132046 122202.8479250617
121526.4105266684 122006.8840080775
120341.1705670598 121614.9561741091
121921.4905132046 122006.8840080775
122119.0305064727 122006.8840080775
121131.3305401322 121810.9200910933
121723.9505199365 121810.9200910933
121921.4905132046 121810.9200910933
122119.0305064727 121810.9200910933
122316.5704997408 121810.9200910933
120933.7905468641 121614.9561741091
121526.4105266684 121614.9561741091
121921.4905132046 121614.9561741091
122119.0305064727 121614.9561741091

122119.0305064727 121614.9561741091
121921.4905132046 121614.9561741091
122316.5704997408 121810.9200910933
122119.0305064727 121810.9200910933
121921.4905132046 121810.9200910933
121723.9505199365 121810.9200910933
121526.4105266684 121810.9200910933
121328.8705334003 121810.9200910933
122119.0305064727 122006.8840080775
121921.4905132046 122006.8840080775
121723.9505199365 122006.8840080775
121526.4105266684 122006.8840080775
120933.7905468641 122006.8840080775
121921.4905132046 122202.8479250617
121328.8705334003 122202.8479250617

121723.9505199365 122202.8479250617
122119.0305064727 121614.9561741091
121921.4905132046 121614.9561741091
122316.5704997408 121810.9200910933
122119.0305064727 121810.9200910933
121921.4905132046 121810.9200910933
121723.9505199365 121810.9200910933
121526.4105266684 121810.9200910933
121328.8705334003 121810.9200910933
121131.3305401322 121810.9200910933
122119.0305064727 122006.8840080775
121921.4905132046 122006.8840080775
121723.9505199365 122006.8840080775
121526.4105266684 122006.8840080775
121921.4905132046 122202.8479250617

121723.9505199365 122202.8479250617
121921.4905132046 122202.8479250617
121526.4105266684 122006.8840080775
124291.9704324217 121418.9922571250
121921.4905132046 122006.8840080775
122119.0305064727 122006.8840080775
121131.3305401322 121810.9200910933
121723.9505199365 121810.9200910933
121921.4905132046 121810.9200910933
122119.0305064727 121810.9200910933
122316.5704997408 121810.9200910933
120933.7905468641 121614.9561741091
121526.4105266684 121614.9561741091
121921.4905132046 121614.9561741091
122119.0305064727 121614.9561741091

121723.9505199365 122202.8479250617
121921.4905132046 122202.8479250617
121526.4105266684 122006.8840080775
123699.3504526175 118087.6056683940
121921.4905132046 122006.8840080775
122119.0305064727 122006.8840080775
121131.3305401322 121810.9200910933
121723.9505199365 121810.9200910933
121921.4905132046 121810.9200910933
122119.0305064727 121810.9200910933
122316.5704997408 121810.9200910933
120933.7905468641 121614.9561741091
121526.4105266684 121614.9561741091
121921.4905132046 121614.9561741091
122119.0305064727 121614.9561741091

121921.4905132046 122398.8118420458
121723.9505199365 122202.8479250617
121921.4905132046 122202.8479250617
121526.4105266684 122006.8840080775
121723.9505199365 122006.8840080775
121921.4905132046 122006.8840080775
122119.0305064727 122006.8840080775
121328.8705334003 121810.9200910933
121526.4105266684 121810.9200910933
121723.9505199365 121810.9200910933
121921.4905132046 121810.9200910933
122119.0305064727 121810.9200910933
120933.7905468641 121614.9561741091
121921.4905132046 121614.9561741091
122119.0305064727 121614.9561741091

122119.0305064727 121614.9561741091
121921.4905132046 121614.9561741091
121526.4105266684 121614.9561741091
122316.5704997408 121810.9200910933
122119.0305064727 121810.9200910933
121921.4905132046 121810.9200910933
121723.9505199365 121810.9200910933
121526.4105266684 121810.9200910933
121328.8705334003 121810.9200910933
122119.0305064727 122006.8840080775
121921.4905132046 122006.8840080775
121723.9505199365 122006.8840080775
121526.4105266684 122006.8840080775
121921.4905132046 122202.8479250617
121723.9505199365 122202.8479250617

122119.0305064727 121614.9561741091
121921.4905132046 121614.9561741091
122316.5704997408 121810.9200910933
122119.0305064727 121810.9200910933
121921.4905132046 121810.9200910933
121723.9505199365 121810.9200910933
121526.4105266684 121810.9200910933
121328.8705334003 121810.9200910933
122119.0305064727 122006.8840080775
121921.4905132046 122006.8840080775
121723.9505199365 122006.8840080775
121526.4105266684 122006.8840080775
121921.4905132046 122202.8479250617
121723.9505199365 122202.8479250617
121921.4905132046 122398.8118420458

122119.0305064727 121614.9561741091
121921.4905132046 121614.9561741091
120933.7905468641 122006.8840080775
122316.5704997408 121810.9200910933
122119.0305064727 121810.9200910933
121921.4905132046 121810.9200910933
121723.9505199365 121810.9200910933
121526.4105266684 121810.9200910933
121328.8705334003 121810.9200910933
122119.0305064727 122006.8840080775
121921.4905132046 122006.8840080775
121723.9505199365 122006.8840080775
121526.4105266684 122006.8840080775
121921.4905132046 122202.8479250617
121723.9505199365 122202.8479250617

121723.9505199365 122202.8479250617
121921.4905132046 122202.8479250617
121526.4105266684 122006.8840080775
121723.9505199365 122006.8840080775
121921.4905132046 122006.8840080775
122119.0305064727 122006.8840080775
121131.3305401322 121810.9200910933
121723.9505199365 121810.9200910933
121921.4905132046 121810.9200910933
122119.0305064727 121810.9200910933
122316.5704997408 121810.9200910933
120933.7905468641 121614.9561741091
121526.4105266684 121614.9561741091
121921.4905132046 121614.9561741091
121921.4905132046 122398.8118420458

121723.9505199365 122202.8479250617
121921.4905132046 122202.8479250617
121131.3305401322 121614.9561741091
121526.4105266684 122006.8840080775
121723.9505199365 122006.8840080775
121921.4905132046 122006.8840080775
122119.0305064727 122006.8840080775
121328.8705334003 121810.9200910933
121526.4105266684 121810.9200910933
121723.9505199365 121810.9200910933
121921.4905132046 121810.9200910933
122119.0305064727 121810.9200910933
122316.5704997408 121810.9200910933
121921.4905132046 121614.9561741091
122119.0305064727 121614.9561741091

121723.9505199365 122202.8479250617
122119.0305064727 121614.9561741091
121921.4905132046 121614.9561741091
121723.9505199365 121614.9561741091
122316.5704997408 121810.9200910933
122119.0305064727 121810.9200910933
121921.4905132046 121810.9200910933
121723.9505199365 121810.9200910933
121526.4105266684 121810.9200910933
121328.8705334003 121810.9200910933
122119.0305064727 122006.8840080775
121921.4905132046 122006.8840080775
121723.9505199365 122006.8840080775
121526.4105266684 122006.8840080775
121921.4905132046 122202.8479250617

122119.0305064727 121614.9561741091
121921.4905132046 121614.9561741091
122316.5704997408 121810.9200910933
122119.0305064727 121810.9200910933
121921.4905132046 121810.9200910933
121723.9505199365 121810.9200910933
121526.4105266684 121810.9200910933
121328.8705334003 121614.9561741091
122119.0305064727 122006.8840080775
121921.4905132046 122006.8840080775
121723.9505199365 122006.8840080775
121526.4105266684 122006.8840080775
121328.8705334003 122006.8840080775
121921.4905132046 122202.8479250617
121723.9505199365 122202.8479250617

122119.0305064727 121614.9561741091
121921.4905132046 121614.9561741091
121526.4105266684 121614.9561741091
120933.7905468641 121614.9561741091
122316.5704997408 121810.9200910933
122119.0305064727 121810.9200910933
121921.4905132046 121810.9200910933
121723.9505199365 121810.9200910933
121131.3305401322 121810.9200910933
122119.0305064727 122006.8840080775
121921.4905132046 122006.8840080775
121723.9505199365 122006.8840080775
121526.4105266684 122006.8840080775
121921.4905132046 122202.8479250617
121723.9505199365 122202.8479250617

121723.9505199365 122202.8479250617
122119.0305064727 121614.9561741091
121921.4905132046 121614.9561741091
122316.5704997408 121810.9200910933
122119.0305064727 121810.9200910933
121921.4905132046 121810.9200910933
121723.9505199365 121810.9200910933
121526.4105266684 121810.9200910933
121328.8705334003 121810.9200910933
122119.0305064727 122006.8840080775
121921.4905132046 122006.8840080775
121723.9505199365 122006.8840080775
121526.4105266684 122006.8840080775
121328.8705334003 122006.8840080775
121921.4905132046 122202.8479250617

112834.6508228721 114364.2912456946
121526.4105266684 119263.3891702990
119551.0105939874 121223.0283401408
133971.4301025585 116911.8221664889
122316.5704997408 116911.8221664889
132588.6501496818 117107.7860834731
133378.8101227543 117891.6417514098
136539.4500150438 118087.6056683940
133773.8901092904 118283.5695853782
124884.5904122260 119459.3530872832
123304.2704660812 119459.3530872832
124884.5904122260 121027.0644231566
123106.7304728131 121027.0644231566
121723.9505199365 122202.8479250617
123896.8904458855 124750.3788458560

112834.6508228721 114364.2912456946
126267.3703651027 116127.9664985522
122316.5704997408 116323.9304155364
133971.4301025585 116911.8221664889
122316.5704997408 116911.8221664889
132588.6501496818 117107.7860834731
133378.8101227543 117891.6417514098
124291.9704324217 117891.6417514098
124884.5904122260 119459.3530872832
123304.2704660812 119459.3530872832
122514.1104930089 120243.2087552199
124884.5904122260 121027.0644231566
123106.7304728131 121027.0644231566
121723.9505199365 122202.8479250617
123896.8904458855 124750.3788458560

112834.6508228721 114364.2912456946
126267.3703651027 116127.9664985522
133971.4301025585 116911.8221664889
122316.5704997408 116911.8221664889
123699.3504526175 118283.5695853782
133378.8101227543 117891.6417514098
133773.8901092904 118283.5695853782
124884.5904122260 119459.3530872832
123304.2704660812 119459.3530872832
122514.1104930089 120243.2087552199
123106.7304728131 121027.0644231566
124884.5904122260 121027.0644231566
121723.9505199365 122202.8479250617
122316.5704997408 116323.9304155364
123896.8904458855 124750.3788458560

121723.9505199365 122202.8479250617
122119.0305064727 121614.9561741091
121921.4905132046 121614.9561741091
122316.5704997408 121810.9200910933
122119.0305064727 121810.9200910933
121921.4905132046 121810.9200910933
121723.9505199365 121810.9200910933
121526.4105266684 121810.9200910933
121131.3305401322 121810.9200910933
122119.0305064727 122006.8840080775
121921.4905132046 122006.8840080775
121723.9505199365 122006.8840080775
121526.4105266684 122006.8840080775
121328.8705334003 122006.8840080775
121921.4905132046 122202.8479250617

112834.6508228721 114364.2912456946
126267.3703651027 116127.9664985522
133971.4301025585 116911.8221664889
122316.5704997408 116911.8221664889
132588.6501496818 117107.7860834731
133378.8101227543 117891.6417514098
133773.8901092904 118283.5695853782
124884.5904122260 119459.3530872832
123304.2704660812 119459.3530872832
122514.1104930089 120243.2087552199
123106.7304728131 121027.0644231566
124884.5904122260 121027.0644231566
121723.9505199365 122202.8479250617
122316.5704997408 116323.9304155364
123896.8904458855 124750.3788458560

123896.8904458855 124750.3788458560
121723.9505199365 122202.8479250617
123304.2704660812 121614.9561741091
121723.9505199365 119655.3170042674
122514.1104930089 120243.2087552199
123304.2704660812 119459.3530872832
124884.5904122260 119459.3530872832
133773.8901092904 118283.5695853782
133378.8101227543 117891.6417514098
132588.6501496818 117107.7860834731
122316.5704997408 116911.8221664889
133971.4301025585 116911.8221664889
122316.5704997408 116323.9304155364
126267.3703651027 116127.9664985522
122119.0305064727 121614.9561741091

112834.6508228721 114364.2912456946
126267.3703651027 116127.9664985522
133971.4301025585 116911.8221664889
122316.5704997408 116911.8221664889
132588.6501496818 117107.7860834731
133378.8101227543 117891.6417514098
133773.8901092904 118283.5695853782
124884.5904122260 119459.3530872832
123304.2704660812 119459.3530872832
122514.1104930089 120243.2087552199
123106.7304728131 121027.0644231566
123304.2704660812 121614.9561741091
121723.9505199365 122202.8479250617
122316.5704997408 116323.9304155364
123896.8904458855 124750.3788458560

121723.9505199365 122202.8479250617
122119.0305064727 121614.9561741091
121921.4905132046 121614.9561741091
121723.9505199365 121614.9561741091
122316.5704997408 121810.9200910933
122119.0305064727 121810.9200910933
121921.4905132046 121810.9200910933
121723.9505199365 121810.9200910933
121526.4105266684 121810.9200910933
122119.0305064727 122006.8840080775
121921.4905132046 122006.8840080775
121723.9505199365 122006.8840080775
121526.4105266684 122006.8840080775
121328.8705334003 122006.8840080775
121921.4905132046 122202.8479250617

122119.0305064727 122594.7757590300
120736.2505535960 122398.8118420458
121526.4105266684 122398.8118420458
124291.9704324217 118871.4613363307
121328.8705334003 122202.8479250617
121723.9505199365 122202.8479250617
120538.7105603279 122006.8840080775
121526.4105266684 122006.8840080775
121921.4905132046 122006.8840080775
122119.0305064727 122006.8840080775
121526.4105266684 121810.9200910933
122119.0305064727 121810.9200910933
121328.8705334003 121614.9561741091
121526.4105266684 121614.9561741091
122119.0305064727 121614.9561741091

122119.0305064727 122594.7757590300
120736.2505535960 122398.8118420458
121526.4105266684 122398.8118420458
120341.1705670598 122202.8479250617
121328.8705334003 122202.8479250617
121723.9505199365 122202.8479250617
121921.4905132046 115736.0386645839
121526.4105266684 122006.8840080775
121921.4905132046 122006.8840080775
122119.0305064727 122006.8840080775
121526.4105266684 121810.9200910933
122119.0305064727 121810.9200910933
121328.8705334003 121614.9561741091
121526.4105266684 121614.9561741091
122119.0305064727 121614.9561741091

122119.0305064727 122594.7757590300
120736.2505535960 122398.8118420458
121526.4105266684 122398.8118420458
120341.1705670598 122202.8479250617
122119.0305064727 115736.0386645839
121723.9505199365 122202.8479250617
120538.7105603279 122006.8840080775
121526.4105266684 122006.8840080775
121921.4905132046 122006.8840080775
122119.0305064727 122006.8840080775
121526.4105266684 121810.9200910933
122119.0305064727 121810.9200910933
121328.8705334003 121614.9561741091
121526.4105266684 121614.9561741091
122119.0305064727 121614.9561741091

122119.0305064727 122594.7757590300
120736.2505535960 122398.8118420458
121526.4105266684 122398.8118420458
120341.1705670598 122202.8479250617
121328.8705334003 122202.8479250617
121723.9505199365 122202.8479250617
124489.5104256898 119067.4252533148
121526.4105266684 122006.8840080775
121921.4905132046 122006.8840080775
122119.0305064727 122006.8840080775
121526.4105266684 121810.9200910933
122119.0305064727 121810.9200910933
121328.8705334003 121614.9561741091
121526.4105266684 121614.9561741091
122119.0305064727 121614.9561741091

120736.2505535960 122398.8118420458
121526.4105266684 122398.8118420458
121328.8705334003 122202.8479250617
121723.9505199365 122202.8479250617
120538.7105603279 122006.8840080775
121526.4105266684 122006.8840080775
121921.4905132046 122006.8840080775
122119.0305064727 122006.8840080775
121526.4105266684 121810.9200910933
122119.0305064727 121810.9200910933
120538.7105603279 121614.9561741091
121131.3305401322 115932.0025815680
122119.0305064727 121614.9561741091
122514.1104930089 121223.0283401408
124094.4304391536 118479.5335023623

124094.4304391536 118479.5335023623
122514.1104930089 121223.0283401408
122119.0305064727 121614.9561741091
121526.4105266684 121614.9561741091
120538.7105603279 121614.9561741091
122119.0305064727 121810.9200910933
121526.4105266684 121810.9200910933
122119.0305064727 122006.8840080775
123699.3504526175 117695.6778344256
121526.4105266684 122006.8840080775
120538.7105603279 122006.8840080775
121723.9505199365 122202.8479250617
121328.8705334003 122202.8479250617
121526.4105266684 122398.8118420458
120736.2505535960 122398.8118420458

120736.2505535960 122398.8118420458
121526.4105266684 122398.8118420458
121328.8705334003 122202.8479250617
121723.9505199365 122202.8479250617
120538.7105603279 122006.8840080775
121526.4105266684 122006.8840080775
121921.4905132046 122006.8840080775
122119.0305064727 122006.8840080775
122316.5704997408 116911.8221664889
122119.0305064727 121810.9200910933
120538.7105603279 121614.9561741091
121526.4105266684 121614.9561741091
122119.0305064727 121614.9561741091
122514.1104930089 121223.0283401408
124094.4304391536 118479.5335023623

120736.2505535960 122398.8118420458
121526.4105266684 122398.8118420458
121328.8705334003 122202.8479250617
121723.9505199365 122202.8479250617
120538.7105603279 122006.8840080775
121526.4105266684 122006.8840080775
121921.4905132046 122006.8840080775
122119.0305064727 122006.8840080775
121526.4105266684 121810.9200910933
122119.0305064727 121810.9200910933
120538.7105603279 121614.9561741091
121526.4105266684 121614.9561741091
122119.0305064727 115736.0386645839
122514.1104930089 121223.0283401408
124094.4304391536 118479.5335023623

123304.2704660812 117891.6417514098
124094.4304391536 118479.5335023623
122514.1104930089 121223.0283401408
122316.5704997408 121223.0283401408
122119.0305064727 121614.9561741091
121526.4105266684 121614.9561741091
122119.0305064727 122006.8840080775
121921.4905132046 122006.8840080775
121526.4105266684 122006.8840080775
120538.7105603279 122006.8840080775
121723.9505199365 122202.8479250617
121328.8705334003 122202.8479250617
121526.4105266684 122398.8118420458
120736.2505535960 122398.8118420458
123896.8904458855 119067.4252533148

121526.4105266684 122594.7757590300
121526.4105266684 122398.8118420458
121328.8705334003 122202.8479250617
121723.9505199365 122202.8479250617
120538.7105603279 122006.8840080775
121131.3305401322 122006.8840080775
121526.4105266684 122006.8840080775
121921.4905132046 122006.8840080775
122119.0305064727 122006.8840080775
120933.7905468641 121614.9561741091
120143.6305737917 121810.9200910933
121526.4105266684 121614.9561741091
123304.2704660812 121614.9561741091
124094.4304391536 118479.5335023623
123304.2704660812 117891.6417514098

121526.4105266684 122594.7757590300
121526.4105266684 122398.8118420458
123304.2704660812 117891.6417514098
124094.4304391536 118479.5335023623
123304.2704660812 121614.9561741091
121526.4105266684 121614.9561741091
121131.3305401322 121614.9561741091
120933.7905468641 121614.9561741091
122119.0305064727 122006.8840080775
121921.4905132046 122006.8840080775
121526.4105266684 122006.8840080775
121131.3305401322 122006.8840080775
120538.7105603279 122006.8840080775
121723.9505199365 122202.8479250617
121328.8705334003 122202.8479250617

121526.4105266684 122594.7757590300
121526.4105266684 122398.8118420458
121328.8705334003 122202.8479250617
121723.9505199365 122202.8479250617
120538.7105603279 122006.8840080775
121131.3305401322 122006.8840080775
121526.4105266684 122006.8840080775
121921.4905132046 122006.8840080775
122119.0305064727 122006.8840080775
120933.7905468641 121614.9561741091
122514.1104930089 117303.7500004573
121526.4105266684 121614.9561741091
123304.2704660812 121614.9561741091
123304.2704660812 117891.6417514098
124094.4304391536 118479.5335023623

121526.4105266684 122594.7757590300
121526.4105266684 122398.8118420458
121328.8705334003 122202.8479250617
121723.9505199365 122202.8479250617
120538.7105603279 122006.8840080775
121131.3305401322 122006.8840080775
121526.4105266684 122006.8840080775
121921.4905132046 122006.8840080775
120538.7105603279 121614.9561741091
120933.7905468641 121614.9561741091
121131.3305401322 121614.9561741091
121526.4105266684 121614.9561741091
123304.2704660812 121614.9561741091
124094.4304391536 118479.5335023623
123304.2704660812 117891.6417514098

121526.4105266684 122594.7757590300
121526.4105266684 122398.8118420458
121328.8705334003 122202.8479250617
125082.1304054941 118675.4974193465
120538.7105603279 122006.8840080775
121131.3305401322 122006.8840080775
121526.4105266684 122006.8840080775
121921.4905132046 122006.8840080775
122119.0305064727 122006.8840080775
120933.7905468641 121614.9561741091
121131.3305401322 121614.9561741091
121526.4105266684 121614.9561741091
123304.2704660812 121614.9561741091
123304.2704660812 117891.6417514098
124094.4304391536 118479.5335023623

121526.4105266684 122594.7757590300
121526.4105266684 122398.8118420458
121328.8705334003 122202.8479250617
121723.9505199365 122202.8479250617
120538.7105603279 122006.8840080775
121526.4105266684 122006.8840080775
121921.4905132046 122006.8840080775
122119.0305064727 122006.8840080775
120933.7905468641 121614.9561741091
121526.4105266684 121614.9561741091
123304.2704660812 121614.9561741091
123501.8104593493 118283.5695853782
124291.9704324217 118675.4974193465
124094.4304391536 118479.5335023623
119155.9306074512 115540.0747475997

121526.4105266684 122594.7757590300
121921.4905132046 120439.1726722041
121328.8705334003 122202.8479250617
121723.9505199365 122202.8479250617
120538.7105603279 122006.8840080775
121526.4105266684 122006.8840080775
121921.4905132046 122006.8840080775
122119.0305064727 122006.8840080775
120933.7905468641 121614.9561741091
121526.4105266684 121614.9561741091
123304.2704660812 121614.9561741091
122316.5704997408 121223.0283401408
124291.9704324217 118675.4974193465
124094.4304391536 118479.5335023623
119155.9306074512 115540.0747475997

121526.4105266684 122594.7757590300
119155.9306074512 115540.0747475997
123304.2704660812 117891.6417514098
124094.4304391536 118479.5335023623
124291.9704324217 118675.4974193465
122316.5704997408 121223.0283401408
123304.2704660812 121614.9561741091
121526.4105266684 121614.9561741091
122119.0305064727 122006.8840080775
121921.4905132046 122006.8840080775
121526.4105266684 122006.8840080775
120538.7105603279 122006.8840080775
121723.9505199365 122202.8479250617
121328.8705334003 122202.8479250617
121526.4105266684 122398.8118420458

121526.4105266684 122594.7757590300
121526.4105266684 122398.8118420458
121328.8705334003 122202.8479250617
121723.9505199365 122202.8479250617
120538.7105603279 122006.8840080775
121526.4105266684 122006.8840080775
121921.4905132046 122006.8840080775
122119.0305064727 122006.8840080775
121526.4105266684 121614.9561741091
124884.5904122260 118675.4974193465
122316.5704997408 121223.0283401408
122909.1904795451 118675.4974193465
124291.9704324217 118675.4974193465
124094.4304391536 118479.5335023623
123304.2704660812 117891.6417514098

121526.4105266684 122594.7757590300
121526.4105266684 122398.8118420458
121723.9505199365 122202.8479250617
121526.4105266684 122006.8840080775
121921.4905132046 122006.8840080775
122119.0305064727 122006.8840080775
123304.2704660812 121614.9561741091
121328.8705334003 121418.9922571250
122316.5704997408 121223.0283401408
121723.9505199365 116127.9664985522
123304.2704660812 117891.6417514098
124094.4304391536 118479.5335023623
124291.9704324217 118675.4974193465
122909.1904795451 118675.4974193465
120538.7105603279 122006.8840080775

122316.5704997408 116519.8943325205
121526.4105266684 122398.8118420458
121328.8705334003 122202.8479250617
121723.9505199365 122202.8479250617
120538.7105603279 122006.8840080775
121526.4105266684 122006.8840080775
121921.4905132046 122006.8840080775
122119.0305064727 122006.8840080775
121526.4105266684 121614.9561741091
123304.2704660812 121614.9561741091
122316.5704997408 121223.0283401408
122909.1904795451 118675.4974193465
124291.9704324217 118675.4974193465
124094.4304391536 118479.5335023623
123304.2704660812 117891.6417514098

123304.2704660812 117891.6417514098
124094.4304391536 118479.5335023623
124291.9704324217 118675.4974193465
122909.1904795451 118675.4974193465
122316.5704997408 121223.0283401408
123304.2704660812 121614.9561741091
121526.4105266684 121614.9561741091
122119.0305064727 122006.8840080775
121921.4905132046 122006.8840080775
121526.4105266684 122006.8840080775
120538.7105603279 122006.8840080775
121723.9505199365 122202.8479250617
121328.8705334003 122202.8479250617
121526.4105266684 122398.8118420458
121526.4105266684 122594.7757590300

121526.4105266684 122594.7757590300
121526.4105266684 122398.8118420458
121328.8705334003 122202.8479250617
121723.9505199365 122202.8479250617
120538.7105603279 122006.8840080775
121526.4105266684 122006.8840080775
121921.4905132046 122006.8840080775
122119.0305064727 122006.8840080775
121526.4105266684 121614.9561741091
123304.2704660812 121614.9561741091
122316.5704997408 121223.0283401408
122711.6504862770 120243.2087552199
124291.9704324217 118675.4974193465
124094.4304391536 118479.5335023623
123304.2704660812 117891.6417514098

121526.4105266684 122594.7757590300
122711.6504862770 121418.9922571250
121723.9505199365 122202.8479250617
120538.7105603279 122006.8840080775
121526.4105266684 122006.8840080775
121921.4905132046 122006.8840080775
122119.0305064727 122006.8840080775
121526.4105266684 121614.9561741091
123304.2704660812 121614.9561741091
122316.5704997408 121223.0283401408
122909.1904795451 118675.4974193465
124291.9704324217 118675.4974193465
124094.4304391536 118479.5335023623
121328.8705334003 122202.8479250617
123304.2704660812 117891.6417514098

121526.4105266684 122594.7757590300
121526.4105266684 122398.8118420458
118760.8506209150 115344.1108306155
121526.4105266684 122006.8840080775
121921.4905132046 122006.8840080775
122119.0305064727 122006.8840080775
123304.2704660812 121614.9561741091
121328.8705334003 121418.9922571250
122316.5704997408 121223.0283401408
122909.1904795451 118675.4974193465
124291.9704324217 118675.4974193465
124094.4304391536 118479.5335023623
124291.9704324217 118283.5695853782
121723.9505199365 116127.9664985522
123304.2704660812 117891.6417514098

121526.4105266684 122594.7757590300
121526.4105266684 122398.8118420458
121723.9505199365 122202.8479250617
121526.4105266684 122006.8840080775
121921.4905132046 122006.8840080775
120736.2505535960 121614.9561741091
123304.2704660812 121614.9561741091
121328.8705334003 121418.9922571250
121131.3305401322 121223.0283401408
122316.5704997408 121223.0283401408
119946.0905805236 115736.0386645839
123304.2704660812 117891.6417514098
123304.2704660812 118479.5335023623
124094.4304391536 118479.5335023623
124291.9704324217 118675.4974193465

121526.4105266684 122594.7757590300
121526.4105266684 122398.8118420458
117970.6906478426 115540.0747475997
121526.4105266684 122006.8840080775
121921.4905132046 122006.8840080775
120736.2505535960 121614.9561741091
123304.2704660812 121614.9561741091
121328.8705334003 121418.9922571250
121131.3305401322 121223.0283401408
122316.5704997408 121223.0283401408
123304.2704660812 117891.6417514098
119946.0905805236 115736.0386645839
124291.9704324217 118283.5695853782
124094.4304391536 118479.5335023623
124291.9704324217 118675.4974193465

121526.4105266684 122594.7757590300
121526.4105266684 122398.8118420458
121723.9505199365 122202.8479250617
121526.4105266684 122006.8840080775
120736.2505535960 115932.0025815680
123304.2704660812 121614.9561741091
121328.8705334003 121418.9922571250
122316.5704997408 121223.0283401408
123106.7304728131 121027.0644231566
123304.2704660812 117891.6417514098
124291.9704324217 118283.5695853782
124094.4304391536 118479.5335023623
124291.9704324217 118675.4974193465
122909.1904795451 118675.4974193465
122514.1104930089 117499.7139174414

123304.2704660812 117891.6417514098
124291.9704324217 118283.5695853782
124094.4304391536 118479.5335023623
124291.9704324217 118675.4974193465
122909.1904795451 118675.4974193465
124884.5904122260 119459.3530872832
123106.7304728131 121027.0644231566
122316.5704997408 121223.0283401408
121328.8705334003 121418.9922571250
123304.2704660812 121614.9561741091
121921.4905132046 122006.8840080775
121526.4105266684 122006.8840080775
121723.9505199365 122202.8479250617
121526.4105266684 122398.8118420458
125279.6703987622 118479.5335023623

121723.9505199365 122202.8479250617
132193.5701631457 118871.4613363307
119748.5505872555 121810.9200910933
120736.2505535960 121810.9200910933
121328.8705334003 121810.9200910933
120736.2505535960 121614.9561741091
120933.7905468641 121614.9561741091
123304.2704660812 121614.9561741091
123106.7304728131 121027.0644231566
119353.4706007193 115540.0747475997
121723.9505199365 115932.0025815680
123106.7304728131 117891.6417514098
124291.9704324217 118283.5695853782
123304.2704660812 118871.4613363307
123304.2704660812 119263.3891702990

121723.9505199365 122202.8479250617
124687.0504189579 119655.3170042674
119748.5505872555 121810.9200910933
120736.2505535960 121810.9200910933
121328.8705334003 121810.9200910933
120736.2505535960 121614.9561741091
120933.7905468641 121614.9561741091
123304.2704660812 121614.9561741091
123106.7304728131 121027.0644231566
119353.4706007193 115540.0747475997
121723.9505199365 115932.0025815680
123106.7304728131 117891.6417514098
124291.9704324217 118283.5695853782
123304.2704660812 118871.4613363307
123304.2704660812 119263.3891702990

121723.9505199365 122202.8479250617
120538.7105603279 122006.8840080775
119748.5505872555 121810.9200910933
120736.2505535960 121810.9200910933
121328.8705334003 121810.9200910933
120736.2505535960 121614.9561741091
120933.7905468641 121614.9561741091
123304.2704660812 121614.9561741091
123106.7304728131 121027.0644231566
123304.2704660812 119263.3891702990
123106.7304728131 117499.7139174414
124291.9704324217 118283.5695853782
123106.7304728131 117891.6417514098
119353.4706007193 115540.0747475997
121723.9505199365 115932.0025815680

121723.9505199365 122202.8479250617
119748.5505872555 121810.9200910933
120736.2505535960 121614.9561741091
121131.3305401322 121614.9561741091
122119.0305064727 121614.9561741091
123304.2704660812 121614.9561741091
123106.7304728131 121027.0644231566
137132.0699948481 117695.6778344256
122514.1104930089 120243.2087552199
122909.1904795451 118675.4974193465
123304.2704660812 117891.6417514098
121723.9505199365 115932.0025815680
123106.7304728131 117891.6417514098
124291.9704324217 118283.5695853782
123896.8904458855 118871.4613363307

121723.9505199365 122202.8479250617
119748.5505872555 121810.9200910933
120736.2505535960 121614.9561741091
121131.3305401322 121614.9561741091
122119.0305064727 121614.9561741091
123304.2704660812 121614.9561741091
123106.7304728131 121027.0644231566
121921.4905132046 120243.2087552199
122514.1104930089 120243.2087552199
122909.1904795451 118675.4974193465
123304.2704660812 117891.6417514098
121723.9505199365 115932.0025815680
123106.7304728131 117891.6417514098
124291.9704324217 118283.5695853782
123896.8904458855 118871.4613363307

121723.9505199365 122202.8479250617
120538.7105603279 122006.8840080775
119748.5505872555 121810.9200910933
120736.2505535960 121614.9561741091
123304.2704660812 121614.9561741091
123106.7304728131 121027.0644231566
121921.4905132046 120243.2087552199
122514.1104930089 120243.2087552199
121723.9505199365 115932.0025815680
119353.4706007193 115932.0025815680
122514.1104930089 116911.8221664889
124291.9704324217 117107.7860834731
123304.2704660812 117891.6417514098
122909.1904795451 118675.4974193465
122119.0305064727 121614.9561741091

121723.9505199365 122202.8479250617
134564.0500823628 117303.7500004573
120736.2505535960 121614.9561741091
121131.3305401322 121614.9561741091
122119.0305064727 121614.9561741091
123304.2704660812 121614.9561741091
123106.7304728131 121027.0644231566
121921.4905132046 120243.2087552199
122514.1104930089 120243.2087552199
121723.9505199365 115932.0025815680
123304.2704660812 117891.6417514098
123106.7304728131 117891.6417514098
124291.9704324217 118283.5695853782
122909.1904795451 118675.4974193465
123304.2704660812 118871.4613363307

121921.4905132046 122594.7757590300
121723.9505199365 122202.8479250617
123304.2704660812 121614.9561741091
123106.7304728131 121027.0644231566
122514.1104930089 120243.2087552199
124884.5904122260 119459.3530872832
120341.1705670598 116323.9304155364
123304.2704660812 118871.4613363307
122909.1904795451 118675.4974193465
124291.9704324217 118283.5695853782
133773.8901092904 118283.5695853782
123304.2704660812 117891.6417514098
120143.6305737917 116911.8221664889
122514.1104930089 116911.8221664889
133971.4301025585 116911.8221664889

121723.9505199365 122202.8479250617
119748.5505872555 121810.9200910933
120736.2505535960 121614.9561741091
121131.3305401322 121614.9561741091
122119.0305064727 121614.9561741091
123304.2704660812 121614.9561741091
123106.7304728131 121027.0644231566
121921.4905132046 120243.2087552199
122514.1104930089 120243.2087552199
122909.1904795451 118675.4974193465
123304.2704660812 117891.6417514098
124291.9704324217 117107.7860834731
122514.1104930089 116911.8221664889
119353.4706007193 115932.0025815680
121723.9505199365 115932.0025815680

121723.9505199365 122202.8479250617
119748.5505872555 121810.9200910933
120736.2505535960 121614.9561741091
122119.0305064727 121614.9561741091
123304.2704660812 121614.9561741091
123106.7304728131 121027.0644231566
121921.4905132046 120243.2087552199
122514.1104930089 120243.2087552199
122909.1904795451 118675.4974193465
123106.7304728131 117891.6417514098
124291.9704324217 124946.3427628401
124291.9704324217 117107.7860834731
122514.1104930089 116911.8221664889
119353.4706007193 115932.0025815680
121723.9505199365 115932.0025815680

121723.9505199365 122202.8479250617
122119.0305064727 121614.9561741091
119748.5505872555 121810.9200910933
120736.2505535960 121614.9561741091
123304.2704660812 121614.9561741091
121723.9505199365 115932.0025815680
119353.4706007193 115932.0025815680
122514.1104930089 116911.8221664889
124291.9704324217 117107.7860834731
137527.1499813843 117499.7139174414
123106.7304728131 117891.6417514098
122909.1904795451 118675.4974193465
122514.1104930089 120243.2087552199
121921.4905132046 120243.2087552199
123106.7304728131 121027.0644231566

121723.9505199365 122202.8479250617
120736.2505535960 121614.9561741091
123304.2704660812 121614.9561741091
123106.7304728131 121027.0644231566
122514.1104930089 120243.2087552199
124094.4304391536 119459.3530872832
124884.5904122260 119459.3530872832
123304.2704660812 119067.4252533148
122909.1904795451 118675.4974193465
133773.8901092904 118283.5695853782
117378.0706680383 117891.6417514098
123304.2704660812 117891.6417514098
122514.1104930089 116911.8221664889
133971.4301025585 116911.8221664889
120143.6305737917 116911.8221664889

121723.9505199365 122202.8479250617
123304.2704660812 121614.9561741091
123106.7304728131 121027.0644231566
122514.1104930089 120243.2087552199
120143.6305737917 121027.0644231566
123699.3504526175 120243.2087552199
123304.2704660812 119067.4252533148
122909.1904795451 118675.4974193465
133773.8901092904 118283.5695853782
117378.0706680383 117891.6417514098
123304.2704660812 117891.6417514098
122514.1104930089 116911.8221664889
133971.4301025585 116911.8221664889
117575.6106613064 116127.9664985522
122909.1904795451 116323.9304155364

121723.9505199365 122202.8479250617
123304.2704660812 121614.9561741091
123106.7304728131 121027.0644231566
122514.1104930089 120243.2087552199
124094.4304391536 119459.3530872832
123699.3504526175 120243.2087552199
123304.2704660812 119067.4252533148
122909.1904795451 118675.4974193465
133773.8901092904 118283.5695853782
117378.0706680383 117891.6417514098
123304.2704660812 117891.6417514098
122514.1104930089 116911.8221664889
133971.4301025585 116911.8221664889
117575.6106613064 116127.9664985522
122909.1904795451 116323.9304155364

121723.9505199365 122202.8479250617
119748.5505872555 121810.9200910933
120736.2505535960 121614.9561741091
122119.0305064727 121614.9561741091
123304.2704660812 121614.9561741091
121723.9505199365 115932.0025815680
119353.4706007193 115932.0025815680
122514.1104930089 116911.8221664889
124291.9704324217 117107.7860834731
122711.6504862770 115932.0025815680
123106.7304728131 117891.6417514098
122909.1904795451 118675.4974193465
122514.1104930089 120243.2087552199
121921.4905132046 120243.2087552199
123106.7304728131 121027.0644231566

121723.9505199365 122202.8479250617
123304.2704660812 121614.9561741091
123106.7304728131 121027.0644231566
122514.1104930089 120243.2087552199
124094.4304391536 119459.3530872832
124884.5904122260 119459.3530872832
123304.2704660812 119067.4252533148
122909.1904795451 118675.4974193465
133773.8901092904 118283.5695853782
117378.0706680383 117891.6417514098
123304.2704660812 117891.6417514098
122514.1104930089 116911.8221664889
133971.4301025585 116911.8221664889
120736.2505535960 121614.9561741091
117575.6106613064 116127.9664985522

121723.9505199365 122202.8479250617
123304.2704660812 121614.9561741091
123106.7304728131 121027.0644231566
122514.1104930089 120243.2087552199
124884.5904122260 119459.3530872832
123304.2704660812 119067.4252533148
122909.1904795451 118675.4974193465
133773.8901092904 118283.5695853782
117378.0706680383 117891.6417514098
123304.2704660812 117891.6417514098
124094.4304391536 119459.3530872832
117575.6106613064 116127.9664985522
122909.1904795451 116323.9304155364
133971.4301025585 116911.8221664889
122514.1104930089 116911.8221664889

121723.9505199365 122202.8479250617
123304.2704660812 121614.9561741091
123106.7304728131 121027.0644231566
122514.1104930089 120243.2087552199
124884.5904122260 119459.3530872832
123304.2704660812 119067.4252533148
122909.1904795451 118675.4974193465
133773.8901092904 118283.5695853782
125279.6703987622 126514.0540987135
123304.2704660812 117891.6417514098
135354.2100554352 117891.6417514098
117575.6106613064 116127.9664985522
122909.1904795451 116323.9304155364
133971.4301025585 116911.8221664889
122514.1104930089 116911.8221664889

122711.6504862770 123182.6675099825
120736.2505535960 121614.9561741091
122514.1104930089 120243.2087552199
124884.5904122260 119459.3530872832
123304.2704660812 119067.4252533148
122909.1904795451 118675.4974193465
123304.2704660812 117891.6417514098
123699.3504526175 119459.3530872832
121723.9505199365 115932.0025815680
120933.7905468641 115932.0025815680
119353.4706007193 115932.0025815680
119353.4706007193 116323.9304155364
122514.1104930089 116519.8943325205
133971.4301025585 116911.8221664889
122514.1104930089 116911.8221664889

