30006850.6691681780 522735.8871459961
29926153.5503442027 516646.3676061630
29650071.3214413822 465177.4952416420
30942545.4393376559 581742.0502929688
30309652.5159216300 545560.0874023438
30172396.8976181522 535165.7796020508
29919994.8356126435 516103.0814733505
29674674.8159580268 473866.6892690659
30283676.1551868543 544037.8729248047
30319514.9062609859 546213.7740478516
30959450.0912786871 583352.8764648438
30406782.7853436992 553434.4169311523
30392289.1096197627 549726.9117431641
30597568.2771143019 562227.3945312500
30404398.4903614037 550603.7943115234
29939679.0291330256 517211.2892761230
30288188.1643622667 544138.4481201172
29648818.2759940699 464477.2598390579
30486227.4047389328 557542.1955566406
30224241.5464185774 538598.7377319336
29856634.7697336338 506456.1774206161
30762628.5181742050 574103.6464843750
30291289.7146247737 544142.4114990234
30334986.5758445263 546706.1806030273
30129277.1956854463 533623.9737548828
29658111.4768592045 472393.0805325508
30912779.4647138491 581431.9086914062
30261029.8891457282 543231.0614013672
30553122.8032750525 560777.1242675781
30809483.1848674305 574437.1092529297
31027594.4852370024 585921.3132324219
30265504.9792717397 543426.7365722656
30634282.7237772606 567603.5895996094
30266291.4902968667 543592.4314575195
30355994.2398788631 548205.8336791992
30818716.0910883956 575410.1625976562
36593702.4617815539 619685.6308593750
30126720.8930527456 533446.2236938477
30531151.0321940556 559246.5555419922
29772924.4934290461 497527.7176666260
30698388.2306719683 569279.0109863281
29787183.8470234610 498089.4461669922
31026813.8595253862 585122.9882812500
30111211.9819457494 532563.8837280273
29661077.5004567951 472900.4746727943
30078791.2631048076 529978.4449157715
30276426.3861347809 543653.3430786133
29935915.2064852975 516866.4950256348
30140336.9890449010 533920.8496093750
30346986.4093997218 547332.9144897461
30351482.2307034507 548105.2584838867
30212132.1656769328 537721.8551635742
30343884.8591372147 547328.9511108398
30065849.5709820203 528292.2046394348
30339372.8499618024 547228.3759155273
30203778.7680690326 537382.2862548828
30242964.6754060313 542170.9796752930
29940983.7341583446 518116.1573791504
31141991.1067733839 589031.3901367188
30090749.2035962008 531347.4322509766
29863146.0353369862 506459.6505651474
29842917.1278406531 504286.3057470322
30251650.6890028939 542540.1617431641
31453570.9496163465 600761.5166015625
31691193.8524347432 607903.1748046875
30324006.8084898591 546583.9538574219
30599132.4485880025 562706.6001586914
29786965.4707301036 497903.9998540878
30246066.2256685384 542174.9430541992
29778489.8483356722 497669.0314140320
30238452.6662306190 542070.4044799805
30256517.8799703158 543130.4862060547
31162641.2598095797 589195.9379882812
30388661.4850939512 549635.3632812500
30233498.7989880666 538854.4050292969
30431890.6064132340 554860.0018310547
30438056.7067352459 554984.4266357422
29649838.7860451750 464671.1589078903
30283457.7788935006 543871.7043457031
29713723.6504413374 484726.8774776459
29622520.1068665422 461793.5423970222
29907025.9755053483 512566.9132385254
30893129.1547488235 578959.6179199219
29630999.7019669004 463320.3269429207
29967605.2272394449 519975.9248504639
29947142.4488898963 518659.4435119629
29813442.9288082421 501440.8767852783
30219175.2650580853 537804.5684204102
30413985.8961672634 554011.5639038086
29717386.5498442985 485351.4210510254
29836405.8622373119 504283.0962743759
30024844.9635338411 523599.8887939453
37075807.6854916587 619751.1582031250
30713632.2012279816 570995.2023925781
30759620.2269784920 572605.9058837891
29886958.3700949177 508819.6547546387
29873240.7282019369 506463.9589538574
31688167.5610852055 607211.4506835938
30543260.4129356965 560123.4381103516
30819826.4312020876 576992.6843261719
30191669.3873273842 536505.4036865234
31380456.0437332839 597812.0444335938
31303024.5878825970 594740.8461914062
29866729.4625985883 506460.7714538574
29736487.9316358157 487144.3989410400
29946616.3286937512 518271.0984382629
29823143.2167205922 502458.8134527206
29979681.8477494158 521326.2552490234
30370639.1920754984 548683.7891845703
30842792.3830018751 578520.2988281250
29792416.2353697531 499730.8236923218
29877623.6682793349 508469.2533264160
30228976.2878352515 538631.7733764648
30748132.8449572660 572458.4287109375
29819835.5143930055 501562.4890136719
29763634.9208897017 495561.1327629089
29913124.7756806985 514426.8990974426
30106258.1147031970 532229.7722167969
29875355.9303804897 506878.8392486572
29844132.1152662933 504358.4719238281
29701775.1188432984 483046.7971858978
30190229.9194526412 535937.1739501953
30100083.9054117873 531881.2503662109
30293902.1492739245 544565.8914794922
30104818.6468284577 531914.2860107422
29784467.8953631744 497765.7330741882
30084590.4888646528 530804.1461181641
31306694.0187304989 596826.6850585938
30616329.9241554998 565565.5963134766
30863363.1801250093 578649.4763183594
29706856.2776052393 484414.7559623718
31100997.8897449672 588711.2197265625
30056785.6448985413 525309.2230224609
30814129.8534138352 574543.9821777344
30145773.7153295986 534062.0590820312
29973170.5821460672 521322.4573974609
30607645.7361363024 563357.3901367188
29807877.5739016123 501434.0009460449
31173843.4358073249 589207.3691406250
29988679.4932530671 522204.7973632812
29744530.7741494738 494691.3745956421
29982505.2839616500 521856.2755126953
30138264.2949868701 533920.2163085938
30543788.1014594696 560176.1730957031
29909768.8427003175 512961.4369850159
29751529.3312280774 495101.0321693420
30110992.8561198674 532262.8078613281
29727677.4465238340 487013.6494941711
30762176.5296112001 574094.2138671875
30304649.9221283644 545353.4815673828
29826763.3443484865 502605.5881996155
36026063.6685848832 619649.4667968750
29961212.6416546740 519953.4700622559
29807659.1976082586 501277.7667350769
37003390.6920847595 619706.7250976562
30540158.8626731932 560119.4747314453
30359095.7901413701 548209.7970581055
30823629.2293480113 578436.3969726562
30434955.1564727351 554980.4632568359
29720901.2276122235 485510.3214035034
30445832.0650085211 555287.2160644531
30396275.0445318706 549739.9018554688
30458376.8288352787 555733.4173583984
30621987.7770507112 567057.8754882812
30500056.1893930919 557630.3395996094
30186714.9784783386 535748.5793457031
30704297.4994123988 570451.3674316406
30018394.0711023025 523054.8240966797
30618886.2267882042 567053.9121093750
30275893.2176357172 543640.0822753906
30381064.1135277189 548859.0559082031
30272791.6673732102 543636.1188964844
29884134.9338826798 508472.7118225098
29759345.4634037614 495143.1717262268
30393173.4942693599 549735.9384765625
30017274.0130143911 522941.8240966797
30235784.9483527057 539072.7303466797
30766935.2736128755 574108.0195312500
30987735.4282361791 584328.4831542969
30174953.2002508566 535343.5316162109
29726466.5825188495 485535.8577079773
29900570.9314244576 510119.4790649414
29744749.1504428275 494862.4429855347
30455275.2785727680 555729.4539794922
30841414.2763210647 578443.9853515625
30223675.5676110610 538195.8477783203
29958131.7715436257 519005.9982604980
30550021.2530125454 560773.1608886719
36483670.4781623185 619683.0961914062
31112225.1321495734 588721.2485351562
29803401.3156792372 500137.3035507202
30124410.0047180206 533033.6414794922
30295827.7367888689 544863.3526611328
29712640.0088052228 484578.8991241455
31405642.0558018498 600470.0444335938
30253735.6217664033 542746.1781005859
29766531.9078442790 497489.4911651611
30126334.4644381702 533427.8905029297
37084078.5620362014 619763.5224609375
35829932.9960139915 619375.5927734375
29671377.1989502497 473383.5139510632
30197620.0533374809 536839.0001220703
31508627.4249185845 600847.4506835938
30331620.3679277785 546688.4924316406
30328518.8176652715 546684.5290527344
31589329.1294457838 605090.3789062500
29696209.7639366724 483041.9747810364
30053797.2261754349 524225.3885955811
30470431.6040359065 555908.3275146484
30632595.0931354351 567252.2104492188
30565417.7500016019 561322.8383789062
31823984.3965035863 612137.0522460938
29686928.0350785740 475060.7596340179
31526058.2677412294 604780.2373046875
31932305.6331806406 612155.7851562500
29622738.4831598923 461971.0720181465
29695991.3876433186 482850.1920032501
31129654.4475002550 588731.1630859375
30525875.6651651300 557958.7680664062
29997965.4377824664 522317.3481445312
29953653.7144932374 518662.9020080566
30472092.5255467482 556738.8212890625
30065762.4884413108 527450.7269134521
29750314.5053494535 494887.9797782898
30314638.4422572106 545960.4818115234
30149597.3177854754 534616.2102050781
30141038.9739129283 534029.0234375000
30386035.6890645474 549186.1184082031
30382934.1388020441 549182.1550292969
29741056.4887228310 488232.0404720306
29675384.6331444383 474946.3924846649
29651154.9630775154 472383.9051612616
32515516.6255172342 612546.1108398438
31148216.8261346854 589119.9228515625
29850389.0581375435 505023.4471130371
30074287.1692114063 529430.9239196777
30283450.1996156424 543776.7031250000
31772301.7340883389 611476.7294921875
29970089.7120350190 520309.6692504883
31266365.1398230456 593530.5935058594
29740838.1124294773 488098.7449855804
32132432.2272712290 612226.7500000000
31186315.6193093210 590918.2888183594
32099222.6999860331 612166.2001953125
29991454.1721791215 522313.6044921875
29619440.8661521152 461644.8319114447
29788432.7428395152 498154.0616092682
30602210.3079063557 562871.7811279297
31074274.2389609963 587029.2966308594
30041564.5685980953 523923.2045898438
31791742.0981866121 612060.2568359375
29687217.1536436304 475215.8572702408
31099928.1101786122 587029.7829589844
29637274.8740599416 464406.3372797966
29642840.2289665677 464446.8828096390
30171918.8763942905 534739.3028564453
29680949.9880510643 474974.4893198013
31510151.4990052879 604754.6181640625
29689211.2068580724 482677.7153358459
29651101.4477735795 472032.9891556501
29675166.2568510845 474764.3648443222
31345410.9660676233 597733.1286621094
31544023.1350200176 604879.1542968750
30178191.8375468105 535435.4979248047
31386092.4316771701 598308.0468750000
31376826.1366997249 597738.7145996094
33876023.5357295424 615895.4042968750
35458356.4522811323 618956.4199218750
35744788.6550567746 619004.6938476562
35395215.5184846520 618847.2631835938
35161817.1977205426 617327.7392578125
