30255996.3146043718 1659459.0605468750
29664113.5019064173 1580941.1835937500
30835695.4306291007 1693269.3515625000
30502516.0589122176 1674761.6230468750
37502814.8916059211 1717182.4746093750
30045135.1050267592 1640462.0039062500
30059479.8105218671 1643943.4570312500
29927732.9762657471 1633006.2109375000
30282117.1815310903 1660500.8398437500
30325687.7922254428 1663196.0644531250
29943403.8070664741 1634119.4902343750
30304817.1905197464 1662220.8398437500
30120986.8016091622 1650622.3769531250
30069155.6775409840 1643951.4257812500
30016474.5684229881 1639830.1855468750
30175190.8971278146 1652677.7031250000
29839847.0370841697 1616171.8417968750
29915157.9269907996 1628764.2402343750
30882156.4977090210 1696596.8847656250
29903463.2237061411 1626667.1523437500
30021321.4613852240 1640098.7226562500
30111310.9345900491 1650614.4082031250
29753097.9536029622 1603140.8603515625
30361438.3622823581 1665939.3671875000
29917172.9025741853 1630410.5000000000
30095393.7006846629 1646970.7441406250
30205657.1252848879 1653130.4335937500
29678268.6126687452 1582467.0996093750
29697206.5827459320 1595221.5869140625
30383652.9238160104 1668592.5742187500
30353872.6578179970 1665508.9296875000
31233138.3637240976 1708882.7910156250
30826339.9691776037 1692807.0468750000
29746414.6016121469 1601243.4091796875
30352740.9112337008 1665235.2812500000
30357840.5293668546 1665533.5468750000
29859928.4732762501 1620200.8847656250
30249000.2102395333 1659452.0273437500
30283287.6930406094 1661230.3808593750
29944026.5121589862 1636719.8750000000
30815131.8814626858 1692263.6406250000
31941999.7540812455 1714981.3281250000
30440214.8140789568 1671947.8828125000
29965127.9600046724 1638145.5957031250
32551074.0907579586 1715362.8867187500
30885381.5210236534 1696767.7812500000
32199672.6311654635 1715193.2890625000
30742910.2315722257 1690312.6855468750
30497608.8432509974 1673423.3339843750
29593857.8485702574 1549993.8378906250
32806158.6363668777 1715532.8007812500
29592557.3905013241 1547666.6201171875
30203237.2698060051 1652766.6484375000
30803672.5711077824 1691769.7128906250
31710067.6143074818 1714643.3574218750
29553345.5415044017 1515691.3203125000
30200557.5071517304 1652765.7128906250
31037450.9236931689 1703028.9355468750
30717034.0875410400 1687285.9550781250
31388948.3310446329 1712999.7734375000
30289917.2021144629 1661248.2753906250
31204596.5198191665 1708672.0625000000
31299694.7225628681 1708983.0996093750
31477038.6499939524 1714443.4824218750
29779910.8777545579 1609288.8837890625
31772558.4322858453 1714771.7246093750
30584825.4164556786 1680755.5039062500
30386007.5792811438 1668604.2949218750
32204971.9980269931 1715196.6054687500
30224596.2946470566 1656904.8984375000
30667990.0481683314 1684083.6328125000
30799330.7752186134 1691763.4902343750
31663515.9987882338 1714613.0039062500
31590982.5096409731 1714470.1640625000
32046809.4249245599 1715017.2500000000
29864384.0824989565 1621702.2089843750
30279587.1156327017 1660466.9902343750
31758392.5360083506 1714689.0078125000
30234272.1616661698 1656912.8671875000
30221763.6689846814 1656876.1035156250
29583956.7322245128 1543611.6308593750
30899114.7341590375 1698379.8789062500
29904930.7047932670 1627485.4394531250
30546547.8998332694 1677734.8105468750
31679006.3924446367 1714640.3808593750
31810915.3427918889 1714781.8964843750
31819630.1097233668 1714782.3398437500
32029602.4777324460 1714982.2148437500
29843282.6346532702 1620008.5468750000
30555735.4407359436 1680215.4882812500
31222759.6334807053 1708849.9785156250
29823647.2826089449 1615965.5683593750
37455568.5644869730 1717166.0507812500
31476882.1751677133 1714441.7050781250
29764989.3542534523 1605391.2548828125
30111048.6461007968 1649546.4570312500
30095574.8491537608 1646972.2910156250
29594234.9722627550 1551129.5722656250
31222916.1083069555 1708851.7558593750
30587505.1791099608 1680756.4394531250
30098254.6118080467 1646973.2265625000
30387249.5362849459 1668614.4628906250
30407659.4986149147 1669389.7402343750
31222136.2032366581 1708756.0859375000
30603848.8821953125 1681504.4941406250
30596463.5797563158 1681503.3125000000
31011730.3965581432 1700280.8554687500
30351452.8023391180 1665211.5996093750
30415969.7935879827 1671167.6894531250
31010950.4914878495 1700185.1855468750
30514322.9425120912 1676943.2167968750
31024086.4408251308 1702910.8593750000
29896668.2740089670 1625915.3652343750
30433441.7574814372 1671486.5410156250
29906895.4962064847 1628674.0781250000
30215581.3540166840 1653973.1503906250
29886959.0407400616 1625450.5839843750
29554905.3932700343 1521058.3710937500
29869623.0688836202 1623191.9257812500
29550059.1083485745 1513887.4541015625
31021551.0111971907 1702593.8808593750
29860218.4864258096 1620404.8691406250
32535330.3271646798 1715345.2148437500
30268115.4601153731 1659486.4199218750
29799988.9888778776 1611589.0751953125
30261119.3557505347 1659479.3867187500
30103518.7004177719 1647070.1699218750
32537227.1554190032 1715346.9628906250
30874750.9423887171 1696593.1386718750
30477509.6375322752 1672787.3750000000
29651825.7383736521 1579362.5537109375
31288628.6522149481 1708946.8125000000
29593258.7651223876 1549249.2802734375
30733764.4063593820 1689194.6777343750
31383267.0024697483 1710141.5449218750
29656932.2286194004 1579469.6220703125
30621974.4968511388 1682901.5937500000
31465972.5796460360 1714407.1953125000
31401464.1496171504 1714214.0410156250
31070086.4086060300 1703683.4746093750
30538791.0107703730 1677269.1015625000
29579797.6936616413 1540584.3154296875
29607760.0415945537 1557424.6816406250
31019577.8723358773 1702411.2109375000
29611413.0719839931 1565527.2802734375
29713861.9480877481 1595458.3925781250
30733276.2633787617 1688157.9863281250
30867554.7472728491 1696588.0742187500
31086177.7235154398 1704184.0664062500
29681244.9876583256 1586074.4160156250
32423647.1255103424 1715215.4765625000
35618745.1570666954 1716774.6367187500
29606063.3900298998 1556148.8945312500
31349985.2853135169 1710123.6660156250
29562804.4925079718 1532297.9521484375
30698764.4897539876 1687033.4980468750
37452310.9392366037 1717161.3652343750
31309565.2862520106 1709077.8691406250
31199566.9244952016 1704923.8789062500
29796846.7295270972 1609685.2060546875
29683470.9067585655 1589346.6640625000
30528972.1539214700 1677004.4257812500
31908583.7313448861 1714784.3457031250
31763100.8601422422 1714693.3203125000
29572295.8309910037 1534547.2753906250
29621287.0028826445 1566150.6630859375
30689479.9148461260 1686552.6562500000
29574592.2235780172 1537919.8769531250
29649430.9155239463 1577211.2646484375
32114197.2083890997 1715043.7382812500
37337857.9027395174 1717159.3437500000
29551722.1177144945 1515268.4218750000
29775397.8254827932 1605717.5761718750
36648010.2032243162 1717010.6894531250
32057331.6867346764 1715020.0234375000
29721096.4050846472 1599349.8867187500
32437629.4746372700 1715232.4023437500
32062474.5787699595 1715021.5625000000
30689636.3896723725 1686554.4335937500
29816224.8955319300 1614110.4414062500
29634334.6951333433 1569095.2519531250
29562049.4758045077 1526025.5039062500
29640773.0905707106 1574536.8876953125
29808459.9102318846 1613352.4531250000
29799610.3178700805 1610500.5761718750
29734262.4923971631 1600084.6132812500
29569951.1193437837 1534202.5195312500
37221549.4920690134 1717133.8632812500
31343478.7027139887 1709327.5371093750
37478263.3070815280 1717178.6113281250
31371163.3874477856 1710129.6933593750
29742043.1282610074 1600204.8222656250
29693909.3469692990 1590864.2509765625
29625274.7184350714 1567330.7939453125
36280717.9414462820 1716933.6875000000
29798141.9901781939 1610153.6855468750
29585988.1790262572 1545179.7744140625
29639712.7433066480 1571178.4697265625
29901091.6914505586 1625991.3945312500
35118513.0149111003 1716592.0781250000
29583883.9307340384 1542347.1298828125
29582432.7803435475 1540753.0253906250
29661220.6032296456 1580459.6630859375
37108400.6194871068 1717082.1718750000
29672232.4745448418 1582253.6630859375
29578031.2644392848 1540087.5898437500
29630750.2664156295 1568254.3730468750
34760518.2995053828 1716468.5683593750
29635620.6650238447 1569964.7958984375
34247215.3631782606 1716281.3808593750
29588203.7744032703 1546600.0273437500
33504506.1627909318 1715920.8457031250
29593238.0273776278 1548884.3232421875
29714765.3648472950 1599014.3691406250
29611393.3954453431 1560328.1337890625
32667605.6991600841 1715429.1523437500
29778644.0982554369 1606966.8798828125
37330566.9624371529 1717145.9726562500
29664234.4086011238 1582221.3642578125
29753932.8336543106 1604450.1943359375
35540847.7708014995 1716683.5214843750
37420052.7278228253 1717160.2285156250
32614500.5471008644 1715423.0019531250
36768731.2066154778 1717062.2714843750
29642559.9297058880 1574885.6162109375
36683512.7767037526 1717010.9609375000
36202771.0757438391 1716903.4218750000
36793111.5853539631 1717069.4804687500
37031530.7566033527 1717069.5957031250
37209368.2500284836 1717095.7148437500
34202342.2417990267 1716206.5097656250
34201127.2300879061 1716193.9628906250
34560045.0745683089 1716390.3750000000
34144771.8879950941 1716193.6894531250
37105361.0895610228 1717074.8945312500
36120177.9544727653 1716857.4062500000
35910599.5799871758 1716822.1953125000
35790864.7786121741 1716801.0097656250
35409868.9666402712 1716638.7714843750
33928378.1119207665 1716129.3457031250
34622714.6756666303 1716432.7539062500
33909208.4259320945 1716116.4589843750
36415330.2555723116 1716934.8417968750
36030243.5437124893 1716847.0312500000
32299184.0562071912 1715204.6113281250
36586676.7101873010 1716999.9980468750
34606847.5674246028 1716427.9062500000
33910209.1310070828 1716124.4980468750
34207702.8935394883 1716267.5664062500
34419791.4629509524 1716329.3847656250
32678916.7019963600 1715445.2714843750
34769394.5750064999 1716500.1230468750
34725815.5030371621 1716460.5683593750
33684242.3039647788 1715994.3320312500
35327781.2034224644 1716633.0449218750
33862495.3711480275 1716069.9375000000
33010737.6076162346 1715617.8359375000
35942977.1773664579 1716839.2382812500
35430438.0589777529 1716646.7128906250
34406493.0048328936 1716318.8164062500
33011553.2992284596 1715621.3203125000
33557810.3939922675 1715959.1093750000
33789783.5853194743 1716040.8164062500
34016878.9011968747 1716170.3808593750
33557003.3335301355 1715950.5429687500
33601369.4866075739 1715979.6171875000
36232898.5157007799 1716919.4785156250
33659609.6884137690 1715992.0117187500
35233861.8018464968 1716630.6816406250
35577626.8748876229 1716699.4433593750
34352288.8164733350 1716316.4042968750
36207323.0024403781 1716916.3105468750
33949376.2547192574 1716157.4003906250
35038822.1145194173 1716546.4726562500
34329361.3701984584 1716307.5976562500
35581208.1365743503 1716717.9394531250
35163402.3689240292 1716630.0625000000
33581910.7108924687 1715966.0214843750
32798003.1293607727 1715522.2832031250
33226079.9510034174 1715784.2011718750
33134096.7952257730 1715712.0410156250
32915597.3689442575 1715608.8671875000
33231128.3776117638 1715793.7910156250
33750342.6227943227 1716001.7949218750
34998650.0771463588 1716501.8085937500
33088258.2700313143 1715642.4921875000
32500965.7467803434 1715335.4941406250
32783327.5477654003 1715518.1269531250
32481920.6005463302 1715328.3691406250
32782875.8215630762 1715516.0195312500
32576585.1089240499 1715416.9609375000
33407605.6671007276 1715822.4628906250
32476872.1739379838 1715318.7792968750
32475234.9994770065 1715306.2578125000
35509055.7826110423 1716654.7792968750
33094969.7730773352 1715659.6152343750
33452107.7576664910 1715875.3222656250
33446775.0469090343 1715862.0957031250
33099508.8378846757 1715681.4082031250
33106643.3354047351 1715703.0917968750
