52378849.2199499980 37165.0359802246
47376648.2626511455 30150.3979759961
52319660.8781508878 37149.2013854980
47529712.2455556318 34437.5151939392
47382865.7274893150 30985.3616402149
50482021.6222181618 36953.1236267090
47644095.9528761655 35361.4052810669
51917057.6929882020 37136.3016052246
51214328.6875093132 37081.2864685059
50439825.0225274861 36929.6598815918
50583719.4348051324 37010.5436706543
52438063.0567530319 37187.5832824707
47633903.6772833690 35231.2793045044
47473467.9163871408 33612.1709053516
47522902.6424698159 34432.3429527283
47391616.1244160831 31018.7968208790
47901886.0738716871 35412.5822830200
47502938.8810898885 33697.0382149220
47492217.7352475300 33654.2888863087
47424792.1679254696 32653.3035881519
47408392.3566295654 31830.3097870350
47481639.7577964813 33630.5339424610
47443696.2017746270 32819.0112287998
50491858.3476792350 36998.1737365723
47533302.9634732902 34454.0429649353
47517909.3392869085 34419.8076744080
47498571.1966022775 33668.9635689259
51506833.7964575291 37108.7425842285
47533480.6199208722 34465.3446006775
47410166.0374600440 31836.3877289295
47617788.4941707030 34491.8643760681
47484045.8938381970 33633.0358345509
51194176.8104964122 37070.7153625488
47432874.6977087334 32670.4378044605
50482550.9391253591 36988.6041564941
47411966.3562684059 31841.8124725819
47690509.5009250939 35373.3256301880
50390160.5350922644 36919.0128479004
50774088.9352877960 37032.6468200684
47627512.4593802989 34508.8403282166
47516090.6815837175 34412.7034873962
47608481.0856168196 34482.2947959900
47435142.4472386688 32674.5914909840
47463176.6673648506 32866.2874128819
47447288.9744790345 32831.9359724522
47374541.7465382144 30126.7871361524
47421154.4183483720 32639.3525993824
47364772.0158884749 29258.8040627539
47373334.7495204657 29432.3629014492
47365454.9298934415 29282.3593606055
47468474.6132042259 33599.6356270313
47426565.8487559557 32659.3815300465
47392056.6450856999 31026.1772530079
47441877.5440714508 32811.9070417881
47396395.0756344423 31826.7637054920
47384404.3752001375 31004.9079048634
47458808.9828772321 32850.3366682529
47435524.3603652790 32800.6481916904
47413665.6674976721 32638.5613396168
50473600.0843659416 36940.5662536621
47404477.6054176986 31830.1792328358
47424711.3449497521 32644.3257439137
47363118.9145060033 29256.4686135352
47369762.7953198478 29294.9459084570
47371228.2334075496 29408.6694200039
47422883.7644254640 32640.7559807301
49534117.6950089559 36241.6998596191
47395727.2084909379 31809.6204559803
50121981.0121234208 36805.6823425293
47362665.4997755587 29232.9155739844
47430597.1063034534 32666.1669304371
50141896.3247827366 36840.2037048340
49830443.0159609839 36778.6258850098
49243587.3725071922 35535.3298339844
49562006.0093779936 36629.3785095215
