29535428.0687208883 5311.4415887594
29576086.3586236276 5321.2654488366
29731001.9012109637 5419.6551765637
29484038.1027779169 5200.7348884777
29460053.5281717442 4975.1108354330
29463452.8128288351 4994.0859322920
29457791.4134941064 4974.8709260444
29461051.2288848124 4983.9697430134
29645270.5408976600 5419.6487010159
29575765.1793041900 5321.2532533407
29462136.0035995692 4984.9461140032
29481907.5797534622 5101.3578834496
29457074.0374522693 4884.6257882491
29460298.6725175492 4983.8007115345
29475682.9623146653 5095.7933369875
29492048.1064624079 5204.2763893129
29470896.3415460922 5091.7862377390
29498506.6841358021 5211.7931092978
29483813.5743787140 5193.6859771013
29454712.0035916343 4874.3405674915
29464049.3039915673 5083.0616120659
29474409.9446729310 5095.4452237319
29489724.4705572873 5201.9814447165
29748107.1935708486 5429.7506487984
29609867.7282015420 5414.8313182704
29455399.1184203401 4875.4819379114
29459584.1809893548 4975.0641277630
29534011.8133789040 5301.9510938646
29457416.4681967609 4885.1320413239
29479646.9525842629 5097.3172373362
29566985.4180387966 5317.4850868098
29602578.3921326883 5326.0394710302
29474215.3691626042 5092.5213006735
29456582.6582519226 4876.3607754949
29468738.3398903124 5084.2258330584
29457431.2795296200 4885.4083927535
29481463.7367825583 5097.6655235514
29460122.0785046108 4981.8616998000
29520537.7008006871 5220.5653613061
29606332.5722981952 5413.2393127792
29478378.9439643547 5096.7862693071
29737582.3427408300 5419.9313530922
29547241.3309251927 5311.4537842553
29480120.8935778812 5097.5970232934
35224002.5886453837 6372.6477890015
29469715.6661415398 5084.8794331551
29744423.8649235070 5421.0361540318
29740897.1384918950 5420.9139282983
35400220.0093267858 6394.9227752686
34809786.6436586455 6296.6545515060
34517457.7577088997 6193.9671449661
34461029.3948800117 6188.6613416672
29952825.6792916246 5462.4745911695
29827595.8412284479 5442.2062547516
29854435.8407286704 5456.3063166351
30119667.5218064114 5559.2783711571
30192013.9359494112 5569.4762586616
30391959.9360672086 5596.2232018970
30303417.4453799725 5577.8266890645
30365405.2617390789 5583.3457089923
30461973.3339392096 5678.1373393536
30641766.6041969135 5702.6416777968
30797537.5483969040 5728.6045010537
30875987.6855375990 5740.0833129883
31099677.5343534462 5756.6268033981
31039262.1618250236 5750.9111652374
31081660.5294410512 5752.3999090195
31160877.5848956518 5775.8038377762
32791908.2552726306 6105.5660152435
31652021.9833743200 6017.6140670776
31230527.2313518822 6008.9375534058
31852637.0276371092 6033.5477726460
33168348.6878328100 6164.7889747620
32641853.3934351280 6088.2650413513
