94671475.4026342630 349141.8965902328
93125933.9180685133 308133.5702181235
89649239.7349991351 201663.4724244643
89484793.1165700406 194894.9968688060
90040976.3650527298 211317.3491105605
89960203.3721215278 210906.3201188613
89171685.9047665298 179242.8834389001
89600597.8715028018 195657.3270500451
96056284.0777965933 379883.3691406250
89811920.3867597878 208322.8056474496
91446880.6927258968 259284.7621888220
90544766.3030043989 232542.9991326332
91375630.0047646910 258961.4125184119
89415170.3052993268 194598.8413514663
91721308.7292048335 270399.3596813688
90148626.2856400311 217234.1893128920
94864979.4261357933 351931.3056221008
88835790.8913021535 163846.9681938440
89192840.7674010545 186148.3708619643
92522562.7150205672 292682.3978047371
93319789.4573789090 311931.3365813941
90722552.3196218759 238536.3277448416
95232860.1255785823 361060.4170227051
96121294.6081161350 383304.8735351562
94662645.9149628282 346549.6717834473
96853178.4117732793 393338.1220703125
89108229.8252868205 179097.9035270959
95508458.1320349872 368333.5489807129
95366048.5277477950 363969.9560852051
90358643.5908295214 224997.6757851839
90206407.6194860637 219021.3899584562
91889682.1880187690 272723.2147622108
92584353.7195034772 293169.7942891121
89252334.7589071989 186855.4638487864
91678338.1127215624 266721.7158342898
93360328.6462830305 313975.6021690369
93373141.3428465575 314958.1314020157
95588906.0394603163 368874.1023864746
93918313.2793341428 328862.1876251068
91322147.1988961697 257069.8575579226
90176082.7231280804 218610.3609667569
89063181.4680943787 171818.8087394983
90548594.2437407523 232811.3973656893
89635131.9802588969 196051.5452086497
90912574.1528987885 243422.3836809695
90424741.5996306837 226206.3825517464
89931942.6889476478 209476.6385316420
91161465.7792807966 251952.5536927283
91749382.1017503291 270886.7561657438
95060860.8165979683 355609.3330221176
88597736.8588947058 148080.7974491963
95807438.8788085878 375680.5332031250
93227677.1660033613 311321.8353702277
88735524.3048806190 156393.7585125813
95557251.6331417561 368610.9893798828
89556465.2531942576 195077.2973451186
90015124.2805363685 210998.4334344887
90380005.7248071730 226003.0466704369
93990781.0818343461 330431.5214278810
90262638.4298069477 219238.9732599282
93151631.4697214365 308413.9116144180
89380387.8892620206 187319.7465638686
92515926.0396597683 292658.7020039558
96711104.5075190961 391690.0147705078
88985492.8033987582 170828.4392263317
90302895.6483420581 223893.5225358773
93789122.0797815472 325208.1851129532
90420087.1534080952 226152.8726183921
93305341.9094114602 311475.4694404602
90062122.4804990888 214717.3097673226
93842748.8341547549 326711.7743966281
90696428.1018141955 234886.1136132479
94438967.0995812565 341916.3790821433
95095736.8913752437 358660.5255432129
90287105.5512209833 223840.0126025230
94108075.9386309832 332075.3806073368
89714358.0476484001 201810.0780455638
91145217.2194658071 251544.2772356570
91420651.1633983403 258964.1650530398
90064852.4586798400 215805.8323198128
90510622.5717709959 231879.2644753456
94119794.8757425398 333614.0306603462
88803335.1282922477 162635.6965580830
90754805.6496379077 239078.4846635628
89724885.5821831226 201916.9154479075
88880984.5107291639 169535.3737191869
89948887.4591794014 210113.9429139663
88880984.5107291490 169535.3737191869
95064428.2515227348 356254.8974151611
95705152.7887883633 373075.8387451172
88609316.4312066436 154878.1457768330
93353222.6921354979 312716.2406341285
92474058.4474965930 289262.4149575233
95077442.7591963261 357744.4891662598
89863014.0466228873 209015.7253557015
93059220.9240085930 307256.2983026505
88716757.3082336932 156127.5173917660
91268032.2895849049 255759.2841286659
93304452.7776894867 311401.2282006815
89796487.2432108223 203474.7023515273
92483604.4426188767 289286.3136391640
90998273.1094359905 244197.7554461062
93625942.1799846888 322305.1156244278
91420809.0475368798 259022.0139516899
90620340.9739661813 233363.2843896151
92093944.7704781294 280001.0946164131
93079569.9711773545 307839.0500283241
89608195.9386268258 195717.1515702773
88740328.4442559928 161261.7178312191
89706590.1975341886 201719.0877503920
90077178.2721067965 216135.9717546273
91229646.4036621153 255313.8057045937
88974684.6345368326 170393.2473393330
91326283.9633558989 257545.7761635780
92336154.8343549818 287845.4721322060
93776146.1290384531 324317.5914486424
90821913.0358023345 242101.9746193886
91069977.6093230247 249851.7911629677
95215479.7831520289 360203.2742004395
89563632.3712941557 195409.9660580177
90851152.0612761229 242356.6076149940
95789293.8737982810 374970.1462402344
91190277.2884738147 254826.4092202187
94918278.6706611514 352591.2334136963
90952222.0135561377 244170.5083669731
91043918.1839784682 249455.3387465477
92130975.6806540340 281017.6705727577
91555309.3028258830 264615.8661293983
91112223.1257164180 250199.2543740273
89753393.6486461014 202356.3921327163
95217811.5869241655 360988.1782531738
95130292.0642400533 359667.8130798340
91360965.5793571174 257956.8051552773
97572778.3067308664 398612.4433593750
92395909.3381486535 288091.5078530312
92414203.4703276008 288801.8948159218
90660186.4535501748 234179.3254737426
94565173.0238117725 344222.5328674316
94583467.1559906900 345007.4369201660
91792016.6437970847 271112.7435116768
93055603.4095519036 306991.2417383194
91575129.8048410416 264965.6639809608
94343605.1807007045 338553.2958068848
93490793.9499456882 318265.6464211494
92795379.1130872965 300160.9127297401
94376624.5799660236 338576.9916076660
91680730.5279418975 269262.6700844765
91658120.7632801980 266221.5606141090
93219215.2455057651 309811.0323106272
93009836.3061217964 304508.9574794769
94165266.6030269563 335972.2966678143
93026777.7936673611 305055.7974243164
92904604.1122333556 301336.2447171211
93794803.2801840454 326565.6446170807
91723661.5094143152 270493.8163247108
94800570.8979168087 351406.0073242188
94583439.3017537594 344804.3068237305
92213383.2575241476 284492.0956382751
97315755.3515910953 398609.7182617188
91785452.5138972253 270981.2128090858
91736013.8958007842 270507.9533505440
92920225.9907300770 301603.4637851715
92779685.6820180118 300137.2169289589
94626921.6457590610 345749.2946777344
92940400.7537641674 302740.8478070796
94442774.6117156148 343480.0489108562
93149361.1931401193 308383.5401401520
92836982.0005608499 300648.3092141151
92303590.7375431508 286185.6102161407
92956379.6032041907 304021.5609951019
92930111.7336258143 302717.1520062983
91065316.2867600471 249788.2253823280
91653853.8520404249 265760.3841004372
91299959.7254276425 257038.8321042061
97227253.2476097047 398146.2204589844
92195143.0465884805 284475.0399899483
91026456.9653987736 247260.8073678017
91560927.4020234793 264796.3828854561
91281665.5932487249 256805.5637936592
90584661.2316737473 232926.8361717568
92248789.5101697296 285674.5179309845
91968472.2534636408 277972.3312497139
91930461.0071140230 276741.1850094795
94257053.0002846569 337557.5893898010
95033392.2186000645 354509.7642822266
90472927.2322132140 230434.5321900931
97123221.8378583938 398122.5246582031
94837326.2404716760 351877.9956359863
92238968.6684440076 285584.3720364571
96373530.3960619867 385363.9838867188
94275347.1324635595 338329.8074073792
91893333.1752277911 273896.1805825233
91921285.8416564763 274196.5377259254
92223997.6915178895 285560.6762356758
92730890.8750372976 296688.3845934868
97115253.6507857889 394535.7026367188
92166096.5857057571 281675.0526509285
96595082.5418550521 389264.1064453125
92107497.4007117152 280368.6704506874
94950772.2006689012 353975.0988159180
94220925.3315597028 337529.4301364422
92645112.7259833068 294656.5311523676
94585931.5668193698 345684.0011291504
97586363.8547047079 398633.6169433594
91951859.5251950920 277826.8212552071
91336147.6782213151 257779.0444741249
92898609.2155094594 301192.9467751533
92738373.9725435376 296732.3716130257
91810280.7263876200 271401.9971718788
91448664.3923682421 262740.6244301796
92777349.3870399445 299302.1215059757
93165036.7347793877 309492.9449710846
95565148.9139889926 368846.5643310547
93169956.4699022025 309723.7014151216
93441952.4437508881 317250.4957523346
92026197.1427421421 278869.2395138741
91997290.1407393366 278844.5936684608
93093861.9886798710 307949.3273293525
91485153.2819996029 263223.6620278358
93129636.8292742074 308360.9852809906
94918364.0204959810 353094.6654052734
95910030.7429887354 376470.9046630859
94638488.7764875442 346115.3746643066
92588823.0068724751 293666.1524379402
92674246.9698055387 294923.3865818977
90803500.5351525396 239941.3289742470
96857669.2537672669 394048.5090332031
91083610.4189389795 250021.4936928749
96018903.3518693596 378209.7434082031
93854258.6848061383 327264.2978653312
93379200.9602632970 316249.3255252838
96005118.0339617580 377458.0613403320
96432538.4471834600 386080.5797119141
93855085.6216554642 327852.8464713693
91598617.4195477962 265737.4207844734
94572603.2326996177 344787.7203617096
91761370.2272196561 270967.2335171700
96801100.6666069478 392748.6645507812
96050446.1139601469 379754.5488281250
94785330.7912505716 349172.3050537109
95693457.6835522801 369333.7579345703
94972066.4917874932 354111.7506408691
93892553.6058537513 328614.0189567208
92054576.1113748550 279714.3332028389
94038141.3307429850 331708.7094058990
92702847.0532322377 295692.8321817666
93693406.1952079982 323951.4777662158
95452568.6129438132 366737.3569030762
96698018.3897790015 389287.8022460938
92330391.8095765263 286263.8281655312
94411801.6356421560 341360.9642128944
94079297.0089979321 331732.4052066803
93392770.7076743096 316273.0213260651
94136023.9734650999 333678.6885208488
92548539.5947382748 292820.0374383926
92280680.4909891337 286037.1597058326
95540842.9061639905 368350.6213378906
94117729.8412861526 332762.6521438956
93945150.3958843946 329792.2094945908
91637492.0984044224 265738.5230164528
92919037.2058186978 301561.1468618464
92638819.1434988081 294102.3140077963
95434419.9908134937 366717.5097045898
94179299.7773198932 336125.3959632516
91889965.8153952062 273082.7915120125
93554347.9926465899 318946.4433058500
95024030.6995453238 354484.0752105713
96476204.5668484420 388914.3085937500
94924310.9702813476 353243.3607482910
95248664.7737876773 361505.1665039062
95850607.7599118501 375916.1081542969
95419188.3607378155 365551.2611694336
92676615.0410806835 295160.4884428978
91825856.6268217117 271907.4617822170
95671211.6252368689 369138.0675048828
92774475.1294844896 296913.7877615988
96334164.3881869018 383924.6534423828
94400067.0280329585 339513.4427547455
95504705.8662248403 366761.0527038574
95292095.0143431574 361663.1694335938
94111740.2223117501 332370.7688808441
91587410.7672720402 265147.4049077705
93612724.3052315265 320100.4106907845
95789254.2463701665 374361.6972351074
96828991.0618411005 392988.3242187500
93485821.9029211998 318008.5949358940
96367514.3119735569 384211.8197021484
93566108.2074023187 319538.5513515472
94534561.9977762401 343893.8807067871
95983154.9190726280 376479.4653320312
93448632.1468182951 317593.9856419563
97112222.7693411112 394248.5363769531
95694026.3586831093 369763.3666992188
