93521601.5598877370 324231.1811220646
89916148.0537225306 225873.2289998531
93495104.1115437597 323248.0938341618
94274827.5233112872 345028.3255236149
89651204.8065868318 217817.4436700344
90323821.9498326927 236709.1146876812
93354789.0317699015 318611.2940477776
93446853.7677373886 320094.9466314316
92368184.0751297176 292555.0498352051
93277903.9091259539 318250.8815841675
93560311.4713852704 324789.2252733707
91510608.5224398971 272257.3357706070
96358895.7117372304 388309.5311279297
94551352.0654194057 350123.2374801636
88709505.8250605613 180881.7608007193
87209743.0219340026 115474.0669384003
95117859.8111621439 361251.0275611877
90523668.0759220570 242964.4526565075
92908550.2827516645 306489.8497304916
91793187.1538640410 280014.8865518570
89077324.0158919692 197560.6020007133
92004231.3191462308 285426.1411633492
89243477.7608342171 202581.6090426445
92021903.0538572818 286579.9843301773
94072414.1730605066 339008.6378933615
91791133.2697365433 279355.8683633804
94740142.8837184757 356391.8453865051
92392596.4297064990 294932.4780054092
93461542.7168305069 321284.4349727631
91399059.7755002528 267472.9331827164
93996912.0208631456 337311.5127260685
92436695.3662058711 295444.1517734528
94878385.0998343676 358385.0560226440
92137027.5020879060 286610.8103790283
95606841.9359208643 374424.4353027344
91998679.8152418286 284731.7498679161
93652278.1260839552 326459.4101591110
92533224.3861371279 296179.3672785759
91135617.2166863382 259662.2929560244
89777526.5562446266 220928.8797051907
88165898.2739585936 157052.4109442234
88365710.7151993960 171252.6227495670
93897217.0976323783 334207.3390769958
91737999.0992321670 278277.0276651382
94961209.2694394290 358831.4341278076
95136963.9337499291 364773.9209594727
92452454.6634512842 295668.2749934196
92602350.6115098596 298762.2189931870
93603681.2782543898 325726.2049676910
95080169.6976774335 359387.4288253784
89981257.4934634864 226757.8438527584
93768484.6833200306 331291.8208315372
90146447.3205304444 233020.3057305813
92804136.6664219499 303258.8285727501
92166407.0003517568 287664.3840443194
95355496.7730981559 372180.0184326172
94673009.7502484620 352018.3905982971
94613484.3388105333 351516.8722457886
90513986.9323397130 242883.1747225523
91970123.6310252249 283235.8671722412
91682835.8596970141 275486.6789398193
91910226.4364892542 281506.3708343506
91663027.9362528771 274983.4269866943
95763495.9074392915 380553.4809570312
95521556.3628082722 374120.9710693359
90277957.6284387708 235282.3543136120
93250501.5065151751 317228.4019396305
91144376.8846494853 259715.3824014664
93740010.9432583004 327812.4293785095
89875986.1385305375 225713.2822930813
95182225.9574330896 365297.5534133911
89617789.1214338988 216710.6280374527
88346229.1502824277 166216.8318970203
89147955.9022567570 197569.9403510094
90016441.9902075082 227385.9447066784
87883827.5368318707 147527.0071301134
94465397.7984933257 347900.5704307556
93989688.7977187783 335628.6582412720
94568597.1678065658 351228.2419357300
94720064.4458810240 352206.9189376831
95582708.9750431925 374144.6668701172
90592646.8602939546 244201.5320489407
89384417.2519588321 208953.0772562027
92931150.5737175494 308678.9426674843
95759472.7882657498 378860.1252746582
90306938.9465601444 236443.9812676907
95288910.5228949189 367334.6115112305
88495826.1325276047 171728.5930209160
90038295.5770167112 228686.4304864407
88728693.6164705008 185496.5107928813
88704065.4546798915 180037.6518995762
87687867.5525638312 137922.7802119851
88505063.4372566640 171731.0787432194
91615756.5740347058 273492.6250772476
92415294.4141543508 295111.9881539345
93696928.4144517779 327363.0281744003
88793852.2292447239 186828.1200060844
90670575.8469020128 248985.9346368313
90935665.7976822406 256754.0541799068
92981403.1012974828 310619.9725799561
93893238.3365576714 333483.0699834824
90420532.3548591137 241228.3838555813
94430124.2863915712 346038.5782363415
92144494.2697517723 287113.4191446304
89753030.9342059195 219200.7386331558
87853871.6481751204 145770.3189283013
93742836.3140558004 328076.1224968955
89526709.0454112291 211926.2254495621
94968976.5570078194 359193.6127243042
87514075.8738424927 130299.2882938385
87718076.9862431139 138060.7043638229
94915040.1389970928 358408.7518234253
89728291.2638561577 218375.5557954609
90061790.6158410311 228937.8187510967
93370453.4618849754 319982.9034018070
90146627.0204586685 233470.8330743313
95234898.4016119242 365796.2429122925
88534765.7970168591 177741.4457339346
90561444.3318216056 243039.9050948620
89563019.0466015190 213171.3289239407
95798914.7159390450 380833.2493896484
94499975.1614396423 349099.7289428711
89251151.1453379989 203191.4994869232
93971758.5942525119 334992.9186449051
93620724.6345634609 325749.9007684723
91718902.4534372985 275588.0567946434
88755374.7084552050 186765.2385897636
93355860.9544324279 319070.3601487204
88186258.2454750389 162761.7488787174
91898023.3587122858 280372.4593825340
88923854.4656873494 189865.9531970024
93971356.2941671908 334370.1221857071
89996306.9535243958 227082.7428491116
90054101.3605935872 228696.9992482662
93759609.0745997876 330632.8026430607
88868884.1195723563 187444.9063777924
87944759.9405602515 148110.3600937994
93419288.0907359719 320006.5992025882
91559173.9527091682 272265.0301914215
91210299.0587916970 264660.8288488388
93561331.3647020757 325480.7080819160
92262416.4632249326 290843.2164874077
92574130.2188461125 298175.2169708759
92832763.4316257387 305188.3181595355
91065567.1941606849 258571.5762853622
88666471.7260349542 179550.8082385063
89719774.3241469264 217966.5186021328
95029852.3779087961 359363.7330245972
90154653.2293641567 233481.4018361568
88885376.9448978156 189803.0512194633
89293337.1759361625 204168.6746683121
93130038.0018156320 313063.4697165042
94938061.3596767485 358501.7632980347
94152886.1622504890 340227.0309715271
95683471.8429657370 376844.8963088989
90097418.7815750241 232152.4757479429
90376379.9334651381 239770.4874774218
89073833.6430957615 195202.4571590424
93539407.8359084725 324543.5653773453
90827758.0640560687 253672.5726919174
90387100.1258624941 240568.1144571304
93637695.0126424283 325991.8003670722
96688616.8780604601 394072.2048339844
91438978.0988510400 267502.1555871964
94198165.2574879676 341037.3248739243
94151158.8296886683 339763.8637142181
94178212.5814173818 341013.6290731430
94038008.1552757919 337521.9628611999
94418551.8252192885 345303.2094432311
94411915.1498585194 345279.5136424499
89663570.9153720886 217955.7315118313
91863309.8772031665 280271.0815277100
90875521.7029000670 254167.9293813705
89354766.5767444372 204985.0409322977
87502065.3014265597 130297.6431713104
93826063.4281280041 332175.8209620621
88327671.4613085091 165753.5333940983
87700972.8988126218 138055.1939525604
89430595.6775354296 210058.6416788101
88047989.7030284703 154062.4563589096
87840647.4688717872 145164.6414074898
94834078.1868235171 357823.3006439209
91376016.4110176712 266977.5764932632
92950841.7471942008 309174.1685466766
95132772.5856921524 362558.0136756897
92690474.6395022273 303159.2833633423
93664690.3576148301 327128.2351889163
92890277.6064153612 305204.0537552387
92810500.5405078977 303670.3756484985
90801029.4349227995 251983.7439291477
92235347.7071147859 289513.3345605191
90892860.8990840912 254960.3047772646
88110332.7820380032 156215.9771807194
91078724.2975971103 259066.9329748154
91311150.9839402139 264688.7282391787
92662766.7448507994 299063.1317539215
90496575.8880973905 241938.6171283722
88279245.8619899303 163973.5279619694
87783945.4607100189 140077.5612625750
88586360.5350821614 179010.1735308170
90505451.4968176186 242584.4489154816
90358831.5387089550 239249.7571307421
94068849.5895219445 338600.8035594421
96961064.3237244189 397911.1977539062
92591788.5236543417 298396.1263828278
93027028.8383133411 311481.9494833499
95253916.2262628078 366661.8070526123
91193085.3584455550 263851.3355627060
93821966.4660896361 331540.1638499694
91169250.9186519682 263355.9788732529
91160627.2158634216 260979.9966717958
96099893.3342149705 386927.9025878906
90766705.1619964540 249696.1679096222
93174929.2856584042 313840.1247148514
96489681.6859944463 393126.7951660156
87322519.2556433976 122540.0923900604
96671573.5217514038 394048.5090332031
90284257.3467562944 235440.4545450211
91641106.3617978841 274745.6960363388
96023729.0964490771 385869.2528076172
90192024.1758575886 234115.4136514664
90365685.5316309482 239281.5417157412
92222296.2187924534 289281.6075139046
89168768.7386191338 199216.0886546671
87277958.5945718437 116387.3509349823
95517901.2505812049 373274.9382629395
92305305.1351695061 291660.4914765358
91132027.2984246761 259220.0257120132
87645416.2621567398 134574.6448334455
93220522.8894461095 316893.5341772586
95108166.5574401766 360126.4582519531
90906973.2817805558 255587.8593301773
90609635.4203294516 246801.7491846085
91995217.1013018936 283261.9156193733
92968230.4010834247 309924.6786565781
87493161.0030473620 125301.9554279745
95126286.3664412946 361898.9954872131
90272317.1670258641 234881.9057636261
94482702.9728447199 348603.6909866333
90649553.7210172713 248490.5779473782
90640678.1122970283 247831.5597589016
89007211.5753217340 194650.3557848930
93451342.4316711873 320684.3523298502
93639105.2259183377 326407.5967826843
94489119.5745257586 348815.0178909302
89474030.5750181377 210455.7424068451
87814603.8140726238 141895.4399246844
87974332.1217771620 149019.2631928921
91960719.6257434785 282758.6636662483
89207383.7987609208 201833.5535998344
93715406.5342589170 327527.9284826517
87545183.1586292684 131183.4060052931
88001103.5921846628 152848.7633005679
87616203.1779118925 132367.9808796346
94226997.1524997801 341468.0336685181
94729436.7281027883 355226.8182563782
95741189.9210847318 378706.8432006836
95493851.6593945324 372274.3333129883
94228931.4037113190 342084.3521194458
89234602.1521139741 202343.2215685844
87924513.2839231044 147879.5300641060
91336182.0316305161 265500.3287223577
94949732.0778955817 358560.3048095703
87609539.9874198437 132151.0332517298
87735764.1518108100 139632.4821161330
90455520.1890032738 241933.0588445663
88067146.4066311568 154945.5555157661
95965948.2406615317 382244.6887207031
90923269.8990900367 256218.8411051333
90724462.4080564082 249162.1297403872
90208859.5420505404 234175.5080633163
87450199.0823006034 124144.9017162323
96370030.9306184202 388914.3085937500
88796060.3256962001 187195.2664785385
90263583.6536734551 234181.0663471222
87737327.6214401424 139908.5840329798
91449330.6632626355 270279.9602557421
90405526.1750524640 240578.6832189560
91187165.7222958356 263840.7668008804
90908498.2938148230 256083.2160196304
97376373.4713527113 398633.6169433594
91320835.8875124007 265165.8076944351
88472822.7980840653 171315.5061702728
89747445.7526110560 218660.4065008163
95095820.4875236303 360088.5560913086
96435399.2358097136 392301.7626953125
87445381.9689541608 122838.8003368154
88247415.4901404232 162989.9511232376
90749184.0538056046 249250.4968242645
96341707.1097956598 387794.7718505859
87875747.6808298677 146785.8119578362
88018423.2963388711 152864.8633200228
96870943.1761815846 397741.7363281250
96902139.9149079770 397879.8203125000
97037928.5782519430 398146.2204589844
97308379.7079979181 398609.7182617188
