132883844.8548564762 46230.2074866444
131930281.4213330150 42365.7993962765
131503830.0515299439 39660.3963052389
131664549.8813198209 40545.0139362962
132053286.1653662175 43339.9389613643
131415325.0918489546 38721.1529269218
132805135.8164608926 45977.6869149059
132445156.9292589277 45108.0932869762
131627101.1731574684 40460.5777408928
134665811.5705885291 51231.8350501209
131718167.5229321867 41369.0384151787
150798603.5303171873 81373.6126556396
132001273.2210133672 43168.9363281876
131679290.7814517766 40591.4156133682
131950746.6080028564 42368.8730671556
134258081.7058700025 50495.9723792225
131707393.8225713819 40648.2954141722
148665396.5289652050 73778.2280575335
151152930.3011472821 81484.7151947021
131491800.3560059965 38749.1901790947
132857108.6307820976 46059.7288951678
132803593.1084561497 45951.8146004528
132423710.4073526859 45047.3336115479
132818925.3682077676 46020.0228524059
131503657.4637367576 39591.1726795584
131430960.7291958630 38724.5863289684
131602392.6195182502 39702.2417697906
131670640.7427076995 40573.4571997860
134667240.5748085380 51407.9019446522
131401087.7741523087 38608.0831700014
131762637.1166366041 41418.8962431103
131946071.5063636452 42368.8711886406
131773637.9343524873 41453.8698308468
133134191.2951372266 46931.9524178356
131415199.3445527852 38620.8561938824
131896833.2930399626 42327.7540161759
134174521.0479960740 49584.0428137928
131790740.1577562094 41456.9435017259
132633966.3551132530 45754.6884838206
132251851.7629860789 44196.1637215465
132032876.3515110314 43284.2341561168
131875124.3585907519 41539.5712185837
131476101.2717867792 38740.5323582338
131617748.0958434641 39728.7873020172
132469527.4545978606 45154.9392810923
131651346.7798287421 40545.0120577812
131640759.0172626078 40541.9473744081
132224082.9975846857 43946.3852039439
132545510.8195751011 45232.4914051158
135463485.4008683860 51634.8530554920
132352947.9659268856 44868.9984203440
133420615.1045931280 47355.4209667307
133476141.9080672264 47396.5335765940
132327821.8818980455 44320.5618396861
132690915.6336873621 45780.9279857737
150794576.1812086999 80607.2907333374
150410459.2408493757 79317.4641189575
150305815.8338364959 78760.5069656372
149479224.0191381276 76178.2216615677
149718227.9779260159 76429.3337526321
133531434.5614778399 47926.5350413471
133926310.3427357823 47992.0508494526
132976233.5745807886 46639.7453685862
148322773.6075885296 73527.4169932604
150775816.8639864624 80459.3540115356
132203322.8561868072 43502.6205288035
145202602.2558898330 72130.1764712185
134016567.6142779738 48048.1645223051
133626441.7289452255 47955.0228953511
133307477.3032919616 47080.1212840229
145991821.7963892519 73483.3671450466
138267886.3689273894 56091.0758021697
138600615.8268463910 57698.0271166563
145868281.7378671467 72554.4525524296
150732859.2952322960 80054.5496902466
150660182.6786220074 79320.7734146118
140283575.3394655287 61597.6104207039
140089990.7521567345 60861.4861989021
135476158.2050409019 51967.2038772926
134150695.1703642011 48596.8565651209
135469518.7988545299 51931.3199661598
135315733.9283564091 51437.7958324775
149474282.0287939608 74339.8124008179
137020009.7045866847 54069.4470239614
136694138.7515990138 54068.4924701189
136280752.9832767844 53219.3208409880
136137903.2902794480 52764.7202461843
136651429.2303718328 53854.2328721319
136211265.3194248974 52974.3785192107
135429665.6664727330 51538.3223187958
137982585.0056914091 54948.5421988834
136006678.0539079607 52723.6157846730
138095402.4372648299 54949.9612041861
138680647.9670957923 57701.9872955233
138580510.9005196393 56821.7888206393
138526855.7135812044 56761.6418284327
137949680.8744879663 54588.5404315293
139678098.9574414492 59379.8699660599
138223467.9510758221 55043.6478073075
138944960.7092780173 57992.2004662268
138953549.6271000504 59001.5287913382
140649025.5111629665 63675.9931321144
140560571.2216373980 63671.6125941277
139624895.2749377787 59092.2025920476
140456933.7293412685 62777.8156161308
140986925.3866868615 64463.4446136802
140748958.4110582173 63691.8234741539
141222213.8007883430 65033.6470174771
140978099.2592026293 64012.1498479825
141333624.2867295146 65159.3015890103
141263701.8312107623 65045.9387273770
141145131.9417149723 64822.4389715176
141459860.4820266068 65159.9173609000
141065325.2677123249 64545.8152837735
143504275.4608927667 65219.6531940103
143567112.5505675077 65643.1573367715
144193397.9680979848 65672.9202571511
144010240.7508866191 65650.1560850143
144244534.5507231355 67185.4890666604
144069175.7219575346 65662.4637904763
