30244826.5481722616 225630.8855895996
29814555.9665856436 208718.0894555636
30251892.3181195259 225795.3064575195
29836776.9891990200 209253.1282119751
30548475.0240186416 229948.3765258789
29946184.4717811495 217027.6147088595
30247140.6370593384 225634.7175292969
29993597.8732527010 217165.2796563543
29741223.7703137062 201187.5572853088
30366196.0860785767 225926.1511535645
29921008.6641660444 213821.7302102484
29708163.1292560548 197403.8193635941
30050203.8453217596 217884.9085015692
30109779.9693879969 221511.9275915623
30456409.7777056545 229306.1015625000
30155638.4205281213 222187.3646850586
30142687.1021855175 221962.8664855957
29774252.3321560845 204987.8798036575
30242098.7492997795 225558.1082458496
30399990.0934893228 228940.8638610840
29758165.1495820954 201615.0584189221
30154529.3317757063 222022.9438171387
29734136.1442024000 200933.6584423552
29787423.7688732594 205828.4586653393
30124816.7532573156 221792.8364562988
30221070.6508487165 225400.7782287598
30059846.5309550017 221278.5082940497
30511432.1339777336 229502.2121582031
30508844.7999476194 229372.3834838867
29850175.2698566616 209445.1066131592
30064049.4935372323 221356.9040460028
29886988.1572672613 212840.6157584190
29817520.1330215111 209225.5121307373
30038401.2667931579 217818.8582305908
30425700.8174637519 229189.7024230957
30363852.4452526383 225842.8212490082
30214395.5048896223 224818.5939263739
30074917.9482112080 221435.8383111395
30033687.8891415410 217616.2355279364
30618518.0971071422 233110.1539306641
30562604.5281554013 232645.3703613281
30724080.6394554749 236183.2602539062
29858275.0191638395 209783.4118499756
30004614.2107174657 217571.9235772528
30369303.3797715344 228367.1424522400
29925201.9050183706 213914.7890862860
29904825.3793330193 213377.8284759521
29866253.1658784673 209954.8666458130
29933512.9246275015 213977.5069512762
