30047938.1783033833 221941.0171508789
29624441.2491387092 203808.6267620071
29674244.3003565855 205347.8810958862
29799434.1777452789 212922.1151428223
29657445.1058597229 204922.8461837769
30518183.3930980526 233140.6367187500
30309884.6108046062 229176.0058593750
29809475.2824490182 212938.5837078094
29791761.0421953984 212708.3719177246
29901879.3311949708 217047.0477886200
30125873.1275617406 224262.1032571793
29715284.7432877421 208588.6824932098
29716384.1353059523 208802.4257183075
30287144.5285134688 228418.0395812988
30295664.2762546912 229026.2151794434
29500307.9856073186 180022.1929574013
30422969.2487843968 229940.6663818359
29921153.5346354470 217595.6697369982
29815403.6098524444 213347.1500549316
29564638.4727552049 199341.8876476288
29841751.9263742566 213674.0589218140
29609097.5934709981 200801.0983276367
29507398.7783074863 186917.5779933929
30180526.4283051044 225694.3672790527
30276724.8296643198 228368.6376647949
29692225.7235422507 207586.5097179413
30113729.0345695317 223921.5653133392
29575450.6185755171 199702.8845287307
29856027.0417167507 214034.9414458573
30150428.1373498142 225481.1027832031
29535673.5354580581 192492.2138986029
30400638.4256593436 229690.9758300781
30139032.5433130413 224472.4213366508
30324074.8454485387 229335.3920898438
29543708.4203072265 196053.2149578079
29588396.7720795423 200238.9162606634
30144713.1901291795 224999.3693237305
29696896.1782226898 207930.9377971633
30375455.0204263292 229602.7468261719
29685583.2796507776 207477.3606487258
29880226.9348172769 216006.7341287653
29994190.6377871670 218632.8672790527
29997093.7371212244 220214.8024859615
29727100.8239556104 208997.2667388916
30454719.3133089244 232645.3703613281
30015035.2337486930 221269.6228785748
29873410.1951043308 215740.7127014399
29741174.5833971500 209183.0381574631
30043155.4476868734 221861.9476013184
29727087.6396354660 208976.9720320385
29841173.8369495384 213458.9611582989
29766951.3892118372 209597.8026313782
29501224.2850821018 183660.4594197273
29647320.4233100601 204704.7567958832
29642112.2579453625 204660.6158990301
30444063.1358291246 232269.2706146240
29954597.5655984581 218126.2476530075
30336362.1072410457 229418.5598144531
29896525.6454162449 216753.7451854171
29719699.7386405692 208827.0678310394
29972027.6380737722 218251.6437072754
30033233.4118479863 221447.1971511841
30474381.7249710299 232873.2819824219
29586036.6680498645 200139.5632734299
29681577.6079804301 205472.8721847534
29979148.7596905120 218347.3239593506
29944424.9638430327 217984.0353088379
30382140.9311944768 229637.1027832031
29904311.5741382316 217194.3161998028
29513438.8976442739 187782.7704548836
29653539.4733310975 204735.8667812347
30318747.4399138726 229251.9432067871
29534679.3243077062 191578.0163430609
29662189.5587316677 205045.9916243237
29730763.1632090211 209051.0724411011
29755234.1171444207 209456.6121687572
30486520.3780128285 232956.4497070312
29781630.0299415961 212003.5935449600
30306460.1781213693 229168.7754821777
29580281.8283961639 199707.7106510146
30149362.6291560158 225289.0482482910
29881675.0642779693 216394.6205825806
30081830.2283697277 222255.8900146484
29543641.9242915176 192498.2125186361
29668778.6738265306 205258.3803033829
30292944.1992720254 228791.0810546875
30316177.1488080323 229190.3796997070
29784394.3889216110 212218.4809069633
30449516.7388950735 232478.7537536621
29865136.6744324788 214346.0538940430
30257091.0581014976 226211.6646728516
29919468.3182076924 217556.6300807232
29935310.8897853866 217896.8690069318
29950959.3269268200 217994.2967681885
29758126.2305969447 209585.3054504395
29856286.0376077667 214117.4059753418
29774870.2845969722 209874.0313949585
30011369.4705443345 221249.5622096295
29934936.1124811657 217778.3892913163
29643395.9962581918 204680.1146831512
30292449.5228287131 228781.4776306152
30612737.0786912702 236183.2602539062
30063636.6310287714 222246.9894714355
29517973.3659874350 187852.7980351448
29520489.0896637738 191520.6552276611
30171537.9055967331 225616.9034118652
30466244.7410379164 232686.4526367188
29638506.1095856503 204095.4665708956
29916914.7231284641 217229.7421107525
29708800.5933083147 208213.6322679520
29599095.9835441634 200557.5726280212
30035099.7211698331 221475.1823043823
29632477.3528014608 204091.3212327957
30113106.2291536666 222657.1742553711
29551742.1346877180 196116.6052255072
29710921.3836551532 208390.2748556137
29593067.2267599776 200538.3048638739
29774092.8037757017 209844.2083601635
29928865.0291680843 217675.4461669922
30389995.3810576722 229685.6460571289
30236448.3305686712 226059.0469360352
30042355.6816397347 221500.8279571533
30203316.7315082178 225944.3099365234
30009610.0886876360 220796.0092616500
30254175.4917606078 226147.7561645508
29849386.7172854207 213729.1739816703
29598324.8134282865 200543.2789620794
29639587.7896983735 204154.3975038528
29612372.7296389863 201061.8503961004
29963274.4409454279 218200.3572692871
29600177.6636568904 200601.3811349310
29617432.0881235711 201120.5302667059
29803990.6366789639 212924.7367534637
30361043.5140484422 229482.1998291016
29847162.1227293834 213681.5084700268
29915440.9892375469 217221.5941023510
30256530.5462908708 226202.4382324219
30098661.8996356726 222521.1570434570
30191627.7177817523 225727.5007934570
29917607.1860251799 217332.5953216553
30564972.4973034486 233250.6446533203
29671188.5277847350 205291.3283615112
30418788.3602135070 229789.4936523438
30032723.6121501923 221358.8553843275
30103721.2581202611 222572.3856811523
29740469.7520535514 209159.5362243652
30413116.4090207256 229769.6529541016
29754941.0228411965 209345.4542097729
30234466.0135817118 225963.4678344727
