29568580.0808988921 177395.0103510022
29831093.4738193303 187383.1251068115
29799114.5436211936 187183.8630504608
30138034.9479766265 195125.3578624725
30328647.8372312710 199222.6598644257
29477508.8996070474 164926.6433038712
29483451.4984132536 165456.9860138893
29522796.2967863232 173561.6146483421
38764922.1066517383 222172.0219726562
29664921.0767922252 182018.3485122621
29521418.7935601249 173264.0105590820
29756595.7532506622 185099.7330755740
29986700.9656444117 191360.0110961199
29488059.6495133750 168943.5758564472
30205050.5111031234 195945.5620830115
38675597.2406261042 222172.0012207031
29874673.4129904769 188309.4149703979
29521955.1197169721 173446.2606912255
29715622.8389824405 183272.9772304968
29558764.3420094177 177269.1332625076
30107273.0013977848 194558.4366741031
29917424.4832955189 189873.2443724871
29758417.8573686369 185393.7730442286
30173199.1079926230 195275.5098876953
38490749.4509940296 222159.4343261719
30470589.1890065372 201854.5741893934
33252067.8801422007 218321.2111816406
29688368.7571861334 182932.9883163339
29759931.7687683366 185845.5285663605
29648510.9824305624 181901.7387828827
29673562.0460074991 182822.2980480194
29517336.8074233495 173175.4266977310
29573951.2358954065 177533.0820214748
29511749.8454425223 173175.3947153091
29493842.3153930791 169028.4356182311
38070779.4292461872 222125.7175292969
29943372.6285120323 191010.9154796600
29761816.9914704338 185896.4767913818
30215672.2340518944 195960.0744941153
38479602.1809700876 222135.7290039062
29768067.2128354311 186305.0162665762
29757286.8498327620 185353.2241255417
29480295.1234627999 165342.8935561180
29547400.1879521273 177122.5835814476
29626478.0487816371 178970.3602107465
29488860.7010063417 169016.3863906860
29557529.6358882226 177269.0094832107
29602440.0140030645 178713.5692882538
38296054.3232714683 222132.1340332031
29576345.0424807072 177954.9508619308
29657495.9623345733 182018.1585708559
31241265.1263353936 211809.8460998535
29501783.5341140777 172681.3184599876
29688880.7098815665 183084.3115313351
30057944.1737711430 192767.4773871899
29626447.7227563262 178966.9671443403
29501865.3298449516 173008.3675169945
29594523.7864826173 178630.3530073166
29493233.4216188677 169028.1100134850
29605679.2367387339 178735.9805744058
29531903.5345569253 174105.8048944600
37175206.8376634642 222021.0886230469
37160090.7219122946 222020.3229980469
30084435.8772447370 194199.1240367889
29781458.3523151428 186703.6644122964
29495371.3027083576 169172.3442878183
29943297.7469179519 190615.2356370067
29639157.6681915820 179511.6981945038
29783998.4278700277 186932.7086925507
30027072.9982376136 191839.8427540660
34919531.7532824501 221920.2812500000
29721973.9376741052 183297.5725498199
29839161.1115336716 187572.7566186190
30467412.8285066076 201813.8824443506
29483564.5594691858 168917.1086440086
29928926.0386872105 189970.6249847412
33927827.5936637223 221876.3586425781
29548950.1311891191 177128.2942748070
29725603.1483638957 183462.6091576815
30731105.3630018011 207302.6407165527
37788313.9209233150 222054.5161132812
29904178.0196330212 189453.6834135056
30132421.0329966173 195121.0980968475
30111002.0844586901 194714.8618585765
36062773.3333997875 221950.6950683594
29504929.8136189692 173010.8365111351
30260761.8891937993 197747.4508952945
30258005.6497243047 197620.2205114141
29566925.9266132675 177392.3465326428
29509202.8279620707 173074.1689295769
30433712.7759994045 201812.4390849756
29671716.4963519573 182818.7223644257
30325993.7541110702 199212.4311504053
35426537.2349047735 221950.2675781250
29629087.8519739881 179024.9452648163
29969643.8527578451 191229.9538707733
30282298.0183646828 198803.9560968578
36407742.2757981792 221952.4548339844
29859557.2972393148 188058.2562179565
29614303.8046271130 178936.0023326874
29518386.5239429250 173259.9668798447
32306077.5742243491 215073.9406433105
29722978.2869015299 183456.5841842592
29501680.4517608322 169663.1255814061
29499736.2710116915 169559.3706617355
29582254.9109617695 178061.3762617111
29494103.2715650089 169149.2516036034
30006162.1612813398 191507.8376903534
29537640.0775556527 174513.6462202072
30349175.5596036389 199343.8721141815
29484620.5526725352 168917.3427748680
30351043.6490443721 200256.7952251434
30892532.2539527081 207838.5222167969
30330962.0040834919 199230.4979991913
29653701.8045526370 181969.9319625795
29483293.9484881572 165456.8297638893
29529939.7467375174 173669.4071955681
29941198.1535820737 190454.7170014009
29484463.0027474388 168917.1862807274
30111318.7105330378 195110.7604503632
29485689.6502113156 168919.8894057274
29543227.0395364836 174513.6796674728
30135171.5459342673 195125.1266613007
29646346.3566335477 181786.3272060827
31231931.4383801892 211767.8277893066
30683810.6976147667 206667.4748589993
30189678.9668135941 195513.5947617590
29853673.0522329733 187726.5165233612
30014281.9589961767 191804.8856639862
30280150.6572773382 198299.1242809296
30655996.1594326273 206059.9077129364
29492163.3335655779 169025.1437244415
29587797.7739095129 178630.2778120041
30478155.6716317050 202887.4623394012
30196652.0598988645 195916.2179841790
29492060.6426848434 169023.1324744225
29569597.9858379811 177528.1248924732
30837908.7023722529 207719.6146011353
29753933.6171457879 183823.7813854218
29530183.8855174556 174067.1133349985
29576059.9799174331 177622.4682016373
29534575.5937816389 174511.0097455978
30147059.3385172114 195128.2931652069
29572662.4696119949 177530.5997459888
29977706.7094661370 191265.5261363983
29526875.2629635036 173666.7716975212
31334078.7390303314 211838.3832092285
29757118.6987046935 185333.8430814743
29485847.2001364082 168920.0490736961
29482321.0088474900 165395.0665326118
29728537.6582356691 183617.3513946533
30954818.8298047706 210834.6321792603
29938380.0864478536 190021.5607280731
29667268.7025675811 182104.7818202972
29642947.2225317433 181288.3840174675
38069956.0553036928 222106.5925292969
29563416.4340803362 177271.3687343597
29495944.8290422149 169458.2760086060
29489140.2420929298 169016.5128555298
29493475.1660991237 169028.2958045006
31134961.8467999622 211754.3780822754
29483219.4521257468 165395.1424603462
32834846.5928156748 215114.0039672852
29938511.9295977317 190044.4284038544
30121055.7569659278 195114.2487316132
30509091.2297412120 203202.8948926702
29682692.6875699721 182916.8689368069
29611219.4610275850 178808.0378821194
30494245.9280148037 203042.0394592285
29669482.7278360501 182190.0529971123
30882545.5588639528 207724.6050796509
31095353.2118094265 211585.5829162598
30194253.8267252222 195875.2853495777
29751646.6163080335 183632.9882901013
30577632.1423454881 204091.5943653584
33048205.3435341716 216613.4020690918
29758649.2094683647 185402.9995087223
30687418.6154058315 207166.2575123310
32770820.2585064694 215112.2068481445
33434009.7540373132 218978.4482421875
30525354.1267604716 203407.9076499939
30925121.1179681048 210822.9363784790
29938436.3438534588 190024.8586730957
36960066.7573320568 222009.7729492188
31077676.2054186463 211384.8465347290
36576596.8222205043 221987.3974609375
32179665.2362888120 214713.0123672485
31073731.3121338487 211272.2203140259
30271733.1187316291 198144.2603413463
37566023.9581798911 222041.2663574219
36952641.6428744122 222009.4816894531
38045789.3919674531 222098.4965820312
37950392.0701595992 222061.8078613281
31101176.3466129601 211666.4166564941
29495886.6845101863 169172.5684328079
29939919.7568762936 190083.0718093812
30542211.0492963530 203893.7305662446
30532372.0874216929 203634.4782474416
36439540.9556993470 221986.6333007812
30864311.3115397207 207722.9437026978
31084485.7027359605 211407.5938110352
30575911.1018035524 203895.3094236664
30697205.0401047729 207296.0767703056
30995401.0534923933 211251.5386657715
29742674.1434504688 183627.1713569164
31631236.8167499863 212409.9452819824
