66801771.8329981118 2572167.7285156250
66574503.6586555019 2557775.3242187500
67084242.1869670749 2584108.3652343750
67058322.0255039483 2583050.0507812500
66437498.7357421145 2552582.5429687500
68663985.1002263129 2635640.6328125000
68510486.7072129101 2633093.4531250000
67260917.2260787040 2591280.2812500000
67414755.6576254666 2598862.9101562500
67805027.1029439867 2611921.4589843750
66556927.5966863036 2554837.0527343750
67138071.4115329385 2585334.2792968750
66800602.2897933647 2571872.1132812500
66595203.5979504287 2558305.3828125000
67510021.2066472024 2600999.0156250000
67056928.2943140492 2581241.1464843750
67560790.4770246446 2604533.1445312500
68634019.9287054539 2634763.5312500000
66935131.7819474936 2578471.6718750000
67711046.6229716390 2609782.5292968750
67534501.7832825929 2604245.4023437500
67943281.3389820307 2619439.2226562500
66720330.5548320189 2565527.8652343750
67276489.6736464053 2595124.4023437500
65915744.9422472715 2507536.7773437500
67807943.0622191280 2614161.4804687500
67533622.8474760205 2603960.5683593750
66752194.4984139055 2567961.0546875000
67080435.5636980757 2583624.0546875000
66281985.6022743061 2539798.7929687500
66915875.2619083375 2576932.9648437500
67031835.5718453079 2580894.5097656250
66430075.2304965705 2546598.8066406250
67857081.4423708022 2615459.1972656250
67265645.2526058853 2593226.2167968750
68009862.8854261786 2621520.2109375000
66604201.9700834602 2564898.0390625000
66178364.2196796089 2530808.7539062500
66312973.0564068034 2540756.1367187500
67204356.8449031115 2588726.7187500000
66084376.9534278885 2523668.2070312500
67859466.9741361290 2616071.4218750000
67871596.9014471024 2617779.4609375000
67522592.7118858546 2603210.0000000000
67670271.1755592674 2608996.3125000000
67155349.6677542478 2587049.3261718750
71366401.1294250190 2650882.8242187500
67530086.5112951398 2603287.8691406250
67804863.0768685639 2611720.0820312500
67511356.4932841063 2601600.5546875000
68776873.9488017410 2638124.0000000000
67595773.6508566886 2604727.2910156250
66576020.1133835316 2557798.4882812500
66966182.1664254814 2578474.6875000000
67612208.6962799579 2606691.0683593750
67193120.6263013780 2587097.3203125000
67513944.4027957618 2603182.5390625000
67254040.4040204883 2589977.3867187500
66336762.4385886267 2541513.0742187500
66597622.3707033619 2558705.3535156250
65825498.1488765031 2502783.5410156250
66358985.3911755234 2541649.0175781250
66531605.5931025147 2553298.6738281250
67856385.1272682548 2615255.8281250000
68238460.5806130618 2625322.5761718750
67710350.3078690916 2609579.1601562500
66387178.1434930563 2543228.7011718750
66824836.1970958412 2572294.7812500000
66218924.3554973975 2532079.2832031250
66823640.8832454085 2572219.3574218750
70614655.0369438231 2649564.3750000000
68141780.1693677157 2623567.4843750000
68066170.8683826923 2622451.9882812500
67782062.0121176690 2611691.5722656250
65679170.7472377196 2472814.0136718750
68723298.9604334235 2637170.8750000000
67195708.5358130336 2588679.2929687500
67020184.2323319241 2579004.1152343750
67648287.1906262785 2606822.9277343750
66601121.9847329110 2560352.0878906250
68225777.0596744865 2624735.7480468750
67021379.5461823642 2579082.0507812500
66896686.5635412186 2573068.0019531250
67745726.1782790273 2611078.5898437500
65894771.4796356186 2506511.9980468750
66912795.2765577808 2574491.5664062500
66797369.4686912894 2569377.1894531250
66530074.9833432287 2553284.3574218750
66177194.6764748693 2530513.1386718750
66064897.9114031345 2522026.6054687500
68110832.7957979143 2622550.3164062500
67477813.4514860064 2599529.7675781250
66798691.8476475626 2569726.3300781250
68004304.0930773169 2620818.6757812500
66193666.7191655040 2531455.4414062500
67260477.2639435083 2590650.4218750000
66559527.5678031892 2556569.8320312500
68362707.7570166588 2629958.1210937500
65695958.7870977446 2473779.0878906250
66781710.9503018111 2569120.9707031250
66798539.0118960217 2569672.8046875000
65930289.0746759400 2511982.8359375000
67609837.1808187664 2605180.4882812500
66913964.8197625205 2574787.1816406250
65817327.1803637892 2497473.1757812500
67768555.5211565197 2611443.9843750000
66232195.3853563741 2534467.1093750000
68581408.6373793334 2634117.6132812500
65895941.0228403583 2506807.6132812500
67723227.9014370590 2610480.1757812500
66078558.9462141320 2522921.1191406250
67389194.9839190096 2598657.8125000000
66004656.7403315902 2515798.9277343750
68189271.2040968984 2624239.1425781250
69562451.3280104250 2647246.2539062500
70986848.1688510031 2649811.6601562500
66253917.9259203076 2535137.0000000000
66797496.5337971076 2569648.2226562500
66000797.0027462170 2515687.1757812500
68641524.1054512858 2635564.4609375000
69880695.4504347742 2647888.4726562500
65779270.1838883981 2497089.5664062500
68712635.8198075891 2637027.1679687500
65729314.6376040876 2490299.6015625000
68448913.2794195712 2631510.4375000000
65718047.3300156146 2485268.6250000000
65660417.3605542704 2472274.2382812500
69901969.6281968206 2648032.5781250000
66212102.2740070447 2532061.5351562500
65770438.1442255601 2493961.1191406250
71113715.2200799435 2650562.5234375000
69379122.3665022254 2644958.8867187500
68127955.5817744583 2622818.8261718750
68337849.9937735647 2628929.9882812500
65833319.6713236272 2504383.5625000000
68385677.1091702133 2630645.1054687500
70353564.1965566725 2648977.6054687500
66220241.9107896164 2532471.1699218750
66066067.4546078742 2522322.2207031250
65942054.9464241713 2513020.9140625000
70898248.0797040761 2649609.4960937500
70961761.0763622671 2649786.0195312500
66378627.5980096236 2542643.5859375000
65959252.6089728326 2513620.4238281250
65764509.0888396353 2491774.7695312500
65637920.0476778522 2464225.4609375000
65698021.8154414222 2474569.3164062500
68613628.4072706401 2634192.4531250000
70437555.0127182603 2649226.3554687500
65700315.7413569167 2482605.8906250000
66050308.9011948928 2519997.0996093750
65647925.8689480200 2471675.3398437500
69120917.9699448943 2642401.8007812500
65671946.1157539263 2472289.2070312500
68865400.6751426756 2639534.8359375000
65970212.2781332880 2514252.5644531250
69813337.3296118528 2647442.2734375000
69359404.6098547578 2644737.7656250000
65813571.0333860815 2497236.3671875000
65946761.1173665747 2513021.5253906250
65633209.0960953385 2462198.0585937500
66226269.6919429675 2532528.9003906250
68373647.3239606470 2630191.1757812500
65672971.4287047684 2472645.4687500000
69190383.6356424540 2643851.6484375000
68715507.9079030454 2637077.1601562500
68681616.2341080755 2636245.3359375000
66105140.6271468326 2525234.1816406250
66101280.8895614520 2525122.4296875000
68164797.7245754898 2623817.5292968750
68340159.0203485787 2628932.9921875000
68928636.8453920186 2640400.1679687500
71042291.0545986891 2650309.6679687500
66125070.2717432901 2525879.3671875000
68336805.7235550284 2628905.3828125000
66128930.0093286559 2525991.1191406250
65972624.6947042644 2515178.3535156250
68353836.2810423225 2629801.3007812500
70050231.8631817102 2648822.0000000000
65893219.2554022521 2505577.6464843750
68271243.2981849611 2627454.4257812500
65641270.8588637486 2470577.9492187500
69126480.0986349285 2642698.3046875000
69439015.0222848505 2646953.2656250000
66410163.0405383706 2545658.3535156250
68192921.0986172259 2624665.6621093750
66363823.5790712759 2542544.3867187500
68283926.8191235214 2628041.2539062500
69403424.4622287601 2645596.0937500000
65825985.9681582376 2503633.1699218750
65631246.2223478109 2441252.3457031250
65883226.1540532708 2505212.4550781250
68992933.7597067207 2640818.2773437500
65704559.3048790768 2483590.5546875000
65896602.5244580582 2507176.0664062500
69223122.0484058261 2643950.2773437500
66142122.9780229926 2526175.0449218750
65761547.5358521491 2491585.4746093750
68952363.0967832357 2640597.2695312500
66400813.1829224750 2545014.9726562500
66037611.8427345157 2517663.5644531250
68985101.5095466375 2640695.8984375000
66115234.3673321083 2525514.9648437500
65916600.4846192896 2507742.0390625000
65923042.5126056746 2508520.3085937500
66093531.3862969503 2524207.6425781250
66080513.6096288487 2523519.3652343750
66006563.9252128452 2516692.9960937500
66041607.9998405278 2518033.4511718750
66386053.4032688364 2543129.8964843750
69265972.9068211466 2644495.5898437500
69400658.8508168459 2645244.2890625000
66037748.2622551546 2517921.6992187500
68450614.8660540879 2631842.5390625000
68800470.3796400279 2638641.8945312500
69020869.6232941300 2642229.5000000000
69180664.4655190259 2643765.1914062500
69166396.2163881361 2643663.9921875000
68732302.5918273181 2637577.6171875000
68453486.2433926910 2631970.6796875000
68359270.2836236209 2629870.7070312500
66544877.3305532858 2553380.5097656250
65872216.1939421669 2504846.4316406250
69246466.6254067123 2643971.4882812500
66255142.1509996057 2535620.5449218750
65893489.9999473989 2505733.1250000000
68825432.2773501128 2638751.9375000000
66149786.2589660287 2526742.8476562500
66145348.4017666355 2526715.6718750000
66250058.1883349270 2535025.2480468750
66277369.0866870135 2536490.7421875000
68753677.9328824133 2637858.9960937500
66395403.2608847320 2543773.2773437500
66159539.9600420669 2527494.2070312500
69263863.1872690022 2644002.4648437500
68423754.7079372853 2631507.2148437500
66556016.2575140744 2554206.5507812500
68486431.3902372867 2632684.6367187500
69384047.7839386016 2645233.9101562500
66168494.3898084909 2527978.0976562500
68398175.3361538947 2631231.5234375000
68456603.5295716077 2632226.9726562500
66273509.3491016403 2536378.9902343750
68235760.5294808000 2624880.5781250000
68248861.8030599505 2625595.5878906250
68410023.4020498395 2631267.9062500000
69155826.8037373275 2643074.7304687500
69152732.6786761582 2643013.2773437500
68576845.7431090921 2633962.2265625000
68569676.4747936130 2633736.4687500000
68924356.2114635557 2640033.4648437500
68638914.3875423670 2635297.2031250000
68546984.5810717493 2633724.6875000000
68594838.9449604601 2634162.3203125000
68565209.9964489937 2633736.2226562500
