122193.1080039482 122532.8924168245
121783.5030179070 122130.6506924885
113591.4032970829 114085.8162057697
118506.6631295774 115292.5413787776
114820.2182552065 115694.7831031135

121373.8980318658 122532.8924168245
121783.5030179070 122130.6506924885
120964.2930458246 121728.4089681526
123012.3179760306 121728.4089681526
121783.5030179070 121326.1672438167

121783.5030179070 122532.8924168245
121783.5030179070 122130.6506924885
111952.9833529181 114890.2996544416
124241.1329341542 118510.4751734651
123012.3179760306 116499.2665517854

121783.5030179070 122532.8924168245
121783.5030179070 122130.6506924885
111952.9833529181 114890.2996544416
116868.2431854125 115292.5413787776
123012.3179760306 116499.2665517854

121373.8980318658 122532.8924168245
121783.5030179070 122130.6506924885
111952.9833529181 114890.2996544416
116868.2431854125 115292.5413787776
123012.3179760306 116499.2665517854

118916.2681156186 115292.5413787776
115639.4282272889 117705.9917247932
122193.1080039482 120923.9255194807
121783.5030179070 121326.1672438167
121783.5030179070 121728.4089681526

120554.6880597834 119717.2003464729
117687.4531574950 116499.2665517854
121783.5030179070 121326.1672438167
122193.1080039482 121728.4089681526
118506.6631295774 115292.5413787776

121783.5030179070 122532.8924168245
121783.5030179070 122130.6506924885
122193.1080039482 120923.9255194807
122193.1080039482 121728.4089681526
122602.7129899894 121326.1672438167

111952.9833529181 114085.8162057697
124241.1329341542 118510.4751734651
114410.6132691653 115694.7831031135
118097.0581435362 115292.5413787776
118506.6631295774 116499.2665517854

111952.9833529181 114085.8162057697
113181.7983110417 114488.0579301057
120964.2930458246 121728.4089681526
118097.0581435362 115292.5413787776
118506.6631295774 116499.2665517854

121783.5030179070 122532.8924168245
121783.5030179070 122130.6506924885
122193.1080039482 120923.9255194807
122193.1080039482 121728.4089681526
121783.5030179070 121326.1672438167

122193.1080039482 122532.8924168245
121783.5030179070 122130.6506924885
121373.8980318658 121728.4089681526
123012.3179760306 121728.4089681526
122602.7129899894 121326.1672438167

122193.1080039482 122532.8924168245
121783.5030179070 122130.6506924885
118916.2681156186 115292.5413787776
123012.3179760306 121728.4089681526
122602.7129899894 121326.1672438167

121783.5030179070 122532.8924168245
121783.5030179070 122130.6506924885
118916.2681156186 115292.5413787776
122193.1080039482 121728.4089681526
121783.5030179070 121326.1672438167

120554.6880597834 119717.2003464729
122602.7129899894 121326.1672438167
119735.4780877010 116499.2665517854
121783.5030179070 121728.4089681526
121783.5030179070 122130.6506924885

120554.6880597834 119717.2003464729
120964.2930458246 116499.2665517854
118916.2681156186 115292.5413787776
122602.7129899894 121326.1672438167
122193.1080039482 121728.4089681526

112362.5883389593 114085.8162057697
123012.3179760306 121326.1672438167
118916.2681156186 115292.5413787776
120964.2930458246 116499.2665517854
120554.6880597834 119717.2003464729

112362.5883389593 114085.8162057697
123831.5279481130 121326.1672438167
118916.2681156186 115292.5413787776
120964.2930458246 116499.2665517854
120554.6880597834 119717.2003464729

121783.5030179070 122532.8924168245
121783.5030179070 122130.6506924885
121783.5030179070 121728.4089681526
118916.2681156186 115292.5413787776
122602.7129899894 121326.1672438167

121373.8980318658 122532.8924168245
121783.5030179070 122130.6506924885
121783.5030179070 121728.4089681526
121783.5030179070 121326.1672438167
123831.5279481130 118510.4751734651

121783.5030179070 122532.8924168245
121783.5030179070 122130.6506924885
121783.5030179070 121728.4089681526
122193.1080039482 120923.9255194807
122602.7129899894 121326.1672438167

120554.6880597834 119717.2003464729
120554.6880597834 116499.2665517854
125879.5528783190 118108.2334491292
118916.2681156186 115292.5413787776
122602.7129899894 121326.1672438167

121783.5030179070 122532.8924168245
121783.5030179070 122130.6506924885
124650.7379201954 118510.4751734651
122193.1080039482 121728.4089681526
122602.7129899894 121326.1672438167

120554.6880597834 116499.2665517854
121783.5030179070 121326.1672438167
136119.6775293491 117303.7500004573
121783.5030179070 121728.4089681526
121783.5030179070 122130.6506924885

121373.8980318658 122532.8924168245
122602.7129899894 121326.1672438167
122193.1080039482 121728.4089681526
122602.7129899894 120923.9255194807
121783.5030179070 122130.6506924885

112772.1933250005 114085.8162057697
113181.7983110417 114488.0579301057
116458.6381993713 114890.2996544416
118916.2681156186 115292.5413787776
120554.6880597834 116499.2665517854

120554.6880597834 116499.2665517854
121783.5030179070 121326.1672438167
122193.1080039482 121728.4089681526
132023.6276689371 119314.9586221370
121783.5030179070 122130.6506924885

121783.5030179070 122532.8924168245
121783.5030179070 122130.6506924885
118916.2681156186 115292.5413787776
123012.3179760306 121728.4089681526
122602.7129899894 121326.1672438167

121783.5030179070 122532.8924168245
121783.5030179070 122130.6506924885
123831.5279481130 118510.4751734651
122193.1080039482 121728.4089681526
122602.7129899894 121326.1672438167

121373.8980318658 122532.8924168245
121783.5030179070 122130.6506924885
118916.2681156186 115292.5413787776
121783.5030179070 121326.1672438167
122193.1080039482 121728.4089681526

121373.8980318658 122532.8924168245
121783.5030179070 122130.6506924885
124241.1329341542 118510.4751734651
121783.5030179070 121326.1672438167
122193.1080039482 121728.4089681526

120964.2930458246 122130.6506924885
121783.5030179070 122130.6506924885
122193.1080039482 121728.4089681526
121783.5030179070 121326.1672438167
121373.8980318658 121728.4089681526

122193.1080039482 122532.8924168245
121783.5030179070 122130.6506924885
121373.8980318658 121728.4089681526
122193.1080039482 121728.4089681526
122602.7129899894 121326.1672438167

121783.5030179070 122532.8924168245
122602.7129899894 121326.1672438167
122193.1080039482 121728.4089681526
121783.5030179070 121728.4089681526
121783.5030179070 122130.6506924885

121373.8980318658 122130.6506924885
121783.5030179070 122130.6506924885
120964.2930458246 121728.4089681526
122193.1080039482 121728.4089681526
121783.5030179070 121728.4089681526

121373.8980318658 122532.8924168245
121783.5030179070 122130.6506924885
122193.1080039482 121728.4089681526
121783.5030179070 121326.1672438167
122193.1080039482 120923.9255194807

121373.8980318658 122532.8924168245
121783.5030179070 122130.6506924885
121783.5030179070 121728.4089681526
121783.5030179070 121326.1672438167
118916.2681156186 115292.5413787776

120964.2930458246 122130.6506924885
121783.5030179070 122130.6506924885
121373.8980318658 121728.4089681526
122193.1080039482 121728.4089681526
122602.7129899894 121326.1672438167

121373.8980318658 122532.8924168245
121783.5030179070 122130.6506924885
121783.5030179070 121728.4089681526
122193.1080039482 120923.9255194807
122602.7129899894 121326.1672438167

121373.8980318658 122532.8924168245
121783.5030179070 122130.6506924885
124650.7379201954 118510.4751734651
122193.1080039482 121728.4089681526
122602.7129899894 121326.1672438167

121783.5030179070 122532.8924168245
121783.5030179070 122130.6506924885
121783.5030179070 121326.1672438167
122193.1080039482 121728.4089681526
120964.2930458246 121728.4089681526

121373.8980318658 122130.6506924885
121783.5030179070 122130.6506924885
121783.5030179070 121728.4089681526
122193.1080039482 121728.4089681526
122602.7129899894 121326.1672438167

120964.2930458246 122130.6506924885
121783.5030179070 122130.6506924885
122602.7129899894 121326.1672438167
121783.5030179070 121728.4089681526
122193.1080039482 121728.4089681526

125879.5528783190 126957.5513845198
121783.5030179070 121326.1672438167
118097.0581435362 115292.5413787776
121783.5030179070 121728.4089681526
121783.5030179070 122130.6506924885

125879.5528783190 126957.5513845198
111952.9833529181 114890.2996544416
122602.7129899894 116499.2665517854
111952.9833529181 114085.8162057697
116049.0332133301 115292.5413787776

121783.5030179070 122532.8924168245
122602.7129899894 121326.1672438167
123012.3179760306 121728.4089681526
121783.5030179070 121728.4089681526
121783.5030179070 122130.6506924885

121373.8980318658 122532.8924168245
122193.1080039482 120923.9255194807
121783.5030179070 121326.1672438167
121783.5030179070 121728.4089681526
121783.5030179070 122130.6506924885

121783.5030179070 122532.8924168245
121783.5030179070 122130.6506924885
121783.5030179070 121326.1672438167
123012.3179760306 121728.4089681526
121783.5030179070 121728.4089681526

121783.5030179070 122532.8924168245
121783.5030179070 122130.6506924885
121373.8980318658 121728.4089681526
123012.3179760306 121728.4089681526
121783.5030179070 121326.1672438167

121373.8980318658 122532.8924168245
121783.5030179070 122130.6506924885
123831.5279481130 118510.4751734651
122193.1080039482 121728.4089681526
121783.5030179070 121326.1672438167

120964.2930458246 122130.6506924885
121783.5030179070 121326.1672438167
121783.5030179070 122130.6506924885
121783.5030179070 121728.4089681526
122193.1080039482 121728.4089681526

121783.5030179070 122532.8924168245
121783.5030179070 122130.6506924885
118916.2681156186 115292.5413787776
122193.1080039482 121728.4089681526
122602.7129899894 121326.1672438167

121373.8980318658 122532.8924168245
121783.5030179070 122130.6506924885
121783.5030179070 121728.4089681526
123012.3179760306 121728.4089681526
122602.7129899894 121326.1672438167

121373.8980318658 122532.8924168245
122602.7129899894 121326.1672438167
123012.3179760306 121728.4089681526
121373.8980318658 121728.4089681526
121783.5030179070 122130.6506924885

121783.5030179070 122532.8924168245
121783.5030179070 122130.6506924885
121783.5030179070 121326.1672438167
122193.1080039482 121728.4089681526
121783.5030179070 121728.4089681526

121373.8980318658 122532.8924168245
121783.5030179070 122130.6506924885
121783.5030179070 121728.4089681526
122193.1080039482 121728.4089681526
122602.7129899894 121326.1672438167

121373.8980318658 122130.6506924885
121783.5030179070 122130.6506924885
121783.5030179070 121326.1672438167
122193.1080039482 121728.4089681526
121783.5030179070 121728.4089681526

121373.8980318658 122532.8924168245
121783.5030179070 122130.6506924885
122193.1080039482 121728.4089681526
118916.2681156186 115292.5413787776
114001.0082831241 114890.2996544416

121373.8980318658 122532.8924168245
121783.5030179070 122130.6506924885
121783.5030179070 121326.1672438167
122193.1080039482 121728.4089681526
121783.5030179070 121728.4089681526

121373.8980318658 122532.8924168245
121783.5030179070 122130.6506924885
121783.5030179070 121728.4089681526
123012.3179760306 121728.4089681526
121783.5030179070 121326.1672438167

121783.5030179070 122532.8924168245
121783.5030179070 121326.1672438167
122193.1080039482 121728.4089681526
121373.8980318658 121728.4089681526
121783.5030179070 122130.6506924885

121373.8980318658 122532.8924168245
121783.5030179070 122130.6506924885
121373.8980318658 121728.4089681526
122193.1080039482 121728.4089681526
121783.5030179070 121326.1672438167

121373.8980318658 122532.8924168245
121783.5030179070 121326.1672438167
122193.1080039482 121728.4089681526
120964.2930458246 121728.4089681526
121783.5030179070 122130.6506924885

121373.8980318658 122130.6506924885
121783.5030179070 122130.6506924885
121373.8980318658 121728.4089681526
122602.7129899894 121326.1672438167
122193.1080039482 121728.4089681526

121373.8980318658 122532.8924168245
121783.5030179070 122130.6506924885
121373.8980318658 121728.4089681526
122193.1080039482 121728.4089681526
122602.7129899894 121326.1672438167

121783.5030179070 121326.1672438167
121373.8980318658 122130.6506924885
121783.5030179070 122130.6506924885
121373.8980318658 121728.4089681526
122193.1080039482 121728.4089681526

121783.5030179070 122532.8924168245
121783.5030179070 122130.6506924885
122602.7129899894 121326.1672438167
122193.1080039482 121728.4089681526
121373.8980318658 121728.4089681526

121783.5030179070 122532.8924168245
121783.5030179070 122130.6506924885
121373.8980318658 121728.4089681526
122602.7129899894 121326.1672438167
123012.3179760306 121728.4089681526

121373.8980318658 122130.6506924885
121783.5030179070 122130.6506924885
122193.1080039482 121728.4089681526
121783.5030179070 121728.4089681526
121373.8980318658 121728.4089681526

120964.2930458246 122130.6506924885
121373.8980318658 122130.6506924885
121783.5030179070 122130.6506924885
122193.1080039482 121728.4089681526
121783.5030179070 121728.4089681526

120964.2930458246 122130.6506924885
121783.5030179070 122130.6506924885
122193.1080039482 121728.4089681526
121783.5030179070 121728.4089681526
121373.8980318658 121728.4089681526

