81175216.1254083961 81440.4597940147
80630167.6860753149 51905.8162662387
82369401.2730242312 117223.3250762522
82375850.2103682905 117399.2964115143
82413512.8036124557 117888.8170806468
97917570.7177297026 189000.7526855469
81901981.8765969723 105238.5682708025
96470059.9372631758 187902.0789794922
80828088.7333279699 68603.3657859266
80738107.0572023541 60823.0552938879
80749387.8485165387 64379.9818275869
81331222.0754680037 89075.2917762995
97495782.4148876667 188470.9764404297
83735955.2755490243 134281.1194417179
84884396.1932142824 144184.3823607266
80961763.5629181415 76386.9495094717
81682689.6576810032 98195.6391650438
82026787.4798087925 109253.1038238108
80688072.2458070517 56997.3671265543
81178735.2569851130 84005.1829916239
82030699.7381544411 109674.4677371979
80876580.9655250013 69269.0798869133
97715046.9144057930 188751.4802246094
80814231.0526279509 68506.9241136014
80919407.0452064872 72717.6423682272
83650673.7341711223 132985.1559419930
80763305.6590536833 64486.6660316885
81368379.1881374717 89325.5760049522
80746232.8048286438 63635.8304818869
82191024.9273397923 113220.8158817291
81470915.3815907091 93113.5446381271
81429770.1155505776 89981.7126679122
81293681.8939898759 88281.5857095420
90464346.9431371391 158501.8307778239
81000264.7086721212 77007.5723036230
81156817.4543815702 81335.5143429041
81731638.8291247636 100878.3175708055
80725513.2626073360 60485.4273488224
80858753.5485694706 69173.5944679677
80989706.2455150336 76612.1688574851
82332389.1454391479 116760.7209197283
81738087.7664687783 101274.8975486457
80637326.5334397256 55813.0655983686
82199555.3193915486 113743.2675418854
97893655.8994300067 188841.3967285156
81039205.5781633258 77507.6244058311
81084861.3134178817 80731.8879556358
80673243.6127448231 56744.2158400808
80709116.0896990746 60358.1872633398
80942910.4295779914 73150.1201551855
80723033.9002362043 60464.8714674413
80898425.5146418661 72522.5509446561
80872611.2292694449 69258.4852674901
81575873.7817671895 96421.5753062218
81363030.6444455683 89170.9532022178
81426179.1326024234 89974.7662515342
81284558.5403960049 85852.4552163780
82365145.1414577067 117164.3015166819
82275579.9599994123 113904.8447906077
82542845.7134908587 118769.3801299632
85120917.9224257320 148284.0523681641
80652398.1518170238 56286.1751592550
81455284.4770204872 92766.9925951958
97141699.5359108448 188195.9407958984
81075429.0311076641 80564.9184732139
82761454.4056587368 121709.9632531404
80912283.1953418851 72618.9926169813
89576030.9095383883 157249.5036025047
80777200.9207590520 64610.6579750478
81109504.7784718722 81267.6199502647
80905322.0433095694 72588.8646925390
81679098.6747328192 98188.6927486658
80929965.5083635598 73113.0458143651
82013699.5766838342 108951.1253997087
97434686.4669444710 188412.9487304688
80841562.4069669098 68696.1123389304
80922998.0281546712 72724.5887846053
84460604.5527999848 141735.3506682217
80648607.3247539252 55950.3184613436
81989554.4721142650 106542.6357669830
81192746.0505630672 84674.4793915451
98171649.8456466496 189081.8549804688
81101357.4449725896 80904.4628709257
80841983.9950333387 68727.3577292860
80975621.2436181158 76483.3911817968
81104948.4279207736 80911.4092873037
81066226.5358613133 80201.7613938749
83409454.3526115566 129868.3580161631
80633024.2916149199 52247.2007329855
81467324.3986425549 93106.5982217491
80828126.3143333197 68630.9160569608
81088452.2963660806 80738.8343720138
84904641.9206711203 145144.1785490811
80952876.1385176182 73255.2928198874
81316334.7261221707 88991.2336029708
81454499.8697226793 90254.0564026535
80993297.2284631878 76619.1152738631
81179722.7853046805 84500.5634927452
81213798.5326689035 85203.2649697959
80915874.1782900095 72625.9390333593
83625927.7731221318 132867.4868613780
80997063.6907755733 76915.7350877225
80902016.4975900054 72529.4973610342
80845574.9779814631 68734.3041456640
80888993.2323316485 72355.5814622343
82601419.3595136404 121462.5838871002
81580449.7859749496 97138.6936807334
81911904.6372478306 105390.2621674240
80831717.2972814590 68637.8624733388
81228685.8820147663 85271.1593624353
90233155.1164478660 157687.3897447586
82800003.6028227955 125375.2618857920
80956751.9452426434 73373.4981492460
81027362.7338928729 77180.5939744413
81728047.8461766392 100871.3711544275
81342516.3942263573 89130.0833288431
81243571.1837212443 85349.0611120462
81314105.8772147298 88448.5551919639
81515491.3358122557 93689.1639599800
80733498.9362119287 60588.8634108007
81731655.1498678774 101267.9511322677
81006390.4234834164 77025.4270972311
80801844.3858130425 65146.3899696767
80852769.7793873101 69166.6480515897
80923068.9796958566 73058.2829392850
80886452.7449340969 69481.8632615507
82180724.0847586542 112648.0807421803
80780791.9037071913 64617.6043914258
82554672.0011549890 121320.9312992096
80696057.9194116592 59927.2816790342
80866627.4600873142 69251.5388511121
80936926.6603958607 73143.1737388074
81609688.7791043818 97291.4362393618
82331285.0265934169 114445.9690189362
83684759.4522293061 134038.6277440190
80944050.5102604777 73253.3743628561
82382374.1271560937 117553.9369144440
81014349.7105690241 77147.9008521140
80801224.2861043960 64950.9670265615
83402361.8939669877 129799.4351646006
83651916.2039581537 133236.6548626721
81147247.1607244462 81282.4247775674
82179057.7944654822 112556.9289958179
85148121.2340429574 148965.8373432457
85953465.3996701390 154739.3892058134
83537469.7959680706 132746.4174033701
80629060.4038671702 45606.9211822245
84275733.7569159120 137792.6720398664
81836711.7173793912 104897.2794524431
82053903.1293588281 109775.1431845129
84985141.2532705665 145547.5679951012
82315494.9342974275 114224.7961673737
85246563.7698436826 149256.3310393095
81418737.8813440204 89701.0503143966
81960068.1372527480 106433.5534915924
84421372.5338579118 139274.7884235680
81509136.3738356680 93467.4073090255
81395648.4649210870 89416.2225309312
82157929.7029004246 110571.0373498201
82419961.7409564704 118064.7884159088
84488235.8107621968 141798.0075092614
84110071.0331443846 136788.4255937338
82140151.2515458763 110453.5283409357
83662723.2749943584 133359.7660335600
81495858.2668927759 93432.5122729540
81608081.5843407810 97248.4295258224
81627391.3616846651 97486.9289154708
83492212.9084183127 132426.0429869890
82107788.9880737662 110324.9161969423
84289651.5674530417 137885.3295105696
81696378.7076624483 100774.9684172869
81924284.3128966838 106201.3469486237
81495218.5632985234 93364.6178803146
81873516.4846380353 104976.1938114166
84798429.7315784395 143265.1839523315
83788357.5408860445 134311.6808096170
85003559.8573931903 147975.6535053551
82119528.3239554912 110424.3334310949
95188244.7148606330 186026.2227783203
82076771.9428932071 110114.0249473155
82101459.7458814979 110323.6579837799
81900456.7543773055 105212.5529422760
81594163.7738036215 97145.6400971115
94850144.6101393700 182962.5740966797
90011355.6848803312 157496.2498798668
81553018.5077634901 94013.8081268966
88833671.0600678176 155071.6575947106
81750899.0713014156 101277.4748332202
85579119.8296741396 150597.2360859215
81912366.0187482238 105879.3690756261
82371594.0788017213 117340.2728519440
81160704.1827601641 81364.4131812155
83840223.9994536787 134591.7788861096
81569420.7955443263 94023.3318278491
82282028.8973434269 114080.8161258698
81811818.3057583570 102240.3698978424
82270110.6031949669 113758.8382528722
81654222.0677259564 97919.9324378967
81385664.4506177604 89397.7939164937
81676526.9557441473 98119.3170758486
81751474.7385486960 101656.3825931549
81273408.6359653324 85453.8996549547
81781461.6107711643 102079.0359134674
81415573.4766319841 89540.3213232756
81693793.0933114886 98294.2013950348
82300097.4754174203 114181.4915731847
95482192.6296794713 186170.9525146484
81942352.8909706771 106302.0223959386
81657994.9027180672 98102.6882486939
81535755.0737623721 93915.1742716432
81628008.0304955989 97680.0349283814
82501665.3675629497 118217.2392174006
82458420.8258784115 118194.6587730646
82653796.2549727410 121695.2436729670
84948342.2403186709 145517.2077656090
82152934.2507953942 110453.5656966418
90863415.3750137687 160012.7553923428
82939208.7150183767 126675.8007756770
81174616.7781324387 81373.9368821681
83068969.6667163372 129674.3591804504
83062625.8871811479 128803.6638174057
93761638.1298612356 178583.0530395508
81829886.8838323057 102341.0453451574
84501180.3563721478 142134.3958759606
83421778.2820564657 130923.6934194267
82836220.5500866771 125777.7995767593
82953563.4945819080 126888.5253458023
83304435.3375612497 129798.0888662040
97046972.2662769109 187934.9775390625
91907428.4251450151 170435.9244213104
95812303.2447974384 186886.1722412109
82761920.3520528525 122815.0952091515
81569514.7197512984 94221.6070288420
83016911.8757848293 128266.8167347014
85338955.7841085941 149394.5975971520
82857504.2558535337 125797.0417423546
89020591.3082791269 155778.2289813459
81513552.4620510191 93589.3206720650
81425347.2984493673 89766.8582495451
96019274.2491295189 187600.5910644531
94416206.7746399343 180601.3690185547
81910901.3627281189 105336.5069311857
82621587.3423358500 121674.7307071984
84024585.6762855649 134979.3287181854
91640795.0963120461 164529.8471679688
81448922.7895118594 90072.2116918564
84080718.4211194813 135477.7225377560
90870032.6775809973 162723.1914825439
81422070.0126867145 89731.6285707057
94270870.6217952669 179847.3555908203
94590045.8410060555 181322.6687011719
93289094.1818306595 175999.1671752930
93050582.3840946555 175042.6157875061
