11367991.6735234894 181005.7890625000
11367351.4183203485 180988.5922851562
12514896.4941722173 181051.3234863281
10925242.0731498227 180958.3251953125
10423756.6615672912 180935.8522949219
10223387.0288400799 180906.5725097656
9941599.1353538968 170969.4382324219
10977468.0014169849 180962.9545898438
9978549.4295395240 174499.3237304688
12506113.6969519462 181027.2314453125
10050002.7226484548 178513.2835693359
9918213.5039130934 167312.4773254395
10075395.0527970660 180903.5302734375
9990993.2656033896 177091.4756469727
9931297.5951800998 170365.6784362793
10014843.2002314944 178033.0300292969
9990286.6980011892 177062.5759887695
10044089.0705316812 178037.6867675781
9977826.5936468076 174314.1906127930
9935653.1821884699 170371.8200378418
9978533.1612490080 174343.1039428711
9949703.6526999101 173256.5252685547
9930591.0275778975 170336.8410339355
9954059.2397082802 173717.8695068359
9937243.5483455285 170506.5849609375
9954699.4949114192 173984.6208496094
9894363.5692849904 166992.1455383301
