121521.8401926339 122017.8726389364
121808.2477921280 121803.5943371874
121736.6458922545 121946.4465383534
121808.2477921280 121946.4465383534
121879.8496920015 121946.4465383534
122166.2572914956 121946.4465383534
121736.6458922545 121875.0204377704
121808.2477921280 121875.0204377704
121879.8496920015 121875.0204377704
121951.4515918750 121875.0204377704
122023.0534917486 121875.0204377704
122094.6553916221 121875.0204377704
122166.2572914956 121875.0204377704
121951.4515918750 121803.5943371874
122023.0534917486 121803.5943371874

121307.0344930133 122017.8726389364
121593.4420925074 122017.8726389364
121879.8496920015 122017.8726389364
120949.0249936457 121946.4465383534
121521.8401926339 121946.4465383534
121808.2477921280 121946.4465383534
121879.8496920015 121946.4465383534
121951.4515918750 121946.4465383534
122237.8591913691 121946.4465383534
121879.8496920015 121875.0204377704
121951.4515918750 121875.0204377704
122094.6553916221 121875.0204377704
122237.8591913691 121875.0204377704
122524.2667908633 121875.0204377704
121951.4515918750 121803.5943371874

121307.0344930133 122017.8726389364
121593.4420925074 122017.8726389364
121879.8496920015 122017.8726389364
122237.8591913691 122017.8726389364
121521.8401926339 121946.4465383534
121593.4420925074 121946.4465383534
121879.8496920015 121946.4465383534
121951.4515918750 121946.4465383534
121879.8496920015 121875.0204377704
121951.4515918750 121875.0204377704
122094.6553916221 121875.0204377704
122237.8591913691 121875.0204377704
122524.2667908633 121875.0204377704
121951.4515918750 121803.5943371874
121808.2477921280 121946.4465383534

121521.8401926339 122017.8726389364
121808.2477921280 122017.8726389364
121736.6458922545 121946.4465383534
121808.2477921280 121946.4465383534
121879.8496920015 121946.4465383534
122023.0534917486 121946.4465383534
122094.6553916221 121946.4465383534
121736.6458922545 121875.0204377704
121951.4515918750 121803.5943371874
121879.8496920015 121803.5943371874
122094.6553916221 121875.0204377704
122023.0534917486 121875.0204377704
121951.4515918750 121875.0204377704
121879.8496920015 121875.0204377704
121808.2477921280 121875.0204377704

121307.0344930133 122017.8726389364
121593.4420925074 122017.8726389364
122810.6743903574 121660.7421360213
122237.8591913691 122017.8726389364
121808.2477921280 121946.4465383534
121879.8496920015 121946.4465383534
121951.4515918750 121946.4465383534
121879.8496920015 121875.0204377704
121951.4515918750 121875.0204377704
122094.6553916221 121875.0204377704
122237.8591913691 121875.0204377704
122524.2667908633 121875.0204377704
121951.4515918750 121803.5943371874
122023.0534917486 121803.5943371874
121307.0344930133 121732.1682366043

121593.4420925074 122089.2987395194
121307.0344930133 122017.8726389364
121593.4420925074 122017.8726389364
121879.8496920015 122017.8726389364
121951.4515918750 122017.8726389364
122237.8591913691 122017.8726389364
121521.8401926339 121946.4465383534
121593.4420925074 121946.4465383534
121951.4515918750 121946.4465383534
121879.8496920015 121875.0204377704
122237.8591913691 121803.5943371874
122094.6553916221 121875.0204377704
122237.8591913691 121875.0204377704
122524.2667908633 121875.0204377704
121951.4515918750 121803.5943371874

121307.0344930133 122017.8726389364
121593.4420925074 122017.8726389364
121879.8496920015 122017.8726389364
122237.8591913691 122017.8726389364
121593.4420925074 121946.4465383534
121808.2477921280 121946.4465383534
121879.8496920015 121946.4465383534
121879.8496920015 121875.0204377704
121951.4515918750 121875.0204377704
122094.6553916221 121875.0204377704
122237.8591913691 121875.0204377704
122524.2667908633 121875.0204377704
121951.4515918750 121803.5943371874
122023.0534917486 121803.5943371874
121951.4515918750 121946.4465383534

121235.4325931398 122303.5770412685
121235.4325931398 122017.8726389364
121593.4420925074 122017.8726389364
121879.8496920015 122017.8726389364
122237.8591913691 122017.8726389364
120949.0249936457 121946.4465383534
121521.8401926339 121946.4465383534
121879.8496920015 121946.4465383534
121665.0439923809 121875.0204377704
120089.8021951634 122089.2987395194
122023.0534917486 121875.0204377704
122094.6553916221 121875.0204377704
122166.2572914956 121875.0204377704
122524.2667908633 121875.0204377704
122882.2762902309 121660.7421360213

121736.6458922545 122017.8726389364
121736.6458922545 121946.4465383534
121808.2477921280 121946.4465383534
121879.8496920015 121946.4465383534
121951.4515918750 121946.4465383534
122023.0534917486 121946.4465383534
122166.2572914956 121946.4465383534
121808.2477921280 121875.0204377704
121879.8496920015 121875.0204377704
121951.4515918750 121875.0204377704
121951.4515918750 121803.5943371874
121879.8496920015 121803.5943371874
122094.6553916221 121875.0204377704
122023.0534917486 121875.0204377704
121736.6458922545 121875.0204377704

121307.0344930133 122017.8726389364
121593.4420925074 122017.8726389364
121879.8496920015 122017.8726389364
122237.8591913691 122017.8726389364
121521.8401926339 121946.4465383534
121593.4420925074 121946.4465383534
121879.8496920015 121946.4465383534
121951.4515918750 121946.4465383534
121879.8496920015 121875.0204377704
121951.4515918750 121875.0204377704
122094.6553916221 121875.0204377704
122237.8591913691 121875.0204377704
121879.8496920015 121803.5943371874
121951.4515918750 121803.5943371874
122524.2667908633 121875.0204377704

121235.4325931398 122303.5770412685
121235.4325931398 122017.8726389364
121593.4420925074 122017.8726389364
121879.8496920015 122017.8726389364
122237.8591913691 122017.8726389364
120949.0249936457 121946.4465383534
121521.8401926339 121946.4465383534
121879.8496920015 121946.4465383534
121736.6458922545 121875.0204377704
122094.6553916221 121875.0204377704
122524.2667908633 121875.0204377704
121951.4515918750 121803.5943371874
122882.2762902309 121660.7421360213
122166.2572914956 121875.0204377704
122023.0534917486 121875.0204377704

121951.4515918750 121803.5943371874
122237.8591913691 121875.0204377704
122166.2572914956 121875.0204377704
122094.6553916221 121875.0204377704
122023.0534917486 121875.0204377704
121951.4515918750 121875.0204377704
121879.8496920015 121875.0204377704
121808.2477921280 121875.0204377704
121736.6458922545 121875.0204377704
121879.8496920015 121946.4465383534
121808.2477921280 121946.4465383534
121736.6458922545 121946.4465383534
121951.4515918750 121946.4465383534
121808.2477921280 122017.8726389364
121521.8401926339 122017.8726389364

121235.4325931398 122017.8726389364
121593.4420925074 122017.8726389364
121879.8496920015 122017.8726389364
120949.0249936457 121946.4465383534
121521.8401926339 121946.4465383534
121808.2477921280 121946.4465383534
121879.8496920015 121946.4465383534
121665.0439923809 121875.0204377704
121736.6458922545 121875.0204377704
122023.0534917486 121875.0204377704
122094.6553916221 121875.0204377704
122166.2572914956 121875.0204377704
121951.4515918750 121803.5943371874
122524.2667908633 121875.0204377704
122237.8591913691 121875.0204377704

121521.8401926339 122017.8726389364
121808.2477921280 122017.8726389364
121736.6458922545 121946.4465383534
121808.2477921280 121946.4465383534
121879.8496920015 121946.4465383534
122166.2572914956 121946.4465383534
122023.0534917486 121803.5943371874
121951.4515918750 121803.5943371874
122166.2572914956 121875.0204377704
122094.6553916221 121875.0204377704
122023.0534917486 121875.0204377704
121951.4515918750 121875.0204377704
121879.8496920015 121875.0204377704
121808.2477921280 121875.0204377704
121736.6458922545 121875.0204377704

121235.4325931398 122303.5770412685
121235.4325931398 122017.8726389364
121593.4420925074 122017.8726389364
121879.8496920015 122017.8726389364
122237.8591913691 122017.8726389364
120949.0249936457 121946.4465383534
121521.8401926339 121946.4465383534
121879.8496920015 121946.4465383534
121736.6458922545 121875.0204377704
122094.6553916221 121875.0204377704
122524.2667908633 121875.0204377704
123097.0819898515 121589.3160354383
120662.6173941516 121660.7421360213
122882.2762902309 121660.7421360213
123669.8971888397 118232.2893080365

120591.0154942780 122160.7248401024
121235.4325931398 122017.8726389364
121593.4420925074 122017.8726389364
121879.8496920015 122017.8726389364
120949.0249936457 121946.4465383534
121521.8401926339 121946.4465383534
121808.2477921280 121946.4465383534
121665.0439923809 121875.0204377704
121736.6458922545 121875.0204377704
121951.4515918750 121875.0204377704
122094.6553916221 121875.0204377704
122166.2572914956 121875.0204377704
122524.2667908633 121875.0204377704
121951.4515918750 121803.5943371874
122882.2762902309 121660.7421360213

121736.6458922545 122017.8726389364
121736.6458922545 121946.4465383534
121808.2477921280 121946.4465383534
121879.8496920015 121946.4465383534
121951.4515918750 121946.4465383534
122023.0534917486 121946.4465383534
122094.6553916221 121946.4465383534
121808.2477921280 121875.0204377704
121879.8496920015 121875.0204377704
121951.4515918750 121875.0204377704
122023.0534917486 121875.0204377704
122094.6553916221 121875.0204377704
121450.2382927604 121946.4465383534
121879.8496920015 121803.5943371874
121951.4515918750 121803.5943371874

120591.0154942780 122160.7248401024
121235.4325931398 122017.8726389364
121593.4420925074 122017.8726389364
121879.8496920015 122017.8726389364
120949.0249936457 121946.4465383534
121521.8401926339 121946.4465383534
121808.2477921280 121946.4465383534
121665.0439923809 121875.0204377704
121736.6458922545 121875.0204377704
121521.8401926339 121803.5943371874
122094.6553916221 121875.0204377704
122166.2572914956 121875.0204377704
122524.2667908633 121875.0204377704
121951.4515918750 121803.5943371874
123168.6838897250 121446.4638342723

121736.6458922545 122017.8726389364
121736.6458922545 121946.4465383534
121808.2477921280 121946.4465383534
121879.8496920015 121946.4465383534
121450.2382927604 121946.4465383534
122023.0534917486 121946.4465383534
121808.2477921280 121875.0204377704
121879.8496920015 121875.0204377704
121951.4515918750 121875.0204377704
122023.0534917486 121875.0204377704
122094.6553916221 121875.0204377704
122166.2572914956 121875.0204377704
121879.8496920015 121803.5943371874
121951.4515918750 121803.5943371874
122023.0534917486 121803.5943371874

121307.0344930133 122017.8726389364
121593.4420925074 122017.8726389364
121879.8496920015 122017.8726389364
122237.8591913691 122017.8726389364
121808.2477921280 121946.4465383534
121879.8496920015 121946.4465383534
121593.4420925074 121946.4465383534
121879.8496920015 121875.0204377704
121951.4515918750 121875.0204377704
122094.6553916221 121875.0204377704
122237.8591913691 121875.0204377704
122524.2667908633 121875.0204377704
121951.4515918750 121803.5943371874
122023.0534917486 121803.5943371874
121307.0344930133 121732.1682366043

121593.4420925074 122017.8726389364
121879.8496920015 122017.8726389364
122237.8591913691 122017.8726389364
121521.8401926339 121946.4465383534
121808.2477921280 121946.4465383534
121879.8496920015 121946.4465383534
121951.4515918750 121946.4465383534
122023.0534917486 121803.5943371874
121951.4515918750 121803.5943371874
122166.2572914956 121875.0204377704
122094.6553916221 121875.0204377704
122023.0534917486 121875.0204377704
121951.4515918750 121875.0204377704
121879.8496920015 121875.0204377704
121808.2477921280 121875.0204377704

121307.0344930133 122017.8726389364
121593.4420925074 122017.8726389364
121879.8496920015 122017.8726389364
122237.8591913691 122017.8726389364
122023.0534917486 121803.5943371874
121808.2477921280 121946.4465383534
121879.8496920015 121946.4465383534
121951.4515918750 121946.4465383534
121879.8496920015 121875.0204377704
121951.4515918750 121875.0204377704
122094.6553916221 121875.0204377704
122237.8591913691 121875.0204377704
122524.2667908633 121875.0204377704
121951.4515918750 121803.5943371874
121307.0344930133 121732.1682366043

121307.0344930133 122017.8726389364
121593.4420925074 122017.8726389364
121879.8496920015 122017.8726389364
122237.8591913691 122017.8726389364
121665.0439923809 121946.4465383534
121808.2477921280 121946.4465383534
121879.8496920015 121946.4465383534
121951.4515918750 121946.4465383534
121879.8496920015 121875.0204377704
121951.4515918750 121875.0204377704
121951.4515918750 121803.5943371874
122524.2667908633 121875.0204377704
122166.2572914956 121875.0204377704
122094.6553916221 121875.0204377704
122023.0534917486 121875.0204377704

121307.0344930133 122017.8726389364
121593.4420925074 122017.8726389364
121879.8496920015 122017.8726389364
121951.4515918750 122017.8726389364
122237.8591913691 122017.8726389364
121808.2477921280 121946.4465383534
121879.8496920015 121946.4465383534
121951.4515918750 121946.4465383534
121879.8496920015 121875.0204377704
121951.4515918750 121875.0204377704
122094.6553916221 121875.0204377704
122237.8591913691 121875.0204377704
122524.2667908633 121875.0204377704
121951.4515918750 121803.5943371874
121879.8496920015 121803.5943371874

121593.4420925074 122089.2987395194
121307.0344930133 122017.8726389364
121593.4420925074 122017.8726389364
121879.8496920015 122017.8726389364
121951.4515918750 122017.8726389364
122237.8591913691 122017.8726389364
121307.0344930133 121732.1682366043
121951.4515918750 121803.5943371874
122524.2667908633 121875.0204377704
122237.8591913691 121875.0204377704
122094.6553916221 121875.0204377704
121951.4515918750 121875.0204377704
121879.8496920015 121875.0204377704
121951.4515918750 121946.4465383534
121879.8496920015 121946.4465383534

121593.4420925074 122089.2987395194
121307.0344930133 122017.8726389364
121593.4420925074 122017.8726389364
121879.8496920015 122017.8726389364
121951.4515918750 122017.8726389364
122237.8591913691 122017.8726389364
121951.4515918750 121803.5943371874
122524.2667908633 121875.0204377704
122237.8591913691 121875.0204377704
122094.6553916221 121875.0204377704
121951.4515918750 121875.0204377704
121879.8496920015 121875.0204377704
121951.4515918750 121946.4465383534
121879.8496920015 121946.4465383534
121808.2477921280 121946.4465383534

121307.0344930133 122017.8726389364
121593.4420925074 122017.8726389364
121879.8496920015 122017.8726389364
122237.8591913691 122017.8726389364
121951.4515918750 121803.5943371874
122524.2667908633 121875.0204377704
122237.8591913691 121875.0204377704
122094.6553916221 121875.0204377704
121951.4515918750 121875.0204377704
121879.8496920015 121875.0204377704
121951.4515918750 121946.4465383534
121879.8496920015 121946.4465383534
121521.8401926339 121946.4465383534
120949.0249936457 121946.4465383534
121235.4325931398 122017.8726389364

121235.4325931398 122017.8726389364
121593.4420925074 122017.8726389364
121879.8496920015 122017.8726389364
122237.8591913691 122017.8726389364
120949.0249936457 121946.4465383534
121521.8401926339 121946.4465383534
121307.0344930133 122232.1509406855
121879.8496920015 121946.4465383534
121951.4515918750 121946.4465383534
121879.8496920015 121875.0204377704
121951.4515918750 121875.0204377704
122094.6553916221 121875.0204377704
122237.8591913691 121875.0204377704
122524.2667908633 121875.0204377704
121951.4515918750 121803.5943371874

121521.8401926339 122017.8726389364
121808.2477921280 122017.8726389364
121235.4325931398 121946.4465383534
121808.2477921280 121946.4465383534
121879.8496920015 121946.4465383534
122166.2572914956 121946.4465383534
121736.6458922545 121875.0204377704
121808.2477921280 121875.0204377704
121879.8496920015 121875.0204377704
121951.4515918750 121875.0204377704
122023.0534917486 121875.0204377704
122094.6553916221 121875.0204377704
122166.2572914956 121875.0204377704
122237.8591913691 121875.0204377704
121951.4515918750 121803.5943371874

121235.4325931398 122303.5770412685
121235.4325931398 122017.8726389364
121593.4420925074 122017.8726389364
121879.8496920015 122017.8726389364
122237.8591913691 122017.8726389364
120949.0249936457 121946.4465383534
121521.8401926339 121946.4465383534
121879.8496920015 121946.4465383534
121736.6458922545 121875.0204377704
122094.6553916221 121875.0204377704
122524.2667908633 121875.0204377704
121951.4515918750 121803.5943371874
120662.6173941516 121660.7421360213
122882.2762902309 121660.7421360213
123240.2857895985 121589.3160354383

121235.4325931398 122303.5770412685
121235.4325931398 122017.8726389364
121593.4420925074 122017.8726389364
121951.4515918750 121803.5943371874
122524.2667908633 121875.0204377704
122237.8591913691 121875.0204377704
122094.6553916221 121875.0204377704
121951.4515918750 121875.0204377704
121879.8496920015 121875.0204377704
121951.4515918750 121946.4465383534
121879.8496920015 121946.4465383534
121808.2477921280 121946.4465383534
121521.8401926339 121946.4465383534
120949.0249936457 121946.4465383534
122237.8591913691 122017.8726389364

121521.8401926339 122017.8726389364
121808.2477921280 122017.8726389364
122237.8591913691 122017.8726389364
121736.6458922545 121946.4465383534
121808.2477921280 121946.4465383534
121879.8496920015 121946.4465383534
122023.0534917486 121803.5943371874
121951.4515918750 121803.5943371874
122166.2572914956 121875.0204377704
122094.6553916221 121875.0204377704
122023.0534917486 121875.0204377704
121951.4515918750 121875.0204377704
121879.8496920015 121875.0204377704
121808.2477921280 121875.0204377704
121736.6458922545 121875.0204377704

121235.4325931398 122017.8726389364
121593.4420925074 122017.8726389364
121879.8496920015 122017.8726389364
122237.8591913691 122017.8726389364
120949.0249936457 121946.4465383534
121521.8401926339 121946.4465383534
121808.2477921280 121946.4465383534
121879.8496920015 121946.4465383534
121951.4515918750 121946.4465383534
121521.8401926339 122232.1509406855
121951.4515918750 121875.0204377704
122094.6553916221 121875.0204377704
122237.8591913691 121875.0204377704
122524.2667908633 121875.0204377704
121951.4515918750 121803.5943371874

122524.2667908633 121875.0204377704
121951.4515918750 121803.5943371874
122882.2762902309 121660.7421360213
122166.2572914956 121875.0204377704
122094.6553916221 121875.0204377704
122023.0534917486 121875.0204377704
121951.4515918750 121875.0204377704
121736.6458922545 121875.0204377704
121665.0439923809 121875.0204377704
121808.2477921280 121946.4465383534
121521.8401926339 121946.4465383534
120949.0249936457 121946.4465383534
121879.8496920015 122017.8726389364
121593.4420925074 122017.8726389364
121235.4325931398 122017.8726389364

121593.4420925074 122017.8726389364
121879.8496920015 122017.8726389364
122237.8591913691 122017.8726389364
121521.8401926339 121946.4465383534
121808.2477921280 121946.4465383534
121879.8496920015 121946.4465383534
121951.4515918750 121946.4465383534
121808.2477921280 121875.0204377704
121879.8496920015 121875.0204377704
121951.4515918750 121875.0204377704
121235.4325931398 122017.8726389364
122094.6553916221 121875.0204377704
122166.2572914956 121875.0204377704
122237.8591913691 121875.0204377704
121951.4515918750 121803.5943371874

121235.4325931398 122303.5770412685
120089.8021951634 122160.7248401024
121593.4420925074 122017.8726389364
121879.8496920015 122017.8726389364
122237.8591913691 122017.8726389364
120949.0249936457 121946.4465383534
121521.8401926339 121946.4465383534
121879.8496920015 121946.4465383534
121736.6458922545 121875.0204377704
122094.6553916221 121875.0204377704
122524.2667908633 121875.0204377704
121951.4515918750 121803.5943371874
120662.6173941516 121660.7421360213
122882.2762902309 121660.7421360213
123669.8971888397 118232.2893080365

121235.4325931398 122303.5770412685
121235.4325931398 122017.8726389364
121593.4420925074 122017.8726389364
121879.8496920015 122017.8726389364
122237.8591913691 122017.8726389364
120949.0249936457 121946.4465383534
121521.8401926339 121946.4465383534
121879.8496920015 121946.4465383534
121665.0439923809 121875.0204377704
121736.6458922545 121875.0204377704
121593.4420925074 121946.4465383534
122094.6553916221 121875.0204377704
122166.2572914956 121875.0204377704
122524.2667908633 121875.0204377704
122882.2762902309 121660.7421360213

121593.4420925074 122089.2987395194
121307.0344930133 122017.8726389364
121593.4420925074 122017.8726389364
121879.8496920015 122017.8726389364
121951.4515918750 122017.8726389364
122237.8591913691 122017.8726389364
121521.8401926339 121946.4465383534
121593.4420925074 121946.4465383534
121951.4515918750 121946.4465383534
121879.8496920015 121875.0204377704
121951.4515918750 121875.0204377704
122094.6553916221 121875.0204377704
122237.8591913691 121875.0204377704
122524.2667908633 121875.0204377704
121951.4515918750 121803.5943371874

121736.6458922545 122017.8726389364
121736.6458922545 121946.4465383534
121808.2477921280 121946.4465383534
121879.8496920015 121946.4465383534
121736.6458922545 121875.0204377704
122023.0534917486 121946.4465383534
122094.6553916221 121946.4465383534
121808.2477921280 121875.0204377704
121879.8496920015 121875.0204377704
121951.4515918750 121875.0204377704
122023.0534917486 121875.0204377704
122094.6553916221 121875.0204377704
122166.2572914956 121875.0204377704
121879.8496920015 121803.5943371874
121951.4515918750 121803.5943371874

121951.4515918750 121803.5943371874
119302.1812965546 121375.0377336893
124457.5180874485 121232.1855325232
124887.1294866896 120089.3679231949
123669.8971888397 118232.2893080365
122882.2762902309 121660.7421360213
120662.6173941516 121660.7421360213
122524.2667908633 121875.0204377704
122094.6553916221 121875.0204377704
120591.0154942780 121017.9072307742
121879.8496920015 121946.4465383534
121521.8401926339 121946.4465383534
120949.0249936457 121946.4465383534
122237.8591913691 122017.8726389364
121879.8496920015 122017.8726389364

121951.4515918750 121803.5943371874
119302.1812965546 121375.0377336893
124457.5180874485 121232.1855325232
124887.1294866896 120089.3679231949
123669.8971888397 118232.2893080365
122882.2762902309 121660.7421360213
120662.6173941516 121660.7421360213
122524.2667908633 121875.0204377704
122094.6553916221 121875.0204377704
121736.6458922545 121875.0204377704
121879.8496920015 121946.4465383534
121521.8401926339 121946.4465383534
120949.0249936457 121946.4465383534
122237.8591913691 122017.8726389364
121879.8496920015 122017.8726389364

121235.4325931398 122303.5770412685
121235.4325931398 122017.8726389364
121593.4420925074 122017.8726389364
121879.8496920015 122017.8726389364
122237.8591913691 122017.8726389364
120949.0249936457 121946.4465383534
121521.8401926339 121946.4465383534
121879.8496920015 121946.4465383534
119373.7831964281 115375.2452847158
122094.6553916221 121875.0204377704
122524.2667908633 121875.0204377704
121951.4515918750 121803.5943371874
120662.6173941516 121660.7421360213
122882.2762902309 121660.7421360213
123669.8971888397 118232.2893080365

121736.6458922545 122017.8726389364
121879.8496920015 122017.8726389364
121808.2477921280 121946.4465383534
121879.8496920015 121946.4465383534
121951.4515918750 121946.4465383534
122023.0534917486 121946.4465383534
122094.6553916221 121946.4465383534
122166.2572914956 121946.4465383534
121808.2477921280 121875.0204377704
121879.8496920015 121875.0204377704
121951.4515918750 121875.0204377704
122023.0534917486 121875.0204377704
122094.6553916221 121875.0204377704
121879.8496920015 121803.5943371874
121951.4515918750 121803.5943371874

121736.6458922545 122017.8726389364
121736.6458922545 121946.4465383534
121808.2477921280 121946.4465383534
121879.8496920015 121946.4465383534
121951.4515918750 121946.4465383534
122023.0534917486 121946.4465383534
122094.6553916221 121946.4465383534
121808.2477921280 121875.0204377704
121879.8496920015 121875.0204377704
121951.4515918750 121875.0204377704
122023.0534917486 121875.0204377704
122094.6553916221 121875.0204377704
122023.0534917486 121803.5943371874
121951.4515918750 121803.5943371874
121879.8496920015 121803.5943371874

120591.0154942780 122160.7248401024
120089.8021951634 122017.8726389364
121235.4325931398 122017.8726389364
121593.4420925074 122017.8726389364
121879.8496920015 122017.8726389364
120949.0249936457 121946.4465383534
121521.8401926339 121946.4465383534
121808.2477921280 121946.4465383534
121665.0439923809 121875.0204377704
121736.6458922545 121875.0204377704
121951.4515918750 121875.0204377704
122094.6553916221 121875.0204377704
122166.2572914956 121875.0204377704
122524.2667908633 121875.0204377704
123240.2857895985 121732.1682366043

120591.0154942780 122160.7248401024
120089.8021951634 122017.8726389364
121235.4325931398 122017.8726389364
121593.4420925074 122017.8726389364
121879.8496920015 122017.8726389364
120949.0249936457 121946.4465383534
121521.8401926339 121946.4465383534
121808.2477921280 121946.4465383534
121665.0439923809 121875.0204377704
121736.6458922545 121875.0204377704
121951.4515918750 121875.0204377704
122810.6743903574 121446.4638342723
122166.2572914956 121875.0204377704
122524.2667908633 121875.0204377704
121951.4515918750 121803.5943371874

121521.8401926339 122017.8726389364
121808.2477921280 122017.8726389364
121736.6458922545 121946.4465383534
121808.2477921280 121946.4465383534
121879.8496920015 121946.4465383534
122023.0534917486 121946.4465383534
122094.6553916221 121946.4465383534
121808.2477921280 121875.0204377704
121879.8496920015 121875.0204377704
121951.4515918750 121875.0204377704
122023.0534917486 121875.0204377704
122094.6553916221 121875.0204377704
122166.2572914956 121875.0204377704
122381.0629911162 121946.4465383534
121951.4515918750 121803.5943371874

121593.4420925074 122089.2987395194
122882.2762902309 121660.7421360213
122524.2667908633 121875.0204377704
122166.2572914956 121875.0204377704
122094.6553916221 121875.0204377704
122023.0534917486 121875.0204377704
121736.6458922545 121875.0204377704
121665.0439923809 121875.0204377704
121879.8496920015 121946.4465383534
121521.8401926339 121946.4465383534
120949.0249936457 121946.4465383534
122237.8591913691 122017.8726389364
121879.8496920015 122017.8726389364
121593.4420925074 122017.8726389364
121235.4325931398 122017.8726389364

120591.0154942780 122160.7248401024
121235.4325931398 122017.8726389364
121593.4420925074 122017.8726389364
121879.8496920015 122017.8726389364
120949.0249936457 121946.4465383534
121521.8401926339 121946.4465383534
121808.2477921280 121946.4465383534
121665.0439923809 121875.0204377704
123168.6838897250 121589.3160354383
121951.4515918750 121875.0204377704
122023.0534917486 121875.0204377704
122094.6553916221 121875.0204377704
122166.2572914956 121875.0204377704
122524.2667908633 121875.0204377704
121951.4515918750 121803.5943371874

121521.8401926339 122017.8726389364
121808.2477921280 122017.8726389364
122237.8591913691 122017.8726389364
121736.6458922545 121946.4465383534
121808.2477921280 121946.4465383534
121879.8496920015 121946.4465383534
122023.0534917486 121803.5943371874
121951.4515918750 121803.5943371874
122237.8591913691 121875.0204377704
122094.6553916221 121875.0204377704
122023.0534917486 121875.0204377704
121951.4515918750 121875.0204377704
121879.8496920015 121875.0204377704
121808.2477921280 121875.0204377704
121951.4515918750 121946.4465383534

122524.2667908633 121875.0204377704
122882.2762902309 121660.7421360213
119302.1812965546 121375.0377336893
123669.8971888397 121303.6116331062
120591.0154942780 121232.1855325232
122094.6553916221 120875.0550296081
124171.1104879544 119732.2374202799
125889.5560849190 118517.9937103686
131617.7080748011 117946.5849057044
125531.5465855514 117803.7327045384
122667.4705906103 116018.0801899629
131975.7175741688 117732.3066039554
121235.4325931398 118303.7154086195
115936.8920024988 117303.7500004573
133837.3669708805 116803.7672963761

121235.4325931398 122303.5770412685
121235.4325931398 122017.8726389364
121593.4420925074 122017.8726389364
121879.8496920015 122017.8726389364
122237.8591913691 122017.8726389364
120949.0249936457 121946.4465383534
121521.8401926339 121946.4465383534
124529.1199873220 118160.8632074535
121736.6458922545 121875.0204377704
122094.6553916221 121875.0204377704
122524.2667908633 121875.0204377704
121951.4515918750 121803.5943371874
120662.6173941516 121660.7421360213
122882.2762902309 121660.7421360213
123669.8971888397 118232.2893080365

122237.8591913691 121875.0204377704
122524.2667908633 121875.0204377704
122882.2762902309 121660.7421360213
120591.0154942780 121232.1855325232
119015.7736970604 120946.4811301911
124171.1104879544 119732.2374202799
124529.1199873220 118660.8459115346
125889.5560849190 118517.9937103686
123669.8971888397 121303.6116331062
125531.5465855514 117803.7327045384
130257.2719772041 117803.7327045384
131975.7175741688 117732.3066039554
136343.4334664539 117589.4544027893
133837.3669708805 116803.7672963761
120161.4040950369 117589.4544027893

122237.8591913691 121875.0204377704
122524.2667908633 121875.0204377704
120591.0154942780 121232.1855325232
119015.7736970604 120946.4811301911
124529.1199873220 118660.8459115346
125889.5560849190 118517.9937103686
123669.8971888397 118232.2893080365
122882.2762902309 121660.7421360213
120662.6173941516 121660.7421360213
121951.4515918750 121803.5943371874
122094.6553916221 121875.0204377704
121736.6458922545 121875.0204377704
121879.8496920015 121946.4465383534
121521.8401926339 121946.4465383534
120949.0249936457 121946.4465383534

120734.2192940251 122160.7248401024
121307.0344930133 122017.8726389364
121593.4420925074 122017.8726389364
121879.8496920015 122017.8726389364
121951.4515918750 122017.8726389364
122237.8591913691 122017.8726389364
121020.6268935192 122232.1509406855
121879.8496920015 121946.4465383534
121951.4515918750 121946.4465383534
121879.8496920015 121875.0204377704
121951.4515918750 121875.0204377704
122094.6553916221 121875.0204377704
122237.8591913691 121875.0204377704
122524.2667908633 121875.0204377704
121307.0344930133 121732.1682366043

121593.4420925074 122017.8726389364
121879.8496920015 122017.8726389364
121951.4515918750 122017.8726389364
122237.8591913691 122017.8726389364
121307.0344930133 121946.4465383534
121951.4515918750 121803.5943371874
122237.8591913691 121875.0204377704
122166.2572914956 121875.0204377704
122094.6553916221 121875.0204377704
122023.0534917486 121875.0204377704
121951.4515918750 121875.0204377704
121879.8496920015 121875.0204377704
121808.2477921280 121875.0204377704
121951.4515918750 121946.4465383534
121879.8496920015 121946.4465383534

121521.8401926339 122017.8726389364
121808.2477921280 122017.8726389364
121736.6458922545 121946.4465383534
121808.2477921280 121946.4465383534
121879.8496920015 121946.4465383534
122452.6648909897 121946.4465383534
122094.6553916221 121946.4465383534
121808.2477921280 121875.0204377704
121879.8496920015 121875.0204377704
121951.4515918750 121875.0204377704
122023.0534917486 121875.0204377704
122094.6553916221 121875.0204377704
122166.2572914956 121875.0204377704
121879.8496920015 121803.5943371874
121951.4515918750 121803.5943371874

121235.4325931398 122017.8726389364
121593.4420925074 122017.8726389364
121879.8496920015 122017.8726389364
122237.8591913691 122017.8726389364
120949.0249936457 121946.4465383534
121521.8401926339 121946.4465383534
121808.2477921280 121946.4465383534
121879.8496920015 121946.4465383534
121951.4515918750 121946.4465383534
122882.2762902309 121660.7421360213
122524.2667908633 121875.0204377704
122166.2572914956 121875.0204377704
122094.6553916221 121875.0204377704
122023.0534917486 121875.0204377704
121736.6458922545 121875.0204377704

121235.4325931398 122303.5770412685
121235.4325931398 122017.8726389364
121593.4420925074 122017.8726389364
121879.8496920015 122017.8726389364
122237.8591913691 122017.8726389364
120949.0249936457 121946.4465383534
121521.8401926339 121946.4465383534
120376.2097946575 122089.2987395194
121736.6458922545 121875.0204377704
122023.0534917486 121875.0204377704
122094.6553916221 121875.0204377704
122524.2667908633 121875.0204377704
120662.6173941516 121660.7421360213
122882.2762902309 121660.7421360213
124529.1199873220 118660.8459115346

121521.8401926339 122017.8726389364
121808.2477921280 122017.8726389364
121736.6458922545 121946.4465383534
121808.2477921280 121946.4465383534
121879.8496920015 121946.4465383534
121736.6458922545 121875.0204377704
121808.2477921280 121875.0204377704
121879.8496920015 121875.0204377704
121951.4515918750 121875.0204377704
122023.0534917486 121875.0204377704
122094.6553916221 121875.0204377704
122166.2572914956 121875.0204377704
122381.0629911162 121803.5943371874
121951.4515918750 121803.5943371874
122023.0534917486 121803.5943371874

121235.4325931398 122303.5770412685
121235.4325931398 122017.8726389364
121593.4420925074 122017.8726389364
121879.8496920015 122017.8726389364
122237.8591913691 122017.8726389364
120949.0249936457 121946.4465383534
121521.8401926339 121946.4465383534
121951.4515918750 121803.5943371874
122524.2667908633 121875.0204377704
122237.8591913691 121875.0204377704
122094.6553916221 121875.0204377704
121951.4515918750 121875.0204377704
121879.8496920015 121875.0204377704
121951.4515918750 121946.4465383534
121879.8496920015 121946.4465383534

121521.8401926339 122017.8726389364
121808.2477921280 122017.8726389364
121736.6458922545 121946.4465383534
121808.2477921280 121946.4465383534
121879.8496920015 121946.4465383534
122166.2572914956 121946.4465383534
121736.6458922545 121875.0204377704
121808.2477921280 121875.0204377704
121879.8496920015 121875.0204377704
121951.4515918750 121875.0204377704
122023.0534917486 121875.0204377704
122094.6553916221 121875.0204377704
122023.0534917486 121803.5943371874
121951.4515918750 121803.5943371874
122237.8591913691 121875.0204377704

121235.4325931398 122303.5770412685
121235.4325931398 122017.8726389364
121593.4420925074 122017.8726389364
121879.8496920015 122017.8726389364
122237.8591913691 122017.8726389364
120949.0249936457 121946.4465383534
121521.8401926339 121946.4465383534
121879.8496920015 121946.4465383534
121736.6458922545 121875.0204377704
120591.0154942780 122017.8726389364
122094.6553916221 121875.0204377704
122524.2667908633 121875.0204377704
120662.6173941516 121660.7421360213
122882.2762902309 121660.7421360213
124529.1199873220 118660.8459115346

121521.8401926339 122017.8726389364
121951.4515918750 121946.4465383534
121736.6458922545 121946.4465383534
121808.2477921280 121946.4465383534
121879.8496920015 121946.4465383534
121736.6458922545 121875.0204377704
121808.2477921280 121875.0204377704
121879.8496920015 121875.0204377704
121951.4515918750 121875.0204377704
122023.0534917486 121875.0204377704
122094.6553916221 121875.0204377704
122166.2572914956 121875.0204377704
122237.8591913691 121875.0204377704
121951.4515918750 121803.5943371874
122023.0534917486 121803.5943371874

121307.0344930133 122017.8726389364
121593.4420925074 122017.8726389364
121879.8496920015 122017.8726389364
121951.4515918750 122017.8726389364
122237.8591913691 122017.8726389364
121808.2477921280 121946.4465383534
121879.8496920015 121946.4465383534
121951.4515918750 121946.4465383534
121879.8496920015 121875.0204377704
121020.6268935192 122089.2987395194
122094.6553916221 121875.0204377704
122237.8591913691 121875.0204377704
122524.2667908633 121875.0204377704
121951.4515918750 121803.5943371874
122166.2572914956 121803.5943371874

121521.8401926339 122017.8726389364
121808.2477921280 122017.8726389364
121736.6458922545 121946.4465383534
121808.2477921280 121946.4465383534
121879.8496920015 121946.4465383534
121736.6458922545 121875.0204377704
121808.2477921280 121875.0204377704
121879.8496920015 121875.0204377704
121951.4515918750 121875.0204377704
122023.0534917486 121875.0204377704
122094.6553916221 121875.0204377704
122166.2572914956 121875.0204377704
122237.8591913691 121875.0204377704
121951.4515918750 121803.5943371874
121879.8496920015 121803.5943371874

121593.4420925074 122017.8726389364
121879.8496920015 122017.8726389364
122237.8591913691 122017.8726389364
121521.8401926339 121946.4465383534
121808.2477921280 121946.4465383534
121879.8496920015 121946.4465383534
121951.4515918750 121946.4465383534
121808.2477921280 121875.0204377704
121879.8496920015 121875.0204377704
121951.4515918750 121875.0204377704
122023.0534917486 121875.0204377704
121307.0344930133 122017.8726389364
122166.2572914956 121875.0204377704
122237.8591913691 121875.0204377704
121951.4515918750 121803.5943371874

121521.8401926339 122017.8726389364
121808.2477921280 122017.8726389364
121736.6458922545 121946.4465383534
121808.2477921280 121946.4465383534
121879.8496920015 121946.4465383534
121736.6458922545 121875.0204377704
121808.2477921280 121875.0204377704
121879.8496920015 121875.0204377704
121951.4515918750 121875.0204377704
122023.0534917486 121875.0204377704
122094.6553916221 121875.0204377704
122166.2572914956 121875.0204377704
122237.8591913691 121875.0204377704
121235.4325931398 122017.8726389364
122023.0534917486 121803.5943371874

121235.4325931398 122017.8726389364
121593.4420925074 122017.8726389364
121879.8496920015 122017.8726389364
122237.8591913691 122017.8726389364
120949.0249936457 121946.4465383534
121521.8401926339 121946.4465383534
121808.2477921280 121946.4465383534
121879.8496920015 121946.4465383534
121951.4515918750 121803.5943371874
122524.2667908633 121875.0204377704
122237.8591913691 121875.0204377704
122094.6553916221 121875.0204377704
121951.4515918750 121875.0204377704
121879.8496920015 121875.0204377704
121951.4515918750 121946.4465383534

121736.6458922545 122017.8726389364
121736.6458922545 121946.4465383534
121808.2477921280 121946.4465383534
121879.8496920015 121946.4465383534
121951.4515918750 121946.4465383534
122023.0534917486 121946.4465383534
122309.4610912427 121875.0204377704
121808.2477921280 121875.0204377704
121879.8496920015 121875.0204377704
121951.4515918750 121875.0204377704
122023.0534917486 121875.0204377704
122094.6553916221 121875.0204377704
121879.8496920015 121803.5943371874
121951.4515918750 121803.5943371874
122094.6553916221 121803.5943371874

121521.8401926339 122017.8726389364
121808.2477921280 122017.8726389364
121736.6458922545 121946.4465383534
121808.2477921280 121946.4465383534
121879.8496920015 121946.4465383534
122166.2572914956 121946.4465383534
121736.6458922545 121875.0204377704
121808.2477921280 121875.0204377704
121879.8496920015 121875.0204377704
121951.4515918750 121875.0204377704
122023.0534917486 121875.0204377704
122094.6553916221 121875.0204377704
122166.2572914956 121875.0204377704
122237.8591913691 121875.0204377704
121951.4515918750 121803.5943371874

121235.4325931398 122017.8726389364
121593.4420925074 122017.8726389364
121879.8496920015 122017.8726389364
122237.8591913691 122017.8726389364
121951.4515918750 121803.5943371874
122524.2667908633 121875.0204377704
122237.8591913691 121875.0204377704
122094.6553916221 121875.0204377704
121951.4515918750 121875.0204377704
121879.8496920015 121875.0204377704
121951.4515918750 121946.4465383534
121879.8496920015 121946.4465383534
121808.2477921280 121946.4465383534
121521.8401926339 121946.4465383534
121951.4515918750 122017.8726389364

121521.8401926339 122160.7248401024
121235.4325931398 122017.8726389364
121593.4420925074 122017.8726389364
121879.8496920015 122017.8726389364
122237.8591913691 122017.8726389364
120949.0249936457 122089.2987395194
121521.8401926339 121946.4465383534
121808.2477921280 121946.4465383534
121879.8496920015 121946.4465383534
121665.0439923809 121875.0204377704
121736.6458922545 121875.0204377704
122023.0534917486 121875.0204377704
122094.6553916221 121875.0204377704
122166.2572914956 121875.0204377704
122524.2667908633 121875.0204377704

121235.4325931398 122303.5770412685
121235.4325931398 122017.8726389364
121593.4420925074 122017.8726389364
121879.8496920015 122017.8726389364
122237.8591913691 122017.8726389364
120949.0249936457 121946.4465383534
121521.8401926339 121946.4465383534
121879.8496920015 121946.4465383534
121665.0439923809 121875.0204377704
121736.6458922545 121875.0204377704
122023.0534917486 121875.0204377704
120591.0154942780 121803.5943371874
122166.2572914956 121875.0204377704
122524.2667908633 121875.0204377704
122882.2762902309 121660.7421360213

121593.4420925074 122017.8726389364
121879.8496920015 122017.8726389364
121951.4515918750 122017.8726389364
122237.8591913691 122017.8726389364
121307.0344930133 121946.4465383534
121808.2477921280 121946.4465383534
121879.8496920015 121946.4465383534
121951.4515918750 121946.4465383534
121951.4515918750 121803.5943371874
121879.8496920015 121803.5943371874
122237.8591913691 121875.0204377704
122094.6553916221 121875.0204377704
121951.4515918750 121875.0204377704
121879.8496920015 121875.0204377704
121593.4420925074 121946.4465383534

121521.8401926339 122017.8726389364
121808.2477921280 122017.8726389364
122524.2667908633 121875.0204377704
121879.8496920015 121946.4465383534
122094.6553916221 121946.4465383534
121736.6458922545 121875.0204377704
121808.2477921280 121875.0204377704
121879.8496920015 121875.0204377704
121951.4515918750 121875.0204377704
122023.0534917486 121875.0204377704
122094.6553916221 121875.0204377704
122166.2572914956 121875.0204377704
122237.8591913691 121875.0204377704
121951.4515918750 121803.5943371874
122023.0534917486 121803.5943371874

121235.4325931398 122017.8726389364
121593.4420925074 122017.8726389364
121879.8496920015 122017.8726389364
122237.8591913691 122017.8726389364
120949.0249936457 121946.4465383534
121521.8401926339 121946.4465383534
121808.2477921280 121946.4465383534
121879.8496920015 121946.4465383534
121665.0439923809 121875.0204377704
121736.6458922545 121875.0204377704
122882.2762902309 121660.7421360213
122524.2667908633 121875.0204377704
122166.2572914956 121875.0204377704
122094.6553916221 121875.0204377704
122023.0534917486 121875.0204377704

121521.8401926339 122089.2987395194
121235.4325931398 122017.8726389364
121593.4420925074 122017.8726389364
121879.8496920015 122017.8726389364
122237.8591913691 122017.8726389364
120949.0249936457 121946.4465383534
121521.8401926339 121946.4465383534
121808.2477921280 121946.4465383534
121879.8496920015 121946.4465383534
121665.0439923809 121875.0204377704
121736.6458922545 121875.0204377704
122023.0534917486 121875.0204377704
122094.6553916221 121875.0204377704
122166.2572914956 121875.0204377704
122524.2667908633 121875.0204377704

121593.4420925074 122017.8726389364
121879.8496920015 122017.8726389364
121951.4515918750 122017.8726389364
122237.8591913691 122017.8726389364
121521.8401926339 121946.4465383534
121879.8496920015 121946.4465383534
121951.4515918750 121946.4465383534
121808.2477921280 121875.0204377704
121879.8496920015 121875.0204377704
121951.4515918750 121875.0204377704
122023.0534917486 121875.0204377704
122094.6553916221 121875.0204377704
122237.8591913691 121875.0204377704
122524.2667908633 121875.0204377704
121951.4515918750 121803.5943371874

121521.8401926339 122160.7248401024
122882.2762902309 121660.7421360213
121235.4325931398 122017.8726389364
121593.4420925074 122017.8726389364
121879.8496920015 122017.8726389364
122237.8591913691 122017.8726389364
120949.0249936457 121946.4465383534
121521.8401926339 121946.4465383534
121879.8496920015 121946.4465383534
121665.0439923809 121875.0204377704
121736.6458922545 121875.0204377704
122023.0534917486 121875.0204377704
122094.6553916221 121875.0204377704
122166.2572914956 121875.0204377704
122524.2667908633 121875.0204377704

121593.4420925074 122017.8726389364
121879.8496920015 122017.8726389364
121307.0344930133 122017.8726389364
121521.8401926339 121946.4465383534
121808.2477921280 121946.4465383534
121879.8496920015 121946.4465383534
121951.4515918750 121946.4465383534
121879.8496920015 121875.0204377704
121951.4515918750 121875.0204377704
122023.0534917486 121875.0204377704
122094.6553916221 121875.0204377704
122166.2572914956 121875.0204377704
122237.8591913691 121875.0204377704
122309.4610912427 121875.0204377704
121951.4515918750 121803.5943371874

120805.8211938986 122232.1509406855
121163.8306932663 122160.7248401024
121092.2287933927 121517.8899348553
121951.4515918750 122017.8726389364
122237.8591913691 122017.8726389364
121450.2382927604 121946.4465383534
121808.2477921280 121946.4465383534
121879.8496920015 121946.4465383534
121951.4515918750 121946.4465383534
121450.2382927604 121803.5943371874
122953.8781901044 121803.5943371874
120519.4135944045 121732.1682366043
121521.8401926339 121732.1682366043
122667.4705906103 121517.8899348553
123311.8876894720 121517.8899348553

121736.6458922545 122017.8726389364
121736.6458922545 121946.4465383534
121808.2477921280 121946.4465383534
121879.8496920015 121946.4465383534
121951.4515918750 121946.4465383534
122023.0534917486 121946.4465383534
122094.6553916221 121946.4465383534
122166.2572914956 121946.4465383534
121808.2477921280 121875.0204377704
121879.8496920015 121875.0204377704
121951.4515918750 121875.0204377704
122023.0534917486 121875.0204377704
122094.6553916221 121875.0204377704
121665.0439923809 122017.8726389364
121951.4515918750 121803.5943371874

121736.6458922545 122017.8726389364
121808.2477921280 122017.8726389364
121951.4515918750 121803.5943371874
121879.8496920015 121803.5943371874
122094.6553916221 121875.0204377704
122023.0534917486 121875.0204377704
121951.4515918750 121875.0204377704
121879.8496920015 121875.0204377704
121808.2477921280 121875.0204377704
122166.2572914956 121946.4465383534
122094.6553916221 121946.4465383534
122023.0534917486 121946.4465383534
121951.4515918750 121946.4465383534
121879.8496920015 121946.4465383534
121808.2477921280 121946.4465383534

121736.6458922545 122017.8726389364
121736.6458922545 121946.4465383534
121808.2477921280 121946.4465383534
121879.8496920015 121946.4465383534
121951.4515918750 121946.4465383534
122023.0534917486 121946.4465383534
122094.6553916221 121946.4465383534
121808.2477921280 121875.0204377704
121879.8496920015 121875.0204377704
121951.4515918750 121875.0204377704
122023.0534917486 121875.0204377704
122094.6553916221 121875.0204377704
122166.2572914956 121875.0204377704
121879.8496920015 121803.5943371874
121665.0439923809 122017.8726389364

121736.6458922545 122017.8726389364
121736.6458922545 121946.4465383534
121808.2477921280 121946.4465383534
121879.8496920015 121946.4465383534
121951.4515918750 121946.4465383534
122023.0534917486 121946.4465383534
122094.6553916221 121946.4465383534
121808.2477921280 121875.0204377704
121879.8496920015 121875.0204377704
121951.4515918750 121875.0204377704
122023.0534917486 121875.0204377704
122094.6553916221 121875.0204377704
122166.2572914956 121875.0204377704
121879.8496920015 121803.5943371874
121951.4515918750 121803.5943371874

121521.8401926339 122017.8726389364
121808.2477921280 122017.8726389364
121736.6458922545 121946.4465383534
121808.2477921280 121946.4465383534
121879.8496920015 121946.4465383534
122094.6553916221 121946.4465383534
121951.4515918750 121803.5943371874
121879.8496920015 121803.5943371874
122237.8591913691 121875.0204377704
122094.6553916221 121875.0204377704
122023.0534917486 121875.0204377704
121951.4515918750 121875.0204377704
121879.8496920015 121875.0204377704
121808.2477921280 121875.0204377704
121951.4515918750 121946.4465383534

121521.8401926339 122017.8726389364
121808.2477921280 122017.8726389364
121736.6458922545 121946.4465383534
121808.2477921280 121946.4465383534
121879.8496920015 121946.4465383534
122023.0534917486 121946.4465383534
122094.6553916221 121946.4465383534
121808.2477921280 121875.0204377704
121879.8496920015 121875.0204377704
122452.6648909897 121875.0204377704
122023.0534917486 121875.0204377704
122094.6553916221 121875.0204377704
122166.2572914956 121875.0204377704
121879.8496920015 121803.5943371874
121951.4515918750 121803.5943371874

120805.8211938986 122017.8726389364
121092.2287933927 122017.8726389364
121879.8496920015 122017.8726389364
121951.4515918750 122017.8726389364
122237.8591913691 122017.8726389364
123311.8876894720 121517.8899348553
122667.4705906103 121517.8899348553
120519.4135944045 121732.1682366043
122953.8781901044 121803.5943371874
121450.2382927604 121803.5943371874
122237.8591913691 121875.0204377704
122166.2572914956 121875.0204377704
121450.2382927604 121875.0204377704
121951.4515918750 121946.4465383534
121378.6363928868 122160.7248401024

121092.2287933927 122303.5770412685
120805.8211938986 122232.1509406855
121951.4515918750 122232.1509406855
121378.6363928868 122160.7248401024
121951.4515918750 122017.8726389364
122237.8591913691 122017.8726389364
121951.4515918750 121946.4465383534
118013.3470988311 115303.8191841328
122166.2572914956 121875.0204377704
122237.8591913691 121875.0204377704
121450.2382927604 121803.5943371874
122953.8781901044 121803.5943371874
120519.4135944045 121732.1682366043
122667.4705906103 121517.8899348553
123311.8876894720 121517.8899348553

121092.2287933927 122303.5770412685
120805.8211938986 122232.1509406855
121951.4515918750 122232.1509406855
121378.6363928868 122160.7248401024
121951.4515918750 122017.8726389364
122237.8591913691 122017.8726389364
121951.4515918750 121946.4465383534
121450.2382927604 121875.0204377704
119731.7926957957 116446.6367934611
122237.8591913691 121875.0204377704
121450.2382927604 121803.5943371874
122953.8781901044 121803.5943371874
120519.4135944045 121732.1682366043
122667.4705906103 121517.8899348553
123311.8876894720 121517.8899348553

121092.2287933927 122303.5770412685
120805.8211938986 122232.1509406855
121951.4515918750 122232.1509406855
121378.6363928868 122160.7248401024
121951.4515918750 122017.8726389364
122237.8591913691 122017.8726389364
124385.9161875749 119089.4025150327
121450.2382927604 121875.0204377704
122166.2572914956 121875.0204377704
122237.8591913691 121875.0204377704
121450.2382927604 121803.5943371874
122953.8781901044 121803.5943371874
120519.4135944045 121732.1682366043
122667.4705906103 121517.8899348553
123311.8876894720 121517.8899348553

122023.0534917486 121732.1682366043
122667.4705906103 121517.8899348553
121163.8306932663 121089.3333313572
124600.7218871955 118517.9937103686
125388.3427858043 118375.1415092025
120662.6173941516 118232.2893080365
132906.5422725246 118875.1242132836
125961.1579847925 117946.5849057044
134982.9973688569 117732.3066039554
120089.8021951634 117089.4716987082
124958.7313865632 117089.4716987082
130185.6700773306 116946.6194975422
120519.4135944045 121732.1682366043
122953.8781901044 121803.5943371874
121450.2382927604 121803.5943371874

121092.2287933927 122303.5770412685
120805.8211938986 122232.1509406855
121951.4515918750 122232.1509406855
121378.6363928868 122160.7248401024
121951.4515918750 122017.8726389364
122237.8591913691 122017.8726389364
121951.4515918750 121946.4465383534
121450.2382927604 121875.0204377704
122166.2572914956 121875.0204377704
122237.8591913691 121875.0204377704
121450.2382927604 121803.5943371874
122953.8781901044 121803.5943371874
120519.4135944045 121732.1682366043
122667.4705906103 121517.8899348553
123311.8876894720 121517.8899348553

121092.2287933927 122303.5770412685
120805.8211938986 122232.1509406855
121951.4515918750 122232.1509406855
121378.6363928868 122160.7248401024
121951.4515918750 122017.8726389364
122237.8591913691 122017.8726389364
121951.4515918750 121946.4465383534
123741.4990887132 120875.0550296081
122166.2572914956 121875.0204377704
122237.8591913691 121875.0204377704
122953.8781901044 121803.5943371874
120519.4135944045 121732.1682366043
121665.0439923809 121589.3160354383
122667.4705906103 121517.8899348553
120877.4230937721 121232.1855325232

121521.8401926339 122517.8553430175
122023.0534917486 122517.8553430175
120949.0249936457 121946.4465383534
121521.8401926339 121875.0204377704
122237.8591913691 121875.0204377704
121020.6268935192 121660.7421360213
122739.0724904838 121160.7594319402
123025.4800899779 121160.7594319402
122309.4610912427 120589.3506272761
120591.0154942780 115589.5235864648
119230.5793966810 115589.5235864648
124457.5180874485 117946.5849057044
124099.5085880808 118089.4371068704
123455.0914892191 118232.2893080365
123813.1009885867 119089.4025150327

121521.8401926339 122517.8553430175
122023.0534917486 122517.8553430175
120949.0249936457 121946.4465383534
121521.8401926339 121875.0204377704
120304.6078947839 116160.9323911290
121020.6268935192 121660.7421360213
122739.0724904838 121160.7594319402
123025.4800899779 121160.7594319402
122309.4610912427 120589.3506272761
120591.0154942780 115589.5235864648
119230.5793966810 115589.5235864648
123168.6838897250 117518.0283022063
124099.5085880808 118089.4371068704
123455.0914892191 118232.2893080365
124242.7123878279 118375.1415092025

122023.0534917486 122517.8553430175
120949.0249936457 121946.4465383534
121521.8401926339 121875.0204377704
121020.6268935192 121660.7421360213
122739.0724904838 121160.7594319402
123025.4800899779 121160.7594319402
120591.0154942780 115589.5235864648
119230.5793966810 115589.5235864648
122237.8591913691 115732.3757876309
120877.4230937721 115803.8018882139
119516.9869961751 115875.2279887969
118944.1717971869 115946.6540893799
124099.5085880808 118089.4371068704
124099.5085880808 118732.2720121176
124600.7218871955 119017.9764144497

117941.7451989576 115518.0974858818
118228.1527984517 115875.2279887969
117440.5318998429 115875.2279887969
121808.2477921280 116089.5062905460
123741.4990887132 116732.3411957931
124099.5085880808 118089.4371068704
123455.0914892191 118232.2893080365
124099.5085880808 118732.2720121176
122309.4610912427 120589.3506272761
118944.1717971869 115660.9496870479
122739.0724904838 121160.7594319402
121020.6268935192 121660.7421360213
119660.1907959222 121732.1682366043
121521.8401926339 121875.0204377704
122023.0534917486 122517.8553430175

122023.0534917486 122517.8553430175
119660.1907959222 121732.1682366043
121020.6268935192 121660.7421360213
122739.0724904838 121160.7594319402
121879.8496920015 120589.3506272761
122309.4610912427 120589.3506272761
124099.5085880808 118732.2720121176
117941.7451989576 115518.0974858818
119516.9869961751 115875.2279887969
118228.1527984517 115875.2279887969
117440.5318998429 115875.2279887969
121808.2477921280 116089.5062905460
123741.4990887132 116732.3411957931
125889.5560849190 117518.0283022063
123455.0914892191 118232.2893080365

121450.2382927604 122517.8553430175
122023.0534917486 122517.8553430175
122810.6743903574 117589.4544027893
120304.6078947839 121589.3160354383
122810.6743903574 121089.3333313572
122309.4610912427 120589.3506272761
123240.2857895985 118446.5676097855
123956.3047883338 118375.1415092025
124099.5085880808 118089.4371068704
118944.1717971869 115946.6540893799
119516.9869961751 115875.2279887969
120877.4230937721 115803.8018882139
122237.8591913691 115732.3757876309
119230.5793966810 115589.5235864648
120591.0154942780 115589.5235864648

121450.2382927604 122517.8553430175
122023.0534917486 122517.8553430175
122810.6743903574 121660.7421360213
120304.6078947839 121589.3160354383
122810.6743903574 121089.3333313572
133121.3479721452 116732.3411957931
123240.2857895985 118446.5676097855
123956.3047883338 118375.1415092025
124099.5085880808 118089.4371068704
118944.1717971869 115946.6540893799
119516.9869961751 115875.2279887969
120877.4230937721 115803.8018882139
122237.8591913691 115732.3757876309
119230.5793966810 115589.5235864648
120591.0154942780 115589.5235864648

121450.2382927604 122517.8553430175
122023.0534917486 122517.8553430175
122810.6743903574 121660.7421360213
120304.6078947839 121589.3160354383
122810.6743903574 121089.3333313572
122309.4610912427 120589.3506272761
123240.2857895985 118446.5676097855
123956.3047883338 118375.1415092025
124099.5085880808 118089.4371068704
118944.1717971869 115946.6540893799
119516.9869961751 115875.2279887969
120877.4230937721 115803.8018882139
122237.8591913691 115732.3757876309
119230.5793966810 115589.5235864648
120591.0154942780 115589.5235864648

121450.2382927604 122517.8553430175
122023.0534917486 122517.8553430175
122810.6743903574 121660.7421360213
120304.6078947839 121589.3160354383
122810.6743903574 121089.3333313572
120591.0154942780 115589.5235864648
119230.5793966810 115589.5235864648
122237.8591913691 115732.3757876309
120877.4230937721 115803.8018882139
119516.9869961751 115875.2279887969
118944.1717971869 115946.6540893799
122452.6648909897 116589.4889946271
123956.3047883338 118375.1415092025
124600.7218871955 119017.9764144497
122309.4610912427 120589.3506272761

121450.2382927604 122517.8553430175
122023.0534917486 122517.8553430175
122810.6743903574 121660.7421360213
120304.6078947839 121589.3160354383
122810.6743903574 121089.3333313572
122309.4610912427 120589.3506272761
120591.0154942780 115589.5235864648
119230.5793966810 115589.5235864648
122237.8591913691 115732.3757876309
120877.4230937721 115803.8018882139
119516.9869961751 115875.2279887969
118944.1717971869 115946.6540893799
124099.5085880808 118089.4371068704
124099.5085880808 118732.2720121176
124600.7218871955 119017.9764144497

122023.0534917486 122517.8553430175
119660.1907959222 121732.1682366043
121020.6268935192 121660.7421360213
122739.0724904838 121160.7594319402
121879.8496920015 120589.3506272761
122309.4610912427 120589.3506272761
124600.7218871955 119017.9764144497
118944.1717971869 115946.6540893799
124099.5085880808 118732.2720121176
124099.5085880808 118089.4371068704
119516.9869961751 115875.2279887969
120591.0154942780 115589.5235864648
119230.5793966810 115589.5235864648
122237.8591913691 115732.3757876309
120877.4230937721 115803.8018882139

122023.0534917486 122517.8553430175
119660.1907959222 121732.1682366043
121020.6268935192 121660.7421360213
122739.0724904838 121160.7594319402
121879.8496920015 120589.3506272761
122309.4610912427 120589.3506272761
124600.7218871955 119017.9764144497
122882.2762902309 118946.5503138667
124099.5085880808 118732.2720121176
120591.0154942780 115589.5235864648
119230.5793966810 115589.5235864648
122237.8591913691 115732.3757876309
120877.4230937721 115803.8018882139
119516.9869961751 115875.2279887969
118228.1527984517 115875.2279887969

121378.6363928868 123160.6902482647
122023.0534917486 122517.8553430175
116008.4939023723 116875.1933969591
121092.2287933927 121160.7594319402
122309.4610912427 120589.3506272761
122882.2762902309 118946.5503138667
124099.5085880808 118089.4371068704
125030.3332864367 117518.0283022063
117941.7451989576 115518.0974858818
119516.9869961751 115875.2279887969
118228.1527984517 115875.2279887969
121808.2477921280 116089.5062905460
120662.6173941516 116089.5062905460
120233.0059949104 116518.0628940441
122452.6648909897 116732.3411957931

121378.6363928868 123160.6902482647
122023.0534917486 122517.8553430175
119731.7926957957 121232.1855325232
121092.2287933927 121160.7594319402
138133.4809632920 117303.7500004573
122882.2762902309 118946.5503138667
124099.5085880808 118089.4371068704
125030.3332864367 117518.0283022063
122452.6648909897 116732.3411957931
120233.0059949104 116518.0628940441
117941.7451989576 115518.0974858818
119516.9869961751 115875.2279887969
118228.1527984517 115875.2279887969
121808.2477921280 116089.5062905460
120662.6173941516 116089.5062905460

121378.6363928868 123160.6902482647
122023.0534917486 122517.8553430175
119731.7926957957 121232.1855325232
121092.2287933927 121160.7594319402
122309.4610912427 120589.3506272761
122882.2762902309 118946.5503138667
124099.5085880808 118089.4371068704
125030.3332864367 117518.0283022063
119230.5793966810 115589.5235864648
122237.8591913691 115732.3757876309
119516.9869961751 115875.2279887969
118228.1527984517 115875.2279887969
117798.5413992105 115875.2279887969
121808.2477921280 116089.5062905460
120662.6173941516 116089.5062905460

