43912019.2340327427 179022.9682916403
44857972.4260021001 268518.1007080078
44044136.4743090719 208543.0054645427
43887290.1138704941 166047.5304253548
43906090.3037304580 173378.8450310677
44156987.6140374914 224388.5387771473
44242509.7151297331 232970.3176426888
44809929.3496697545 267354.9750213623
44107548.7019104660 218049.9924082756
43881540.8041936085 164971.3509421796
44074339.8795989156 210993.3269161917
44558348.3747906387 255825.8213539124
44146205.9250180349 224053.9066281319
44021542.7280941308 208168.1719608493
43929794.2539690658 186763.7332681417
44255163.2005745098 234136.3287091255
44203711.8842828274 227537.7640022635
43896261.6249341071 172235.5808005780
44082062.0728441179 214979.2923072167
43874531.1454298347 164583.9876097292
44239449.7972354218 231754.1414532661
44323936.1383940205 236903.5479960442
44046483.4763391837 209689.1124439240
44936181.1083631739 273180.4414062500
44174630.3612086624 226479.7926887870
43917540.0201457143 179108.7114594989
44089541.3008323014 215925.7227420993
43980784.1256504506 200765.3059517927
44948631.0927982554 274951.4355468750
44102849.1281903088 216300.2099857517
44096478.1239009500 216299.9274278469
43911915.9871548563 177945.0390008688
43950974.8959435895 193134.7214253731
43940288.7772507146 186962.5820369720
44562212.7633351460 256981.1948614120
44045436.4682250172 209634.8097216822
44290279.4941546768 235295.3147835135
44280048.0466716662 234378.6462941170
44739775.8025878519 264725.9920043945
44495562.5498035252 251081.6799778938
43997627.8955114186 201877.2589404322
44452508.7851497978 250595.5198369026
43943119.2873738706 191874.8277222700
44341490.2086211070 241463.1820898056
44438378.5304315984 249425.2691874504
43922385.4811881185 179429.3712280132
44617163.6308825836 258526.4418792725
44033117.6738395467 208542.6592045017
44054474.1842155233 210700.7100427337
47706245.2592388019 299213.9462890625
44197133.6408096775 226621.2213539481
44138350.1949381381 218534.2480491996
43967116.8497324958 193885.0995881148
44006664.7202806547 203167.2956791110
44500995.3568525314 252666.7654142380
44307262.1732136160 235398.6316279769
45157272.2429398000 281384.7703857422
43892634.6374882087 170618.1442750692
44016435.6549666673 207221.7415259667
44004554.4045661762 201888.9861548729
43923673.1349307895 184962.8972190209
43893196.6762714162 171201.0594078302
43967398.4730774313 194100.6963084526
43989982.7014077529 201846.3780005760
43889489.0901832059 170553.7861725092
44656681.6704423726 259100.1002531052
44355689.1193912551 242991.9343485832
43887786.2562057376 170450.1915527582
44119551.2786170691 218225.2172458172
43972608.7373183742 199565.2937562056
44093058.8671322614 216296.3558468819
44052264.5032563657 210167.0628716946
45518893.2566177696 287039.1234130859
44317601.1165974885 236300.0015401840
43963058.6154743433 193694.7751054503
44848559.2033016011 267881.5288696289
43876238.3596885651 164586.7142544836
43909315.4250331819 176571.2142676897
44052673.4295962304 210201.3297457695
44808041.5692133456 266122.9024047852
45675604.6797218695 293193.4687500000
43892580.3433921710 170576.7534822226
44363947.2760763913 244049.9056620598
45312541.5111721307 281824.4180908203
44641021.4837394431 259052.9957275391
43927047.1014150307 185014.7024323530
45846520.6326009855 293712.5512695312
44903531.4438985288 268859.4674072266
45121338.7156781331 275811.8847656250
44693287.1855501980 259689.5675659180
45315376.2470364943 282316.7102050781
45525778.7053073868 287692.0737304688
44436667.8455273658 245659.7722015381
45615399.6275444627 288337.1877441406
44288728.6578965709 235104.2991003394
45610683.9253768772 287818.1052246094
46294835.4700005427 293996.7050781250
46269747.7110094056 293838.5827636719
