29962640.0352781527 187123.7901107818
30783137.9669007733 206650.4337177277
29947727.3378086463 187023.1504537780
29639874.4290379398 173734.4896836877
30206371.8829377219 194046.6569284946
30006478.1472397633 188775.0361146927
37504450.2339834347 221753.5051269531
38090605.1798540875 221827.4831542969
29899563.4648407102 186170.3023347855
30206395.6661183722 194224.4110179115
38006886.9634925202 221789.6616210938
30996739.3735067099 206986.6832294464
30494147.3166606203 200761.0119237900
30173083.2199047580 193938.9170875717
29761442.9651346058 181186.3416180015
30065989.4307062775 191007.9351539779
30214656.8849253803 194981.1562969238
30220932.0570184216 195014.7722587585
29766587.9726412743 181194.6066138744
30061663.3131861761 190997.1927223373
30207479.3077544942 194981.0150013138
30173987.7547414526 193944.0247535873
30296381.5520468690 195759.4321508408
29751730.3760522977 178665.0370051265
35579554.2060360089 221337.7775878906
37692571.4681982026 221775.5791015625
30775738.4666234478 206178.5793867111
29819134.8834196739 182587.0027029514
30409734.9185282625 198993.0339641571
30155751.6314203031 191725.9543082267
35001996.4941703230 221219.6994628906
29912668.2464981675 186524.4014890633
30507991.2051848434 201923.9128704071
30315947.9385286570 195796.1492671967
30267760.5126740970 195178.4183607101
29836637.8477411084 182848.0680453479
30810956.5900188908 206820.1729755402
37864971.9907729700 221776.6425781250
30778375.1349846721 206350.6240520477
30924871.5546463057 206931.6913595200
29979496.4822503254 187312.4630384892
30325507.5939852856 197910.5257435013
29755044.5707071424 181105.4357041121
29641062.0658792704 173810.5208784938
30740541.9237375334 205568.2613811940
29987358.5170131214 187651.7843926717
29773022.6719862632 181228.6393482685
30081123.1915649772 191122.3851999789
30816560.9792989865 206902.2030048370
29679712.9305044189 177309.5802370906
30546073.0371566042 202916.2135296315
30080218.6567282863 191117.2775339633
35240883.5054268986 221295.8952636719
30772239.3782802932 205932.1404800415
30358475.3627518192 198087.6487445831
31650373.9482478723 211052.7848510742
30365955.6607800163 198962.9661474228
29696225.5407780558 177790.9732367396
29715766.9605691917 178257.4661297202
29971325.0499033444 187196.0923769213
35719824.7733135447 221404.1103515625
30516373.4644040018 202030.2455205917
30164712.0217646249 191806.5287779570
29677683.5817653276 177256.2190768719
34331203.9055484980 220197.1557617188
31496094.1795753613 210896.1498413086
29798303.8487332277 182242.2317547202
30165616.5566013195 191811.6364439726
29691331.1353866756 177393.5185153484
29728871.7422266491 178440.9783280335
29806314.2473798245 182515.2128086530
36029237.0079513267 221466.3132324219
29776072.5366781875 181666.1337397099
29920394.4995271526 187008.6365699936
34432320.9147159606 220733.7849121094
34719988.2047225460 221182.5397949219
30220027.5221817307 195009.6645927429
30440571.2607347667 199047.4372558594
30886833.6860733293 206930.2545919418
30291618.4144345783 195401.6184367090
29900771.5635246560 186203.5431817342
30411264.2909915783 198997.7947063446
30032718.9410824291 189955.4686012436
30520420.7108217403 202053.4070968628
30075116.0624501072 191011.2921503782
29866071.9118276648 185117.8357820511
30152334.2720601298 191550.8260029554
30129487.8741751574 191362.9408188313
30031814.4062457345 189950.3609352279
29645439.7839445658 173815.2857272625
30144890.4036917761 191520.3101615906
30145794.9385284670 191525.4178276062
29631786.4018439837 173410.8290622234
29764812.2957201824 181189.7652019858
30190218.6769376174 193954.7394160032
29904210.3699213862 186455.4885597397
30015630.2766399719 189944.7818336654
30016534.8114766628 189949.8894996811
29647623.9182388037 173974.1226946712
30372230.8328730576 198976.9206829071
30079442.1799702048 191022.0345820189
30078537.6451335140 191016.9269160032
30338960.3432492167 197944.2830009460
30189314.1421009228 193949.6317499876
35237096.6492438614 221221.8793945312
30473951.5472202264 200085.0206527710
30500905.6913191378 201916.7497844696
30384751.0431838892 198978.7466106415
30724215.6342330426 205348.6811141968
31354396.4359614439 210884.3766479492
30390129.1943517327 198984.0449504852
30194692.2932687663 193954.9300898314
31199091.8535241373 209960.5630035400
31070491.2346978039 209734.8688497543
29663094.8979563974 177254.0965182781
30042730.5795252472 190206.2544261813
30043635.1143619455 190211.3620921969
37403629.1525857002 221558.7575683594
30039308.9968418442 190200.6196605563
29616954.7519599088 169743.1681328416
29619222.4898587577 170159.4465014338
29782835.7568336502 182192.9498691726
29658993.9631373137 174014.6197116375
29851739.3649102710 183183.3300014585
29634618.9868478179 173629.2311654687
31624220.9942472056 210976.6149291992
29751299.3583269157 178451.3388157330
29652005.1768827029 173974.2901091874
29759938.9760985225 181107.4329500198
29710893.6409475319 178175.1338777542
29684266.2079746239 177384.2920441031
32829144.9327846356 213207.0938873291
32836280.3118872344 214004.4935760498
32771901.4460960105 213034.0936737061
37011543.7202420682 221514.9448242188
29622520.1068665348 173276.9545872211
29875556.4758645818 186141.3831020445
30627588.3555324152 203010.4893865585
29661121.9269287996 176847.3007893562
29639221.3088809140 173629.3189295679
31208344.2209471278 210697.3673706055
29802694.0297592841 182257.5639034361
29851504.0279871263 183050.2757413108
31204270.1937295161 209993.8198890686
31609642.8632270955 210943.2130737305
31289412.4026915245 210795.5927124023
30720651.8550494537 203444.6459426880
30623679.4182623401 202956.2027196884
29857998.3444690667 183400.3764666468
33320049.6162604168 218140.0581054688
33266689.5089603290 217956.9216308594
33577843.2994110808 218335.7570800781
33753484.3790640011 218342.9660644531
33174825.6042793840 216072.2806396484
34153696.9686003104 218494.5488281250
