130638997.9109220058 33776.3729410172
131408313.4498143643 38555.2722513676
133544613.0574420244 45494.8109774590
131192329.7641337067 37599.2421000004
130466702.7783332616 32728.7408243418
131261180.0032685697 37646.9625551701
130507615.8842709810 33602.7712868452
131139993.8964288086 37431.7771036625
130867081.5194300264 35735.5329864025
130737249.8529582471 34650.3054991066
130879089.3296088427 35771.0779154301
130941648.0923030078 36498.1349837780
152842006.5705003142 72455.5844001770
131020869.5106614232 36683.0074808598
131562341.7309970707 40052.9307138920
150483501.7052407861 68126.4992411360
130963526.3325152248 36559.5123641491
130768356.2936159074 34861.5384566784
130555818.8633102626 33650.7668771744
130740813.8606915325 34660.9004333019
130480016.9362971932 32738.8373117447
130655765.3185587823 33783.3468351364
130948831.2788429707 36521.7103621960
130753403.8179806024 34801.1043632030
130809116.9110416174 35647.5827987194
131144800.7061349303 37436.0366785526
152730598.4866414964 72244.6684474945
130711478.4116197973 34564.2587995529
131020156.6164811403 36580.9735910892
131489192.4667459279 39322.0739939213
131203155.4791576862 37643.3426859379
133788328.6253505349 46348.2367587090
131834005.6023588926 40980.2123301029
132669779.5459072739 42988.6076969504
132326278.6954158098 42076.6781315207
132298821.1530127227 42058.7272744775
131549688.9137620479 39423.1012308598
154591665.6243084669 77204.7597198486
131496959.0024808645 39416.0343973637
131313874.2328000665 38493.7351419926
131386658.6631273627 38516.7383158207
130908449.7960530967 36332.2025669813
130610486.4257378280 33651.3308820724
133684182.5551037192 45539.6441683769
131496375.6532858908 39345.6566965580
131047300.9644673318 36731.4131205082
131032605.9107950777 36687.3125345707
154870032.6758324504 77263.9151458740
133853949.5416839123 46390.7225985527
131643341.7900090814 40068.2827646732
131946444.8743482530 40981.9484623671
131695795.5662460625 40169.6009892225
133845638.8666210771 46370.6225619316
131792040.7872961462 40335.0307962894
133622695.1622493118 45516.1976962090
131159814.7671213597 37580.4886820316
131163870.9303370714 37581.8055765629
131309818.0695843548 38492.4182474613
131321057.4193400294 38511.1716654301
131434408.6307489276 39223.0819132328
130710597.0156015307 33957.8131971359
131277150.3609861434 38348.2767374516
133971238.4433521032 46429.8563769981
132440815.8332621753 42961.8653720021
133423380.1115518063 44772.2396273613
149284879.9272982478 65072.7647132874
130696751.1053455323 33925.7877531052
132351639.9925614148 42954.5774942040
132116254.5273370296 42042.6479287744
133451669.6908747405 45235.7949252129
152173781.1584886014 70803.8889594078
130672167.9709738046 33844.5790357590
131073217.5263585597 37181.7791776657
132104780.8458224088 41937.8927407861
154904951.3703811467 77299.8237762451
133699771.0742487311 46111.3870184422
141995429.5579663515 57758.6813623905
154567597.1006021500 77088.1786041260
131954929.6831894964 41180.1009317040
132050133.7435964048 41423.6327326298
131766438.3518901914 40268.2066559792
133312412.3262712061 44447.0725548267
131758770.4384556264 40268.1713662744
132934057.3856174797 43860.3100619316
146184400.2814457417 63197.9108393192
146208531.8609056175 63838.1789515018
149694062.4722849727 65716.7175371551
144515394.7487450242 59174.3368360081
151166800.7309076488 68539.7152420282
154293665.2053007483 76473.7440032959
154386077.1314428747 76879.5822296143
133399831.3146722019 44590.2933914661
149028608.8230500817 64920.3918152705
149542951.9211837351 65631.2348389626
154194413.7715964913 75745.2144775391
149907557.5161557794 67177.9438346708
152380869.3612759709 71140.7980520725
153821861.7511763573 75578.4510040283
132782466.6249795556 43491.9216644764
151949231.1503050327 70507.5218276978
153895688.9416473210 75679.3770751953
153784599.1597741544 75313.5706024170
132746565.4187685102 43433.4633514881
139351699.7987906933 50600.0473009348
139133046.3054706752 49848.2930895090
132933669.1300823539 43535.6513397694
153637485.7908473909 75280.1201171875
132925652.9153376520 43517.6018402576
139321215.4677875638 49938.2614230514
136589684.7341310978 49332.5207626820
136283424.8881016076 49214.6455338001
153096090.3412205279 72845.3677291870
153537585.5935965478 74664.2725219727
152596508.2747267783 71946.7361621857
140389189.3122914732 55647.3354294820
140061604.2289209664 54857.6749680562
153340469.6999584436 74003.0462799072
153100013.5704366267 72883.0769958496
137811921.7048321664 49467.5014623328
152877571.8023198545 72648.1181182861
153154208.2085236013 73179.2849426270
152685279.7571990788 72159.7995605469
146005465.3227137327 62685.4777014796
152093401.4375779629 70789.9648208618
151765749.8399329484 70107.0523223877
151637281.4628763199 69619.5332031250
151600407.9287588596 69459.9772109985
151484339.3623036146 69141.2108383179
151575478.4529887736 69281.2478561401
151046237.1093236804 68141.7674942017
140052803.7664014101 50886.3745970856
142568389.9751674831 57844.7262879889
142894483.3648146093 58090.5612109508
142484992.7197404802 57769.5794809666
142607782.5781088769 57966.7628520336
143148438.7052473724 58158.7822784465
143236059.8552006781 58626.0744194072
143025415.0941925049 58133.6936477702
148941409.8561658561 64165.9575729370
144423230.4024344683 58950.6218054295
144439628.2895115912 59006.2200033665
144547349.3238489628 59175.9533636570
144685281.3395895660 59618.5744113922
144693883.0427552164 59934.8367748260
145068386.5784066916 60751.1539211273
144928741.9632242024 60746.8361339569
145679889.4601007104 61513.1584129333
145564302.9386141300 61052.6586837769
146003698.7134769261 62484.5330581665
145527236.1660760045 60888.0359630585
145547299.5908016264 60906.9132061005
144512403.6386997104 59098.2380790710
145623147.4217407107 61196.5348911285
146003652.9749653935 61574.4150676727
145590035.8290025294 61191.9052391052
147828725.6705010533 63874.2074737549
147834017.0314161181 64147.9327173233
