122001.8089720059 122500.7130788776
121389.6520697904 122195.0093683823
121695.7305208982 122195.0093683823
123226.1227764367 121583.6019473917
122920.0443253290 121583.6019473917
122307.8874231136 121889.3056578870
122001.8089720059 121889.3056578870
121695.7305208982 121889.3056578870
121389.6520697904 121889.3056578870
121083.5736186827 121889.3056578870
120777.4951675750 121889.3056578870
120471.4167164673 121889.3056578870
120165.3382653596 121889.3056578870
121083.5736186827 122195.0093683823
120777.4951675750 122195.0093683823

121083.5736186827 122195.0093683823
121389.6520697904 122195.0093683823
121695.7305208982 122195.0093683823
120165.3382653596 121889.3056578870
123226.1227764367 121583.6019473917
122920.0443253290 121583.6019473917
122307.8874231136 121889.3056578870
122001.8089720059 121889.3056578870
121695.7305208982 121889.3056578870
121389.6520697904 121889.3056578870
121083.5736186827 121889.3056578870
120777.4951675750 121889.3056578870
120471.4167164673 121889.3056578870
120777.4951675750 122195.0093683823
121083.5736186827 122500.7130788776

120777.4951675750 122195.0093683823
121083.5736186827 122195.0093683823
123532.2012275444 121583.6019473917
123226.1227764367 121583.6019473917
122920.0443253290 121583.6019473917
122307.8874231136 121889.3056578870
122001.8089720059 121889.3056578870
121695.7305208982 121889.3056578870
121389.6520697904 121889.3056578870
121083.5736186827 121889.3056578870
120777.4951675750 121889.3056578870
120471.4167164673 121889.3056578870
120165.3382653596 121889.3056578870
121695.7305208982 122195.0093683823
121389.6520697904 122195.0093683823

123838.2796786522 121583.6019473917
121389.6520697904 122195.0093683823
121695.7305208982 122195.0093683823
119859.2598142519 121889.3056578870
120165.3382653596 121889.3056578870
120471.4167164673 121889.3056578870
120777.4951675750 121889.3056578870
121083.5736186827 121889.3056578870
121389.6520697904 121889.3056578870
121695.7305208982 121889.3056578870
122001.8089720059 121889.3056578870
122307.8874231136 121889.3056578870
122920.0443253290 121583.6019473917
123226.1227764367 121583.6019473917
123532.2012275444 121583.6019473917

122001.8089720059 122500.7130788776
120471.4167164673 115775.2314479807
121695.7305208982 122195.0093683823
119859.2598142519 121889.3056578870
120165.3382653596 121889.3056578870
120471.4167164673 121889.3056578870
120777.4951675750 121889.3056578870
121083.5736186827 121889.3056578870
121389.6520697904 121889.3056578870
121695.7305208982 121889.3056578870
122001.8089720059 121889.3056578870
122307.8874231136 121889.3056578870
122920.0443253290 121583.6019473917
123226.1227764367 121583.6019473917
123532.2012275444 121583.6019473917

122001.8089720059 122500.7130788776
121083.5736186827 122195.0093683823
121389.6520697904 122195.0093683823
121695.7305208982 122195.0093683823
120471.4167164673 121889.3056578870
120777.4951675750 121889.3056578870
121083.5736186827 121889.3056578870
121389.6520697904 121889.3056578870
123226.1227764367 121583.6019473917
122001.8089720059 121889.3056578870
122307.8874231136 121889.3056578870
121389.6520697904 121583.6019473917
121695.7305208982 121583.6019473917
122001.8089720059 121583.6019473917
122920.0443253290 121583.6019473917

121083.5736186827 122195.0093683823
121389.6520697904 122195.0093683823
119859.2598142519 121889.3056578870
120165.3382653596 121889.3056578870
120471.4167164673 121889.3056578870
120777.4951675750 121889.3056578870
121083.5736186827 121889.3056578870
121389.6520697904 121889.3056578870
121695.7305208982 121889.3056578870
122001.8089720059 121889.3056578870
122307.8874231136 121889.3056578870
122920.0443253290 121583.6019473917
123226.1227764367 121583.6019473917
123532.2012275444 121583.6019473917
124144.3581297599 118526.5648424385

121083.5736186827 122195.0093683823
121389.6520697904 122195.0093683823
121695.7305208982 122195.0093683823
120165.3382653596 121889.3056578870
120471.4167164673 121889.3056578870
120777.4951675750 121889.3056578870
121083.5736186827 121889.3056578870
121389.6520697904 121889.3056578870
121695.7305208982 121889.3056578870
122001.8089720059 121889.3056578870
122307.8874231136 121889.3056578870
122920.0443253290 121583.6019473917
123226.1227764367 121583.6019473917
123532.2012275444 121583.6019473917
124144.3581297599 118832.2685529338

120165.3382653596 121889.3056578870
120471.4167164673 121889.3056578870
121083.5736186827 121889.3056578870
121389.6520697904 121889.3056578870
121695.7305208982 121889.3056578870
122001.8089720059 121889.3056578870
122920.0443253290 121583.6019473917
123532.2012275444 121583.6019473917
124144.3581297599 118526.5648424385
123226.1227764367 121583.6019473917
122307.8874231136 121889.3056578870
120777.4951675750 121889.3056578870
121695.7305208982 122195.0093683823
121389.6520697904 122195.0093683823
121083.5736186827 122195.0093683823

120165.3382653596 121889.3056578870
120471.4167164673 121889.3056578870
121083.5736186827 121889.3056578870
121389.6520697904 121889.3056578870
121695.7305208982 121889.3056578870
122001.8089720059 121889.3056578870
122307.8874231136 121889.3056578870
122920.0443253290 121583.6019473917
123226.1227764367 121583.6019473917
123532.2012275444 121583.6019473917
119247.1029120365 115469.5277374854
121695.7305208982 115775.2314479807
120777.4951675750 121889.3056578870
119859.2598142519 116080.9351584760
122001.8089720059 122500.7130788776

122613.9658742213 121277.8982368963
123226.1227764367 121583.6019473917
122920.0443253290 121583.6019473917
122001.8089720059 121583.6019473917
121695.7305208982 121583.6019473917
121389.6520697904 121583.6019473917
122307.8874231136 121889.3056578870
122001.8089720059 121889.3056578870
121695.7305208982 121889.3056578870
121389.6520697904 121889.3056578870
121083.5736186827 121889.3056578870
120777.4951675750 121889.3056578870
120471.4167164673 121889.3056578870
121695.7305208982 122195.0093683823
121389.6520697904 122195.0093683823

122001.8089720059 122500.7130788776
121389.6520697904 122195.0093683823
121695.7305208982 122195.0093683823
120471.4167164673 121889.3056578870
120777.4951675750 121889.3056578870
121083.5736186827 121889.3056578870
121389.6520697904 121889.3056578870
120165.3382653596 121889.3056578870
122001.8089720059 121889.3056578870
122307.8874231136 121889.3056578870
121389.6520697904 121583.6019473917
121695.7305208982 121583.6019473917
122001.8089720059 121583.6019473917
122920.0443253290 121583.6019473917
123226.1227764367 121583.6019473917

125368.6719341907 126169.1576048214
119859.2598142519 121889.3056578870
120165.3382653596 121889.3056578870
120471.4167164673 121889.3056578870
120777.4951675750 121889.3056578870
121083.5736186827 121889.3056578870
121389.6520697904 121889.3056578870
121695.7305208982 121889.3056578870
122001.8089720059 121889.3056578870
122307.8874231136 121889.3056578870
122920.0443253290 121583.6019473917
123226.1227764367 121583.6019473917
123532.2012275444 121583.6019473917
119247.1029120365 115469.5277374854
121695.7305208982 115775.2314479807

119859.2598142519 121889.3056578870
120165.3382653596 121889.3056578870
120471.4167164673 121889.3056578870
120777.4951675750 121889.3056578870
121083.5736186827 121889.3056578870
121389.6520697904 121889.3056578870
121695.7305208982 121889.3056578870
122001.8089720059 121889.3056578870
122307.8874231136 121889.3056578870
122920.0443253290 121583.6019473917
123226.1227764367 121583.6019473917
123532.2012275444 121583.6019473917
121695.7305208982 122195.0093683823
121389.6520697904 122195.0093683823
121083.5736186827 122195.0093683823

119859.2598142519 121889.3056578870
120165.3382653596 121889.3056578870
120471.4167164673 121889.3056578870
121083.5736186827 121889.3056578870
121389.6520697904 121889.3056578870
121695.7305208982 121889.3056578870
122001.8089720059 121889.3056578870
122307.8874231136 121889.3056578870
122920.0443253290 121583.6019473917
123226.1227764367 121583.6019473917
123532.2012275444 121583.6019473917
124144.3581297599 118526.5648424385
120777.4951675750 121889.3056578870
121695.7305208982 122195.0093683823
121389.6520697904 122195.0093683823

121695.7305208982 115775.2314479807
118634.9460098210 115775.2314479807
123532.2012275444 121583.6019473917
123226.1227764367 121583.6019473917
122920.0443253290 121583.6019473917
122307.8874231136 121889.3056578870
122001.8089720059 121889.3056578870
121695.7305208982 121889.3056578870
121389.6520697904 121889.3056578870
121083.5736186827 121889.3056578870
120777.4951675750 121889.3056578870
120471.4167164673 121889.3056578870
120165.3382653596 121889.3056578870
121695.7305208982 122195.0093683823
124450.4365808676 118526.5648424385

120165.3382653596 121889.3056578870
120471.4167164673 121889.3056578870
122001.8089720059 121889.3056578870
122307.8874231136 121889.3056578870
123226.1227764367 121583.6019473917
122920.0443253290 121583.6019473917
122001.8089720059 121583.6019473917
121695.7305208982 121583.6019473917
121389.6520697904 121583.6019473917
121695.7305208982 121889.3056578870
121389.6520697904 121889.3056578870
121083.5736186827 121889.3056578870
120777.4951675750 121889.3056578870
121695.7305208982 122195.0093683823
121389.6520697904 122195.0093683823

120165.3382653596 121889.3056578870
120471.4167164673 121889.3056578870
122001.8089720059 121889.3056578870
122307.8874231136 121889.3056578870
123226.1227764367 121583.6019473917
122920.0443253290 121583.6019473917
122001.8089720059 121583.6019473917
121695.7305208982 121583.6019473917
121389.6520697904 121583.6019473917
121695.7305208982 121889.3056578870
121389.6520697904 121889.3056578870
121083.5736186827 121889.3056578870
120777.4951675750 121889.3056578870
121695.7305208982 122195.0093683823
122001.8089720059 122500.7130788776

123532.2012275444 121583.6019473917
123226.1227764367 121583.6019473917
122920.0443253290 121583.6019473917
122001.8089720059 121583.6019473917
122613.9658742213 121277.8982368963
122307.8874231136 121889.3056578870
122001.8089720059 121889.3056578870
121695.7305208982 121889.3056578870
121389.6520697904 121889.3056578870
121083.5736186827 121889.3056578870
120777.4951675750 121889.3056578870
120471.4167164673 121889.3056578870
120165.3382653596 121889.3056578870
121695.7305208982 122195.0093683823
121389.6520697904 122195.0093683823

121695.7305208982 115775.2314479807
118634.9460098210 115775.2314479807
123532.2012275444 121583.6019473917
123226.1227764367 121583.6019473917
122920.0443253290 121583.6019473917
122307.8874231136 121889.3056578870
122001.8089720059 121889.3056578870
121695.7305208982 121889.3056578870
121389.6520697904 121889.3056578870
121083.5736186827 121889.3056578870
120777.4951675750 121889.3056578870
120471.4167164673 121889.3056578870
120165.3382653596 121889.3056578870
121695.7305208982 122195.0093683823
122001.8089720059 115775.2314479807

122613.9658742213 121277.8982368963
122920.0443253290 121583.6019473917
122001.8089720059 121583.6019473917
121695.7305208982 121583.6019473917
121389.6520697904 121583.6019473917
122307.8874231136 121889.3056578870
122001.8089720059 121889.3056578870
121695.7305208982 121889.3056578870
121389.6520697904 121889.3056578870
121083.5736186827 121889.3056578870
120777.4951675750 121889.3056578870
120471.4167164673 121889.3056578870
121695.7305208982 122195.0093683823
121389.6520697904 122195.0093683823
121083.5736186827 122195.0093683823

122001.8089720059 122500.7130788776
121083.5736186827 122195.0093683823
121389.6520697904 122195.0093683823
121695.7305208982 122195.0093683823
120165.3382653596 121889.3056578870
120471.4167164673 121889.3056578870
120777.4951675750 121889.3056578870
121083.5736186827 121889.3056578870
121389.6520697904 121889.3056578870
123226.1227764367 121583.6019473917
122920.0443253290 121583.6019473917
122001.8089720059 121583.6019473917
121695.7305208982 121583.6019473917
122307.8874231136 121889.3056578870
122001.8089720059 121889.3056578870

122920.0443253290 121583.6019473917
122001.8089720059 121583.6019473917
121695.7305208982 121583.6019473917
121389.6520697904 121583.6019473917
121083.5736186827 121583.6019473917
122307.8874231136 121889.3056578870
122001.8089720059 121889.3056578870
121695.7305208982 121889.3056578870
121389.6520697904 121889.3056578870
121083.5736186827 121889.3056578870
120777.4951675750 121889.3056578870
122001.8089720059 122500.7130788776
121695.7305208982 122195.0093683823
121389.6520697904 122195.0093683823
121083.5736186827 122195.0093683823

122001.8089720059 122500.7130788776
123226.1227764367 121583.6019473917
122920.0443253290 121583.6019473917
122001.8089720059 121583.6019473917
121695.7305208982 121583.6019473917
121389.6520697904 121583.6019473917
121083.5736186827 121583.6019473917
122307.8874231136 121889.3056578870
122001.8089720059 121889.3056578870
121695.7305208982 121889.3056578870
121389.6520697904 121889.3056578870
121083.5736186827 121889.3056578870
120777.4951675750 121889.3056578870
120471.4167164673 121889.3056578870
121695.7305208982 122195.0093683823

122920.0443253290 121583.6019473917
122001.8089720059 121583.6019473917
121695.7305208982 121583.6019473917
121389.6520697904 121583.6019473917
121083.5736186827 121583.6019473917
122307.8874231136 121889.3056578870
122001.8089720059 121889.3056578870
121695.7305208982 121889.3056578870
121389.6520697904 121889.3056578870
121083.5736186827 121889.3056578870
120777.4951675750 121889.3056578870
120471.4167164673 121889.3056578870
121695.7305208982 122195.0093683823
121389.6520697904 122195.0093683823
121083.5736186827 122195.0093683823

122001.8089720059 122500.7130788776
122920.0443253290 121583.6019473917
122001.8089720059 121583.6019473917
121695.7305208982 121583.6019473917
121389.6520697904 121583.6019473917
122307.8874231136 121889.3056578870
122001.8089720059 121889.3056578870
121695.7305208982 121889.3056578870
121389.6520697904 121889.3056578870
121083.5736186827 121889.3056578870
120777.4951675750 121889.3056578870
120471.4167164673 121889.3056578870
121695.7305208982 122195.0093683823
121389.6520697904 122195.0093683823
121083.5736186827 122195.0093683823

121083.5736186827 122195.0093683823
121389.6520697904 122195.0093683823
121695.7305208982 122195.0093683823
120471.4167164673 121889.3056578870
120777.4951675750 121889.3056578870
121083.5736186827 121889.3056578870
120165.3382653596 121889.3056578870
121695.7305208982 121889.3056578870
122001.8089720059 121889.3056578870
122307.8874231136 121889.3056578870
121389.6520697904 121583.6019473917
121695.7305208982 121583.6019473917
122001.8089720059 121583.6019473917
122920.0443253290 121583.6019473917
123226.1227764367 121583.6019473917

122920.0443253290 121583.6019473917
122001.8089720059 121583.6019473917
121695.7305208982 121583.6019473917
121389.6520697904 121583.6019473917
122307.8874231136 121889.3056578870
122001.8089720059 121889.3056578870
121695.7305208982 121889.3056578870
121389.6520697904 121889.3056578870
121083.5736186827 121889.3056578870
120777.4951675750 121889.3056578870
121695.7305208982 122195.0093683823
121389.6520697904 122195.0093683823
121083.5736186827 122195.0093683823
120777.4951675750 122195.0093683823
120471.4167164673 121889.3056578870

123226.1227764367 121583.6019473917
122920.0443253290 121583.6019473917
122001.8089720059 121583.6019473917
121695.7305208982 121583.6019473917
121389.6520697904 121583.6019473917
122307.8874231136 121889.3056578870
122001.8089720059 121889.3056578870
120165.3382653596 121889.3056578870
121389.6520697904 121889.3056578870
121083.5736186827 121889.3056578870
120777.4951675750 121889.3056578870
120471.4167164673 121889.3056578870
121695.7305208982 122195.0093683823
121389.6520697904 122195.0093683823
121083.5736186827 122195.0093683823

123226.1227764367 121583.6019473917
122920.0443253290 121583.6019473917
122001.8089720059 121583.6019473917
121695.7305208982 121583.6019473917
122613.9658742213 121277.8982368963
122307.8874231136 121889.3056578870
122001.8089720059 121889.3056578870
121695.7305208982 121889.3056578870
121389.6520697904 121889.3056578870
121083.5736186827 121889.3056578870
120777.4951675750 121889.3056578870
120471.4167164673 121889.3056578870
121695.7305208982 122195.0093683823
121389.6520697904 122195.0093683823
121083.5736186827 122195.0093683823

123226.1227764367 121583.6019473917
122920.0443253290 121583.6019473917
122001.8089720059 121583.6019473917
121695.7305208982 121583.6019473917
121389.6520697904 121583.6019473917
122307.8874231136 121889.3056578870
122001.8089720059 121889.3056578870
121695.7305208982 121889.3056578870
121389.6520697904 121889.3056578870
121083.5736186827 121889.3056578870
120777.4951675750 121889.3056578870
120471.4167164673 121889.3056578870
121695.7305208982 122195.0093683823
121389.6520697904 122195.0093683823
121083.5736186827 121583.6019473917

123226.1227764367 121583.6019473917
122920.0443253290 121583.6019473917
122001.8089720059 121583.6019473917
121695.7305208982 121583.6019473917
121389.6520697904 121583.6019473917
122307.8874231136 121889.3056578870
122001.8089720059 121889.3056578870
121695.7305208982 121889.3056578870
121389.6520697904 121889.3056578870
121083.5736186827 121889.3056578870
120777.4951675750 121889.3056578870
120471.4167164673 121889.3056578870
121695.7305208982 122195.0093683823
121389.6520697904 122195.0093683823
122001.8089720059 122500.7130788776

122001.8089720059 122500.7130788776
123226.1227764367 121583.6019473917
122920.0443253290 121583.6019473917
122001.8089720059 121583.6019473917
121695.7305208982 121583.6019473917
122307.8874231136 121889.3056578870
122001.8089720059 121889.3056578870
121695.7305208982 121889.3056578870
121389.6520697904 121889.3056578870
121083.5736186827 121889.3056578870
120777.4951675750 121889.3056578870
120471.4167164673 121889.3056578870
121695.7305208982 122195.0093683823
121083.5736186827 122195.0093683823
120777.4951675750 122195.0093683823

122001.8089720059 122500.7130788776
120777.4951675750 122500.7130788776
121389.6520697904 122195.0093683823
121695.7305208982 122195.0093683823
120165.3382653596 121889.3056578870
120471.4167164673 121889.3056578870
120777.4951675750 121889.3056578870
121083.5736186827 121889.3056578870
121389.6520697904 121889.3056578870
121695.7305208982 121889.3056578870
122001.8089720059 121889.3056578870
122307.8874231136 121889.3056578870
122920.0443253290 121583.6019473917
123226.1227764367 121583.6019473917
123532.2012275444 121583.6019473917

123532.2012275444 121583.6019473917
123226.1227764367 121583.6019473917
122920.0443253290 121583.6019473917
122001.8089720059 121583.6019473917
121695.7305208982 121583.6019473917
122307.8874231136 121889.3056578870
122001.8089720059 121889.3056578870
121389.6520697904 121583.6019473917
121389.6520697904 121889.3056578870
121083.5736186827 121889.3056578870
120777.4951675750 121889.3056578870
120471.4167164673 121889.3056578870
120165.3382653596 121889.3056578870
121695.7305208982 122195.0093683823
121389.6520697904 122195.0093683823

121083.5736186827 122195.0093683823
121389.6520697904 122195.0093683823
123532.2012275444 121583.6019473917
123226.1227764367 121583.6019473917
122920.0443253290 121583.6019473917
122307.8874231136 121889.3056578870
122001.8089720059 121889.3056578870
121695.7305208982 121889.3056578870
121389.6520697904 121889.3056578870
121083.5736186827 121889.3056578870
120777.4951675750 121889.3056578870
120471.4167164673 121889.3056578870
120165.3382653596 121889.3056578870
121695.7305208982 122195.0093683823
122001.8089720059 122500.7130788776

121083.5736186827 122195.0093683823
121389.6520697904 122195.0093683823
121695.7305208982 122195.0093683823
120471.4167164673 121889.3056578870
120777.4951675750 121889.3056578870
121083.5736186827 121889.3056578870
122001.8089720059 122500.7130788776
121695.7305208982 121889.3056578870
122001.8089720059 121889.3056578870
122307.8874231136 121889.3056578870
121389.6520697904 121583.6019473917
121695.7305208982 121583.6019473917
122001.8089720059 121583.6019473917
122920.0443253290 121583.6019473917
123226.1227764367 121583.6019473917

123226.1227764367 121583.6019473917
122920.0443253290 121583.6019473917
122001.8089720059 121583.6019473917
121695.7305208982 121583.6019473917
121389.6520697904 121583.6019473917
122307.8874231136 121889.3056578870
122001.8089720059 121889.3056578870
121695.7305208982 121889.3056578870
121389.6520697904 121889.3056578870
121083.5736186827 121889.3056578870
120777.4951675750 121889.3056578870
120471.4167164673 121889.3056578870
121695.7305208982 122195.0093683823
121389.6520697904 122195.0093683823
121083.5736186827 122195.0093683823

122001.8089720059 122500.7130788776
123226.1227764367 121583.6019473917
122920.0443253290 121583.6019473917
122001.8089720059 121583.6019473917
121695.7305208982 121583.6019473917
122307.8874231136 121889.3056578870
122001.8089720059 121889.3056578870
121695.7305208982 121889.3056578870
121389.6520697904 121889.3056578870
121083.5736186827 121889.3056578870
120777.4951675750 121889.3056578870
120471.4167164673 121889.3056578870
121695.7305208982 122195.0093683823
121389.6520697904 122195.0093683823
121083.5736186827 122195.0093683823

121083.5736186827 122195.0093683823
121389.6520697904 122195.0093683823
121695.7305208982 122195.0093683823
120165.3382653596 121889.3056578870
120471.4167164673 121889.3056578870
120777.4951675750 121889.3056578870
121083.5736186827 121889.3056578870
121389.6520697904 121889.3056578870
123532.2012275444 121583.6019473917
123226.1227764367 121583.6019473917
122920.0443253290 121583.6019473917
122001.8089720059 121583.6019473917
121695.7305208982 121583.6019473917
122307.8874231136 121889.3056578870
122001.8089720059 121889.3056578870

123532.2012275444 121583.6019473917
123226.1227764367 121583.6019473917
122920.0443253290 121583.6019473917
119859.2598142519 121889.3056578870
122307.8874231136 121889.3056578870
122001.8089720059 121889.3056578870
121695.7305208982 121889.3056578870
121389.6520697904 121889.3056578870
121083.5736186827 121889.3056578870
120777.4951675750 121889.3056578870
120471.4167164673 121889.3056578870
120165.3382653596 121889.3056578870
121695.7305208982 122195.0093683823
121389.6520697904 122195.0093683823
122001.8089720059 122500.7130788776

121083.5736186827 122195.0093683823
121389.6520697904 122195.0093683823
121695.7305208982 122195.0093683823
120165.3382653596 121889.3056578870
120471.4167164673 121889.3056578870
120777.4951675750 121889.3056578870
121083.5736186827 121889.3056578870
121389.6520697904 121889.3056578870
121695.7305208982 121889.3056578870
122001.8089720059 121889.3056578870
122307.8874231136 121889.3056578870
122920.0443253290 121583.6019473917
123226.1227764367 121583.6019473917
123532.2012275444 121583.6019473917
122920.0443253290 120972.1945264010

122001.8089720059 122500.7130788776
123226.1227764367 121583.6019473917
122920.0443253290 121583.6019473917
122001.8089720059 121583.6019473917
121695.7305208982 121583.6019473917
122307.8874231136 121889.3056578870
122001.8089720059 121889.3056578870
121695.7305208982 121889.3056578870
121389.6520697904 121889.3056578870
121083.5736186827 121889.3056578870
120777.4951675750 121889.3056578870
120471.4167164673 121889.3056578870
120165.3382653596 121889.3056578870
121695.7305208982 122195.0093683823
121389.6520697904 122195.0093683823

123226.1227764367 121583.6019473917
122920.0443253290 121583.6019473917
122001.8089720059 121583.6019473917
121695.7305208982 121583.6019473917
122307.8874231136 121889.3056578870
122001.8089720059 121889.3056578870
121695.7305208982 121889.3056578870
121389.6520697904 121889.3056578870
121083.5736186827 121889.3056578870
120777.4951675750 121889.3056578870
120471.4167164673 121889.3056578870
120165.3382653596 121889.3056578870
121695.7305208982 122195.0093683823
120777.4951675750 122195.0093683823
121083.5736186827 122195.0093683823

123226.1227764367 121583.6019473917
122920.0443253290 121583.6019473917
122001.8089720059 121583.6019473917
121695.7305208982 121583.6019473917
122307.8874231136 121889.3056578870
122001.8089720059 121889.3056578870
121695.7305208982 121889.3056578870
121389.6520697904 121889.3056578870
121083.5736186827 121889.3056578870
120777.4951675750 121889.3056578870
120471.4167164673 121889.3056578870
120165.3382653596 121889.3056578870
121695.7305208982 122195.0093683823
121083.5736186827 122195.0093683823
122001.8089720059 122500.7130788776

122001.8089720059 122500.7130788776
122920.0443253290 121583.6019473917
122001.8089720059 121583.6019473917
121695.7305208982 121583.6019473917
121389.6520697904 121583.6019473917
122307.8874231136 121889.3056578870
122001.8089720059 121889.3056578870
121695.7305208982 121889.3056578870
121389.6520697904 121889.3056578870
121083.5736186827 121889.3056578870
120777.4951675750 121889.3056578870
121695.7305208982 122195.0093683823
121389.6520697904 122195.0093683823
121083.5736186827 122195.0093683823
120777.4951675750 122195.0093683823

123532.2012275444 121583.6019473917
123226.1227764367 121583.6019473917
122920.0443253290 121583.6019473917
122001.8089720059 121583.6019473917
121695.7305208982 121583.6019473917
122307.8874231136 121889.3056578870
122001.8089720059 121889.3056578870
121695.7305208982 121889.3056578870
121389.6520697904 121889.3056578870
121083.5736186827 121889.3056578870
120777.4951675750 121889.3056578870
120471.4167164673 121889.3056578870
120165.3382653596 121889.3056578870
121695.7305208982 122195.0093683823
121389.6520697904 121583.6019473917

120165.3382653596 121889.3056578870
120471.4167164673 121889.3056578870
121389.6520697904 121889.3056578870
121695.7305208982 121889.3056578870
122001.8089720059 121889.3056578870
122307.8874231136 121889.3056578870
123838.2796786522 118526.5648424385
123532.2012275444 121583.6019473917
123226.1227764367 121583.6019473917
122920.0443253290 121583.6019473917
121083.5736186827 121889.3056578870
120777.4951675750 121889.3056578870
121695.7305208982 122195.0093683823
121389.6520697904 122195.0093683823
121083.5736186827 122195.0093683823

123226.1227764367 121583.6019473917
122920.0443253290 121583.6019473917
122001.8089720059 121583.6019473917
121695.7305208982 121583.6019473917
122307.8874231136 121889.3056578870
122001.8089720059 121889.3056578870
121695.7305208982 121889.3056578870
121389.6520697904 121889.3056578870
121083.5736186827 121889.3056578870
120777.4951675750 121889.3056578870
120471.4167164673 121889.3056578870
121695.7305208982 122195.0093683823
121389.6520697904 122195.0093683823
121083.5736186827 122195.0093683823
120777.4951675750 122195.0093683823

121389.6520697904 122195.0093683823
121695.7305208982 122195.0093683823
120165.3382653596 121889.3056578870
120471.4167164673 121889.3056578870
120777.4951675750 121889.3056578870
121083.5736186827 121889.3056578870
121389.6520697904 121889.3056578870
121695.7305208982 121889.3056578870
122001.8089720059 121889.3056578870
122307.8874231136 121889.3056578870
121695.7305208982 121583.6019473917
122001.8089720059 121583.6019473917
122920.0443253290 121583.6019473917
123226.1227764367 121583.6019473917
122613.9658742213 121277.8982368963

123226.1227764367 121583.6019473917
122920.0443253290 121583.6019473917
122001.8089720059 121583.6019473917
121695.7305208982 121583.6019473917
122307.8874231136 121889.3056578870
122001.8089720059 121889.3056578870
121695.7305208982 121889.3056578870
121389.6520697904 121889.3056578870
121083.5736186827 121889.3056578870
120777.4951675750 121889.3056578870
120471.4167164673 121889.3056578870
120165.3382653596 121889.3056578870
121695.7305208982 122195.0093683823
121389.6520697904 122195.0093683823
121083.5736186827 122195.0093683823

122613.9658742213 121277.8982368963
122920.0443253290 121583.6019473917
122001.8089720059 121583.6019473917
121695.7305208982 121583.6019473917
121389.6520697904 121583.6019473917
122307.8874231136 121889.3056578870
122001.8089720059 121889.3056578870
121695.7305208982 121889.3056578870
121389.6520697904 121889.3056578870
121083.5736186827 121889.3056578870
120777.4951675750 121889.3056578870
121695.7305208982 122195.0093683823
121389.6520697904 122195.0093683823
121083.5736186827 122195.0093683823
120777.4951675750 122195.0093683823

122920.0443253290 121583.6019473917
122001.8089720059 121583.6019473917
121695.7305208982 121583.6019473917
121389.6520697904 121583.6019473917
121083.5736186827 121583.6019473917
122307.8874231136 121889.3056578870
122001.8089720059 121889.3056578870
121695.7305208982 121889.3056578870
121389.6520697904 121889.3056578870
121083.5736186827 121889.3056578870
120777.4951675750 121889.3056578870
121695.7305208982 122195.0093683823
121389.6520697904 122195.0093683823
121083.5736186827 122195.0093683823
120777.4951675750 122195.0093683823

122920.0443253290 121583.6019473917
122001.8089720059 121583.6019473917
121695.7305208982 121583.6019473917
121389.6520697904 121583.6019473917
122307.8874231136 121889.3056578870
122001.8089720059 121889.3056578870
121695.7305208982 121889.3056578870
121389.6520697904 121889.3056578870
121083.5736186827 121889.3056578870
120777.4951675750 121889.3056578870
121695.7305208982 122195.0093683823
121389.6520697904 122195.0093683823
121083.5736186827 122195.0093683823
120777.4951675750 122195.0093683823
120471.4167164673 122195.0093683823

