29511536.7030571364 32989.6539180875
29578564.4543793201 34086.6908335485
29847762.4960373119 37630.7697386146
29662000.5747008398 35898.7844023108
30259572.0150383674 38637.1880319118
29500901.7132918574 32964.5647991300
29489592.2857836075 32871.7882798314
29642983.8508908972 35806.9106077552
29578662.0818744712 34894.9810423255
29508567.3767313845 32982.1073258519
29550089.8226041198 33983.0542229579
30273666.1144440584 38786.6352653503
29522286.5651082993 33782.9766483307
29508043.5409683920 32982.0572617650
29530044.1942788921 33888.2360739112
29557399.4644890837 33993.9190390933
29601643.5189516917 34894.9837883876
29540085.4349240176 33900.6769102812
29711412.8422095589 36718.8401731849
30026137.8682123013 37714.4926163554
29820225.5595938787 36802.5630509257
29556838.7774641141 33993.9150287809
29626531.6211274564 35048.2151274085
30018289.5213343129 37711.4235803485
29542972.1601667479 33904.8477204007
29518765.5844349042 33014.7806716561
30009188.8622822873 37662.7437977195
29761258.9982522801 36723.4333663303
29613329.1805322170 34931.7312406301
30171522.1050618850 38484.8544187546
29520287.4519019723 33044.9013050938
29818415.0862706006 36802.5080158114
29607052.2375021540 34926.9674441814
29630664.9976003394 35727.2153949738
29522298.3030091152 33826.3774490356
29536172.4747278951 33895.1544569731
29560398.8236843236 34015.0378787518
32847816.8466316573 41991.3320655823
33909271.8495117128 42922.4540405273
34870015.9569803849 43703.0321350098
33273153.3985105716 42897.7867507935
30156707.1822548620 37916.6117930412
30063172.0745074749 37867.5350320339
30398591.2563833632 39435.4985177517
30805532.1765438244 39775.9841766357
30356934.3517024294 38791.0597564280
30935677.2644156739 39863.3956146240
31096610.4580180347 40521.3834533691
30961064.7447889782 40039.7700042725
31378731.4518842325 41164.1696662903
30510876.3110095449 39591.9699897766
30680438.6263239197 39766.0456848145
31201367.3872771040 40618.0479965210
31362367.3307516798 41093.0085678101
31000223.6589244530 40481.9150695801
34483522.6153612435 43094.1191101074
31412029.6432921402 41838.5973434448
32189487.7398706600 41855.5654602051
33008420.9278360941 42096.0266723633
33099289.5326640457 42519.5343627930
