29487814.1993235387 191222.7304329872
30350865.0865701921 225281.8171997070
30573870.7525106892 226477.8559265137
29616455.1153517701 203685.3256506920
29633983.7749796510 204645.1875871265
29617023.1856333092 203691.4649901390
29574754.5641445667 199576.4312362883
30346814.6877441816 225270.5138244629
29885218.3901851587 214255.7859878540
29986943.0008548573 217642.5880661011
29631837.6675886996 204605.4519078732
29729121.3484206349 208966.5647171140
29728027.7378856465 208931.6953750663
29551058.2765272930 196590.6100311279
29554348.4585458785 196677.7374420166
29483181.5258084200 187189.4655876160
29580277.3098722138 200522.5142555237
29482871.0407988727 187143.9253957272
29543235.0047135614 196440.1991806030
29487503.7143139951 190941.6631522179
29714283.3165013604 208806.3362924760
29662856.3516454324 205129.3900203705
30149970.1397797428 221594.1445007324
29629642.5481018908 204602.8790054321
29545312.7632749379 196461.9943809509
29709639.2323231325 208739.5383403854
29641966.1786818393 204826.2089538574
29541355.1699451506 196407.9192314148
29744727.8723588735 209303.7358398438
29496520.7929362990 191266.2364308834
29589725.4384177290 200596.4236939991
29618592.9924850054 203753.7503243850
29645477.2877006605 204944.7548522949
29823282.0166328475 212882.6468984596
29602210.1578227952 200838.8280334473
29568697.5992060900 196837.9917030334
29626881.1488883495 204495.4047807300
29553505.2904515006 196666.9139251709
29793661.0505741425 212861.8493755417
29738780.5221296363 209097.7952745202
29783681.8212991096 211913.4504308701
29604119.0447650105 200868.3133091927
29564261.3138652071 196753.7510452271
29516677.2327141613 192221.2497177124
29850367.2572265677 213674.5299606323
29546065.9160082936 196538.8844108582
29504701.5952956825 191508.9547576904
29607440.4427220970 200898.8835444450
30593498.3913773373 229676.8635864258
29675676.2012182958 205328.9184494019
29925284.4994272888 217273.4050292969
29588747.1285260357 200584.8371124268
29638820.7681757845 204752.6618118286
29606370.5329118185 200877.6113510132
29702805.4135541506 208154.0007828870
29515499.2480206378 192220.6135902405
29613627.0878716819 203601.4779686928
29593699.3972686492 200703.8979187012
30066762.0018332973 221078.0554332733
29997189.2274543382 218087.3627014160
29576851.3951502554 199710.9239881385
29536518.1767490171 196370.6851844788
29509186.0769409724 191777.2865211964
29785317.8195875622 212244.1918829638
29843905.5683065243 213530.5610961914
29704441.4118425995 208165.8250141144
29576884.3879951835 200028.7029361725
29668995.2865244970 205218.6588516235
29518037.6655622534 195063.9741873741
29843686.9005877338 213528.0981388092
29921264.8305004984 217006.5755271912
29678990.5025408417 205343.8326843195
29625533.9570946395 204159.1183476448
29602073.2421265393 200729.7994389534
29534888.7407727502 195825.6687421799
30234285.6066404246 224889.7303237915
29534693.8723614700 195824.6881995201
30057923.6057194434 218390.2306823730
29935279.7154436335 217398.5682678223
29779624.3921153881 209801.9147338867
29503668.5501800813 191401.0818958282
29771154.9685766920 209309.4350585938
29592387.4517726637 200605.7312088013
29705449.3033813536 208267.6718123313
30369855.8291950598 225349.0639343262
30090673.0865113400 221145.9594421387
29508922.1414957792 191767.6722102165
30417176.7258249186 225989.1908874512
29507402.4294679090 191750.8719329834
29504282.8590154052 191413.2755818367
29552861.4662790224 196636.6534461975
30219025.7272845469 224648.7504272461
29499667.4987148903 191387.6048636436
30514460.2919074297 226067.7630004883
30586676.6390632838 229487.0412902832
29911635.1849927083 216581.2914428711
29621493.6109929234 204067.3483858109
30103784.8165130876 221466.5774307251
29668292.4524163790 205211.6352966242
29914984.7723540105 216954.5822114944
29593592.0032616220 200645.5473175049
29776723.2760922275 209759.7544858399
29695873.1728271209 207722.6200466156
29978662.4778467827 217488.7217531204
29530672.4973492138 195456.9168876065
29838191.2491314858 213433.5412595216
29562297.8260671049 196686.2565193176
29835286.0673464835 213353.7145938873
29579913.9179202877 200031.7415006161
30551469.0203200057 226105.9468688965
29720232.8732593246 208850.3638732843
29563617.4896927290 196723.4905662537
29624114.6353509426 204153.3900117874
29699504.1714966483 208106.6264602281
29744687.0109841302 209223.1207988815
30218310.4559613653 221686.2972717285
29706416.0290630646 208715.1300018964
32159921.1729073003 233562.4577636719
30411748.3208537363 225930.7014465332
29504658.4637864493 191426.1134181023
32590026.1370807514 236183.2602539062
30294459.2073762864 225262.8783874512
29525077.8712504841 195161.4458503723
29534134.2287231162 195823.2177891731
29977445.7702968121 217478.4885864258
29498716.2894233838 191278.5250000954
29512555.0523019210 192077.6147040906
29506089.3640464842 191684.4691938940
29890950.3499527015 216124.6976912376
