121763.7054435817 121949.7030474985
121949.3930372537 121949.7030474985
121763.7054435817 121903.2435170281
121926.1820880447 121903.2435170281
121995.8149356717 121903.2435170281
121763.7054435817 121880.0137517929
121972.6039864627 121880.0137517929
121995.8149356717 121880.0137517929
122019.0258848807 121880.0137517929
122019.0258848807 121949.7030474985
121879.7601896267 121856.7839865577
121902.9711388357 121856.7839865577
121926.1820880447 121833.5542213225
121949.3930372537 121833.5542213225
121995.8149356717 121763.8649256169

120951.3222212666 122112.3114041450
121229.8536117746 122065.8518736745
121601.2287991187 122042.6221084393
121485.1740530737 121996.1625779689
121856.5492404177 121996.1625779689
121694.0725959547 121624.4863342056
122019.0258848807 121926.4732822633
122042.2368340897 121926.4732822633
122088.6587325077 121926.4732822633
121810.1273419997 121880.0137517929
122135.0806309257 121880.0137517929
122506.4558182697 121856.7839865577
122111.8696817167 121833.5542213225
122181.5025293437 121787.0946908521
122065.4477832987 121763.8649256169

120951.3222212666 122112.3114041450
120649.5798815496 122089.0816389098
121229.8536117746 122065.8518736745
121601.2287991187 122042.6221084393
121485.1740530737 121996.1625779689
121856.5492404177 121972.9328127337
122019.0258848807 121926.4732822633
122042.2368340897 121926.4732822633
122088.6587325077 121926.4732822633
122111.8696817167 121903.2435170281
121810.1273419997 121880.0137517929
122135.0806309257 121856.7839865577
122506.4558182697 121856.7839865577
122970.6748024498 121508.3375080296
122715.3543611507 121578.0268037352

120951.3222212666 122112.3114041450
120649.5798815496 122089.0816389098
121229.8536117746 122065.8518736745
121601.2287991187 122042.6221084393
123411.6828374208 121438.6482123240
122715.3543611507 121578.0268037352
123156.3623961218 121717.4053951465
122181.5025293437 121787.0946908521
122506.4558182697 121856.7839865577
121833.3382912087 121880.0137517929
121137.0098149386 121880.0137517929
122552.8777166877 121926.4732822633
121554.8069007007 121949.7030474985
121856.5492404177 121972.9328127337
122251.1353769707 121996.1625779689

121485.1740530737 121996.1625779689
121763.7054435817 121949.7030474985
121926.1820880447 121949.7030474985
121856.5492404177 121926.4732822633
121810.1273419997 121926.4732822633
121926.1820880447 121903.2435170281
121995.8149356717 121903.2435170281
121763.7054435817 121880.0137517929
121833.3382912087 121880.0137517929
121972.6039864627 121880.0137517929
122019.0258848807 121880.0137517929
121763.7054435817 121856.7839865577
121902.9711388357 121856.7839865577
122274.3463261797 121833.5542213225
121995.8149356717 121763.8649256169

120951.3222212666 122112.3114041450
120649.5798815496 122089.0816389098
121229.8536117746 122065.8518736745
121601.2287991187 122042.6221084393
121856.5492404177 121972.9328127337
121554.8069007007 121949.7030474985
122552.8777166877 121926.4732822633
121137.0098149386 121880.0137517929
121833.3382912087 121880.0137517929
122506.4558182697 121856.7839865577
122181.5025293437 121787.0946908521
123156.3623961218 121717.4053951465
121322.6974086106 121670.9458646760
122019.0258848807 121647.7160994408
122715.3543611507 121578.0268037352

120951.3222212666 122112.3114041450
121229.8536117746 122065.8518736745
121601.2287991187 122042.6221084393
121485.1740530737 121996.1625779689
121856.5492404177 121996.1625779689
122019.0258848807 121926.4732822633
122042.2368340897 121926.4732822633
122111.8696817167 121903.2435170281
121810.1273419997 121880.0137517929
122506.4558182697 121856.7839865577
122111.8696817167 121833.5542213225
122181.5025293437 121787.0946908521
122715.3543611507 121578.0268037352
122019.0258848807 121647.7160994408
122135.0806309257 121856.7839865577

121995.8149356717 121763.8649256169
121995.8149356717 121787.0946908521
122343.9791738067 121810.3244560873
121763.7054435817 121856.7839865577
122019.0258848807 121880.0137517929
121972.6039864627 121880.0137517929
121763.7054435817 121880.0137517929
121995.8149356717 121903.2435170281
121926.1820880447 121903.2435170281
122065.4477832987 121926.4732822633
121810.1273419997 121926.4732822633
122042.2368340897 121949.7030474985
121183.4317133566 122065.8518736745
122042.2368340897 121996.1625779689
121485.1740530737 121996.1625779689

121763.7054435817 121949.7030474985
121763.7054435817 121903.2435170281
121856.5492404177 121903.2435170281
121926.1820880447 121903.2435170281
121995.8149356717 121903.2435170281
121972.6039864627 121880.0137517929
122019.0258848807 121880.0137517929
121763.7054435817 121856.7839865577
121879.7601896267 121856.7839865577
121902.9711388357 121856.7839865577
121717.2835451637 121833.5542213225
121926.1820880447 121833.5542213225
121949.3930372537 121833.5542213225
121995.8149356717 121763.8649256169
121995.8149356717 121880.0137517929

120951.3222212666 122112.3114041450
121229.8536117746 122065.8518736745
121578.0178499097 122019.3923432041
122088.6587325077 121949.7030474985
121786.9163927907 121926.4732822633
122019.0258848807 121926.4732822633
122111.8696817167 121926.4732822633
122111.8696817167 121903.2435170281
121810.1273419997 121880.0137517929
121833.3382912087 121880.0137517929
121949.3930372537 121880.0137517929
122506.4558182697 121856.7839865577
121995.8149356717 121833.5542213225
122715.3543611507 121578.0268037352
122065.4477832987 121763.8649256169

121485.1740530737 121996.1625779689
121926.1820880447 121972.9328127337
121810.1273419997 121926.4732822633
121902.9711388357 121903.2435170281
121926.1820880447 121903.2435170281
121763.7054435817 121880.0137517929
121972.6039864627 121880.0137517929
122019.0258848807 121880.0137517929
121995.8149356717 121763.8649256169
121995.8149356717 121787.0946908521
122343.9791738067 121810.3244560873
122320.7682245977 121833.5542213225
121972.6039864627 121833.5542213225
121694.0725959547 121833.5542213225
121926.1820880447 121856.7839865577

121067.3769673116 122298.1495260266
120394.2594402506 122274.9197607914
121601.2287991187 122042.6221084393
120556.7360847136 122019.3923432041
121554.8069007007 121949.7030474985
121995.8149356717 121949.7030474985
122552.8777166877 121926.4732822633
121137.0098149386 121880.0137517929
121810.1273419997 121880.0137517929
121833.3382912087 121880.0137517929
121810.1273419997 121926.4732822633
122181.5025293437 121787.0946908521
123156.3623961218 121717.4053951465
121995.8149356717 121670.9458646760
122715.3543611507 121578.0268037352

121229.8536117746 122065.8518736745
121601.2287991187 122042.6221084393
121229.8536117746 122089.0816389098
121856.5492404177 121972.9328127337
121810.1273419997 121949.7030474985
121856.5492404177 121949.7030474985
122019.0258848807 121926.4732822633
122111.8696817167 121926.4732822633
121508.3850022827 121903.2435170281
121810.1273419997 121880.0137517929
121833.3382912087 121880.0137517929
122506.4558182697 121856.7839865577
121763.7054435817 121833.5542213225
122111.8696817167 121833.5542213225
122065.4477832987 121763.8649256169

120649.5798815496 122158.7709346154
121276.2755101926 122158.7709346154
120951.3222212666 122112.3114041450
121229.8536117746 122065.8518736745
121601.2287991187 122042.6221084393
121578.0178499097 122019.3923432041
121485.1740530737 121996.1625779689
121763.7054435817 121996.1625779689
122111.8696817167 121903.2435170281
121810.1273419997 121880.0137517929
121833.3382912087 121880.0137517929
122135.0806309257 121880.0137517929
122135.0806309257 121856.7839865577
122506.4558182697 121856.7839865577
122715.3543611507 121578.0268037352

120951.3222212666 122112.3114041450
121229.8536117746 122065.8518736745
121601.2287991187 122042.6221084393
121485.1740530737 121996.1625779689
121856.5492404177 121996.1625779689
122019.0258848807 121926.4732822633
122042.2368340897 121926.4732822633
122111.8696817167 121926.4732822633
121740.4944943727 121694.1756299112
122065.4477832987 121763.8649256169
122506.4558182697 121856.7839865577
122135.0806309257 121856.7839865577
121810.1273419997 121880.0137517929
122111.8696817167 121903.2435170281
122088.6587325077 121926.4732822633

120649.5798815496 122158.7709346154
120951.3222212666 122112.3114041450
121972.6039864627 122089.0816389098
121229.8536117746 122065.8518736745
121601.2287991187 122042.6221084393
121485.1740530737 121996.1625779689
121856.5492404177 121972.9328127337
122042.2368340897 121926.4732822633
122088.6587325077 121903.2435170281
121810.1273419997 121880.0137517929
122135.0806309257 121856.7839865577
122506.4558182697 121856.7839865577
122019.0258848807 121647.7160994408
122715.3543611507 121578.0268037352
122111.8696817167 121903.2435170281

121067.3769673116 122298.1495260266
120394.2594402506 122274.9197607914
121601.2287991187 122042.6221084393
120556.7360847136 122019.3923432041
121554.8069007007 121949.7030474985
121995.8149356717 121949.7030474985
122552.8777166877 121926.4732822633
121137.0098149386 121880.0137517929
121810.1273419997 121880.0137517929
121833.3382912087 121880.0137517929
122135.0806309257 121856.7839865577
122970.6748024498 121508.3375080296
122715.3543611507 121578.0268037352
122181.5025293437 121787.0946908521
122506.4558182697 121856.7839865577

121229.8536117746 122065.8518736745
121601.2287991187 122042.6221084393
121856.5492404177 121972.9328127337
122645.7215135237 121531.5672732648
121856.5492404177 121949.7030474985
122019.0258848807 121926.4732822633
122111.8696817167 121926.4732822633
121485.1740530737 121880.0137517929
121810.1273419997 121880.0137517929
121833.3382912087 121880.0137517929
122506.4558182697 121856.7839865577
121763.7054435817 121833.5542213225
122135.0806309257 121810.3244560873
122181.5025293437 121787.0946908521
121972.6039864627 121624.4863342056

121485.1740530737 121996.1625779689
121763.7054435817 121949.7030474985
122042.2368340897 121949.7030474985
121810.1273419997 121926.4732822633
122065.4477832987 121926.4732822633
121926.1820880447 121903.2435170281
121949.3930372537 121670.9458646760
121763.7054435817 121880.0137517929
121972.6039864627 121880.0137517929
122019.0258848807 121880.0137517929
121763.7054435817 121856.7839865577
121879.7601896267 121856.7839865577
121972.6039864627 121833.5542213225
122343.9791738067 121810.3244560873
121995.8149356717 121763.8649256169

121415.5412054466 121996.1625779689
121485.1740530737 121996.1625779689
121926.1820880447 121972.9328127337
121810.1273419997 121926.4732822633
121926.1820880447 121903.2435170281
121763.7054435817 121880.0137517929
121972.6039864627 121880.0137517929
121879.7601896267 121856.7839865577
121926.1820880447 121856.7839865577
121694.0725959547 121833.5542213225
121972.6039864627 121833.5542213225
122320.7682245977 121833.5542213225
122181.5025293437 121996.1625779689
121995.8149356717 121787.0946908521
121995.8149356717 121763.8649256169

121415.5412054466 121996.1625779689
121485.1740530737 121996.1625779689
121926.1820880447 121972.9328127337
121810.1273419997 121926.4732822633
121926.1820880447 121903.2435170281
121763.7054435817 121880.0137517929
121972.6039864627 121880.0137517929
121879.7601896267 121856.7839865577
121926.1820880447 121856.7839865577
121694.0725959547 121833.5542213225
121972.6039864627 121833.5542213225
122320.7682245977 121833.5542213225
122343.9791738067 121810.3244560873
121995.8149356717 121787.0946908521
121995.8149356717 121763.8649256169

121763.7054435817 121949.7030474985
121949.3930372537 121949.7030474985
121763.7054435817 121903.2435170281
121926.1820880447 121903.2435170281
121995.8149356717 121903.2435170281
121763.7054435817 121880.0137517929
121972.6039864627 121880.0137517929
121995.8149356717 121880.0137517929
122019.0258848807 121880.0137517929
121763.7054435817 121856.7839865577
121879.7601896267 121856.7839865577
121902.9711388357 121856.7839865577
122042.2368340897 121833.5542213225
121949.3930372537 121833.5542213225
121926.1820880447 121833.5542213225

121485.1740530737 121996.1625779689
122042.2368340897 121996.1625779689
121763.7054435817 121949.7030474985
122042.2368340897 121949.7030474985
121810.1273419997 121926.4732822633
121137.0098149386 121903.2435170281
121926.1820880447 121903.2435170281
121995.8149356717 121903.2435170281
121763.7054435817 121880.0137517929
121972.6039864627 121880.0137517929
122019.0258848807 121880.0137517929
121763.7054435817 121856.7839865577
122343.9791738067 121810.3244560873
121995.8149356717 121787.0946908521
121995.8149356717 121763.8649256169

120951.3222212666 122112.3114041450
121229.8536117746 122065.8518736745
121578.0178499097 122019.3923432041
122088.6587325077 121949.7030474985
121786.9163927907 121926.4732822633
122019.0258848807 121926.4732822633
122088.6587325077 121926.4732822633
122111.8696817167 121926.4732822633
121856.5492404177 121903.2435170281
122111.8696817167 121903.2435170281
121810.1273419997 121880.0137517929
122065.4477832987 121763.8649256169
122111.8696817167 121833.5542213225
121763.7054435817 121833.5542213225
122506.4558182697 121856.7839865577

121485.1740530737 121996.1625779689
121926.1820880447 121972.9328127337
121438.7521546556 121926.4732822633
121902.9711388357 121903.2435170281
121926.1820880447 121903.2435170281
121763.7054435817 121880.0137517929
121972.6039864627 121880.0137517929
122019.0258848807 121880.0137517929
121879.7601896267 121856.7839865577
121694.0725959547 121833.5542213225
121972.6039864627 121833.5542213225
122320.7682245977 121833.5542213225
121972.6039864627 121810.3244560873
122343.9791738067 121810.3244560873
121995.8149356717 121763.8649256169

120951.3222212666 122112.3114041450
120649.5798815496 122089.0816389098
121229.8536117746 122065.8518736745
121601.2287991187 122042.6221084393
121485.1740530737 121996.1625779689
121856.5492404177 121972.9328127337
122019.0258848807 121926.4732822633
122042.2368340897 121926.4732822633
122088.6587325077 121926.4732822633
122111.8696817167 121903.2435170281
121810.1273419997 121880.0137517929
122135.0806309257 121856.7839865577
122506.4558182697 121856.7839865577
122715.3543611507 121578.0268037352
121995.8149356717 121670.9458646760

121485.1740530737 121996.1625779689
122042.2368340897 121996.1625779689
121763.7054435817 121949.7030474985
122042.2368340897 121949.7030474985
121810.1273419997 121926.4732822633
122065.4477832987 121926.4732822633
121926.1820880447 121903.2435170281
121995.8149356717 121903.2435170281
121763.7054435817 121880.0137517929
121972.6039864627 121880.0137517929
122019.0258848807 121880.0137517929
121763.7054435817 121856.7839865577
121995.8149356717 121763.8649256169
121995.8149356717 121787.0946908521
122343.9791738067 121810.3244560873

121763.7054435817 121949.7030474985
121949.3930372537 121949.7030474985
121995.8149356717 121717.4053951465
121995.8149356717 121763.8649256169
121949.3930372537 121833.5542213225
121926.1820880447 121833.5542213225
121902.9711388357 121856.7839865577
121879.7601896267 121856.7839865577
121763.7054435817 121856.7839865577
122019.0258848807 121880.0137517929
121995.8149356717 121880.0137517929
121972.6039864627 121880.0137517929
121995.8149356717 121903.2435170281
121926.1820880447 121903.2435170281
121763.7054435817 121903.2435170281

121345.9083578196 122182.0006998506
120951.3222212666 122112.3114041450
121229.8536117746 122065.8518736745
121601.2287991187 122042.6221084393
121578.0178499097 122019.3923432041
121856.5492404177 121972.9328127337
122019.0258848807 121926.4732822633
122042.2368340897 121926.4732822633
122088.6587325077 121926.4732822633
122111.8696817167 121903.2435170281
121810.1273419997 121880.0137517929
122135.0806309257 121856.7839865577
122506.4558182697 121856.7839865577
121740.4944943727 121694.1756299112
122065.4477832987 121763.8649256169

121763.7054435817 121949.7030474985
121949.3930372537 121949.7030474985
121763.7054435817 121903.2435170281
121926.1820880447 121903.2435170281
121995.8149356717 121903.2435170281
121763.7054435817 121880.0137517929
121972.6039864627 121880.0137517929
121995.8149356717 121880.0137517929
122019.0258848807 121880.0137517929
121763.7054435817 121856.7839865577
121879.7601896267 121856.7839865577
121902.9711388357 121856.7839865577
121949.3930372537 121833.5542213225
121995.8149356717 121763.8649256169
121995.8149356717 121717.4053951465

121229.8536117746 122065.8518736745
121601.2287991187 122042.6221084393
122065.4477832987 121763.8649256169
122181.5025293437 121787.0946908521
122135.0806309257 121810.3244560873
121763.7054435817 121833.5542213225
122506.4558182697 121856.7839865577
121833.3382912087 121880.0137517929
121810.1273419997 121880.0137517929
121485.1740530737 121880.0137517929
122111.8696817167 121926.4732822633
122019.0258848807 121926.4732822633
121856.5492404177 121949.7030474985
121810.1273419997 121949.7030474985
121856.5492404177 121972.9328127337

120649.5798815496 122158.7709346154
120951.3222212666 122112.3114041450
121229.8536117746 122065.8518736745
121601.2287991187 122042.6221084393
121856.5492404177 121972.9328127337
121554.8069007007 121949.7030474985
122552.8777166877 121926.4732822633
122877.8310056138 121647.7160994408
121740.4944943727 121694.1756299112
122065.4477832987 121763.8649256169
122181.5025293437 121787.0946908521
122111.8696817167 121833.5542213225
122506.4558182697 121856.7839865577
121810.1273419997 121880.0137517929
122111.8696817167 121903.2435170281

121763.7054435817 121949.7030474985
121949.3930372537 121949.7030474985
122297.5572753887 121833.5542213225
121926.1820880447 121903.2435170281
121995.8149356717 121903.2435170281
121763.7054435817 121880.0137517929
121972.6039864627 121880.0137517929
121995.8149356717 121880.0137517929
122019.0258848807 121880.0137517929
121763.7054435817 121856.7839865577
121879.7601896267 121856.7839865577
121902.9711388357 121856.7839865577
121926.1820880447 121833.5542213225
121949.3930372537 121833.5542213225
121995.8149356717 121763.8649256169

121601.2287991187 122042.6221084393
121485.1740530737 121996.1625779689
121763.7054435817 121996.1625779689
121995.8149356717 121763.8649256169
121995.8149356717 121787.0946908521
122343.9791738067 121810.3244560873
122320.7682245977 121833.5542213225
121972.6039864627 121833.5542213225
121694.0725959547 121833.5542213225
121879.7601896267 121856.7839865577
122019.0258848807 121880.0137517929
121972.6039864627 121880.0137517929
121763.7054435817 121880.0137517929
121926.1820880447 121903.2435170281
121902.9711388357 121903.2435170281

120951.3222212666 122112.3114041450
121229.8536117746 122065.8518736745
121601.2287991187 122042.6221084393
121485.1740530737 121996.1625779689
121856.5492404177 121996.1625779689
122715.3543611507 121578.0268037352
122019.0258848807 121647.7160994408
122506.4558182697 121856.7839865577
122135.0806309257 121856.7839865577
121810.1273419997 121880.0137517929
122111.8696817167 121903.2435170281
122088.6587325077 121926.4732822633
122042.2368340897 121926.4732822633
122019.0258848807 121926.4732822633
121856.5492404177 121972.9328127337

120951.3222212666 122112.3114041450
120649.5798815496 122089.0816389098
121229.8536117746 122065.8518736745
121601.2287991187 122042.6221084393
121485.1740530737 121996.1625779689
121856.5492404177 121972.9328127337
122019.0258848807 121926.4732822633
122042.2368340897 121926.4732822633
122715.3543611507 121578.0268037352
122019.0258848807 121647.7160994408
122506.4558182697 121856.7839865577
122135.0806309257 121856.7839865577
121810.1273419997 121880.0137517929
122111.8696817167 121903.2435170281
122088.6587325077 121926.4732822633

121763.7054435817 121903.2435170281
121995.8149356717 121903.2435170281
121763.7054435817 121880.0137517929
121810.1273419997 121880.0137517929
121902.9711388357 121880.0137517929
121972.6039864627 121880.0137517929
122019.0258848807 121880.0137517929
121763.7054435817 121856.7839865577
121879.7601896267 121856.7839865577
121902.9711388357 121856.7839865577
121995.8149356717 121763.8649256169
121717.2835451637 121810.3244560873
122065.4477832987 121880.0137517929
121833.3382912087 121880.0137517929
121926.1820880447 121903.2435170281

120951.3222212666 122112.3114041450
120649.5798815496 122089.0816389098
121229.8536117746 122065.8518736745
121601.2287991187 122042.6221084393
121763.7054435817 121996.1625779689
121856.5492404177 121972.9328127337
122970.6748024498 121508.3375080296
121995.8149356717 121926.4732822633
122227.9244277617 121880.0137517929
121833.3382912087 121880.0137517929
121949.3930372537 121880.0137517929
122135.0806309257 121880.0137517929
122506.4558182697 121856.7839865577
122181.5025293437 121787.0946908521
122715.3543611507 121578.0268037352

120533.5251355046 122530.4471783787
121438.7521546556 122367.8388217322
121067.3769673116 122298.1495260266
121601.2287991187 122042.6221084393
120556.7360847136 122019.3923432041
122251.1353769707 121996.1625779689
121856.5492404177 121972.9328127337
121554.8069007007 121949.7030474985
121137.0098149386 121880.0137517929
121833.3382912087 121880.0137517929
122506.4558182697 121856.7839865577
122181.5025293437 121787.0946908521
123156.3623961218 121717.4053951465
122715.3543611507 121578.0268037352
122970.6748024498 121508.3375080296

121485.1740530737 121996.1625779689
121926.1820880447 121972.9328127337
121810.1273419997 121926.4732822633
121902.9711388357 121903.2435170281
121926.1820880447 121903.2435170281
121763.7054435817 121880.0137517929
121972.6039864627 121880.0137517929
122019.0258848807 121880.0137517929
121879.7601896267 121856.7839865577
121694.0725959547 121833.5542213225
121972.6039864627 121833.5542213225
122320.7682245977 121833.5542213225
121995.8149356717 121763.8649256169
122343.9791738067 121810.3244560873
121972.6039864627 121810.3244560873

121229.8536117746 122065.8518736745
121601.2287991187 122042.6221084393
121856.5492404177 121972.9328127337
121810.1273419997 121949.7030474985
121856.5492404177 121949.7030474985
122019.0258848807 121926.4732822633
122111.8696817167 121926.4732822633
121485.1740530737 121880.0137517929
121810.1273419997 121880.0137517929
121833.3382912087 121880.0137517929
122506.4558182697 121856.7839865577
121763.7054435817 121833.5542213225
122065.4477832987 121763.8649256169
121995.8149356717 121833.5542213225
121949.3930372537 121880.0137517929

120533.5251355046 122530.4471783787
121438.7521546556 122367.8388217322
121067.3769673116 122298.1495260266
121601.2287991187 122042.6221084393
120556.7360847136 122019.3923432041
122251.1353769707 121996.1625779689
121856.5492404177 121972.9328127337
121554.8069007007 121949.7030474985
121137.0098149386 121880.0137517929
123411.6828374208 118256.1703751007
122506.4558182697 121856.7839865577
122181.5025293437 121787.0946908521
123156.3623961218 121717.4053951465
122715.3543611507 121578.0268037352
123411.6828374208 121438.6482123240

121229.8536117746 122065.8518736745
121601.2287991187 122042.6221084393
121763.7054435817 121996.1625779689
121856.5492404177 121972.9328127337
121810.1273419997 121949.7030474985
121856.5492404177 121949.7030474985
122019.0258848807 121926.4732822633
122111.8696817167 121926.4732822633
121810.1273419997 121880.0137517929
121833.3382912087 121880.0137517929
122506.4558182697 121856.7839865577
122065.4477832987 121763.8649256169
122111.8696817167 121833.5542213225
121763.7054435817 121833.5542213225
121508.3850022827 121903.2435170281

121392.3302562376 122019.3923432041
121485.1740530737 121996.1625779689
121926.1820880447 121972.9328127337
121810.1273419997 121926.4732822633
121902.9711388357 121903.2435170281
121926.1820880447 121903.2435170281
121763.7054435817 121880.0137517929
121972.6039864627 121880.0137517929
122019.0258848807 121880.0137517929
121879.7601896267 121856.7839865577
121694.0725959547 121833.5542213225
121972.6039864627 121833.5542213225
122320.7682245977 121833.5542213225
122343.9791738067 121810.3244560873
121995.8149356717 121763.8649256169

120533.5251355046 122530.4471783787
121438.7521546556 122367.8388217322
121067.3769673116 122298.1495260266
121601.2287991187 122042.6221084393
120556.7360847136 122019.3923432041
122251.1353769707 121996.1625779689
121856.5492404177 121972.9328127337
123574.1594818838 118558.1573231584
121137.0098149386 121880.0137517929
121833.3382912087 121880.0137517929
122506.4558182697 121856.7839865577
122181.5025293437 121787.0946908521
123156.3623961218 121717.4053951465
122715.3543611507 121578.0268037352
123411.6828374208 121438.6482123240

120951.3222212666 122112.3114041450
121229.8536117746 122065.8518736745
121578.0178499097 122019.3923432041
122065.4477832987 121763.8649256169
122181.5025293437 121787.0946908521
122506.4558182697 121856.7839865577
122135.0806309257 121856.7839865577
121810.1273419997 121880.0137517929
122111.8696817167 121903.2435170281
122088.6587325077 121926.4732822633
122042.2368340897 121926.4732822633
122019.0258848807 121926.4732822633
121856.5492404177 121972.9328127337
121601.2287991187 122042.6221084393
121345.9083578196 122182.0006998506

121067.3769673116 122298.1495260266
120115.7280497426 122135.5411693802
120556.7360847136 122019.3923432041
121554.8069007007 121949.7030474985
122552.8777166877 121926.4732822633
121137.0098149386 121880.0137517929
121810.1273419997 121880.0137517929
122506.4558182697 121856.7839865577
122181.5025293437 121787.0946908521
123156.3623961218 121717.4053951465
122808.1981579867 121647.7160994408
121670.8616467457 121972.9328127337
123156.3623961218 121206.3505599719
123736.6361263468 118674.3061493344
124200.8551105268 118418.7787317472

121229.8536117746 122065.8518736745
121601.2287991187 122042.6221084393
121763.7054435817 121996.1625779689
121856.5492404177 121972.9328127337
121810.1273419997 121949.7030474985
121856.5492404177 121949.7030474985
122019.0258848807 121926.4732822633
122111.8696817167 121926.4732822633
121810.1273419997 121880.0137517929
121833.3382912087 121880.0137517929
122506.4558182697 121856.7839865577
121763.7054435817 121833.5542213225
122065.4477832987 121763.8649256169
122181.5025293437 121787.0946908521
122111.8696817167 121833.5542213225

121763.7054435817 121949.7030474985
121949.3930372537 121949.7030474985
121763.7054435817 121903.2435170281
121926.1820880447 121903.2435170281
121995.8149356717 121903.2435170281
121763.7054435817 121880.0137517929
121972.6039864627 121880.0137517929
121995.8149356717 121880.0137517929
122019.0258848807 121880.0137517929
121763.7054435817 121856.7839865577
121879.7601896267 121856.7839865577
121902.9711388357 121856.7839865577
121508.3850022827 122019.3923432041
121949.3930372537 121833.5542213225
121995.8149356717 121763.8649256169

121763.7054435817 121949.7030474985
121949.3930372537 121949.7030474985
121763.7054435817 121903.2435170281
121926.1820880447 121903.2435170281
121995.8149356717 121903.2435170281
121763.7054435817 121880.0137517929
121972.6039864627 121880.0137517929
121995.8149356717 121880.0137517929
122019.0258848807 121880.0137517929
121763.7054435817 121856.7839865577
121879.7601896267 121856.7839865577
121902.9711388357 121856.7839865577
122088.6587325077 121717.4053951465
121995.8149356717 121763.8649256169
121949.3930372537 121833.5542213225

122715.3543611507 121578.0268037352
121995.8149356717 121670.9458646760
123156.3623961218 121717.4053951465
122181.5025293437 121787.0946908521
122135.0806309257 121856.7839865577
121833.3382912087 121880.0137517929
121810.1273419997 121880.0137517929
121137.0098149386 121880.0137517929
122552.8777166877 121926.4732822633
121995.8149356717 121949.7030474985
121554.8069007007 121949.7030474985
120556.7360847136 122019.3923432041
121601.2287991187 122042.6221084393
120394.2594402506 122274.9197607914
121067.3769673116 122298.1495260266

120649.5798815496 122158.7709346154
120951.3222212666 122112.3114041450
121229.8536117746 122065.8518736745
121601.2287991187 122042.6221084393
121856.5492404177 121972.9328127337
121554.8069007007 121949.7030474985
122552.8777166877 121926.4732822633
121137.0098149386 121880.0137517929
121833.3382912087 121880.0137517929
122506.4558182697 121856.7839865577
120417.4703894596 122367.8388217322
123156.3623961218 121717.4053951465
121322.6974086106 121670.9458646760
122019.0258848807 121647.7160994408
122715.3543611507 121578.0268037352

120533.5251355046 122530.4471783787
121438.7521546556 122367.8388217322
121067.3769673116 122298.1495260266
121601.2287991187 122042.6221084393
120556.7360847136 122019.3923432041
123620.5813803018 118465.2382622176
121856.5492404177 121972.9328127337
121554.8069007007 121949.7030474985
121137.0098149386 121880.0137517929
121833.3382912087 121880.0137517929
122506.4558182697 121856.7839865577
122181.5025293437 121787.0946908521
123156.3623961218 121717.4053951465
122715.3543611507 121578.0268037352
123411.6828374208 121438.6482123240

120649.5798815496 122158.7709346154
120951.3222212666 122112.3114041450
121229.8536117746 122065.8518736745
121856.5492404177 122065.8518736745
122715.3543611507 121578.0268037352
122019.0258848807 121647.7160994408
121322.6974086106 121670.9458646760
123156.3623961218 121717.4053951465
122181.5025293437 121787.0946908521
122506.4558182697 121856.7839865577
121833.3382912087 121880.0137517929
121137.0098149386 121880.0137517929
122552.8777166877 121926.4732822633
121554.8069007007 121949.7030474985
121856.5492404177 121972.9328127337

121067.3769673116 122298.1495260266
120394.2594402506 122274.9197607914
121601.2287991187 122042.6221084393
120556.7360847136 122019.3923432041
121554.8069007007 121949.7030474985
121995.8149356717 121949.7030474985
124247.2770089448 118465.2382622176
121137.0098149386 121880.0137517929
121810.1273419997 121880.0137517929
121833.3382912087 121880.0137517929
122135.0806309257 121856.7839865577
122506.4558182697 121856.7839865577
122181.5025293437 121787.0946908521
123156.3623961218 121717.4053951465
122715.3543611507 121578.0268037352

121229.8536117746 122065.8518736745
121601.2287991187 122042.6221084393
121763.7054435817 121996.1625779689
121856.5492404177 121972.9328127337
121810.1273419997 121949.7030474985
121856.5492404177 121949.7030474985
122019.0258848807 121926.4732822633
122111.8696817167 121926.4732822633
121508.3850022827 121903.2435170281
121810.1273419997 121880.0137517929
121833.3382912087 121880.0137517929
122506.4558182697 121856.7839865577
122111.8696817167 121833.5542213225
122181.5025293437 121787.0946908521
121949.3930372537 121949.7030474985

121485.1740530737 121996.1625779689
122042.2368340897 121949.7030474985
121810.1273419997 121926.4732822633
121926.1820880447 121903.2435170281
121995.8149356717 121903.2435170281
121763.7054435817 121880.0137517929
121810.1273419997 121880.0137517929
121833.3382912087 121880.0137517929
121972.6039864627 121880.0137517929
122019.0258848807 121880.0137517929
122065.4477832987 121880.0137517929
121763.7054435817 121856.7839865577
121902.9711388357 121856.7839865577
121995.8149356717 121763.8649256169
122343.9791738067 121810.3244560873

120951.3222212666 122112.3114041450
120649.5798815496 122089.0816389098
121229.8536117746 122065.8518736745
122715.3543611507 121578.0268037352
122019.0258848807 121647.7160994408
122506.4558182697 121856.7839865577
122135.0806309257 121856.7839865577
122135.0806309257 121880.0137517929
121833.3382912087 121880.0137517929
121810.1273419997 121880.0137517929
122111.8696817167 121903.2435170281
121763.7054435817 121996.1625779689
121485.1740530737 121996.1625779689
121578.0178499097 122019.3923432041
121601.2287991187 122042.6221084393

121763.7054435817 121949.7030474985
121949.3930372537 121949.7030474985
121763.7054435817 121903.2435170281
121926.1820880447 121903.2435170281
121995.8149356717 121903.2435170281
121763.7054435817 121880.0137517929
121972.6039864627 121880.0137517929
121995.8149356717 121880.0137517929
122019.0258848807 121880.0137517929
121763.7054435817 121856.7839865577
121879.7601896267 121856.7839865577
121902.9711388357 121856.7839865577
121926.1820880447 121833.5542213225
121949.3930372537 121833.5542213225
121995.8149356717 121763.8649256169

120951.3222212666 122112.3114041450
120649.5798815496 122089.0816389098
121229.8536117746 122065.8518736745
121601.2287991187 122042.6221084393
121485.1740530737 121996.1625779689
121856.5492404177 121972.9328127337
122019.0258848807 121926.4732822633
122042.2368340897 121926.4732822633
121949.3930372537 121880.0137517929
122135.0806309257 121880.0137517929
122506.4558182697 121856.7839865577
121833.3382912087 121810.3244560873
122181.5025293437 121787.0946908521
122715.3543611507 121578.0268037352
122135.0806309257 121856.7839865577

120649.5798815496 122158.7709346154
120951.3222212666 122112.3114041450
121972.6039864627 122089.0816389098
121229.8536117746 122065.8518736745
121601.2287991187 122042.6221084393
121485.1740530737 121996.1625779689
121856.5492404177 121972.9328127337
122042.2368340897 121926.4732822633
122088.6587325077 121903.2435170281
121810.1273419997 121880.0137517929
122135.0806309257 121856.7839865577
122506.4558182697 121856.7839865577
122970.6748024498 121508.3375080296
122715.3543611507 121578.0268037352
122181.5025293437 121787.0946908521

121229.8536117746 122065.8518736745
121601.2287991187 122042.6221084393
121763.7054435817 121996.1625779689
121856.5492404177 121972.9328127337
121810.1273419997 121949.7030474985
121856.5492404177 121949.7030474985
122019.0258848807 121926.4732822633
122111.8696817167 121926.4732822633
121508.3850022827 121903.2435170281
121810.1273419997 121880.0137517929
121833.3382912087 121880.0137517929
122065.4477832987 121763.8649256169
122181.5025293437 121787.0946908521
122111.8696817167 121833.5542213225
122506.4558182697 121856.7839865577

121763.7054435817 121949.7030474985
121763.7054435817 121903.2435170281
121995.8149356717 121903.2435170281
121995.8149356717 121763.8649256169
122274.3463261797 121833.5542213225
121902.9711388357 121856.7839865577
121763.7054435817 121856.7839865577
122019.0258848807 121880.0137517929
121972.6039864627 121880.0137517929
121833.3382912087 121880.0137517929
121810.1273419997 121880.0137517929
121763.7054435817 121880.0137517929
121926.1820880447 121903.2435170281
121810.1273419997 121926.4732822633
122042.2368340897 121949.7030474985

120951.3222212666 122112.3114041450
120649.5798815496 122089.0816389098
121229.8536117746 122065.8518736745
121601.2287991187 122042.6221084393
121763.7054435817 121996.1625779689
121856.5492404177 121972.9328127337
122019.0258848807 121926.4732822633
122042.2368340897 121926.4732822633
122088.6587325077 121926.4732822633
121810.1273419997 121880.0137517929
122506.4558182697 121856.7839865577
122715.3543611507 121578.0268037352
122181.5025293437 121787.0946908521
122135.0806309257 121856.7839865577
122135.0806309257 121880.0137517929

121438.7521546556 122367.8388217322
121067.3769673116 122298.1495260266
121601.2287991187 122042.6221084393
120556.7360847136 122019.3923432041
122251.1353769707 121996.1625779689
121856.5492404177 121972.9328127337
121554.8069007007 121949.7030474985
122552.8777166877 121926.4732822633
121137.0098149386 121880.0137517929
121833.3382912087 121880.0137517929
122970.6748024498 121508.3375080296
122715.3543611507 121578.0268037352
122181.5025293437 121787.0946908521
121833.3382912087 121810.3244560873
122506.4558182697 121856.7839865577

120951.3222212666 122112.3114041450
120649.5798815496 122089.0816389098
121229.8536117746 122065.8518736745
121601.2287991187 122042.6221084393
121485.1740530737 121996.1625779689
121856.5492404177 121972.9328127337
122019.0258848807 121926.4732822633
122042.2368340897 121926.4732822633
121949.3930372537 121880.0137517929
122135.0806309257 121880.0137517929
122506.4558182697 121856.7839865577
121833.3382912087 121810.3244560873
122181.5025293437 121787.0946908521
122715.3543611507 121578.0268037352
122970.6748024498 121508.3375080296

121229.8536117746 122065.8518736745
121972.6039864627 121624.4863342056
122181.5025293437 121787.0946908521
122135.0806309257 121810.3244560873
121763.7054435817 121833.5542213225
122506.4558182697 121856.7839865577
121833.3382912087 121880.0137517929
121810.1273419997 121880.0137517929
121485.1740530737 121880.0137517929
122111.8696817167 121926.4732822633
122019.0258848807 121926.4732822633
121856.5492404177 121949.7030474985
121810.1273419997 121949.7030474985
121856.5492404177 121972.9328127337
121601.2287991187 122042.6221084393

121485.1740530737 121996.1625779689
122065.4477832987 121880.0137517929
122042.2368340897 121949.7030474985
121810.1273419997 121926.4732822633
121926.1820880447 121903.2435170281
121995.8149356717 121903.2435170281
121763.7054435817 121880.0137517929
121810.1273419997 121880.0137517929
121833.3382912087 121880.0137517929
121972.6039864627 121880.0137517929
122019.0258848807 121880.0137517929
121763.7054435817 121856.7839865577
121902.9711388357 121856.7839865577
121717.2835451637 121810.3244560873
121995.8149356717 121763.8649256169

121763.7054435817 121949.7030474985
121485.1740530737 121949.7030474985
121763.7054435817 121903.2435170281
121926.1820880447 121903.2435170281
121995.8149356717 121903.2435170281
121763.7054435817 121880.0137517929
121810.1273419997 121880.0137517929
121972.6039864627 121880.0137517929
122019.0258848807 121880.0137517929
121763.7054435817 121856.7839865577
121879.7601896267 121856.7839865577
121902.9711388357 121856.7839865577
121949.3930372537 121833.5542213225
122274.3463261797 121833.5542213225
121995.8149356717 121763.8649256169

123411.6828374208 121438.6482123240
122715.3543611507 121578.0268037352
123156.3623961218 121717.4053951465
122181.5025293437 121787.0946908521
122506.4558182697 121856.7839865577
121833.3382912087 121880.0137517929
121137.0098149386 121880.0137517929
121554.8069007007 121949.7030474985
121856.5492404177 121972.9328127337
122251.1353769707 121996.1625779689
120556.7360847136 122019.3923432041
121601.2287991187 122042.6221084393
121067.3769673116 122298.1495260266
121438.7521546556 122367.8388217322
120533.5251355046 122530.4471783787

121485.1740530737 121996.1625779689
121763.7054435817 121949.7030474985
122042.2368340897 121949.7030474985
121995.8149356717 121763.8649256169
122343.9791738067 121810.3244560873
121972.6039864627 121833.5542213225
121879.7601896267 121856.7839865577
121763.7054435817 121856.7839865577
122019.0258848807 121880.0137517929
121972.6039864627 121880.0137517929
121763.7054435817 121880.0137517929
121995.8149356717 121903.2435170281
121926.1820880447 121903.2435170281
121902.9711388357 121903.2435170281
121810.1273419997 121926.4732822633

120951.3222212666 122112.3114041450
121229.8536117746 122065.8518736745
121578.0178499097 122019.3923432041
122088.6587325077 121949.7030474985
121786.9163927907 121926.4732822633
122088.6587325077 121763.8649256169
122111.8696817167 121926.4732822633
121856.5492404177 121903.2435170281
122111.8696817167 121903.2435170281
121810.1273419997 121880.0137517929
121833.3382912087 121880.0137517929
121949.3930372537 121880.0137517929
122506.4558182697 121856.7839865577
121995.8149356717 121833.5542213225
122065.4477832987 121763.8649256169

121229.8536117746 122065.8518736745
121601.2287991187 122042.6221084393
121763.7054435817 121996.1625779689
121856.5492404177 121972.9328127337
121810.1273419997 121949.7030474985
121856.5492404177 121949.7030474985
122019.0258848807 121926.4732822633
122111.8696817167 121926.4732822633
121508.3850022827 121903.2435170281
121810.1273419997 121880.0137517929
121833.3382912087 121880.0137517929
122506.4558182697 121856.7839865577
121763.7054435817 121833.5542213225
121972.6039864627 121624.4863342056
122181.5025293437 121787.0946908521

121229.8536117746 122065.8518736745
121601.2287991187 122042.6221084393
121856.5492404177 121972.9328127337
121810.1273419997 121949.7030474985
121856.5492404177 121949.7030474985
122019.0258848807 121926.4732822633
122111.8696817167 121926.4732822633
121485.1740530737 121880.0137517929
121810.1273419997 121880.0137517929
121833.3382912087 121880.0137517929
122506.4558182697 121856.7839865577
121763.7054435817 121833.5542213225
122135.0806309257 121810.3244560873
122181.5025293437 121787.0946908521
122111.8696817167 121833.5542213225

121345.9083578196 122182.0006998506
120951.3222212666 122112.3114041450
121229.8536117746 122065.8518736745
122065.4477832987 121763.8649256169
122181.5025293437 121787.0946908521
122111.8696817167 121833.5542213225
122506.4558182697 121856.7839865577
121810.1273419997 121880.0137517929
122111.8696817167 121903.2435170281
122088.6587325077 121926.4732822633
122042.2368340897 121926.4732822633
122019.0258848807 121926.4732822633
121856.5492404177 121972.9328127337
121578.0178499097 122019.3923432041
121601.2287991187 122042.6221084393

120951.3222212666 122112.3114041450
120649.5798815496 122089.0816389098
121229.8536117746 122065.8518736745
121601.2287991187 122042.6221084393
122181.5025293437 121856.7839865577
121856.5492404177 121972.9328127337
122019.0258848807 121926.4732822633
122042.2368340897 121926.4732822633
122088.6587325077 121926.4732822633
121810.1273419997 121880.0137517929
122506.4558182697 121856.7839865577
122111.8696817167 121833.5542213225
122181.5025293437 121787.0946908521
122065.4477832987 121763.8649256169
122715.3543611507 121578.0268037352

122065.4477832987 121763.8649256169
122088.6587325077 121949.7030474985
121995.8149356717 121833.5542213225
122506.4558182697 121856.7839865577
121949.3930372537 121880.0137517929
121833.3382912087 121880.0137517929
121810.1273419997 121880.0137517929
122111.8696817167 121903.2435170281
121856.5492404177 121903.2435170281
122111.8696817167 121926.4732822633
122019.0258848807 121926.4732822633
121786.9163927907 121926.4732822633
121578.0178499097 122019.3923432041
121229.8536117746 122065.8518736745
120951.3222212666 122112.3114041450

120951.3222212666 122112.3114041450
120649.5798815496 122089.0816389098
121229.8536117746 122065.8518736745
121601.2287991187 122042.6221084393
121763.7054435817 121996.1625779689
121856.5492404177 121972.9328127337
121995.8149356717 121926.4732822633
122111.8696817167 121926.4732822633
121833.3382912087 121880.0137517929
121949.3930372537 121880.0137517929
122135.0806309257 121880.0137517929
122506.4558182697 121856.7839865577
122181.5025293437 121787.0946908521
122715.3543611507 121578.0268037352
121810.1273419997 121880.0137517929

121229.8536117746 122065.8518736745
121601.2287991187 122042.6221084393
121972.6039864627 121972.9328127337
121810.1273419997 121949.7030474985
121856.5492404177 121949.7030474985
122019.0258848807 121926.4732822633
122111.8696817167 121926.4732822633
121438.7521546556 121856.7839865577
121810.1273419997 121880.0137517929
121833.3382912087 121880.0137517929
122506.4558182697 121856.7839865577
121763.7054435817 121833.5542213225
122135.0806309257 121810.3244560873
122088.6587325077 121787.0946908521
122181.5025293437 121787.0946908521

121229.8536117746 122065.8518736745
121601.2287991187 122042.6221084393
121856.5492404177 121972.9328127337
121810.1273419997 121949.7030474985
121856.5492404177 121949.7030474985
122019.0258848807 121926.4732822633
120997.7441196846 122182.0006998506
121485.1740530737 121880.0137517929
121810.1273419997 121880.0137517929
121833.3382912087 121880.0137517929
122506.4558182697 121856.7839865577
121763.7054435817 121833.5542213225
122135.0806309257 121810.3244560873
122181.5025293437 121787.0946908521
121972.6039864627 121624.4863342056

120649.5798815496 122251.6899955562
120951.3222212666 122112.3114041450
121229.8536117746 122065.8518736745
122251.1353769707 121996.1625779689
121856.5492404177 121972.9328127337
121554.8069007007 121949.7030474985
122552.8777166877 121926.4732822633
121137.0098149386 121880.0137517929
121833.3382912087 121880.0137517929
122506.4558182697 121856.7839865577
122181.5025293437 121787.0946908521
123156.3623961218 121717.4053951465
122715.3543611507 121578.0268037352
122019.0258848807 121647.7160994408
121322.6974086106 121670.9458646760

120649.5798815496 122158.7709346154
120951.3222212666 122112.3114041450
121972.6039864627 122089.0816389098
121229.8536117746 122065.8518736745
121601.2287991187 122042.6221084393
121485.1740530737 121996.1625779689
121856.5492404177 121972.9328127337
120278.2046942056 122298.1495260266
122042.2368340897 121926.4732822633
121949.3930372537 121880.0137517929
122135.0806309257 121880.0137517929
122506.4558182697 121856.7839865577
122181.5025293437 121787.0946908521
122715.3543611507 121578.0268037352
122970.6748024498 121508.3375080296

121345.9083578196 122182.0006998506
120951.3222212666 122112.3114041450
121229.8536117746 122065.8518736745
121601.2287991187 122042.6221084393
121578.0178499097 122019.3923432041
121856.5492404177 121972.9328127337
122715.3543611507 121578.0268037352
122065.4477832987 121763.8649256169
122181.5025293437 121787.0946908521
121438.7521546556 121833.5542213225
122506.4558182697 121856.7839865577
121810.1273419997 121880.0137517929
122088.6587325077 121926.4732822633
122042.2368340897 121926.4732822633
122019.0258848807 121926.4732822633

120649.5798815496 122158.7709346154
120951.3222212666 122112.3114041450
121229.8536117746 122065.8518736745
121601.2287991187 122042.6221084393
121578.0178499097 122019.3923432041
121461.9631038647 121903.2435170281
121763.7054435817 121996.1625779689
122111.8696817167 121903.2435170281
121810.1273419997 121880.0137517929
121833.3382912087 121880.0137517929
122135.0806309257 121880.0137517929
122135.0806309257 121856.7839865577
122506.4558182697 121856.7839865577
122019.0258848807 121647.7160994408
122715.3543611507 121578.0268037352

120649.5798815496 122158.7709346154
120951.3222212666 122112.3114041450
121229.8536117746 122065.8518736745
121601.2287991187 122042.6221084393
121485.1740530737 121996.1625779689
121856.5492404177 121972.9328127337
122019.0258848807 121926.4732822633
122042.2368340897 121926.4732822633
121810.1273419997 121880.0137517929
122135.0806309257 121880.0137517929
122135.0806309257 121856.7839865577
122506.4558182697 121856.7839865577
122715.3543611507 121578.0268037352
122065.4477832987 121763.8649256169
122181.5025293437 121787.0946908521

120649.5798815496 122158.7709346154
120951.3222212666 122112.3114041450
121972.6039864627 122089.0816389098
121229.8536117746 122065.8518736745
121601.2287991187 122042.6221084393
122715.3543611507 121578.0268037352
122019.0258848807 121647.7160994408
121322.6974086106 121670.9458646760
122506.4558182697 121856.7839865577
122135.0806309257 121856.7839865577
122135.0806309257 121880.0137517929
121810.1273419997 121880.0137517929
122042.2368340897 121926.4732822633
122019.0258848807 121926.4732822633
121856.5492404177 121972.9328127337

121601.2287991187 122042.6221084393
121856.5492404177 122019.3923432041
121763.7054435817 121996.1625779689
121856.5492404177 121972.9328127337
121902.9711388357 121972.9328127337
121276.2755101926 122019.3923432041
121856.5492404177 121949.7030474985
122019.0258848807 121926.4732822633
122111.8696817167 121926.4732822633
121810.1273419997 121880.0137517929
121833.3382912087 121880.0137517929
122506.4558182697 121856.7839865577
121763.7054435817 121833.5542213225
122111.8696817167 121833.5542213225
122181.5025293437 121787.0946908521

120649.5798815496 122158.7709346154
120951.3222212666 122112.3114041450
121229.8536117746 122065.8518736745
121601.2287991187 122042.6221084393
121485.1740530737 121996.1625779689
121856.5492404177 121972.9328127337
122019.0258848807 121926.4732822633
122042.2368340897 121926.4732822633
121810.1273419997 121880.0137517929
122135.0806309257 121880.0137517929
122135.0806309257 121856.7839865577
122506.4558182697 121856.7839865577
122970.6748024498 121508.3375080296
122715.3543611507 121578.0268037352
122181.5025293437 121787.0946908521

120649.5798815496 122158.7709346154
120951.3222212666 122112.3114041450
121972.6039864627 122089.0816389098
121229.8536117746 122065.8518736745
121601.2287991187 122042.6221084393
121485.1740530737 121996.1625779689
121856.5492404177 121972.9328127337
122088.6587325077 121903.2435170281
122042.2368340897 121926.4732822633
121810.1273419997 121880.0137517929
122135.0806309257 121856.7839865577
122506.4558182697 121856.7839865577
122019.0258848807 121647.7160994408
122715.3543611507 121578.0268037352
123109.9404977038 121392.1886818536

121345.9083578196 122251.6899955562
120951.3222212666 122112.3114041450
121229.8536117746 122065.8518736745
121601.2287991187 122042.6221084393
121485.1740530737 121996.1625779689
121856.5492404177 121996.1625779689
121926.1820880447 121972.9328127337
122042.2368340897 121926.4732822633
122088.6587325077 121926.4732822633
121810.1273419997 121880.0137517929
122506.4558182697 121856.7839865577
122111.8696817167 121833.5542213225
122181.5025293437 121787.0946908521
122715.3543611507 121578.0268037352
122019.0258848807 121647.7160994408

121229.8536117746 122065.8518736745
121601.2287991187 122042.6221084393
121856.5492404177 121972.9328127337
121810.1273419997 121949.7030474985
121856.5492404177 121949.7030474985
122019.0258848807 121926.4732822633
122111.8696817167 121926.4732822633
121485.1740530737 121880.0137517929
121810.1273419997 121880.0137517929
121833.3382912087 121880.0137517929
122506.4558182697 121856.7839865577
121740.4944943727 121694.1756299112
122065.4477832987 121763.8649256169
122181.5025293437 121787.0946908521
122111.8696817167 121833.5542213225

121229.8536117746 122065.8518736745
121601.2287991187 122042.6221084393
121856.5492404177 121972.9328127337
121810.1273419997 121949.7030474985
121856.5492404177 121949.7030474985
122019.0258848807 121926.4732822633
122111.8696817167 121926.4732822633
121485.1740530737 121880.0137517929
121810.1273419997 121880.0137517929
121833.3382912087 121880.0137517929
122506.4558182697 121856.7839865577
121763.7054435817 121833.5542213225
122065.4477832987 121694.1756299112
122181.5025293437 121787.0946908521
122135.0806309257 121810.3244560873

121067.3769673116 122298.1495260266
120115.7280497426 122135.5411693802
120556.7360847136 122019.3923432041
121554.8069007007 121949.7030474985
122552.8777166877 121926.4732822633
121137.0098149386 121880.0137517929
121810.1273419997 121880.0137517929
120719.2127291766 122228.4602303210
122181.5025293437 121787.0946908521
123156.3623961218 121717.4053951465
122808.1981579867 121647.7160994408
122599.2996151057 121461.8779775592
123156.3623961218 121206.3505599719
123736.6361263468 118674.3061493344
124200.8551105268 118418.7787317472

120649.5798815496 122158.7709346154
120951.3222212666 122112.3114041450
121972.6039864627 122089.0816389098
121229.8536117746 122065.8518736745
121601.2287991187 122042.6221084393
121485.1740530737 121996.1625779689
121856.5492404177 121972.9328127337
122019.0258848807 121926.4732822633
122042.2368340897 121926.4732822633
121810.1273419997 121880.0137517929
122715.3543611507 121578.0268037352
122019.0258848807 121647.7160994408
122506.4558182697 121856.7839865577
122135.0806309257 121856.7839865577
122135.0806309257 121880.0137517929

120951.3222212666 122112.3114041450
121229.8536117746 122065.8518736745
121601.2287991187 122042.6221084393
121578.0178499097 122019.3923432041
121856.5492404177 121972.9328127337
121926.1820880447 121972.9328127337
122019.0258848807 121926.4732822633
122042.2368340897 121926.4732822633
122088.6587325077 121926.4732822633
121810.1273419997 121880.0137517929
121949.3930372537 121880.0137517929
122135.0806309257 121880.0137517929
122506.4558182697 121856.7839865577
122181.5025293437 121787.0946908521
122065.4477832987 121763.8649256169

120951.3222212666 122112.3114041450
121229.8536117746 122065.8518736745
121601.2287991187 122042.6221084393
121578.0178499097 122019.3923432041
121856.5492404177 121972.9328127337
121926.1820880447 121972.9328127337
122019.0258848807 121926.4732822633
122042.2368340897 121926.4732822633
122088.6587325077 121926.4732822633
122715.3543611507 121578.0268037352
122065.4477832987 121763.8649256169
122181.5025293437 121787.0946908521
122111.8696817167 121833.5542213225
122506.4558182697 121856.7839865577
121810.1273419997 121880.0137517929

120649.5798815496 122251.6899955562
120951.3222212666 122112.3114041450
121229.8536117746 122065.8518736745
122251.1353769707 121996.1625779689
121415.5412054466 121833.5542213225
121554.8069007007 121949.7030474985
122552.8777166877 121926.4732822633
121949.3930372537 121554.7970385000
122715.3543611507 121578.0268037352
122506.4558182697 121856.7839865577
122135.0806309257 121856.7839865577
122135.0806309257 121880.0137517929
121833.3382912087 121880.0137517929
121810.1273419997 121880.0137517929
122111.8696817167 121903.2435170281

120649.5798815496 122158.7709346154
120951.3222212666 122112.3114041450
121229.8536117746 122065.8518736745
123109.9404977038 121531.5672732648
121578.0178499097 122019.3923432041
121485.1740530737 121996.1625779689
121763.7054435817 121996.1625779689
122111.8696817167 121903.2435170281
121810.1273419997 121880.0137517929
121833.3382912087 121880.0137517929
122135.0806309257 121880.0137517929
122135.0806309257 121856.7839865577
122506.4558182697 121856.7839865577
122019.0258848807 121647.7160994408
122715.3543611507 121578.0268037352

121415.5412054466 122019.3923432041
121485.1740530737 121996.1625779689
121694.0725959547 121833.5542213225
121810.1273419997 121926.4732822633
121902.9711388357 121903.2435170281
121926.1820880447 121903.2435170281
121995.8149356717 121903.2435170281
121763.7054435817 121880.0137517929
121972.6039864627 121880.0137517929
122019.0258848807 121880.0137517929
121879.7601896267 121856.7839865577
121972.6039864627 121833.5542213225
122320.7682245977 121833.5542213225
122343.9791738067 121810.3244560873
121995.8149356717 121763.8649256169

120951.3222212666 122112.3114041450
121229.8536117746 122065.8518736745
121601.2287991187 122042.6221084393
121485.1740530737 121996.1625779689
121856.5492404177 121996.1625779689
121926.1820880447 121972.9328127337
122019.0258848807 121926.4732822633
122042.2368340897 121926.4732822633
122088.6587325077 121926.4732822633
121995.8149356717 121926.4732822633
122506.4558182697 121856.7839865577
122111.8696817167 121833.5542213225
122181.5025293437 121787.0946908521
122065.4477832987 121763.8649256169
121740.4944943727 121694.1756299112

120951.3222212666 122112.3114041450
120649.5798815496 122089.0816389098
121229.8536117746 122065.8518736745
121601.2287991187 122042.6221084393
121763.7054435817 121996.1625779689
121856.5492404177 121972.9328127337
122715.3543611507 121578.0268037352
122065.4477832987 121763.8649256169
122181.5025293437 121787.0946908521
122111.8696817167 121833.5542213225
122506.4558182697 121856.7839865577
121810.1273419997 121880.0137517929
122088.6587325077 121926.4732822633
122042.2368340897 121926.4732822633
122019.0258848807 121926.4732822633

120649.5798815496 122158.7709346154
120951.3222212666 122112.3114041450
121229.8536117746 122065.8518736745
121601.2287991187 122042.6221084393
121485.1740530737 121996.1625779689
121972.6039864627 122089.0816389098
121856.5492404177 121972.9328127337
122019.0258848807 121926.4732822633
122042.2368340897 121926.4732822633
121810.1273419997 121880.0137517929
122135.0806309257 121856.7839865577
122506.4558182697 121856.7839865577
122019.0258848807 121647.7160994408
122715.3543611507 121578.0268037352
123109.9404977038 121392.1886818536

120951.3222212666 122112.3114041450
121229.8536117746 122065.8518736745
122181.5025293437 121787.0946908521
122088.6587325077 121787.0946908521
122135.0806309257 121810.3244560873
121763.7054435817 121833.5542213225
122506.4558182697 121856.7839865577
121833.3382912087 121880.0137517929
121810.1273419997 121880.0137517929
121485.1740530737 121880.0137517929
122111.8696817167 121926.4732822633
122019.0258848807 121926.4732822633
121856.5492404177 121949.7030474985
121810.1273419997 121949.7030474985
121856.5492404177 121972.9328127337

120649.5798815496 122158.7709346154
120951.3222212666 122112.3114041450
121229.8536117746 122065.8518736745
121601.2287991187 122042.6221084393
121578.0178499097 122019.3923432041
121485.1740530737 121996.1625779689
121763.7054435817 121996.1625779689
122111.8696817167 121903.2435170281
121810.1273419997 121880.0137517929
121833.3382912087 121880.0137517929
122135.0806309257 121880.0137517929
122135.0806309257 121856.7839865577
122506.4558182697 121856.7839865577
122715.3543611507 121578.0268037352
121949.3930372537 121554.7970385000

121345.9083578196 122182.0006998506
120951.3222212666 122112.3114041450
121229.8536117746 122065.8518736745
121601.2287991187 122042.6221084393
121578.0178499097 122019.3923432041
121856.5492404177 121972.9328127337
122019.0258848807 121926.4732822633
122042.2368340897 121926.4732822633
122088.6587325077 121926.4732822633
122111.8696817167 121903.2435170281
121810.1273419997 121880.0137517929
122135.0806309257 121856.7839865577
122506.4558182697 121856.7839865577
122715.3543611507 121578.0268037352
122065.4477832987 121763.8649256169

120951.3222212666 122112.3114041450
120649.5798815496 122089.0816389098
121229.8536117746 122065.8518736745
121601.2287991187 122042.6221084393
121763.7054435817 121996.1625779689
121856.5492404177 121972.9328127337
122970.6748024498 121508.3375080296
121995.8149356717 121926.4732822633
122111.8696817167 121926.4732822633
121833.3382912087 121880.0137517929
121949.3930372537 121880.0137517929
122135.0806309257 121880.0137517929
122506.4558182697 121856.7839865577
122181.5025293437 121787.0946908521
122715.3543611507 121578.0268037352

120951.3222212666 122112.3114041450
121229.8536117746 122065.8518736745
121601.2287991187 122042.6221084393
121578.0178499097 122019.3923432041
121856.5492404177 121972.9328127337
121926.1820880447 121972.9328127337
122019.0258848807 121926.4732822633
122042.2368340897 121926.4732822633
122088.6587325077 121926.4732822633
122715.3543611507 121578.0268037352
122065.4477832987 121763.8649256169
122181.5025293437 121787.0946908521
121438.7521546556 121833.5542213225
122506.4558182697 121856.7839865577
121810.1273419997 121880.0137517929

120951.3222212666 122112.3114041450
121229.8536117746 122065.8518736745
122692.1434119417 121578.0268037352
121485.1740530737 121996.1625779689
121856.5492404177 121996.1625779689
121926.1820880447 121972.9328127337
122019.0258848807 121926.4732822633
122042.2368340897 121926.4732822633
122088.6587325077 121926.4732822633
121810.1273419997 121880.0137517929
122135.0806309257 121880.0137517929
122506.4558182697 121856.7839865577
122111.8696817167 121833.5542213225
122181.5025293437 121787.0946908521
122065.4477832987 121763.8649256169

120951.3222212666 122112.3114041450
121229.8536117746 122065.8518736745
121578.0178499097 122019.3923432041
121740.4944943727 121694.1756299112
122065.4477832987 121763.8649256169
122181.5025293437 121787.0946908521
122111.8696817167 121833.5542213225
122506.4558182697 121856.7839865577
121810.1273419997 121880.0137517929
122088.6587325077 121926.4732822633
122042.2368340897 121926.4732822633
122019.0258848807 121926.4732822633
121926.1820880447 121972.9328127337
121856.5492404177 121996.1625779689
121485.1740530737 121996.1625779689

121345.9083578196 122182.0006998506
120951.3222212666 122112.3114041450
121229.8536117746 122065.8518736745
121601.2287991187 122042.6221084393
121578.0178499097 122019.3923432041
121856.5492404177 121972.9328127337
122019.0258848807 121926.4732822633
122042.2368340897 121926.4732822633
122088.6587325077 121926.4732822633
122111.8696817167 121903.2435170281
121810.1273419997 121880.0137517929
122065.4477832987 121763.8649256169
122181.5025293437 121787.0946908521
122506.4558182697 121856.7839865577
122135.0806309257 121880.0137517929

120649.5798815496 122158.7709346154
120951.3222212666 122112.3114041450
121229.8536117746 122065.8518736745
121601.2287991187 122042.6221084393
121485.1740530737 121996.1625779689
122135.0806309257 121996.1625779689
121856.5492404177 121972.9328127337
122019.0258848807 121926.4732822633
122042.2368340897 121926.4732822633
123109.9404977038 121392.1886818536
121810.1273419997 121880.0137517929
122135.0806309257 121856.7839865577
122506.4558182697 121856.7839865577
122019.0258848807 121647.7160994408
122715.3543611507 121578.0268037352

121345.9083578196 122251.6899955562
120951.3222212666 122112.3114041450
121229.8536117746 122065.8518736745
121601.2287991187 122042.6221084393
121485.1740530737 121996.1625779689
121856.5492404177 121996.1625779689
121926.1820880447 121972.9328127337
122042.2368340897 121926.4732822633
122088.6587325077 121926.4732822633
121810.1273419997 121880.0137517929
122506.4558182697 121856.7839865577
122111.8696817167 121833.5542213225
122715.3543611507 121578.0268037352
122181.5025293437 121787.0946908521
122135.0806309257 121880.0137517929

122065.4477832987 121763.8649256169
122181.5025293437 121787.0946908521
121995.8149356717 121833.5542213225
122506.4558182697 121856.7839865577
121949.3930372537 121880.0137517929
121833.3382912087 121880.0137517929
121810.1273419997 121880.0137517929
122111.8696817167 121903.2435170281
121856.5492404177 121903.2435170281
122111.8696817167 121926.4732822633
122019.0258848807 121926.4732822633
121786.9163927907 121926.4732822633
121578.0178499097 122019.3923432041
121229.8536117746 122065.8518736745
120951.3222212666 122112.3114041450

120951.3222212666 122112.3114041450
121229.8536117746 122065.8518736745
121578.0178499097 122019.3923432041
121856.5492404177 121972.9328127337
121786.9163927907 121926.4732822633
122019.0258848807 121926.4732822633
122111.8696817167 121926.4732822633
122715.3543611507 121578.0268037352
122065.4477832987 121763.8649256169
122181.5025293437 121787.0946908521
122111.8696817167 121833.5542213225
122506.4558182697 121856.7839865577
121810.1273419997 121880.0137517929
122088.6587325077 121926.4732822633
122042.2368340897 121926.4732822633

120951.3222212666 122112.3114041450
121229.8536117746 122065.8518736745
121601.2287991187 122042.6221084393
121485.1740530737 121996.1625779689
121856.5492404177 121996.1625779689
121926.1820880447 121972.9328127337
121345.9083578196 122251.6899955562
122042.2368340897 121926.4732822633
122088.6587325077 121926.4732822633
121810.1273419997 121880.0137517929
122506.4558182697 121856.7839865577
122111.8696817167 121833.5542213225
122181.5025293437 121787.0946908521
122065.4477832987 121763.8649256169
122715.3543611507 121578.0268037352

121067.3769673116 122298.1495260266
120394.2594402506 122274.9197607914
123411.6828374208 121438.6482123240
122715.3543611507 121578.0268037352
123156.3623961218 121717.4053951465
122181.5025293437 121787.0946908521
122506.4558182697 121856.7839865577
121833.3382912087 121880.0137517929
121137.0098149386 121880.0137517929
122552.8777166877 121926.4732822633
121554.8069007007 121949.7030474985
121856.5492404177 121972.9328127337
122251.1353769707 121996.1625779689
120556.7360847136 122019.3923432041
121601.2287991187 122042.6221084393

120951.3222212666 122112.3114041450
121229.8536117746 122065.8518736745
122135.0806309257 121949.7030474985
121578.0178499097 122019.3923432041
121856.5492404177 121972.9328127337
121926.1820880447 121972.9328127337
122019.0258848807 121926.4732822633
122042.2368340897 121926.4732822633
122088.6587325077 121926.4732822633
121810.1273419997 121880.0137517929
121949.3930372537 121880.0137517929
122135.0806309257 121880.0137517929
122506.4558182697 121856.7839865577
122181.5025293437 121787.0946908521
122715.3543611507 121578.0268037352

120951.3222212666 122112.3114041450
121229.8536117746 122065.8518736745
121601.2287991187 122042.6221084393
121902.9711388357 121903.2435170281
121856.5492404177 121996.1625779689
121926.1820880447 121972.9328127337
122019.0258848807 121926.4732822633
122042.2368340897 121926.4732822633
122088.6587325077 121926.4732822633
121810.1273419997 121880.0137517929
122506.4558182697 121856.7839865577
122111.8696817167 121833.5542213225
122181.5025293437 121787.0946908521
122065.4477832987 121763.8649256169
122715.3543611507 121578.0268037352

121229.8536117746 122065.8518736745
121601.2287991187 122042.6221084393
121578.0178499097 122019.3923432041
121485.1740530737 121996.1625779689
121856.5492404177 121996.1625779689
122019.0258848807 121926.4732822633
122042.2368340897 121926.4732822633
122668.9324627327 121554.7970385000
122111.8696817167 121903.2435170281
121810.1273419997 121880.0137517929
122506.4558182697 121856.7839865577
122111.8696817167 121833.5542213225
122181.5025293437 121787.0946908521
122065.4477832987 121763.8649256169
121740.4944943727 121694.1756299112

121067.3769673116 122298.1495260266
120115.7280497426 122135.5411693802
120556.7360847136 122019.3923432041
121554.8069007007 121949.7030474985
121438.7521546556 121206.3505599719
121137.0098149386 121880.0137517929
121810.1273419997 121880.0137517929
122506.4558182697 121856.7839865577
122181.5025293437 121787.0946908521
123156.3623961218 121717.4053951465
122808.1981579867 121647.7160994408
122599.2996151057 121461.8779775592
123156.3623961218 121206.3505599719
123736.6361263468 118674.3061493344
124200.8551105268 118418.7787317472

120951.3222212666 122112.3114041450
122065.4477832987 121763.8649256169
122181.5025293437 121787.0946908521
122506.4558182697 121856.7839865577
122135.0806309257 121880.0137517929
121949.3930372537 121880.0137517929
121833.3382912087 121880.0137517929
121810.1273419997 121880.0137517929
122111.8696817167 121903.2435170281
121856.5492404177 121903.2435170281
122111.8696817167 121926.4732822633
122019.0258848807 121926.4732822633
121786.9163927907 121926.4732822633
121578.0178499097 122019.3923432041
121229.8536117746 122065.8518736745

120951.3222212666 122112.3114041450
121229.8536117746 122065.8518736745
121601.2287991187 122042.6221084393
121485.1740530737 121996.1625779689
121856.5492404177 121996.1625779689
121926.1820880447 121972.9328127337
122019.0258848807 121926.4732822633
122042.2368340897 121926.4732822633
122088.6587325077 121926.4732822633
121810.1273419997 121880.0137517929
122506.4558182697 121856.7839865577
122111.8696817167 121833.5542213225
122181.5025293437 121787.0946908521
122065.4477832987 121763.8649256169
122715.3543611507 121578.0268037352

120649.5798815496 122158.7709346154
120951.3222212666 122112.3114041450
121229.8536117746 122065.8518736745
121601.2287991187 122042.6221084393
121485.1740530737 121996.1625779689
121856.5492404177 121972.9328127337
122019.0258848807 121926.4732822633
122042.2368340897 121926.4732822633
122088.6587325077 121926.4732822633
122111.8696817167 121903.2435170281
121810.1273419997 121880.0137517929
122135.0806309257 121856.7839865577
122506.4558182697 121856.7839865577
122715.3543611507 121578.0268037352
122181.5025293437 121787.0946908521

120649.5798815496 122158.7709346154
120951.3222212666 122112.3114041450
121229.8536117746 122065.8518736745
121601.2287991187 122042.6221084393
121578.0178499097 122019.3923432041
121485.1740530737 121996.1625779689
121926.1820880447 121368.9589166184
122111.8696817167 121903.2435170281
121810.1273419997 121880.0137517929
121833.3382912087 121880.0137517929
122135.0806309257 121880.0137517929
122135.0806309257 121856.7839865577
122506.4558182697 121856.7839865577
123156.3623961218 121717.4053951465
122715.3543611507 121578.0268037352

120951.3222212666 122112.3114041450
120649.5798815496 122089.0816389098
121229.8536117746 122065.8518736745
121601.2287991187 122042.6221084393
121763.7054435817 121996.1625779689
121856.5492404177 121972.9328127337
122088.6587325077 121949.7030474985
122715.3543611507 121578.0268037352
122181.5025293437 121787.0946908521
122506.4558182697 121856.7839865577
122135.0806309257 121880.0137517929
121949.3930372537 121880.0137517929
121833.3382912087 121880.0137517929
121810.1273419997 121880.0137517929
122111.8696817167 121903.2435170281

120951.3222212666 122112.3114041450
121229.8536117746 122065.8518736745
121601.2287991187 122042.6221084393
121578.0178499097 122019.3923432041
121856.5492404177 121972.9328127337
121926.1820880447 121972.9328127337
122019.0258848807 121926.4732822633
122042.2368340897 121926.4732822633
122088.6587325077 121926.4732822633
121810.1273419997 121880.0137517929
122506.4558182697 121856.7839865577
122715.3543611507 121578.0268037352
122181.5025293437 121787.0946908521
122135.0806309257 121880.0137517929
121949.3930372537 121880.0137517929

121485.1740530737 121996.1625779689
121763.7054435817 121949.7030474985
122042.2368340897 121949.7030474985
121810.1273419997 121926.4732822633
122065.4477832987 121926.4732822633
121926.1820880447 121903.2435170281
121995.8149356717 121903.2435170281
121763.7054435817 121880.0137517929
121972.6039864627 121880.0137517929
122019.0258848807 121880.0137517929
121995.8149356717 121763.8649256169
122343.9791738067 121810.3244560873
121670.8616467457 121810.3244560873
121972.6039864627 121833.5542213225
121879.7601896267 121856.7839865577

120951.3222212666 122112.3114041450
121229.8536117746 122065.8518736745
121578.0178499097 122019.3923432041
121856.5492404177 121972.9328127337
122181.5025293437 121787.0946908521
122088.6587325077 121787.0946908521
122135.0806309257 121810.3244560873
121763.7054435817 121833.5542213225
122506.4558182697 121856.7839865577
121833.3382912087 121880.0137517929
121810.1273419997 121880.0137517929
121485.1740530737 121880.0137517929
122111.8696817167 121926.4732822633
122019.0258848807 121926.4732822633
121856.5492404177 121949.7030474985

121438.7521546556 122367.8388217322
121067.3769673116 122298.1495260266
121601.2287991187 122042.6221084393
120556.7360847136 122019.3923432041
122251.1353769707 121996.1625779689
121856.5492404177 121972.9328127337
121554.8069007007 121949.7030474985
122552.8777166877 121926.4732822633
121137.0098149386 121880.0137517929
121833.3382912087 121880.0137517929
123411.6828374208 121438.6482123240
122506.4558182697 121856.7839865577
122181.5025293437 121787.0946908521
123156.3623961218 121717.4053951465
122715.3543611507 121578.0268037352

121485.1740530737 121996.1625779689
121763.7054435817 121949.7030474985
122042.2368340897 121949.7030474985
121810.1273419997 121926.4732822633
122065.4477832987 121926.4732822633
121229.8536117746 122042.6221084393
121995.8149356717 121903.2435170281
121763.7054435817 121880.0137517929
121972.6039864627 121880.0137517929
122019.0258848807 121880.0137517929
121763.7054435817 121856.7839865577
121879.7601896267 121856.7839865577
121972.6039864627 121833.5542213225
122343.9791738067 121810.3244560873
121995.8149356717 121763.8649256169

120951.3222212666 122112.3114041450
120649.5798815496 122089.0816389098
121229.8536117746 122065.8518736745
121601.2287991187 122042.6221084393
121763.7054435817 121996.1625779689
121856.5492404177 121972.9328127337
122088.6587325077 121949.7030474985
120208.5718465786 122182.0006998506
122111.8696817167 121926.4732822633
121833.3382912087 121880.0137517929
121949.3930372537 121880.0137517929
122506.4558182697 121856.7839865577
122181.5025293437 121787.0946908521
123156.3623961218 121717.4053951465
122715.3543611507 121578.0268037352

120649.5798815496 122251.6899955562
120951.3222212666 122112.3114041450
121229.8536117746 122065.8518736745
122251.1353769707 121996.1625779689
121856.5492404177 121972.9328127337
121554.8069007007 121949.7030474985
122552.8777166877 121926.4732822633
121137.0098149386 121880.0137517929
121833.3382912087 121880.0137517929
122506.4558182697 121856.7839865577
122715.3543611507 121578.0268037352
123156.3623961218 121717.4053951465
122181.5025293437 121787.0946908521
122135.0806309257 121856.7839865577
121810.1273419997 121880.0137517929

120974.5331704756 122135.5411693802
121229.8536117746 122065.8518736745
121601.2287991187 122042.6221084393
121578.0178499097 122019.3923432041
121740.4944943727 121694.1756299112
122065.4477832987 121763.8649256169
122181.5025293437 121787.0946908521
122111.8696817167 121833.5542213225
122506.4558182697 121856.7839865577
121810.1273419997 121880.0137517929
122088.6587325077 121926.4732822633
122042.2368340897 121926.4732822633
122019.0258848807 121926.4732822633
121926.1820880447 121972.9328127337
121856.5492404177 121996.1625779689

121438.7521546556 122367.8388217322
121067.3769673116 122298.1495260266
121601.2287991187 122042.6221084393
120556.7360847136 122019.3923432041
122251.1353769707 121996.1625779689
124200.8551105268 118418.7787317472
123736.6361263468 118674.3061493344
123156.3623961218 121206.3505599719
122599.2996151057 121461.8779775592
122808.1981579867 121647.7160994408
123156.3623961218 121717.4053951465
122181.5025293437 121787.0946908521
122506.4558182697 121856.7839865577
121810.1273419997 121880.0137517929
121137.0098149386 121880.0137517929

120951.3222212666 122112.3114041450
121229.8536117746 122065.8518736745
121578.0178499097 122019.3923432041
121856.5492404177 121972.9328127337
121786.9163927907 121926.4732822633
122019.0258848807 121926.4732822633
122111.8696817167 121926.4732822633
122111.8696817167 121903.2435170281
122181.5025293437 121787.0946908521
122088.6587325077 121787.0946908521
122135.0806309257 121810.3244560873
121763.7054435817 121833.5542213225
122506.4558182697 121856.7839865577
121833.3382912087 121880.0137517929
121810.1273419997 121880.0137517929

120951.3222212666 122112.3114041450
121229.8536117746 122065.8518736745
121578.0178499097 122019.3923432041
121856.5492404177 121972.9328127337
122019.0258848807 121926.4732822633
122111.8696817167 121926.4732822633
122111.8696817167 121903.2435170281
121508.3850022827 121880.0137517929
121810.1273419997 121880.0137517929
121833.3382912087 121880.0137517929
121949.3930372537 121880.0137517929
122135.0806309257 121880.0137517929
122065.4477832987 121763.8649256169
122181.5025293437 121787.0946908521
122506.4558182697 121856.7839865577

120951.3222212666 122112.3114041450
121229.8536117746 122065.8518736745
121601.2287991187 122042.6221084393
121578.0178499097 122019.3923432041
121856.5492404177 121972.9328127337
122019.0258848807 121926.4732822633
122042.2368340897 121926.4732822633
122088.6587325077 121926.4732822633
122111.8696817167 121903.2435170281
121810.1273419997 121880.0137517929
122506.4558182697 121856.7839865577
122111.8696817167 121833.5542213225
122065.4477832987 121763.8649256169
122181.5025293437 121787.0946908521
121856.5492404177 121996.1625779689

120951.3222212666 122112.3114041450
121229.8536117746 122065.8518736745
121601.2287991187 122042.6221084393
121485.1740530737 121996.1625779689
121856.5492404177 121996.1625779689
121856.5492404177 121972.9328127337
122019.0258848807 121926.4732822633
122042.2368340897 121926.4732822633
122088.6587325077 121926.4732822633
122111.8696817167 121903.2435170281
121810.1273419997 121880.0137517929
122506.4558182697 121856.7839865577
122111.8696817167 121833.5542213225
122181.5025293437 121787.0946908521
122715.3543611507 121578.0268037352

121229.8536117746 122065.8518736745
121601.2287991187 122042.6221084393
121856.5492404177 121972.9328127337
121810.1273419997 121949.7030474985
121856.5492404177 121949.7030474985
121322.6974086106 122135.5411693802
122111.8696817167 121926.4732822633
121485.1740530737 121880.0137517929
121810.1273419997 121880.0137517929
121833.3382912087 121880.0137517929
122506.4558182697 121856.7839865577
121763.7054435817 121833.5542213225
122135.0806309257 121810.3244560873
122088.6587325077 121787.0946908521
122181.5025293437 121787.0946908521

122715.3543611507 121578.0268037352
123156.3623961218 121717.4053951465
122506.4558182697 121856.7839865577
122135.0806309257 121856.7839865577
122135.0806309257 121880.0137517929
121833.3382912087 121880.0137517929
121810.1273419997 121880.0137517929
122111.8696817167 121903.2435170281
121763.7054435817 121996.1625779689
122599.2996151057 121508.3375080296
121578.0178499097 122019.3923432041
121601.2287991187 122042.6221084393
121229.8536117746 122065.8518736745
120951.3222212666 122112.3114041450
120649.5798815496 122158.7709346154

121345.9083578196 122182.0006998506
120951.3222212666 122112.3114041450
121229.8536117746 122065.8518736745
121601.2287991187 122042.6221084393
121578.0178499097 122019.3923432041
121856.5492404177 121972.9328127337
122019.0258848807 121926.4732822633
122042.2368340897 121926.4732822633
122088.6587325077 121926.4732822633
122111.8696817167 121903.2435170281
121810.1273419997 121880.0137517929
122715.3543611507 121578.0268037352
122019.0258848807 121647.7160994408
122506.4558182697 121856.7839865577
122135.0806309257 121856.7839865577

121438.7521546556 122367.8388217322
121067.3769673116 122298.1495260266
121601.2287991187 122042.6221084393
120556.7360847136 122019.3923432041
123481.3156850478 121601.2565689704
121856.5492404177 121972.9328127337
121554.8069007007 121949.7030474985
122552.8777166877 121926.4732822633
121137.0098149386 121880.0137517929
121833.3382912087 121880.0137517929
122135.0806309257 121856.7839865577
122506.4558182697 121856.7839865577
122181.5025293437 121787.0946908521
123156.3623961218 121717.4053951465
122715.3543611507 121578.0268037352

120649.5798815496 122158.7709346154
120951.3222212666 122112.3114041450
121229.8536117746 122065.8518736745
121601.2287991187 122042.6221084393
122715.3543611507 121578.0268037352
123156.3623961218 121717.4053951465
122506.4558182697 121856.7839865577
122135.0806309257 121856.7839865577
122135.0806309257 121880.0137517929
121833.3382912087 121880.0137517929
121137.0098149386 121880.0137517929
122552.8777166877 121926.4732822633
121554.8069007007 121949.7030474985
121856.5492404177 121972.9328127337
122251.1353769707 121996.1625779689

120649.5798815496 122158.7709346154
120951.3222212666 122112.3114041450
121229.8536117746 122065.8518736745
121601.2287991187 122042.6221084393
121485.1740530737 121996.1625779689
121856.5492404177 121972.9328127337
121670.8616467457 121670.9458646760
122111.8696817167 121926.4732822633
122111.8696817167 121903.2435170281
121810.1273419997 121880.0137517929
121833.3382912087 121880.0137517929
122135.0806309257 121856.7839865577
122506.4558182697 121856.7839865577
122181.5025293437 121787.0946908521
122715.3543611507 121578.0268037352

121229.8536117746 122065.8518736745
121601.2287991187 122042.6221084393
121763.7054435817 121996.1625779689
121856.5492404177 121972.9328127337
121810.1273419997 121949.7030474985
121856.5492404177 121949.7030474985
122019.0258848807 121926.4732822633
122111.8696817167 121926.4732822633
121810.1273419997 121880.0137517929
121833.3382912087 121880.0137517929
122506.4558182697 121856.7839865577
121763.7054435817 121833.5542213225
122111.8696817167 121833.5542213225
122181.5025293437 121787.0946908521
122088.6587325077 121787.0946908521

120951.3222212666 122112.3114041450
121229.8536117746 122065.8518736745
121601.2287991187 122042.6221084393
121485.1740530737 121996.1625779689
121856.5492404177 121996.1625779689
122019.0258848807 121926.4732822633
122042.2368340897 121926.4732822633
122088.6587325077 121926.4732822633
122111.8696817167 121903.2435170281
121810.1273419997 121880.0137517929
122506.4558182697 121856.7839865577
122111.8696817167 121833.5542213225
122065.4477832987 121763.8649256169
122181.5025293437 121787.0946908521
121856.5492404177 121972.9328127337

121485.1740530737 121996.1625779689
121763.7054435817 121949.7030474985
122065.4477832987 121926.4732822633
121926.1820880447 121903.2435170281
122297.5572753887 121787.0946908521
121763.7054435817 121880.0137517929
121810.1273419997 121880.0137517929
121972.6039864627 121880.0137517929
122019.0258848807 121880.0137517929
121763.7054435817 121856.7839865577
121879.7601896267 121856.7839865577
121902.9711388357 121856.7839865577
121949.3930372537 121833.5542213225
121717.2835451637 121810.3244560873
121995.8149356717 121763.8649256169

120649.5798815496 122158.7709346154
120951.3222212666 122112.3114041450
121229.8536117746 122065.8518736745
121601.2287991187 122042.6221084393
121485.1740530737 121996.1625779689
121856.5492404177 121972.9328127337
122019.0258848807 121926.4732822633
122111.8696817167 121926.4732822633
122715.3543611507 121578.0268037352
122019.0258848807 121647.7160994408
122181.5025293437 121787.0946908521
121090.5879165206 121833.5542213225
122506.4558182697 121856.7839865577
121833.3382912087 121880.0137517929
121810.1273419997 121880.0137517929

121067.3769673116 122298.1495260266
120115.7280497426 122135.5411693802
120556.7360847136 122019.3923432041
121554.8069007007 121949.7030474985
122552.8777166877 121926.4732822633
121137.0098149386 121880.0137517929
121810.1273419997 121880.0137517929
122506.4558182697 121856.7839865577
122181.5025293437 121787.0946908521
123156.3623961218 121717.4053951465
122808.1981579867 121647.7160994408
123458.1047358388 121159.8910295015
123156.3623961218 121206.3505599719
123736.6361263468 118674.3061493344
124200.8551105268 118418.7787317472

121229.8536117746 122065.8518736745
121601.2287991187 122042.6221084393
122181.5025293437 121787.0946908521
122088.6587325077 121787.0946908521
122135.0806309257 121810.3244560873
121763.7054435817 121833.5542213225
122506.4558182697 121856.7839865577
121833.3382912087 121880.0137517929
121810.1273419997 121880.0137517929
121485.1740530737 121880.0137517929
122111.8696817167 121926.4732822633
122019.0258848807 121926.4732822633
121856.5492404177 121949.7030474985
121810.1273419997 121949.7030474985
121856.5492404177 121972.9328127337

121067.3769673116 122298.1495260266
120115.7280497426 122135.5411693802
120556.7360847136 122019.3923432041
121554.8069007007 121949.7030474985
122552.8777166877 121926.4732822633
121137.0098149386 121880.0137517929
121810.1273419997 121880.0137517929
123458.1047358388 120974.0529076199
122181.5025293437 121787.0946908521
123156.3623961218 121717.4053951465
122808.1981579867 121647.7160994408
122599.2996151057 121461.8779775592
123156.3623961218 121206.3505599719
123736.6361263468 118674.3061493344
124200.8551105268 118418.7787317472

120974.5331704756 122135.5411693802
121229.8536117746 122065.8518736745
121601.2287991187 122042.6221084393
121578.0178499097 122019.3923432041
121763.7054435817 121972.9328127337
121856.5492404177 121972.9328127337
122019.0258848807 121926.4732822633
122111.8696817167 121926.4732822633
122111.8696817167 121903.2435170281
121810.1273419997 121880.0137517929
121833.3382912087 121880.0137517929
122135.0806309257 121856.7839865577
122506.4558182697 121856.7839865577
122181.5025293437 121787.0946908521
122715.3543611507 121578.0268037352

121485.1740530737 121996.1625779689
121763.7054435817 121949.7030474985
121810.1273419997 121926.4732822633
122320.7682245977 121763.8649256169
121926.1820880447 121903.2435170281
121995.8149356717 121903.2435170281
121763.7054435817 121880.0137517929
121972.6039864627 121880.0137517929
122019.0258848807 121880.0137517929
121763.7054435817 121856.7839865577
121879.7601896267 121856.7839865577
121949.3930372537 121833.5542213225
121972.6039864627 121833.5542213225
122343.9791738067 121810.3244560873
121995.8149356717 121763.8649256169

120649.5798815496 122158.7709346154
120951.3222212666 122112.3114041450
121229.8536117746 122065.8518736745
121601.2287991187 122042.6221084393
122715.3543611507 121578.0268037352
122181.5025293437 121787.0946908521
122506.4558182697 121856.7839865577
122135.0806309257 121856.7839865577
121833.3382912087 121880.0137517929
121810.1273419997 121880.0137517929
122111.8696817167 121903.2435170281
122111.8696817167 121926.4732822633
122019.0258848807 121926.4732822633
121856.5492404177 121972.9328127337
121485.1740530737 121996.1625779689

122715.3543611507 121578.0268037352
123156.3623961218 121717.4053951465
122181.5025293437 121787.0946908521
122506.4558182697 121856.7839865577
122135.0806309257 121856.7839865577
121392.3302562376 122228.4602303210
121810.1273419997 121880.0137517929
121137.0098149386 121880.0137517929
122552.8777166877 121926.4732822633
121554.8069007007 121949.7030474985
121717.2835451637 122019.3923432041
120556.7360847136 122019.3923432041
121601.2287991187 122042.6221084393
120394.2594402506 122274.9197607914
121067.3769673116 122298.1495260266

121067.3769673116 122298.1495260266
120394.2594402506 122274.9197607914
122715.3543611507 121578.0268037352
123156.3623961218 121717.4053951465
122181.5025293437 121787.0946908521
122506.4558182697 121856.7839865577
122135.0806309257 121856.7839865577
121833.3382912087 121880.0137517929
121137.0098149386 121880.0137517929
122552.8777166877 121926.4732822633
121554.8069007007 121949.7030474985
121856.5492404177 121972.9328127337
122251.1353769707 121996.1625779689
120556.7360847136 122019.3923432041
121601.2287991187 122042.6221084393

121485.1740530737 121996.1625779689
121763.7054435817 121949.7030474985
122065.4477832987 121926.4732822633
121926.1820880447 121903.2435170281
121995.8149356717 121903.2435170281
121763.7054435817 121880.0137517929
121810.1273419997 121880.0137517929
121972.6039864627 121880.0137517929
122019.0258848807 121880.0137517929
121763.7054435817 121856.7839865577
121485.1740530737 121949.7030474985
121949.3930372537 121833.5542213225
121972.6039864627 121833.5542213225
122343.9791738067 121810.3244560873
121995.8149356717 121763.8649256169

120951.3222212666 122112.3114041450
121229.8536117746 122065.8518736745
121601.2287991187 122042.6221084393
121485.1740530737 121996.1625779689
121856.5492404177 121972.9328127337
121810.1273419997 121926.4732822633
122019.0258848807 121926.4732822633
122111.8696817167 121926.4732822633
122111.8696817167 121903.2435170281
121810.1273419997 121880.0137517929
121833.3382912087 121880.0137517929
122135.0806309257 121856.7839865577
122506.4558182697 121856.7839865577
122181.5025293437 121787.0946908521
121740.4944943727 121694.1756299112

120951.3222212666 122112.3114041450
121229.8536117746 122065.8518736745
121578.0178499097 122019.3923432041
121856.5492404177 121972.9328127337
121786.9163927907 121926.4732822633
122019.0258848807 121926.4732822633
122111.8696817167 121926.4732822633
122715.3543611507 121578.0268037352
122181.5025293437 121787.0946908521
122506.4558182697 121856.7839865577
122135.0806309257 121856.7839865577
121833.3382912087 121880.0137517929
121810.1273419997 121880.0137517929
122111.8696817167 121903.2435170281
121485.1740530737 121996.1625779689

120649.5798815496 122158.7709346154
120951.3222212666 122112.3114041450
121229.8536117746 122065.8518736745
121601.2287991187 122042.6221084393
121763.7054435817 121996.1625779689
121856.5492404177 121972.9328127337
122088.6587325077 121949.7030474985
122715.3543611507 121578.0268037352
123156.3623961218 121717.4053951465
122506.4558182697 121856.7839865577
122135.0806309257 121856.7839865577
122135.0806309257 121880.0137517929
121833.3382912087 121880.0137517929
121810.1273419997 121880.0137517929
122111.8696817167 121903.2435170281

121067.3769673116 122298.1495260266
120394.2594402506 122274.9197607914
124200.8551105268 118418.7787317472
123156.3623961218 121206.3505599719
122668.9324627327 121461.8779775592
123156.3623961218 121717.4053951465
122181.5025293437 121787.0946908521
122506.4558182697 121856.7839865577
121833.3382912087 121880.0137517929
121137.0098149386 121880.0137517929
122552.8777166877 121926.4732822633
121554.8069007007 121949.7030474985
121856.5492404177 121972.9328127337
122251.1353769707 121996.1625779689
120556.7360847136 122019.3923432041

121067.3769673116 122298.1495260266
120115.7280497426 122135.5411693802
120556.7360847136 122019.3923432041
121554.8069007007 121949.7030474985
122552.8777166877 121926.4732822633
121137.0098149386 121880.0137517929
121810.1273419997 121880.0137517929
122506.4558182697 121856.7839865577
122181.5025293437 121787.0946908521
123156.3623961218 121717.4053951465
123736.6361263468 118674.3061493344
122808.1981579867 121647.7160994408
122599.2996151057 121461.8779775592
123156.3623961218 121206.3505599719
124200.8551105268 118418.7787317472

120649.5798815496 122251.6899955562
120951.3222212666 122112.3114041450
121229.8536117746 122065.8518736745
121601.2287991187 122042.6221084393
121578.0178499097 122019.3923432041
122715.3543611507 121578.0268037352
122181.5025293437 121787.0946908521
122506.4558182697 121856.7839865577
122135.0806309257 121856.7839865577
121392.3302562376 121856.7839865577
121833.3382912087 121880.0137517929
121810.1273419997 121880.0137517929
122111.8696817167 121903.2435170281
122019.0258848807 121926.4732822633
121856.5492404177 121972.9328127337

120951.3222212666 122112.3114041450
121229.8536117746 122065.8518736745
121601.2287991187 122042.6221084393
121485.1740530737 121996.1625779689
121810.1273419997 121926.4732822633
121856.5492404177 121972.9328127337
122019.0258848807 121926.4732822633
122111.8696817167 121926.4732822633
122111.8696817167 121903.2435170281
121810.1273419997 121880.0137517929
121833.3382912087 121880.0137517929
122135.0806309257 121856.7839865577
122506.4558182697 121856.7839865577
122181.5025293437 121787.0946908521
122715.3543611507 121578.0268037352

121229.8536117746 122065.8518736745
121601.2287991187 122042.6221084393
121578.0178499097 122019.3923432041
121485.1740530737 121996.1625779689
121856.5492404177 121996.1625779689
122019.0258848807 121926.4732822633
122042.2368340897 121926.4732822633
122111.8696817167 121926.4732822633
122111.8696817167 121903.2435170281
121810.1273419997 121880.0137517929
122506.4558182697 121856.7839865577
122111.8696817167 121833.5542213225
122181.5025293437 121787.0946908521
122065.4477832987 121763.8649256169
121740.4944943727 121694.1756299112

120951.3222212666 122112.3114041450
121229.8536117746 122065.8518736745
121578.0178499097 122019.3923432041
121856.5492404177 121972.9328127337
122181.5025293437 121787.0946908521
122135.0806309257 121810.3244560873
122111.8696817167 121833.5542213225
121763.7054435817 121833.5542213225
122506.4558182697 121856.7839865577
121833.3382912087 121880.0137517929
121810.1273419997 121880.0137517929
121508.3850022827 121880.0137517929
122111.8696817167 121926.4732822633
122019.0258848807 121926.4732822633
121763.7054435817 121996.1625779689

120951.3222212666 122112.3114041450
121229.8536117746 122065.8518736745
121601.2287991187 122042.6221084393
121578.0178499097 122019.3923432041
121485.1740530737 121996.1625779689
121856.5492404177 121972.9328127337
122019.0258848807 121926.4732822633
122111.8696817167 121903.2435170281
121810.1273419997 121880.0137517929
121833.3382912087 121880.0137517929
122135.0806309257 121856.7839865577
122506.4558182697 121856.7839865577
122715.3543611507 121578.0268037352
122019.0258848807 121647.7160994408
122181.5025293437 121787.0946908521

121322.6974086106 122135.5411693802
120951.3222212666 122112.3114041450
121229.8536117746 122065.8518736745
121601.2287991187 122042.6221084393
121578.0178499097 122019.3923432041
121856.5492404177 121972.9328127337
122111.8696817167 121926.4732822633
122715.3543611507 121578.0268037352
122181.5025293437 121787.0946908521
122506.4558182697 121856.7839865577
122135.0806309257 121856.7839865577
121833.3382912087 121880.0137517929
121810.1273419997 121880.0137517929
122111.8696817167 121903.2435170281
122019.0258848807 121926.4732822633

121229.8536117746 122065.8518736745
121601.2287991187 122042.6221084393
121578.0178499097 122019.3923432041
121485.1740530737 121996.1625779689
121856.5492404177 121972.9328127337
122019.0258848807 121926.4732822633
122042.2368340897 121926.4732822633
122111.8696817167 121926.4732822633
122111.8696817167 121903.2435170281
121810.1273419997 121880.0137517929
122506.4558182697 121856.7839865577
121740.4944943727 121694.1756299112
122065.4477832987 121763.8649256169
122181.5025293437 121787.0946908521
122111.8696817167 121833.5542213225

120951.3222212666 122112.3114041450
121229.8536117746 122065.8518736745
121601.2287991187 122042.6221084393
121485.1740530737 121996.1625779689
121763.7054435817 121996.1625779689
120719.2127291766 122298.1495260266
122019.0258848807 121926.4732822633
122111.8696817167 121903.2435170281
121810.1273419997 121880.0137517929
121833.3382912087 121880.0137517929
122506.4558182697 121856.7839865577
122181.5025293437 121787.0946908521
123156.3623961218 121717.4053951465
122019.0258848807 121647.7160994408
122715.3543611507 121578.0268037352

121067.3769673116 122298.1495260266
120115.7280497426 122135.5411693802
120556.7360847136 122019.3923432041
121554.8069007007 121949.7030474985
121276.2755101926 115677.6664339928
121137.0098149386 121880.0137517929
121810.1273419997 121880.0137517929
122506.4558182697 121856.7839865577
122181.5025293437 121787.0946908521
123156.3623961218 121717.4053951465
120649.5798815496 121647.7160994408
122808.1981579867 121647.7160994408
122599.2996151057 121461.8779775592
123156.3623961218 121206.3505599719
123620.5813803018 118743.9954450401

120974.5331704756 122135.5411693802
121229.8536117746 122065.8518736745
121578.0178499097 122019.3923432041
121856.5492404177 121972.9328127337
121786.9163927907 121926.4732822633
122111.8696817167 121926.4732822633
122111.8696817167 121903.2435170281
121810.1273419997 121880.0137517929
121833.3382912087 121880.0137517929
121949.3930372537 121880.0137517929
122135.0806309257 121880.0137517929
122506.4558182697 121856.7839865577
122715.3543611507 121578.0268037352
122181.5025293437 121787.0946908521
122019.0258848807 121926.4732822633

122715.3543611507 121578.0268037352
122019.0258848807 121647.7160994408
123156.3623961218 121717.4053951465
122181.5025293437 121787.0946908521
122506.4558182697 121856.7839865577
121833.3382912087 121880.0137517929
121810.1273419997 121880.0137517929
121137.0098149386 121880.0137517929
122552.8777166877 121926.4732822633
121554.8069007007 121949.7030474985
121717.2835451637 122019.3923432041
120556.7360847136 122019.3923432041
123481.3156850478 121601.2565689704
120394.2594402506 122274.9197607914
121067.3769673116 122298.1495260266

121067.3769673116 122298.1495260266
121601.2287991187 122042.6221084393
120556.7360847136 122019.3923432041
122251.1353769707 121996.1625779689
121856.5492404177 121972.9328127337
121554.8069007007 121949.7030474985
122552.8777166877 121926.4732822633
121137.0098149386 121880.0137517929
120347.8375418326 122228.4602303210
122506.4558182697 121856.7839865577
122181.5025293437 121787.0946908521
121786.9163927907 121740.6351603817
123156.3623961218 121717.4053951465
122715.3543611507 121578.0268037352
122668.9324627327 121461.8779775592

121067.3769673116 122298.1495260266
120649.5798815496 122251.6899955562
124200.8551105268 118418.7787317472
123156.3623961218 121206.3505599719
122599.2996151057 121461.8779775592
123156.3623961218 121717.4053951465
122181.5025293437 121787.0946908521
121833.3382912087 121810.3244560873
122506.4558182697 121856.7839865577
121833.3382912087 121880.0137517929
121137.0098149386 121880.0137517929
121554.8069007007 121949.7030474985
121856.5492404177 121972.9328127337
122251.1353769707 121996.1625779689
120115.7280497426 122135.5411693802

121067.3769673116 122298.1495260266
120115.7280497426 122135.5411693802
120556.7360847136 122019.3923432041
121554.8069007007 121949.7030474985
122552.8777166877 121926.4732822633
121137.0098149386 121880.0137517929
121810.1273419997 121880.0137517929
122506.4558182697 121856.7839865577
122181.5025293437 121787.0946908521
123156.3623961218 121717.4053951465
120649.5798815496 121647.7160994408
122808.1981579867 121647.7160994408
122599.2996151057 121461.8779775592
124200.8551105268 118418.7787317472
123156.3623961218 121206.3505599719

121067.3769673116 122298.1495260266
120394.2594402506 122274.9197607914
121601.2287991187 122042.6221084393
120556.7360847136 122019.3923432041
121717.2835451637 122019.3923432041
121554.8069007007 121949.7030474985
122552.8777166877 121926.4732822633
121137.0098149386 121880.0137517929
121810.1273419997 121880.0137517929
121833.3382912087 121880.0137517929
123690.2142279288 118581.3870883936
122181.5025293437 121787.0946908521
123156.3623961218 121717.4053951465
122599.2996151057 121461.8779775592
123156.3623961218 121206.3505599719

122715.3543611507 121578.0268037352
123156.3623961218 121717.4053951465
122181.5025293437 121787.0946908521
121833.3382912087 121810.3244560873
122506.4558182697 121856.7839865577
121810.1273419997 121880.0137517929
121137.0098149386 121880.0137517929
121229.8536117746 121926.4732822633
121554.8069007007 121949.7030474985
122251.1353769707 121996.1625779689
121717.2835451637 122019.3923432041
121670.8616467457 122019.3923432041
121601.2287991187 122042.6221084393
120649.5798815496 122251.6899955562
121067.3769673116 122298.1495260266

120487.1032370866 122460.7578826731
122552.8777166877 121926.4732822633
121137.0098149386 121880.0137517929
121833.3382912087 121880.0137517929
123156.3623961218 121717.4053951465
122599.2996151057 121461.8779775592
119280.1338782185 121183.1207947367
123318.8390405848 121159.8910295015
130815.9756350923 119487.3479325667
124618.6521962889 119324.7395759202
123295.6280913758 119231.8205149794
124827.5507391699 118697.5359145696
126127.3638948740 118488.4680274528
124177.6441613178 118209.7108446303
122181.5025293437 121787.0946908521

121067.3769673116 122298.1495260266
120115.7280497426 122135.5411693802
120556.7360847136 122019.3923432041
122251.1353769707 121996.1625779689
121554.8069007007 121949.7030474985
122552.8777166877 121926.4732822633
121137.0098149386 121880.0137517929
121810.1273419997 121880.0137517929
122506.4558182697 121856.7839865577
122181.5025293437 121787.0946908521
123156.3623961218 121717.4053951465
120649.5798815496 121647.7160994408
122599.2996151057 121461.8779775592
123318.8390405848 121159.8910295015
124177.6441613178 118209.7108446303

120487.1032370866 122460.7578826731
121833.3382912087 121880.0137517929
123295.6280913758 119231.8205149794
122181.5025293437 121787.0946908521
123156.3623961218 121717.4053951465
122599.2996151057 121461.8779775592
119280.1338782185 121183.1207947367
123318.8390405848 121159.8910295015
123225.9952437488 120439.7683072101
130815.9756350923 119487.3479325667
124618.6521962889 119324.7395759202
128819.8340031181 118790.4549755105
124827.5507391699 118697.5359145696
121137.0098149386 121880.0137517929
122552.8777166877 121926.4732822633

