84763857.2311573625 197988.7192212567
84815772.2593894899 206307.4887165260
84815772.2593894899 206262.8804821204
84909246.8368079960 215482.4994210005
84984199.2214346677 228892.3430078402
85006063.1224049777 229621.2458525375
85050310.1954727769 235982.6594417151
85262921.9242279232 253050.8421234619
85337578.5792350024 264136.3947973307
86832502.7739880234 345239.6760864258
86720196.5954501182 339685.7346134186
85945739.9767847806 307839.4375831187
99989960.7041517198 394927.5998535156
84745497.3556219935 191077.4004995227
84778656.4489352703 199332.7411939129
84909246.8368079960 215380.8178075254
85227921.4882809073 251577.3273661099
85287293.8340173513 257949.3369035777
85998951.3362726122 312375.8319465220
84712504.4308453798 183316.9826514423
84984199.2214346677 228890.9385011569
84947233.9235997498 222794.8925955184
85006063.1224049926 229693.6699659303
85983322.4973313659 309864.9623372853
84712504.4308453798 183225.2634214759
84712504.4308453798 183265.4879521728
84712504.4308453798 183297.0910615027
84759591.7637956440 192485.6607481837
84778656.4489352703 199389.1884595379
85006063.1224049777 229646.7273855880
84979241.5779892206 224481.1141298190
85006063.1224049777 229630.8595915511
85097960.5872916132 237495.6423313990
98489996.7092633247 391882.3381347656
84745497.3556219935 191136.6862091720
84759591.7637956440 192534.4080817103
84978129.4614040852 223385.1639654525
84925314.6543768644 217012.4593191817
85148239.4356185794 244138.9454167262
86500700.3173650801 335684.8948688507
84727489.5448269248 184083.7695333064
84947233.9235997498 222862.7361090071
84984199.2214346528 228830.7744386569
84984199.2214346677 228925.8551423922
86112012.8483332396 318553.8501349986
84729821.8648194373 184714.3699406683
84745497.3556219935 191162.5282200873
84778656.4489353001 199424.2856830396
84947233.9235997498 222837.4304909427
85117866.1976825595 237540.3546840549
85097960.5872915983 237459.8423893824
85326910.0837770402 260145.1665933188
85326910.0837770402 260158.2636983525
85270250.1781830937 257474.1674356516
85219965.4329654574 251269.2754678782
85628732.1585364640 291071.1583569329
85578832.8134275824 283271.2441933416
84729821.8648194373 184635.7434284091
84815772.2593895048 206381.7706713118
84861405.0151804090 213405.3775072768
84979241.5779892206 224608.0223899428
84944543.4822230041 222620.0841644872
85081205.7332771122 236488.7194432765
85081205.7332771122 236487.2720840108
85896368.9981429726 304344.7467020229
84729821.8648194373 184668.6363398135
84977586.0860726833 223166.4520015419
85135648.4545108080 243122.6217563208
85066444.7865887880 236343.6226542369
85337578.5792349875 264128.5999651011
86720196.5954501778 339685.8504581451
84729821.8648194373 184637.0332304835
84764562.0407616496 198007.2810299098
84977586.0860726684 223138.7977046669
85287293.8340173513 257961.7875299510
85210051.8590326458 251048.7447252404
84800973.0416115671 204899.1860126685
84801518.8308463395 205699.8423337974
84909246.8368079960 215449.4935887754
85081205.7332771122 236538.5994327124
85135648.4545108080 243217.7024600562
85823948.3492917866 300131.6114328578
86037014.1769891977 315166.2475095987
84745497.3556219935 191044.9669792056
84815772.2593894899 206363.9359821510
84842184.2631350607 207265.4642831497
84977586.0860726833 223207.4770329893
85210051.8590326458 251020.7627916466
85896368.9981429577 304297.1597879604
86451825.7716472745 331656.4748229980
86378219.2236175686 327197.2290668488
84876204.2329583466 214869.7648298219
85760940.4639287144 296104.5346899331
84745497.3556219935 191133.9388434291
84816318.0486242622 207100.3115720786
84876204.2329583466 214875.5586925391
84977586.0860726833 223138.8012517393
84944543.4822230041 222580.4027739242
85036958.6602093130 230153.2874479964
85477292.5367384404 274913.8146283440
84727489.5448269248 184007.2261272948
84727489.5448269248 184022.9483601134
84743165.0356294811 190471.1066395324
84801518.8308463395 205727.5154962577
84842184.2631350607 207238.8823644333
84861405.0151804090 213377.7040854171
84861405.0151804090 213446.4186239913
84876204.2329583168 214778.1733236983
85036958.6602093279 230168.1422415450
85210051.8590326458 250997.5586710032
85461950.2432811409 274194.9138162192
85330473.9157146513 262952.9656877574
84745497.3556219935 191083.9017078280
84861405.0151804090 213449.0702963546
84876204.2329583168 214849.5395346358
84876204.2329583168 214778.2120810226
84876204.2329583168 214846.8878622726
84944543.4822230041 222604.8713064864
84944543.4822230041 222625.6203959398
85337578.5792349875 264131.7244768199
84745497.3556219935 191116.7946192324
85859910.7460303903 303398.7828456461
85854889.2807860523 301871.7900610268
85794476.6636178344 297309.5219946206
84745497.3556219935 191085.1915099025
85169834.9977867603 245119.4903364517
85319805.4202566892 258990.9361245688
86199815.0713860840 318650.9174945951
86334427.4458165616 324385.6881732941
87010788.7386209518 349721.8059387207
85237978.0945849866 251643.6562063657
85293871.9662207216 258324.7911989652
84764562.0407616496 198023.8164447583
85823948.3492918015 300173.0193861201
85896368.9981429577 304330.9845941737
85164071.5613297373 244648.9005710632
85287293.8340173513 257919.8647356089
85823948.3492918462 300173.4580057338
85906995.9715251774 305497.0037295893
97300253.1865339577 390479.3482666016
90192300.4888021946 377040.0776672363
85326910.0837770402 260114.5103433188
85917800.5719891638 307471.8196475580
86957577.3791331202 345258.9781799316
87529611.0248476714 362815.8390808105
85823948.3492918462 300174.0041483119
85906995.9715251774 305544.6996371821
85924009.8292434663 307519.5155551508
85202947.1955122948 249832.1800966319
84929415.4019823521 218837.9267122578
85742043.1726849377 293269.5419253707
85948890.8913761824 307949.2416341603
99356046.0940754712 393045.9431152344
85620251.5451920033 285750.6974079870
97628678.1590756774 390502.6052246094
85493142.8165017813 275558.1425984167
85255199.6253982782 252918.6833993141
85753835.8004083335 295056.7422094643
87007637.8240294904 349564.3755798340
85202947.1955122948 249869.2794313487
85493142.8165017813 275628.9533894323
87948699.1392345428 368603.2836914062
85924009.8292434663 307519.5492013078
84885915.9720333666 214981.5848768987
85145055.6602282971 243526.3051524442
85823948.3492918015 300165.3272455409
85164071.5613297373 244683.2413072716
85119967.0794042349 241093.4310092889
85164071.5613297373 244651.7410097178
85372293.8992307335 266438.1159303244
85742043.1726849377 293345.3236636519
85810607.7070687562 298233.4130838588
86426091.1348766685 330936.0567321777
85262921.9242279232 252996.4891454987
85262921.9242278934 252964.1634619050
85540193.2658755481 281191.2872304879
85164071.5613297373 244671.2106770221
85315813.7454558909 258908.7073940020
85945739.9767847359 307839.1658088267
85945739.9767847806 307880.8381721079
85989531.7545856833 309976.2597616017
84855779.8319649100 211181.5994301978
85202947.1955122948 249832.0616579112
86352591.8065627664 326531.4911499023
85237978.0945850015 251645.6881716214
85948890.8913761824 307984.0072591603
85409100.7509088665 268138.5712721162
85127071.7429245859 242233.8953342400
85847688.0231057107 301486.7301245034
85753835.8004083633 295115.3169164956
85164071.5613297224 244647.3555460032
85210051.8590326458 250955.6358766612
85164071.5613297373 244711.9586414509
85895679.5318883210 303486.4138753712
85164071.5613297373 244655.2593736779
85578832.8134275526 283209.7256386541
85989531.7545857131 309995.8792379200
85262921.9242278934 252996.2196161877
86256084.7735368460 323018.1787536219
87109367.1768116504 353756.9658508301
85895679.5318883210 303447.3367879689
85989531.7545856535 309864.9809778035
85414575.7429180294 268458.5448705964
86378219.2236175090 327153.4683532715
85237978.0945849866 251584.6237184964
85895679.5318883210 303447.3664529622
85237978.0945850015 251644.5088993683
86340636.7030709535 324458.3161029816
85182647.5152010620 246637.6568698846
84781781.8628635705 199938.3985835537
86393677.1187877357 327529.5274963379
86779262.3039430082 342095.4940299988
85989531.7545856684 309865.3665731251
86957577.3791331351 345354.4497680664
86378219.2236175090 327092.4717712402
85895679.5318883359 303530.1496236622
85577159.2620697469 282865.3753516506
87037393.1844171584 349794.0233459473
85164071.5613297224 244590.1724405345
85127071.7429245859 242217.0052280389
85886245.8774066716 303415.3080194294
87517859.8435770273 362525.4203186035
87433570.5359062999 357995.8745117188
85119967.0794042349 241062.4739780389
85572926.4532636255 282816.4417922329
86239465.1041880846 319762.0558948517
85989531.7545856684 309899.7409475148
85973372.8266887814 308696.3515694737
88369500.5311289877 369026.3088073730
85423133.4295364171 268887.5354383234
86434488.9257682413 331519.2375202179
85127071.7429245859 242186.0481967889
99597238.0134772509 393135.9064941406
85708798.9338771403 291571.8379357159
85788570.3034539074 296954.0333702862
86358944.7439402491 326776.0355396271
87914315.4528421015 365638.1689453125
99431080.1053759903 393069.2668457031
86393677.1187877357 327455.6891174316
86352591.8065627813 326662.8125610352
86617740.8126959056 335912.0423336029
99220081.6707859784 392915.8503417969
85502831.7274609506 275919.4129421972
86334091.2236536443 324322.8819580078
85303711.6028265059 258700.5324075278
85324734.3476419896 259901.8743197750
85081205.7332771122 236443.5187289771
85401996.0873885453 267111.9017635956
95040332.3563447893 381427.3493957520
86716097.7978316694 337447.7988643646
85090219.4264144748 236660.5285642967
98346923.0249182880 390760.7658691406
84931823.0447571427 221039.5125186816
85096801.4401643276 237205.4055025950
87510920.5754798651 361282.2513427734
86228792.7171165049 319006.7128295898
85451956.9999614954 271025.9732496552
85401996.0873884857 267110.9243299775
85453176.6220862269 273432.5672082864
87241113.1046705842 353799.7679748535
85401996.0873884857 267014.9970533662
98486146.7031885386 391760.4313964844
85562584.3784432411 282197.1983525995
85436449.8634479046 269152.1236508172
85401996.0873884857 267047.8356611542
93432320.5476382524 377628.6846008301
95516520.4256439358 390174.6535644531
85270210.1545077860 253945.1089458335
98302585.6222570390 390505.0153808594
93876495.7134817094 378052.9638061523
