33470745.6407648325 43413.1905822754
33473715.7978749238 43413.4645690918
32561163.2769239619 43263.8280334473
31278203.5664406568 43032.2384948730
32250545.6008816101 43219.4971008301
33377908.2802205645 43380.6856384277
31730204.4797147028 43124.9798889160
32877428.8077198118 43309.9456481934
30349907.6125964262 42144.7825317383
32758439.7473687902 43290.2252502441
35167310.0791976526 43590.5387268066
32946286.0957092606 43318.1660461426
30475678.8867588006 42789.9679870605
30379084.1278840676 42152.6648559570
31211688.4809219129 43011.8261413574
30935722.6307172514 42959.3257751465
30622427.9093363434 42863.6100769043
30518401.9108437672 42813.2019958496
32692445.0668994933 43274.4311218262
31085143.4359328747 42981.9588928223
31948056.1007825173 43173.7339172363
30848825.1757868081 42919.5709533691
31105999.6858668216 43007.2525939941
32677559.6037273295 43272.1745910645
34776626.9208679646 43552.1150817871
33179158.1610537171 43366.0376892090
31921021.9376559220 43171.3902282715
32085666.1521546058 43195.7289733887
32099499.9571915902 43197.7182312012
33061642.7494247220 43334.5680236816
34611211.8694006652 43532.3373718262
30063999.0959331654 41088.5200805664
30914407.4426932484 42943.3928527832
31414424.0135666765 43054.5171813965
29902263.8068613373 40224.6973876953
30811279.3445762880 42914.4916076660
33436169.9666644111 43408.3852233887
30132625.8733931221 41114.1445312500
30051907.5310795605 40459.5259857178
32865451.7209054641 43300.4123229980
33863032.3228319660 43449.0846252441
29719307.2458354384 37735.5270423889
32736245.3161001615 43287.8960876465
33889448.6525922343 43456.3811340332
29995152.2255942672 40252.3449096680
31254610.4907050878 43031.8904113770
30261841.3088125326 41955.3257446289
30382239.0286012590 42698.7800598145
29717301.2408939525 36363.4254493713
33989142.3271545023 43481.9969177246
35216563.5338960141 43597.9217224121
31278872.1319780648 43033.9134826660
30270781.2978595346 42000.2582397461
29687520.8484644219 35522.2513160706
31580783.6744990721 43102.3467712402
30209110.2187795676 41322.7922210693
31764780.1538151279 43129.7852478027
35942090.4797389358 43639.5193176270
30890208.6337462477 42940.3985290527
29671285.5425025783 33980.9665670395
30153847.5474395975 41303.8649749756
30576407.6855123937 42844.5155334473
31605050.7296093479 43104.8479919434
30315710.4401896447 42073.5898590088
33081498.7742924616 43343.2781677246
30365456.0025478825 42151.4179077148
34509117.1934981719 43503.1571960449
30260286.1720325872 41954.5861206055
33923396.1359082088 43459.3754577637
31934855.7426929064 43173.3794860840
31313447.8060784861 43038.7188415527
31396288.9394183569 43052.7079772949
31304270.6637652367 43035.8399353027
35795432.8650818244 43630.0522155762
31979828.5928094909 43177.8921203613
29931440.3221489824 40232.5797119141
32120241.8262550309 43200.5343322754
30719476.3637063093 42892.2916564941
30519487.3487067185 42818.6495666504
30252768.4823872447 41931.3098754883
30317265.5769695826 42074.3294830322
30312963.7185726166 42045.4256134033
32134075.6312920190 43202.5235900879
32712135.2778277546 43276.9799499512
33431711.7884042822 43392.3901062012
34021683.7134539187 43483.9460144043
30711581.8252660073 42874.8301696777
30187795.0307555683 41306.8592987061
32449324.3976103105 43250.5171813965
35487408.0811452419 43603.5071716309
31881541.0152637772 43153.3215637207
30534993.1493347883 42826.1637268066
30861676.3526602909 42938.6899108887
30093175.6112208106 41096.4024047852
31565560.2652160190 43100.6411437988
29957056.7792843059 40248.3325805664
31701672.2295502275 43123.4634094238
32406916.2384414375 43239.1965637207
30004423.5887794532 40346.5040435791
29707499.0302423537 35548.3465499878
34677724.0587584674 43549.8897399902
35461818.2994965091 43600.5914001465
32083888.9394133985 43178.0082092285
32414748.7235098891 43245.7118225098
34288286.2458262742 43494.3840026855
29801648.8110546730 39324.6706123352
33115446.2576084323 43346.2724914551
29720078.0828040540 38541.1430053711
33987108.0393534824 43479.1406555176
32394939.1516270973 43229.6632385254
32971011.6480091773 43321.2800598145
30215666.0983540900 41382.2003479004
30454006.3971289173 42778.0568542480
30304728.7811754979 42003.2525634766
36057659.2844378129 43663.7430725098
30235231.4342314377 41858.7935119453
30233676.2974515036 41858.0538879219
34580064.6719972193 43527.1302185059
35817223.6497244164 43638.7193298340
30026059.7416837364 40443.0366058350
29891294.5089126341 39594.9667816162
32549186.1901096217 43254.2947082520
34269070.0378815159 43487.0906677246
30434199.3273895010 42770.7227478027
31416139.4600003883 43078.0080261230
32773751.2167974673 43296.6841125488
32906220.6242405586 43316.4609069824
31615359.3485994972 43107.1521301270
31309976.0584676266 43036.3966979980
30855954.1350314952 42921.1290588379
32937700.7771144509 43317.0697326660
29916817.4719966687 40227.0095214844
31064188.0097368844 42981.2347106934
31162429.1384998113 43009.4453430176
30934167.4939373136 42958.5861511230
31215160.2285327725 43014.1482849121
30142993.4921036661 41139.4298706055
32957218.5440974869 43321.2453308105
33560334.0765727162 43430.4742126465
31530936.2363106087 43084.8973693848
32303238.6475190930 43225.9350280762
30773183.8982663341 42910.4792785645
30340834.7861711383 42120.7666625977
33016693.0247268416 43323.6349182129
33398787.2547958195 43387.1744689941
33287277.1788050197 43367.3976745605
30348352.4758164845 42144.0429077148
31240776.6856681034 43029.9011535645
35929438.8362840638 43639.1725158691
31780608.7042103820 43148.7480163574
30723719.0741698109 42893.5641784668
35520854.0971012861 43618.5673522949
36023083.6103373989 43658.9377136230
30757666.5574857891 42896.5585021973
30402046.0983406603 42706.1141662598
30574750.0200466737 42837.5768127441
29842322.4509235844 39392.5916805267
30429897.4689925499 42741.8188781738
30783283.0146211237 42912.3113708496
30821378.4609310739 42916.3236999512
34574223.1680890173 43503.4611511230
35023561.1084954590 43570.7610168457
31638231.3856264055 43109.4588317871
30127076.0760414265 41107.2559204102
30059355.7315830439 40999.3102722168
30817135.7504675612 42915.0511779785
30677052.5999483615 42866.3847351074
29896227.4264000952 39602.5848236084
30124167.3400960863 41106.5162963867
35486191.5785230845 43603.4529113770
34318405.1245503277 43500.8320007324
30958228.6855266951 42961.3057556152
30051676.1988190673 40458.7894744873
30377528.9911041260 42151.9252319336
30987868.0205075033 42963.1580505371
30851711.4245679863 42919.8565368652
30753423.8470222726 42895.2859802246
30713278.0337859355 42885.5036315918
30845855.0186767094 42919.2969665527
30225073.1699432097 41829.3300720039
36324261.8168101832 43674.1810607910
29799956.7816974372 38556.4969539642
31365262.9995360412 43039.1170959473
30687661.5766506009 42869.7507629395
35323599.9412685186 43599.3925476074
35873276.0209872499 43639.1600036621
30747567.4411309995 42894.7264099121
35103019.1701042205 43575.2886657715
35214529.2460950017 43595.0654602051
31022443.6946079247 42967.9634094238
30613340.6965030767 42846.6195373535
31683288.6571797021 43109.4679260254
30225167.2471072786 41829.8922282457
29809841.1478518173 39379.4304809570
31002906.7127054445 42963.7076721191
31178269.4870377183 43011.8145446777
34575537.6255109012 43504.5605163574
31523338.4418316707 43082.5699768066
35019598.3205830008 43568.4318542480
31375848.2266268581 43049.6679992676
34493427.5678146929 43502.0090026855
