30619491.8349392228 42895.7300109863
29569508.3023370318 31970.3202580772
30485265.0903113000 42847.6231384277
31330375.1948092431 43064.7994079590
29636522.3595760874 35990.5986838341
30350074.5837704316 42756.7187194824
29652704.5253023617 36267.5868690554
30751726.8958009109 42923.2948913574
30454170.3937108926 42825.7758483887
32311415.9358886927 43277.2677307129
34964527.1262387633 43629.2940979004
30942729.7229610011 42987.0522155762
30151016.2816518098 41844.7891540527
32023604.7303327695 43241.0725402832
29868178.6127738617 40161.9298400879
29557620.7249231562 31851.2975449488
33937627.1568196118 43522.2860412598
32995150.3750127889 43387.6647033691
30375312.8744795695 42778.0064392090
29879915.2042681798 40383.0273284912
29986420.2908612266 40639.1285247803
30717151.2217004783 42918.4895324707
30617500.1511729844 42875.1880187988
30329045.6984891631 42706.4405212402
35682468.8561434150 43668.8065490723
29578089.0910014734 32134.1558618546
30827349.7351359576 42966.2812194824
30816465.2924682051 42942.3365783691
33627364.8464866728 43485.0746765137
31447219.9511557855 43105.7972106934
30697839.3821075149 42916.1858215332
29796990.0743657872 39662.5286407471
29594086.9064759724 34282.0883553708
29817811.4359718487 39664.2372589111
33114372.7391490899 43403.2472839355
33337677.9834059402 43441.5903625488
29572055.1308574490 31996.1729149818
35203357.3685944229 43635.1806335449
29606256.7600812018 35149.4182028770
31065617.8723220192 43031.1467590332
35183376.6966050193 43635.0359802246
34140318.7930295765 43553.7522888184
29532376.1876794733 31069.0546698570
31579455.0120174661 43133.3620910645
29599354.0582482070 34339.6011359692
33303102.3093055189 43436.7850036621
31671138.8433029950 43148.7003479004
34659534.6065985784 43618.5673522949
34421554.3197625875 43593.0414733887
29715878.8292134367 38819.1617584229
33510921.8530084342 43460.6065368652
31064358.7240546122 43007.1958312988
30240166.8130008020 42158.7795867920
31355362.8355251700 43077.9512634277
30582924.4770725593 42870.3826599121
30977305.3970614299 42991.8575744629
33661940.5205871090 43489.8800354004
29597613.1534069292 34295.1804897017
29560268.9520134702 31852.9636918845
30795498.7688687705 42938.9453430176
29762690.7053989246 38821.7545318604
30317545.7916699871 42206.8864593506
33119158.6936841570 43410.1304626465
30752483.5554636978 42934.7502136230
31190718.6210264862 43053.6125183105
34924334.5421831533 43623.6308288574
29560808.7337564789 31872.2595009804
34624958.9324981570 43613.7619934082
33045730.9136109911 43389.8574523926
32665049.4505247511 43339.3750305176
31676058.6103981137 43148.8831481934
33447763.7366980799 43458.4201354980
33614271.2181984857 43478.1978454590
32541944.5896031559 43317.5805358887
30679055.7753905207 42914.4772033691
30163396.4104088135 41855.7112503052
29597827.7880989574 34299.3560923934
31264837.7609211281 43060.2908630371
30019743.0037283301 41226.9183197021
31453708.4857687056 43106.8157653809
30048667.5444960147 41314.1855926514
33290008.6810173132 43429.9081726074
33781480.5817479789 43500.6572570801
31565590.5467606522 43131.0462951660
34405118.7286141515 43558.8157653809
30794186.7753103413 42938.7625427246
31454858.5220927149 43107.6860656738
31428436.3444387913 43104.0885925293
30174700.4953844696 42089.5396575928
31821626.8765192516 43180.9388732910
29583507.7431072891 33556.8916201591
31997960.9442035928 43220.5450134277
31840731.4036913291 43196.1944274902
30694730.1935311966 42914.8491516113
30121438.7486617826 41482.0009613037
29580506.1581811346 32793.7957978249
34105743.1189291477 43548.9469299316
29669895.2790037096 36998.6770200729
30376249.5132757239 42778.3832092285
33940328.0674618483 43529.1692199707
30025465.7299616262 41227.4770965576
33282310.4264600165 43420.7605895996
32227561.5827737972 43272.5353698730
31366370.6581615433 43101.9021911621
31120898.6144899949 43033.3395080566
31531014.8726602271 43126.2409362793
31881366.5545384735 43201.7953796387
29589157.4008621089 33561.7170605659
32795069.9663243331 43362.0235900879
31749131.4936767966 43174.2304992676
32953755.1319581158 43378.9114074707
30113857.9921079166 41436.3566589355
30900351.0783677250 42966.4854431152
29777743.8556476459 39537.9518280029
32659386.1922476627 43336.1585388184
30562300.6439211592 42867.8961486816
31991291.9185585603 43219.4403381348
32095326.5219121166 43244.9704895020
29625790.7320579663 35231.7620259076
32337756.4010692537 43291.2681579590
33854045.8171166703 43506.4054260254
33164289.0982088037 43410.3069152832
35288940.0972724259 43658.9377136230
33819470.1430162489 43501.6000671387
30402966.3445469961 42799.3334655762
32558074.6101489179 43318.5618591309
29609809.7428506203 35157.0644711852
31846790.8804380521 43196.9900207520
31501864.1245119646 43124.3616027832
32192985.9086733721 43267.7300109863
31043735.5165381506 43005.4992980957
30311109.3684907854 42160.5888519287
34212872.2313551903 43554.6950988770
31682146.6659393683 43172.6512756348
30201417.3266557455 42110.4899139404
30067803.6192134209 41333.5585174561
32835396.0264044814 43366.0359191895
31506783.8916070908 43124.5444030762
30342419.7940257788 42730.2763366699
30213449.9817295261 42137.8293304443
30017884.9734077565 41225.8997650146
29599446.3160269596 34355.4027471542
32373501.5770160630 43293.0236511230
32512470.2228322327 43314.1194152832
30179620.2624795884 42089.7224578857
33619884.3536861539 43481.6202087402
31217272.3380107507 43056.1236267090
34549766.2075164020 43593.8656921387
29954728.4939282946 40526.1685333252
30166246.1669429727 42065.8866424561
32439027.4777153879 43302.9410095215
30328480.6871428825 42674.9686584473
33167608.8429550938 43414.3255920410
32863995.9826402329 43368.8910827637
32099862.4634643719 43249.1493835449
30908242.0501877367 42983.0398864746
30002041.3488417491 40680.1927185059
30062883.8521183059 41333.3757171631
30101633.3384633586 41381.6653900146
31343747.1997787990 43076.2456359863
32257848.2937871255 43274.8302307129
33823288.9664217159 43502.3407287598
29959648.2610234097 40526.3513336182
31199246.1616582945 43053.7953186035
31831567.4711550027 43195.2843933105
32742640.3380302489 43348.3755187988
33536433.1429670863 43465.1783752441
29862262.2318316512 39665.8112335205
32021578.6295718923 43221.7351989746
30543517.0372041650 42866.1875305176
33606790.7253979594 43474.7433776855
33202184.5170555227 43419.1309509277
29796215.6237369850 39609.6683197021
30462156.0325767100 42826.6728820801
31544879.3379170448 43128.5567321777
32708064.6639298312 43343.5701599121
31869662.9174649604 43199.2967224121
29881895.8752350360 40420.9077796936
31651284.9297275953 43146.9947204590
32898571.6567406580 43373.6964416504
31271917.2820686735 43062.6130065918
32184076.2296870910 43266.5704040527
29976515.2947697975 40631.3646736145
34097291.7825814262 43544.7518005371
33087727.3475599997 43390.3001403809
31983483.1832619309 43217.7228698730
29642302.0014909618 36001.4021809101
36100339.9940463230 43674.4698181152
30903322.2830926180 42982.8570861816
29900084.3205721118 40507.6041412354
31826647.7040598840 43195.1015930176
31772003.5307037011 43176.5372009277
29788706.6251201406 39539.5291595459
32180257.4062816203 43265.8297424316
32410427.5214796364 43300.0858459473
32028341.6941746920 43243.3912658691
33616065.5302806795 43480.8795471191
30005225.4843276441 41004.8022766113
29893082.7125548497 40453.1664886475
31237341.6079682484 43057.8076477051
32223272.6196867004 43270.0248718262
31904238.5915653855 43204.1020812988
29945649.9737351872 40509.1781158447
29879141.3822463565 40163.5071716309
32869971.7005049028 43370.8412780762
30402029.7057508454 42798.9566955566
32375851.8473792076 43295.2804870605
30341483.1552296318 42729.8995666504
32020373.3428505436 43221.6076354980
31139682.2212069929 43035.0481262207
29702711.3209267706 38156.0062255859
36061950.0067785010 43674.1810607910
29625936.7341438830 35282.5757148117
29629287.9069894217 35355.1627755165
29790911.3639343120 39608.0909881592
32417854.1184217893 43300.8265075684
32559519.0912760608 43336.1366271973
29676387.3978259116 37975.6654815674
29703218.7115263566 38764.7241058350
29638242.2889276221 36000.0030207634
29669116.9648934267 36833.1719772816
32695862.4179731049 43343.2635192871
32877398.2974470556 43371.5819396973
30825250.8094059527 42942.9111633301
30381169.2803708352 42778.5660095215
30333965.4655842818 42706.6233215332
30745782.7683824860 42919.8757629395
30041086.7879421450 41312.6082611084
