81554936.0737425685 67768.8036333174
81660260.5366220325 69794.8521319479
81733227.8195218891 71546.7774591446
81019880.2434489131 53689.0574131608
81590166.9841851294 68180.6531878561
81913845.4587484449 74265.7462215424
81193519.6964606345 59362.4467015862
80962091.7391618192 49960.1474400163
81010388.4190861136 53326.4175205827
81755755.0915298909 71820.9006305784
81153037.6513652503 57748.2477574944
82931090.4046754390 89011.1815795898
82035110.9419854581 76291.7947201729
82176786.4579599202 78317.8432188034
82779194.9895827025 87000.1420822144
81794729.7168145329 72232.6043758392
81149818.6697460115 57610.0419425964
81802777.5679945797 72239.6977229118
81796729.4298468679 72232.7501851171
81225136.5636720657 59731.8463187218
81707283.0130867064 70213.6492242813
81054871.6134783924 55303.2563572526
81685661.5390930027 70206.7016864866
81696942.3304071724 70210.1096656322
81983939.0111853629 75879.9451656342
82118495.5522625893 77994.6561946869
81601447.7754992992 68184.0611670017
81872871.1204315126 73853.8966670036
81249913.5283181965 60055.1791521162
81503329.3454783708 66154.6046892256
82607629.8237019032 84766.9195928574
81485969.9972522110 65879.3506608605
81829025.5468418449 73523.6162958145
80975397.0490566641 51712.2185764909
81514610.1367925555 66158.0126683712
82533175.6451390237 84079.8950376511
81562652.3256099969 67772.2116124630
81117806.7409226298 57336.3982029557
82771784.5113647282 86693.3548507690
82790167.4751987606 87599.2192625999
81753875.3736284524 71815.0079218000
81980564.7571000606 75605.9678034782
81569468.7850739509 67899.7702918649
82092740.2517490089 77589.8999872208
82475223.8865567148 83668.0454831123
81905581.7960410714 73985.0091348290
81664963.3399818242 69925.8187904954
81082815.3708931655 55722.1992588639
81462654.1776875407 65736.8624259084
81468358.3301860243 65742.6093254089
82770841.7001708746 86678.3458495140
81897296.7139727175 73977.9157877564
81776031.2307356894 71951.8672891259
81482631.1463672072 65873.7217932343
81675297.7473575771 69932.9121375680
82946921.0502660871 89106.6262817383
82235426.3940037191 79630.9574871063
81492965.5537429452 65880.8151403069
81784316.3128040582 71958.9606361985
81940093.4375957251 75549.6647944450
81544311.1440694481 67761.5644769669
82540803.3155239969 84094.9040389061
81579803.1924497038 67906.8636389375
81612332.6003226787 68187.6007256508
81433779.5970056355 65461.8722386956
82923679.9264574647 88704.3943481445
82959683.0080416054 89236.5607299805
82628062.1128433347 85694.0939817429
82485093.5821800828 83683.0544843674
82812075.2193738222 87720.1424803734
81727179.6813741326 71540.0177345872
82857158.8148161471 87742.2696228027
81848445.1646111459 73566.0662332177
82686013.8714256436 86105.9435362816
81650690.5238006562 69794.7063226700
81616111.7906202674 69513.9692359567
83054797.1241977662 89746.1909790039
81856459.1905483454 73573.1595802903
81520617.2357123941 67487.9207373261
82451159.5792123675 82118.0652022362
82391500.1291645616 82053.8465390205
81956255.7307085991 75556.7581415176
80948016.6732201129 48124.5683135688
81405417.7275813967 63847.6732946038
81886162.1782716960 73942.5591974258
82195794.1165656894 79608.8551387787
82666864.6634721905 85709.1029829979
81997230.0690255761 75968.6076960564
82100370.9577586055 77632.3499246240
82876711.8371472210 88131.9920349121
81284338.0933522284 61676.4714432806
81384859.5423642546 63709.4674797058
81409971.1819483340 64114.3694964498
82347955.8687494248 81657.0059857368
82067323.6214624792 77582.8066401482
82330059.1543221921 81232.0139889717
82974180.5817292631 89625.2677612305
81397558.0649055094 63840.5799475312
82385580.1502450705 81691.2066464424
81543026.4068089575 67754.6169391721
81360694.2131943256 63702.5199419111
81337583.3881236017 62095.4143448919
81447531.8519010842 65728.5684405416
82782756.9969808012 87196.3296141624
82254980.0733029991 80027.7980403900
81433077.9430314600 64121.4628435224
82321419.3511330038 80092.0167036057
82333548.3705822527 81641.9969844818
81348281.0961514860 63428.7303929925
82022646.6993121058 75975.7010431290
81215325.7821796983 59643.3295975775
82399127.7995495349 82068.8555402756
82724816.4220544994 86120.9525375366
82467813.4083387405 83265.1558346748
82133714.5900659710 78001.7495417595
82269387.5714701712 80042.8070416451
82203808.1425028741 79615.9484858513
82333535.3777155727 81239.1073360443
81319569.0037948191 62088.3209978193
81256046.5959565938 60062.2724991888
81498455.2699344158 66147.3655328751
81971091.4485844523 75599.2080789208
83034834.7052480131 89660.1923217773
81871546.1916535795 73579.9193048477
81181417.0270641148 58029.1306534857
81243633.4789137840 59788.4829502702
81646991.0837678909 69787.6129755974
81271924.9763094038 61402.6818943620
81307155.8867519945 61814.5314489007
82157828.2575947195 78050.9592037201
82620651.6346253604 85291.2043333054
82596370.1351139992 84129.1046996117
81853334.5732332468 73572.8259577751
81912520.5299705416 73991.7688593864
81646772.1275715083 69520.7289605141
82326945.7489352971 80295.8826937675
82294348.3134562671 80077.0077023506
82033786.0132075697 76017.8173580170
82464364.7006481588 82143.1929121017
82247774.0604223013 79665.1581478119
82323778.6013937742 80111.2517046928
81202269.5008327663 59369.5400486588
81240156.9181711972 59781.3896031976
81165351.9951841235 57755.3411045671
82118033.8323429227 77639.1096491814
82441103.8259315044 82103.0562009811
