81523844.8468905687 66154.4588799477
81879324.4577587694 73839.7099728584
81742266.6824793816 71546.7774591446
81019849.0885095298 48868.4253747761
82079943.8147785962 77575.7132930756
81004777.7518163174 48305.5383038819
82326945.7489352971 80295.8826937675
81551496.5288600177 67761.5644769669
82016117.6673182100 75872.8518185616
82273564.9672489166 80027.7980403900
81054924.1069711447 50620.8301337659
82294348.3134562671 80077.0077023506
81801452.6392166913 71965.7203607559
82152299.4840119034 78001.7495417595
82214208.8525350988 79198.8721432686
82419195.8051379621 82053.8465390205
81894852.1840812117 73846.8033199310
81974600.0564702600 75598.8744564056
81130276.9767225236 56002.9363455772
82139129.7715159208 77994.6561946869
81413689.8636342287 63847.3396720886
82033786.0132075697 76017.8173580170
81436367.3927576095 64121.3170342445
81365962.5272478312 63428.7303929925
80983104.0442579389 44956.2403152585
82112354.3104868233 77632.0163021088
81595165.3993073553 67906.5300164223
82036562.7743577063 76024.9107050896
81045866.7580575049 50282.3771405518
81023316.8550970256 50057.6094403565
82403752.2561967671 82047.9538302422
81705958.0843088031 69939.6718621254
81706452.2462575883 70199.4625301361
81250833.3911454678 59788.4829502702
81063167.4667334706 53745.3604221940
81314355.7989836782 61814.5314489007
81906796.3975250274 73942.5591974258
82017864.2882788926 75968.6076960564
81847610.4407877177 73523.6162958145
81912520.5299705565 73991.7688593864
82363442.5803664923 81641.9969844818
81700509.1576156914 69883.3688530922
81646772.1275715232 69520.7289605141
81228223.9495948255 59650.2771353722
81853334.5732332617 73572.8259577751
81958678.3315415829 75549.6647944450
82596370.1351140141 84129.1046996117
81430451.5985265523 64114.3694964498
81085130.0193758607 53969.7944998741
83100945.6191364527 89746.1909790039
82189482.8818798214 78275.7269039154
81488824.2193231732 65742.6093254089
81671156.4129377902 69794.7063226700
81595384.3555036932 68173.4140315056
82886625.4709433168 87873.1966247559
81730342.3696750849 70213.6492242813
81548010.1760604680 66161.5522270203
81387089.6312478632 63695.4265948385
81391656.1486372501 63702.5199419111
81158568.4741181582 57617.1352896690
81782224.3036916703 71820.7548213005
81758058.9745217860 71813.6614742279
81499889.8005958349 66147.3655328751
82717821.2233549356 85985.0203185081
81634847.8147672266 68187.6007256508
82068217.3986428082 76249.6784052849
82138310.9510797262 77863.8773493767
82268051.1791591048 79889.9258480072
81841410.2604289651 72239.6977229118
82357178.0031627864 81636.1042757034
82157828.2575947344 78050.9592037201
81055286.3061737567 52034.4482770264
82975267.1660499126 89123.3262329102
82226494.9638895541 79615.9484858513
81332849.5081413984 62088.3209978193
81575661.8580299318 67768.6578240395
82491443.0409192890 83259.2631258965
81304818.5099304616 61676.4714432806
81464658.8901532590 65735.5159783363
81426006.8031158447 63847.6732946038
81830525.4356055856 72232.6043758392
81660271.5881144255 69787.6129755974
81800435.9221120030 71827.8481683731
82464364.7006481588 82143.1929121017
81822511.4096684158 72225.5110287666
82247774.0604223013 79665.1581478119
81193799.3845607489 58028.9848442078
82323778.6013937742 80111.2517046928
81623962.9899438471 68180.5073785782
82497764.1024172008 83668.0454831123
82549394.7995015830 83671.1126804352
81951790.9188425988 74258.6528744698
81404757.9771371931 63840.5799475312
81401583.2746577263 63709.4674797058
81719457.5448517054 70206.5558772087
81279124.8885410726 61402.6818943620
82577874.7062621564 84094.9040389061
82796376.5277675092 87196.3296141624
81272168.8469945788 60055.0333428383
82401254.5355864763 81651.1132769585
81276735.3643839806 60062.1266899109
81202269.5008327663 59369.5400486588
82910639.2456560582 88131.9920349121
81988754.3231687397 75605.9678034782
81240156.9181711972 59781.3896031976
81165351.9951841235 57755.3411045671
82815929.5500985980 87599.2192625999
82118033.8323429227 77639.1096491814
83008107.9902380854 89625.2677612305
82993333.1994736791 89369.5820922852
82953163.8036486804 88843.1661987305
82653824.1877431720 85694.0939817429
82006965.9415890425 75613.0611505508
82718460.8055165708 86105.9435362816
82555715.8609995097 84079.8950376511
81460160.4876180738 65454.7788916230
81102416.8677398860 55722.1992588639
82099335.3462641388 77582.8066401482
81085717.3696939498 53970.1281223893
82789156.7263612896 86379.9208984375
82813161.8036944866 87218.2009520531
82846002.6278826445 87720.1424803734
82951140.6660881639 88629.2864379883
81702037.4597635418 69932.5785150528
82632029.1401736885 85291.2043333054
82441103.8259315044 82103.0562009811
81936872.3891521394 73998.8622064590
82815184.9412550479 87343.5335936546
82689980.8987560123 85703.0538878441
82497751.1095505357 83265.1558346748
81130708.3651355207 57336.3982029557
82553460.8428944498 83677.0053892136
