272182880.0524489880 102067.8435543280
272225289.6076089144 103647.9921138983
272077252.5297568440 100510.4205573003
272225289.6076089144 103647.9920943181
272584960.3637276888 109501.5376497352
274603931.7012548447 131746.2029778264
319597326.4577171803 274053.2718115522
272035188.3389698863 100145.6079443021
272409156.1003347635 106160.6627620569
272574679.7829110622 108975.3760770814
278673249.7748576999 150881.9117017174
324381082.8330729008 287768.6866912842
272333362.5146862864 105629.2094920984
273667658.0569760203 123766.3279791384
271781202.3278493881 92509.7941678089
274378307.4633466601 129683.3087265268
275513250.5710002184 139253.3589589829
276268324.6095579267 143367.7089944716
277016087.9033641219 146877.7584301909
276471862.2841283679 144844.6165844877
324503375.6835952997 288353.3412322998
271911473.4075649977 96822.2102485409
271930700.7936984897 97673.6846550515
272071074.5449743271 100327.8964961877
272290952.9595264196 104045.3069042078
272537038.0333566666 108726.9907011049
272474221.5933907628 107594.6979051674
273694882.3527319431 124985.8926287203
274378307.4633466601 129683.3004929200
273468157.8437926769 121541.0323199766
273694882.3527319431 124985.8843985706
271911473.4075649977 96822.2179378381
271949080.8778095245 97771.6908899172
272446494.0993818045 106786.3881391542
272584960.3637278080 109505.4700227821
272837592.2283332944 110845.8937041530
272672877.5638527274 109787.7455419557
273365424.3569706082 119913.9261507826
278975748.8223953247 153541.8737686210
274378307.4633466601 129683.3000513688
276831445.1696134210 146861.0902009326
276471862.2841283679 144846.9933373411
274603931.7012547851 131725.1867599091
272015351.2594819665 99369.8685036822
272784235.7019339800 109927.5914234410
310980397.9518201351 240928.6213506907
310875960.1704273224 240106.6491827220
271791653.1330963373 94816.8598998225
272035188.3389699459 100149.5940673871
272791132.9304291606 110678.5395107342
271991059.0048462749 98786.5813142022
272048059.3685665727 100222.3960042371
274468531.8029351234 130249.3350673351
271930418.4437956214 96896.7541733941
274855312.1930015683 135974.2371979529
278895368.1998220682 151474.1396329561
274490204.2022439837 130951.5752589852
271773606.0945490599 89105.5877723020
273694882.3527319431 124985.8838873416
331676707.6684687138 294565.4733276367
273909669.3845030069 127697.1652936366
271911473.4075650573 96828.5622447839
272002480.2298852801 99295.3252776785
272506112.0411224365 107621.8342479578
273625138.4844591618 123423.5985785037
276125403.2221351266 142880.7682637564
273468157.8437927961 121562.0544147031
276374887.3568697572 144615.6884451500
273694882.3527320027 124990.5374517947
271949080.8778095245 97779.4855559988
272048059.3685665727 100228.3772664441
272438850.2266644239 106617.5809100976
273694882.3527319431 124985.8852797061
273415168.6559748650 121208.2725574428
278707382.1670693755 150887.2742166754
275408881.4419617057 139027.2068698639
271773606.0945490003 89103.3249549192
271981788.9868940711 98629.7306030317
273279766.8361798525 119827.4568228559
271930418.4437956214 96903.1041108331
272035188.3389698863 100145.6076782270
274164370.7753456235 129405.4983376882
330090973.1026539803 292038.8942260742
271981788.9868940711 98637.0332763715
275408881.4419616461 139004.9735830063
273716554.7520408630 125666.8767928507
271897710.3347110152 96040.1076248845
271940852.8276668191 97675.3481072000
272035188.3389699459 100145.6127899213
272193333.3733540773 102377.4610170755
273694882.3527319431 124985.8932562380
271961951.9074061513 97847.5220681353
271961951.9074062109 97854.0287820025
271949080.8778095245 97771.6908782644
272035188.3389699459 100149.0352905317
272251403.5874603391 103651.3790477624
272749481.4935702682 109911.7177716045
273176959.4594704509 117566.2880103649
274323509.0657299757 129632.5257593766
276383783.6120147705 144757.0634756521
271878765.2984803319 95971.8379927686
273818152.1453581452 125953.7339091653
271871404.8127723336 95965.5643721631
271897710.3347110152 96046.3812187722
272167454.3347079158 101789.6676753870
276716444.6669927239 146493.9047285785
276185827.8792072535 143055.0950260595
271949080.8778095245 97771.6909587307
271949080.8778095245 97776.4153655691
273198631.8587793708 118242.0099825697
273176959.4594705701 117583.5560767712
273675303.6863881946 124297.0341901209
275521518.1401081681 140427.6764424178
273017841.9475830793 114866.1179598165
276353214.9575608969 143951.4430845968
271973917.5905237794 97950.5619307569
273625138.4844591022 123402.5764837771
275926913.9786112309 141859.2717795833
276666925.5082860589 145871.0258908258
273762078.2533801794 125687.0406598475
272134746.2256233692 100933.0290022901
332072508.8782341480 294878.7013549805
275667261.8318413496 140902.2890065177
273716554.7520408630 125669.0695905116
273176959.4594704509 117562.5339820446
273026649.4650124311 115298.0124687018
276374887.3568697572 144636.7156682602
330837940.7332324386 293734.9715576172
330695278.6766842604 292478.9204711914
276374887.3568697572 144636.7099004380
274103887.3661230206 127770.6155403256
275980800.8774440289 142588.1614853136
327923598.4239932299 290340.1767578125
273112386.1379097104 117245.1312431158
273762078.2533801794 125685.0456078079
275553056.1027619243 140881.2669117912
274277985.5643907189 129614.3482691422
275230672.8647941351 137380.8041277674
316389192.9013651609 262142.1201744080
316266593.7683517933 262061.3328208923
273140877.3607941270 117249.0550712408
273598831.3272064328 123395.6471961765
274140334.4536088705 127772.3341976720
273716554.7520408630 125666.8680524256
273553307.8258669972 123377.4713615208
273268375.7270522118 119825.3173861341
273762078.2533801794 125685.0455426600
273553307.8258669972 123377.4778541355
284266281.1514658332 172119.9444105420
273246703.3277433515 119145.8413856091
273704377.3265261650 125631.6566613017
301846763.3019105196 222780.2424352095
273243297.0776290894 118753.6233091360
273313899.2283916473 119843.4948763685
272842788.7518026233 111485.6514230630
275820980.6248522997 141038.1151950592
273514281.6571516991 122735.3050915702
273547811.1161155701 123308.2915039613
273091477.7996424437 116772.5121285083
328062392.8314371109 291170.6366577148
279272804.7829019427 156420.8588942226
326404994.4922077656 288975.6722717285
324323793.7807973027 286136.9693450928
278868395.2958763838 151057.6619181868
317263704.8344311118 264700.2472311258
317067998.2027584314 264680.9393697977
284116634.7435299158 171108.6998867113
278934198.4142272472 151854.5941991850
278487859.3623320460 148991.5838646367
273484747.4490143061 121770.4607794835
273478067.2478427291 121724.9782965733
324246483.4868065119 284755.8821868896
272990326.2773565054 114276.4146199690
276602172.2898972631 145118.0267646853
277422470.6782773137 147130.7585686687
277137375.4189018011 147093.8105227035
275235014.1494394541 137954.5086568201
323907376.6923718452 284643.1555633545
328369657.4731503129 291794.0614624023
279161869.1466052532 156329.3850882724
284412949.5612287521 174811.2561945040
278757459.6595796347 150966.1897296384
279293069.1000138521 156773.6482106671
272990326.2773563862 114274.5423055159
275341565.0046150684 138343.8887904971
279000044.5342930555 156258.8292793296
272893060.8230172396 112468.3214790913
272945097.4158139229 113018.5574014800
329247021.3866267800 292034.5615234375
318688374.9425956011 268532.1622352600
318633811.1653085947 267705.0422401428
274766609.7245910168 132190.1587043070
320632585.8237588406 280302.4650438279
320333914.6765539646 277998.6422327012
274766609.7245910168 132190.1528756255
274405569.5497111678 130157.8269010147
283962631.0344688296 170707.4630486090
284116634.7435299158 171101.4330534060
272937601.5137171745 112787.2621473091
277764306.2973059416 147261.7258745973
272937601.5137171149 112787.2621133941
274722811.7254748344 132189.5249799179
274650058.5179347396 132142.4204314999
274779099.0663956404 132437.9103678153
274722811.7254748344 132189.5247767852
274809776.1870657206 133316.3662555353
323164864.9319429398 284499.5135498047
274776070.4210037589 132414.9981807159
274809776.1870657206 133298.3094346659
274809776.1870657206 133295.3456485407
293675724.7215560079 200239.3644380663
293349304.0410627723 198406.3445667084
274809776.1870657206 133295.3443262713
323061929.8720237017 284179.7897949219
274149243.7142292261 128355.6911544554
322452095.8840414286 282666.3756103516
279745593.8080788851 159565.9051391147
279318675.2703815103 157937.7948731855
274469352.0202741623 130303.0936177689
279558040.2587517500 157951.3301248909
279318675.2703815103 157940.8906602338
322398952.7403973341 281744.5130615234
322111450.2745233774 280870.8589477539
322154053.3309110403 281069.4566040039
317636484.1383416057 265028.7156639695
279318675.2703814507 157937.7931260541
321815541.4532656074 280579.7292098999
280428499.1768010259 163143.5725569448
304360032.4267506003 226387.6974525880
304623242.5842016339 227738.5704384279
293082741.5767525434 196784.6088123750
301743694.4132322669 214825.4876470392
301101881.5764971972 213032.8485772461
316873547.4390795827 262637.1652489305
318133313.5025776029 265857.1872841567
319279163.3550332189 268626.4367828369
319544466.5543709397 268822.2867736816
318493791.2324377894 267644.8121910095
285974651.4639815092 180262.0923667122
285683904.0246244073 180032.7852530647
315942187.0352864265 257570.3279463274
285584860.1588646173 179517.8494099099
285333371.8386672139 178108.1571511347
278233864.5949797630 147359.4639566873
284934293.5935490727 175888.4730984215
278373595.8816290498 147596.5323881451
285309333.3752151132 176879.2709436014
305467283.5794935822 228483.4885887131
313397122.1357520819 254063.8407694309
292474691.1034728289 192696.0424419455
286215466.8608003855 180388.8999065886
286554637.1558878422 181788.0276019487
305523745.6464543343 231192.8203057915
281746957.0170099735 165051.2876064923
281358888.6140164733 164026.3241145629
281352500.9559556246 163954.6572446710
281414163.7687568665 164512.3328683618
299201119.2781659961 211162.8382399939
298697653.6292355061 209914.4470463656
282436891.4357208014 170274.8651978879
281979619.3463062048 166315.6972182074
298478857.9104127288 207057.9831622591
281992053.8482144475 166317.2681846896
282292816.3585444689 168262.9723744810
281900521.4993759394 166110.3207492134
282137172.2661980391 167937.8123296638
284048856.9088628292 171092.6443143059
284303134.4936554432 172495.6978163691
284157018.1152528524 171505.7993102045
283968913.7702118158 171047.4154497783
284157018.1152527332 171505.7983601491
287597368.1135184169 183969.6155173928
287452001.5911332965 182754.5248997360
287689736.1047705412 184027.7134874016
288455761.6289887428 185542.0438451916
287950024.6090748310 185399.4252767712
289884210.5778545141 192339.3623201996
289194146.1780435443 190754.1058809906
287901459.9477616549 184783.9276278168
287789049.9751918316 184539.9504549652
312356197.8820260167 241329.5638160706
312551742.5435513258 245205.9648227692
312422694.4585226774 245108.7830600739
308615738.3632826805 234109.7278237343
308201746.4935063720 232532.2811083794
298190200.3685383797 203443.7802391052
298257388.7433350086 203829.9442901611
297688604.0316797495 200323.9928970337
297852049.5936782360 202131.1397094727
297808434.0024688244 201493.3772659302
