47443296.4779355004 46286.5674760979
47783700.0581490248 49659.1359813213
47387131.2326209992 44491.3233719332
47753639.8351479471 49631.3244341612
47699829.1445149779 49031.7555609047
47371159.7486680374 42993.6783175929
47374901.2644544020 43414.2512743933
47960637.5159749612 50800.0046260059
47468331.0248865038 46446.7444790602
47519209.8076801375 47268.8167034183
48309262.5402875021 53119.9158170149
48036879.7156897932 51282.8556871414
47578628.6014806256 48097.8642911706
47590145.9404550865 48202.9982023034
47464454.3716685474 46399.9816915784
47395994.2368831411 44850.0382767184
47442221.8312550709 46279.6212785881
47377439.0176970586 43583.7127180560
47430688.7839977667 45611.6902278662
47409793.4573026374 45374.6444473727
47523002.7758833542 47328.8973982334
47436624.3384700343 45817.7200903893
47791451.3718042076 49717.5492927134
47420325.2096264586 45446.7376192253
48036560.2932999209 50949.8557194471
47545060.6381080970 47750.9230070412
48061796.7320150584 51465.1043721420
47847319.1997620910 50026.3623541594
47473255.6618072987 46815.7434751987
49384507.7136430293 54284.7463111877
47661904.7643923312 48916.5085782800
47546630.7280470356 47811.8602749407
47494547.8232886493 47137.6195127964
47439261.5244769529 46185.3718074560
47556926.9238672629 48027.6043684483
48228329.2859420851 52571.1952062249
47422301.7319517285 45477.0100496452
47437796.0863892436 45881.8999710543
47497330.4736192003 47177.6364010572
47440895.5239675194 46250.4241461754
47421227.0852712989 45470.0638521355
50722570.4233150408 56075.4808845520
50364629.6792696491 55801.7047920227
47421580.2916238382 45472.0186362267
47463703.2018521950 46397.1665371656
47441673.1619627699 46258.2498297691
47456157.9589371234 46388.9993542433
47497508.1300667748 47198.5567806959
47420678.4159789979 45448.6924033165
47408718.8106222153 45367.6982498629
47442575.0376076102 46281.5760626793
47455083.3122566938 46382.0531567335
47443649.6842880398 46288.5222601891
47470715.5770391822 46473.9017462730
47525471.0130507573 47369.9620846510
47422654.9383042678 45478.9648337364
47407816.9349773675 45344.3720169528
47556749.2674196884 48006.6839888096
47402768.1114846393 44903.8422775729
47448075.4291538671 46346.3876217604
49855955.8821222633 55475.3631172180
47414572.4085210115 45436.3531012535
47427080.6831700951 45536.8301953077
47580689.4160943404 48110.6147413552
47931367.7605895028 50657.6499228776
47939468.4572665915 50671.5661308765
48703116.6975814700 53214.0680589676
48209276.5511109531 52392.7625890374
47521270.6222938523 47281.5671536028
47488856.5645252466 46934.3361736331
48139310.3333626762 51653.1254892349
47511538.9428457841 47256.2122112308
47974319.7377308160 50919.5673893690
47476215.9685854241 46876.6807430983
47377617.1340352744 43607.5911007388
49224387.5633324683 54250.0456123352
52890515.9902917594 56914.1368293762
47394916.7537190914 44534.8145905001
47431240.6807077378 45763.9160895348
47956526.9394580424 50709.9436100721
47813761.1654212326 49886.8107443843
47674238.0232128277 48967.7172879968
47710347.1926315278 49199.6309092045
47672452.3636864275 48962.7839002907
47683969.7026608959 48993.0722303689
49533774.8867012262 55140.2797889709
50873911.3689990714 56123.5808296204
47376700.1303320900 43432.6552486880
48067021.2677094936 51549.7959947586
48078538.6066839620 51580.0843248367
47823492.8448693007 49912.1656867564
47395584.6208625957 44576.2792892916
47597708.0592386574 48615.5529203210
47584889.8068512455 48199.0096724033
48288755.8143000454 52932.7900845930
47364645.6903551817 41814.1717563136
47364875.1896297038 41814.9359012110
47365443.0580317974 42511.6838794215
47732150.8411267921 49559.8797377348
56020451.7112032995 59059.1677246094
56227555.0458608791 59369.9020996094
47609225.3982131109 48645.8412503991
47607439.7386867106 48640.9078626931
48226344.3624704927 52460.8785867691
48240474.1643237397 52875.2315518782
47618957.0776611790 48671.1961927712
47804183.9684420452 49886.7921320200
47895959.5392752588 50610.9698970020
47802398.3089156300 49881.7557753325
47813915.6478900909 49912.0441054106
47869243.1412338465 50518.1484869719
52977112.2565009296 57222.9665527344
47596407.1458257139 48229.2980024815
47651734.6391694695 48835.4023840427
47570957.7366462722 48085.2597989831
47535634.7623859122 47705.7283308506
47568444.2628417313 48057.8926985264
47889796.9910400808 50548.4368170500
48749619.0462058485 53272.4381570816
47383094.0556248575 44040.4808502657
47375135.2729557455 43419.2761669619
47371598.0841076821 43321.2413058741
47740022.9066595063 49578.2562322915
53648933.4866897836 57550.5295410156
48773928.4008280411 53705.0998189375
47740200.5631070882 49599.1766119301
47741986.2226334810 49604.1099996362
47377151.0998622850 43511.7481041415
47649319.9079389572 48751.9408407006
47637802.5689644888 48721.6525106225
48149197.8808521032 52186.1887063980
48149020.2244045138 52165.2683267593
47582475.0756207407 48115.5481290612
48160715.2198265567 52216.4770364761
47751717.9020815492 49629.4649420083
53671466.0870139226 57580.8178710938
52079213.0514839515 56759.9735412598
47369480.2350279391 42962.5264010890
47636679.3119991347 48694.2854101658
47365304.3397160470 42346.8329427404
47363774.9097878635 41784.6267428858
47363207.0413857698 41660.5058207972
47414222.9987612665 45403.2464006584
54933550.4390244037 58477.2310180664
54372487.9392213970 57998.1578369141
56065355.8830350637 59181.4240112305
47379556.8667768016 43942.4276228411
47388810.7462610975 44522.4752884371
47364004.4090623856 41786.0241580470
47367007.9154081494 42520.7428948501
50718960.4313088581 55829.5937614441
51194940.0025565475 56616.8621711731
47665307.3615736812 48937.4289579187
53412932.4058717564 57282.8964004517
