66907371.3125387430 497655.2825927734
67648308.7787927091 524401.3181152344
65731057.7617757320 433473.0644973516
67056364.5104472712 503398.6442871094
68101262.2316382825 540095.0478515625
66454002.0492372587 476825.6492118835
67380102.2567868978 517272.6728515625
67858732.5179108381 533865.5050048828
66344207.9020867273 469602.4220561981
65595122.0433084518 419711.9842914343
66198621.9774823785 461815.4141445160
66583017.7967170328 483263.8752861023
66644583.9591074958 485207.3619956970
66526510.5679726005 480999.6814153194
66535860.4255885109 481314.7605239153
68474074.1064919680 543608.7963867188
66184107.0922549292 460723.6360427141
67303472.1767011434 512075.5389976501
66713057.9623809680 489047.5953788757
65634118.3838890567 424018.3658527136
65581732.0499505252 417138.1257900000
66149499.7992077172 460408.5569341183
67322381.5311278701 513655.3599853516
66396447.4851166233 474353.9997746944
65884617.2944042012 444039.6704654694
66505453.4850827679 478859.4208335876
73514028.5768170059 544946.1406250000
66246397.5719390437 466635.7988853455
65724206.5970020816 433049.4172633886
66058114.0893717185 454330.7764095068
66005765.6205090657 452660.4279441833
74371135.4866447449 545266.1611328125
67201440.7572627664 510611.1242675781
68063907.0303777456 539422.1171875000
66267431.7376368493 467915.7737004757
65957398.1659136936 448754.4572124481
65820435.7769589350 436740.5965366364
65655591.7537637949 425744.6513923407
65843370.0373830870 442042.1090679169
65911893.4085017517 445086.9682426453
68003596.7836751789 536964.3095703125
67926954.3787544221 535197.5325927734
65787040.8039208129 436466.9900608063
67879535.5154814422 533870.9664306641
74457295.5310761929 545286.4501953125
66728373.7608376965 490818.4523925781
65994954.3394552693 452413.2985191345
65961059.0037296489 450050.4531806707
69124141.3627400398 543872.2065429688
67831119.2341180742 530699.0577392578
65686718.1124572679 427692.0903034210
67800623.1307371110 530487.9005126953
66870731.8490700945 496529.7888603210
74691656.7604648322 545437.3154296875
65767160.2712031677 435139.5456542969
68135545.4896390289 541961.3847656250
65697338.4231956601 428969.1565952301
67213470.8954686970 510618.1721191406
66807611.7098551467 492804.1649742126
65875790.8990742862 443420.6067146063
67246516.1885007471 511225.7681884766
67019180.4625029713 502873.0172538757
65677457.8904780373 427641.4416809082
66776228.9686682895 491178.4794921875
65663647.5511349067 425989.7111304998
67515579.2611607611 521411.3022308350
66649960.7403580621 486183.9330406189
67004828.8493044749 501691.2071418762
67168167.4077476263 508483.8777923584
65648740.5889901593 425320.9997638464
65854914.0880009905 442537.1174396276
69065530.6813101321 543860.1835937500
67564363.9231758863 523748.1907958984
69121623.4869669527 543870.3647460938
65754642.5729694217 434799.8487476110
68755213.9456829280 543811.6289062500
67311328.3445559740 512626.9695243835
66256336.4824531823 466886.9664878845
66162339.1944015473 460531.7196617126
66605615.8348190784 483507.0513305664
74298361.9639795274 545192.9062500000
65828182.3905097172 440786.6859554052
66956060.3232880235 499147.3933677673
65829558.4629194587 441210.3331893682
68338498.8385944068 543197.2539062500
66709450.7037802041 488853.4456672668
74169011.2344104201 545170.4140625000
74889967.7817189693 545446.3085937500
66658405.8249339908 486559.6574058533
65856622.5573702157 442810.8395328522
68950742.5128193796 543814.5087890625
74015700.8681452721 545162.3833007812
66505476.4022747949 479720.5679283142
66964505.4078639522 499523.1177330017
66361188.1498213410 472953.3798179626
66358229.8634386286 472093.9544029236
66858798.7307394668 495470.8978157043
66816056.7944310755 493179.8893394470
67497091.9637486041 520756.0860595703
65916063.2397839203 445161.8649864197
65836742.0246526003 441484.0552825928
67537287.0317713469 523173.1861572266
68533028.6709710807 543702.8422851562
67317605.8704662919 513230.9729003906
65564832.7672346234 409913.5849288702
65739051.2146282643 433990.9058990479
66568792.6271195710 483142.3688163757
67506406.4921349734 521128.8734130859
67497961.4075590521 520757.0845947266
66759378.7816092148 490888.5852050781
67488646.8791726828 520384.2972412109
67552579.8063440025 523540.6820068359
67213738.3898422867 510851.8675537109
66754780.1175474599 490884.9875488281
67311973.9171311706 513011.0610771179
67160351.3241769075 507443.2350349426
66695202.3164570779 488486.8741340637
65557981.6024610028 409489.9220699072
66713080.8795730099 489909.5569267273
66556859.5087889209 482083.4777717590
65578612.3184017465 411223.3840340972
66565834.3407368436 482282.9434013367
68614255.5783310533 543734.8447265625
66804724.8204311356 491688.6926898956
67308485.8833764493 512325.2332649231
67967073.1832882464 536232.9727783203
65551063.2794411108 403144.6665290594
67205167.9529308826 510615.6359863281
66701147.7612423822 488850.6658821106
66899068.3700009212 497652.1756591797
69163785.2805197537 543944.4609375000
66853286.9645231739 495210.5983772278
67007247.3441723362 501814.1262092590
66769005.2871449441 491006.4940185547
67724808.3560719192 527668.4475097656
66477138.7245438173 477031.0985698700
65648001.8451097608 424977.6868137121
65978924.5164552554 451388.3750755787
66893122.9252156019 497288.3839111328
69160783.2384856939 543901.2490234375
67670438.9571161568 527025.0937500000
67678884.0416920781 527396.8825683594
65643556.0321213752 424711.0293391943
66927421.0618158355 498011.0963134766
65814304.4155803993 436583.8647266328
66372280.6933156475 473161.8240196705
66146288.3300287053 460174.2838437557
65769404.2252142653 435598.4015789032
67728396.3881570697 529641.6196289062
66344395.3628442138 470886.3064594269
66377919.7762414217 473323.9660903215
65978778.0852137357 451050.3176570833
66490025.0646860451 478267.0834313333
65674366.0559355021 427140.6591966152
67968529.6033396572 536488.5513916016
71232422.8788740933 544513.1323242188
68092590.8715333939 539581.3251953125
65745094.3314583525 434031.2228575945
65903892.2547750100 444877.2929222584
67524174.1876172721 521895.5961112976
66204365.4626216367 463102.0842914581
68262008.3411832601 542951.7587890625
67790690.9598182142 530214.9411621094
65574813.7269306406 410792.8634132147
66066264.7626019344 455464.0801677704
66486498.1147686169 478021.3704186380
66062241.0536088273 455404.1830425262
67656680.5403869450 525360.1816825867
65586796.5498125777 417806.3943256140
67717890.0330520421 527666.7150878906
65622385.6549680382 419828.8599338233
65586177.8629388958 417404.4653934240
65968410.9955922216 450229.8070831299
66492007.8301538676 478367.4776912630
67934069.7801374495 535589.0904541016
67345760.7900637090 515635.0976982117
68244163.2735821009 542914.2563476562
67579792.1341747493 523813.6810302734
68216896.4315556586 542872.8090820312
72260749.2337225527 544837.1650390625
67874939.3716102690 533869.2340087891
66485143.5222976282 477448.8116490841
65940699.1307969540 448160.3381061554
66335707.1533730328 469472.7454431057
67333850.5889251083 514577.5191535950
67345783.7072557360 515636.3989677429
74288349.9218961298 545182.7626953125
74608037.9437299371 545336.0717773438
70661885.7232944369 544281.3867187500
65840904.9436327815 441922.7626628876
74634029.7326458395 545422.9741210938
67317928.5364067852 513273.4735717773
65936253.3178085685 447893.2953777313
67294127.8679960966 511961.9322395325
68423860.7612948120 543593.4501953125
68100676.8688367307 540055.7036132812
67655503.6084921956 525181.1166381836
66353665.0224857181 471962.6145320833
66495534.7800713107 478611.6203914583
67644747.4220563024 524301.3170051575
67139761.7884830236 506725.1557805538
66199919.6496332660 462834.6167583466
66219475.2964554206 465158.2554012239
72145344.2025309354 544775.3706054688
70952724.4434228241 544330.5996093750
67148642.6024590135 507086.3235051632
65893474.7020683885 444311.0102535188
66482738.1705123633 477289.7028217316
66069645.1529799104 456530.6511859894
67550005.9077955335 523380.7086181641
74246871.9788371921 545174.6923828125
66059822.5587409586 454604.4906902313
65672101.0409317687 426480.7762050629
71084784.8431691974 544359.7963867188
66639289.1810462102 484771.3511559963
66068148.4184708223 456149.4799175262
66979185.5000073537 500433.0869328976
65839782.7666041330 441922.2900066376
66077948.0955177322 456533.2044086456
67905680.4301280975 533878.5694580078
67031360.4893024713 502994.3570976257
66092448.1134563461 457700.6268970370
67185207.4187800586 509344.0303153992
68082319.5256092101 539522.7080078125
68075401.2025893182 539520.8662109375
65591242.3628009558 418072.7344173193
65846289.2034583688 442136.0361840725
67398721.2305141985 517458.0535888672
66209675.0532024726 464314.6682758331
66992451.5699649081 500993.0089370012
66219024.9108183831 464540.1089527011
66371691.6404174045 473011.2268248796
68181281.1355435699 542285.6518554688
67176756.7983807027 508640.2415657043
66081486.5134718418 457169.7362878323
66982667.9979386181 500787.5100286007
66807157.9781715274 491722.8001306057
67188689.9167113304 509699.1179618835
66207472.0800314471 464003.8252770901
70516133.3840822279 544242.9375000000
66222565.7538852617 465274.3307514191
67392912.1172511280 517443.8817138672
73228252.2486452311 544880.3046875000
73503286.4505766183 544909.9340820312
73606537.7867850214 545041.7045898438
68183869.2092615813 542383.7329101562
67946179.5794534683 536041.9884033203
69636437.6817893684 544107.4135742188
67593950.9680919051 523954.3220214844
69204163.5131452531 543972.4418945312
66673085.9170773923 487469.6266057491
70991347.3602533638 544331.0302734375
67468364.7066483498 517904.3630371094
70998719.4147337973 544345.0400390625
66239920.4092549607 466327.9547301531
66109569.5182400197 458978.9083553255
66084938.0342445895 457490.7999897003
66825061.4804277122 494012.5768010616
67938911.4267723113 536039.4024658203
66249599.4184625670 466766.1612999439
67097815.8264445513 504540.6262207031
67223785.9075173289 511096.8685302734
70995161.0997606218 544331.5083007812
66083689.4866428599 457481.0172748566
67111683.3242592812 504668.9593505859
67787242.0934139639 530188.7906494141
66411089.4119020179 474646.4288518429
70690837.9938335866 544306.1967773438
67099940.4083455354 504546.4689941406
67062456.0688093230 504482.8148193359
67610517.0863756686 524019.6486816406
70244982.7929050177 544231.0722656250
66844090.3472512141 494552.4719426632
70037842.7912052274 544197.3100585938
67421473.4185348004 517839.0623779297
69997837.5661228299 544163.3793945312
69434488.3553452194 544025.1362304688
66420755.5041200519 474696.6870375872
66425405.1579008922 474873.6059828997
67102358.9032134041 504663.5218505859
66692114.7839008942 488009.4724309444
70555002.5083170682 544253.8710937500
71897586.5854930133 544673.8002929688
71310945.6672246605 544577.2690429688
70849049.7940406352 544329.5537109375
71197301.6432733685 544446.1562500000
73375468.3437339813 544899.4721679688
71414310.1460041851 544673.1210937500
71271493.3139821589 544576.0263671875
71198303.9517112821 544463.4965820312
70654786.2023044080 544256.0883789062
70492107.8220503628 544236.6367187500
70546527.3991498649 544245.7255859375
70505366.3135598749 544241.3012695312
69941568.3888176382 544146.4697265625
69976809.0740305036 544147.6938476562
69836892.2991838157 544117.5795898438
69616148.4752912819 544035.6928710938
69544361.0156120360 544033.5048828125
69281057.2629612684 544015.5341796875
