91356713.0824577510 254092.9045162201
89012321.9509142190 194161.3304852247
89269653.1882150471 202886.1432133913
92204718.4106387794 270167.8603200316
87602419.6628502756 145859.0526924133
92422417.3673669249 272846.1869635582
88639065.3695646077 184422.9481433928
86267825.8417403400 67856.5597026050
86783055.6192364097 104560.4257221222
86269449.7420287132 68170.9825485349
91066443.6588231027 242981.7895259857
87771818.1296619326 153192.6390838623
86233129.0427396595 66650.4169080257
95102466.8665073365 319146.6108150482
86833418.2837036848 107889.6039518118
89457570.1527991593 208965.8031694889
86222980.5140705109 66123.7964303493
86752536.0467458516 100683.6837240458
89423184.4265522212 208711.9032560587
86925178.9023094028 113631.8710002899
92753312.7681823224 277935.4295553863
88471263.9500837177 177552.4794297218
86805525.2599422485 106385.7903531790
86589292.2656620741 92374.5023893118
86736433.5294166654 100366.0984586477
101325613.7205841094 352732.4515914917
88927856.9935378730 192429.6939875185
90090468.5926088393 224485.9189546108
86930360.4639161676 114143.3411344290
87091188.8272341937 122586.4003486633
86213821.7912968397 60808.8086649124
86538924.6924576461 88855.4050579071
103046516.5003774911 366181.3225097656
86194721.7826890647 59979.7703186218
86272669.4727856964 68720.6987849474
89346188.4775407612 202949.2295500040
86183440.0840244144 59763.6242459957
92242391.3840584904 271348.2840295136
86725558.1590005457 100202.6696014404
86557879.6583730727 90359.2186565399
86477264.1163755506 84616.9516080618
86774112.6526532173 104370.5066204071
86898947.8566271514 112128.0574016571
87435411.8694330752 138101.5019111633
91666632.0205592811 260972.9173603058
90488280.2555559427 234661.3482556045
94914759.6161082238 314850.6135225296
89143107.4066781700 198200.1908191741
86907890.8232103735 112317.9765033722
87578179.0676274449 145435.0883026123
87172054.1651037186 124893.3693381548
95047778.9032070339 318538.5029592514
87103865.0933620036 123404.7055143118
86237424.1166684180 67185.6952970028
92039778.0572586060 262448.2248563170
92618725.7026665658 276671.3968190551
86330845.9404112548 74888.5188259184
89488280.2708357424 209676.4320477247
87283480.8778428882 131162.2562955618
90181832.1368447244 226105.1426575780
86862167.3910730630 108385.1932830811
90029742.4594648778 224481.1090519428
89169753.5431626588 200891.0384907722
87400100.3225242347 137677.5375213623
90088918.5629618168 224481.7065991163
87560652.9065402299 143874.9675443172
90220884.0737524927 226304.7515657544
86985340.6169678122 116142.7440643311
91635155.8358486146 254605.7688961029
94931591.7270631343 318381.3180036545
91245040.2233262807 254022.6075191498
86814468.2265254408 106446.3574301004
86943272.4106012434 114404.8851776123
88470212.2381670326 176919.6066476405
86364116.6509334147 75683.5980432034
86520200.5351364613 86354.8104947805
87753447.0767692626 151881.7133884430
93351347.2180088311 281374.5029427111
89572715.2898764610 210708.6762788296
94132100.0096861422 300641.3442316055
90390575.8630456775 233009.2872657776
86887499.7790728211 109627.4628385305
87341505.1052733660 132650.9201194048
86584780.9023446292 91949.5294889212
88695558.9100956023 184677.1574288905
94739112.4783415645 310841.7178754807
89976498.7669473737 224480.9047319889
86502007.3071138412 84911.5639730692
92801249.2510505170 278806.4416196346
90721210.2879674137 235122.6130733490
87312229.9852122813 131657.8456268311
90948558.6469908804 242794.7068843842
86665396.4443421066 97691.7965373993
88958130.7050396949 192434.7082101405
86370825.4691220969 76900.1534970999
90688046.0754807740 235042.1703257561
89437450.6360775679 208716.9174786806
89685712.4839354157 216723.3539507389
86249067.1474141181 67479.4552543163
88353077.9159642756 170894.9005304873
89955815.2061617523 218352.6060989499
89715986.1954372525 216728.3681733608
86821109.7279068977 106658.4807929993
89533266.0509355366 209931.0322564244
86427191.4227789789 82554.0849304199
86802005.6764146686 105874.3202190399
91636063.4370530397 256788.0596460104
87201166.7705340981 128609.0610446930
86876853.2013552189 108396.3396797180
86956591.5095984340 115647.1547330618
88825717.0517667532 190442.6400379241
88675282.9357680827 184672.1906178445
86710258.4727946669 100132.0531705618
86289690.3870021850 69145.6716853380
87118443.4397890568 123699.3178793192
88415117.8575825840 176914.5924250185
88849601.4835671484 190691.8825123757
89925541.4946599305 218347.5918763280
87066445.6364959180 122162.4359588623
90657772.3639789820 235037.1561031342
86764326.5531780869 101869.9120572805
88017640.2377087623 161399.4908625185
106246453.3983079642 381484.0012817383
86613273.7185075581 92608.5476773977
88614257.0744642317 182934.2843195498
86426833.8671778291 78597.2597135305
86682365.4490331709 98628.2395719290
89077016.4373302907 194293.8311140984
87461543.9320273250 138104.4707126617
105769122.5300346911 377156.3150024414
86669807.7545439452 97855.2253946066
86696809.0516311377 99707.0802701712
92161931.0616877377 266537.2922595739
86458922.4751940072 83843.9374307394
86650952.8417441398 96612.9558391571
86750301.3497387767 100638.7888984680
89153730.8045368791 199954.2349513024
88014477.7689854801 161238.2256628573
86945944.9318808168 114416.0315742493
90182135.7088511586 226299.7373431325
86627717.3211055249 93687.3883756399
86517125.3572493792 85156.8234170675
88309260.3582255244 170662.5435967147
86567555.6064471155 91176.5153115988
86553112.0038491488 90097.6746133566
86333406.0122560263 75657.8839416504
86409608.5712803155 77824.2455362082
88749157.0054575205 186320.8201878518
88668641.4343866855 184510.9254181832
86498092.9291485399 84662.2472623587
86392084.2326509953 77202.1904836893
86749445.2661308646 100434.0901571512
88489309.3992883414 178419.4414942712
89498453.9624807537 209930.3319611549
88725048.0743287206 186176.9922755212
87282171.3681387007 130594.8947690073
89829379.7675413638 217687.8827424049
86381751.5283658653 77194.7658621073
91957780.5399306118 262397.4947046041
86855550.5019832551 108184.2163168192
87696985.4361649007 147596.9115791321
90111164.5316347629 225543.1079335213
94290882.2751630247 302797.6916989684
90755515.6204459369 238360.0628943443
95381054.5185026973 320698.2592201233
90249611.5483498871 231562.7998280525
86405797.3248119354 77605.0226980448
88899366.6221277118 192196.6841700524
88967336.2338027805 193934.5430567712
94392977.0302156359 307926.1344442666
87568989.0475112945 144124.1626071930
94783108.7878752500 311580.8534650803
93617603.6121963561 291039.8668126464
88249612.3504634798 170661.8433014452
87156854.7959542125 124324.2592353821
86365951.3042107821 76535.7476736307
95123881.0370930582 319524.8278770447
87244725.1332661510 130343.9511299133
87948847.6953138858 160763.1096814219
88558445.3081561029 178517.0684925616
88050176.0934205800 162904.2925201952
93432038.5103379935 281850.5248489380
95160629.4506987482 319885.7464046478
90867110.4424964190 240076.9800189137
86323848.5917205215 69440.2840503454
88486450.2732477784 178419.3940826952
87723862.9485662133 151270.6688149516
88138384.3992289156 162976.0845495760
87662195.2231220156 146971.9702230692
88519623.7398736030 178459.8631772995
87196294.7603265345 125187.9817031622
88639201.5439421982 184439.0859772265
87284165.0976384878 131207.6735976934
87975662.0938963145 161124.9591920376
87379022.4596937597 136363.6430244446
89822048.2936827242 217198.8947052956
88315213.1379513592 170759.5177113116
88356219.0391310602 171379.4671179354
87380782.5550149530 136366.6118259430
88727111.1855504066 186274.6192738116
89895862.8373208940 217785.5571522713
88699372.0361062735 186176.9448639452
87010083.8077060431 116566.7084541321
86583826.8561755866 91311.9324868917
88873690.5839052647 192196.6367584765
89471581.7055159360 209160.9020184278
95895236.3374628276 325309.2329597473
88149747.0075168163 166785.7703774516
88184881.6124498695 168520.6604626719
87496244.8834169805 139590.1657350063
87707101.1574561000 147596.9589907080
87493739.1233052909 139228.3162243906
87519617.2846055031 139839.4082094580
87873887.0712824464 155146.7417389452
87722102.8532450199 151267.7000134531
88383725.5872359127 174540.3523572031
89480245.3743014634 209215.2555340528
88350116.2635542005 170805.6712137759
87668348.0225784630 146985.8670056406
86739112.5618457347 100426.6655355692
105640087.2837089598 373803.9080810547
88040396.8833255619 161733.7473831177
88197066.2215510756 169220.8523785472
87064059.1527272910 121596.4991114140
89398775.3278730363 207938.5731610060
87782023.0318618268 153367.4084107876
89153018.2585839778 199954.1875397265
86884299.6093526632 108809.1576728821
87795586.9525619596 153616.6034736633
87683216.7256557047 147347.7165162563
86981334.7003366798 115941.7670980692
87037338.4202608764 117679.6259847879
98828316.4959426820 330157.8859456852
87718642.4530219734 147847.8552182261
109855036.3891338259 398469.7785644531
110096411.3315426707 398633.6169433594
88369816.5577189028 171982.4814535379
89221203.3880959600 201918.8812664747
109485202.8509153426 395579.0686035156
102277326.0470123589 360206.2804260254
87696445.7620988190 147389.1909576952
87822612.6640325487 154729.5210043192
87503346.3741304129 139839.3607978821
99718864.7792282552 338175.9737788439
99164987.3005940169 332177.2697347477
89206671.6369251460 201442.8513635695
86885883.8037180305 109557.1153223515
87540765.8309964985 140952.2783285379
103059880.6288651526 367829.6392822266
102619107.0424445719 361029.1747436523
109083393.1703498960 391196.2395019531
89219633.6961222738 201692.0464264452
103183048.4763172269 372816.9575805664
88962514.0183870047 192624.5764758447
108879456.0876707435 389211.4350585938
107090014.2007747591 388196.2436523438
89077557.5183084309 194409.3936840892
87316145.6308074743 132081.8100166321
93503746.5004964769 286489.0938754268
87927661.7372689396 156467.3798910379
88380136.3117237240 172399.7021881640
88603305.4280770719 180157.2529694140
106785754.0051179975 384769.1252441406
87281839.3531064540 130346.9199314117
87355585.5951798111 132945.5324844122
87540563.7079187632 140090.3044369761
87155465.2278786302 123699.3242974137
87287396.5234380960 131456.8686605692
87629418.0481194854 146722.7751601934
87199526.1861261576 125437.1767660379
87465273.1454636008 138352.4455502573
87467266.8749633729 138965.2243789434
87474368.3656768203 139214.4194418192
89101726.7566671222 194861.5391818285
100917895.1014905125 345802.9873733521
100689103.3412125558 341129.1326675415
108255384.2519412935 388553.7312011719
