88699372.0361062735 186176.9448639452
94681676.2275173813 302888.7153482437
88671982.9291331172 184439.0859772265
86336782.8460648656 68864.8687375784
93026846.0991348624 275998.2631477118
87010083.8077060431 116566.7084541321
92498938.1326694191 261780.0984328985
86583826.8561755866 91311.9324868917
95525318.1221807003 318020.0228767395
90434761.2544059306 232124.8345521092
86365951.3042107970 76535.7476736307
90549329.9207882583 232581.3025591969
93680212.2174076736 287877.7205753376
88873690.5839052647 192196.6367584765
86441415.8031382114 77814.4094778299
86571469.9844124168 90158.2416902781
89995068.1715802848 218028.2215214535
89910776.3174806833 215950.0238556862
95011691.6905047446 315619.1823043823
88283872.2718158662 170661.8433014452
86949922.0930476487 114055.8353900909
89471581.7055159360 209160.9020184278
86721552.2423693985 100013.8475424051
86683498.1336989105 97915.7924715281
86293907.3512704819 67849.5170300007
90458870.1855348498 232319.4292376637
90221288.4203580022 226299.7373431325
86278549.1419115961 66111.6645613764
94802537.0393207669 310115.8407144547
86413145.8742281049 76792.6704378128
95895236.3374628276 325309.2329597473
95166638.0300498903 317405.0507974625
92568579.6327937096 267799.7903274298
88149747.0075168163 166785.7703774516
88184881.6124498695 168520.6604626719
86256855.6047354192 61094.0665789191
91247078.8347475380 242707.3538137339
92695403.7512911856 268018.1404250860
89512252.7216913551 209930.3319611549
86352583.0702199638 69523.8869260550
86499225.6138142645 84145.9744173288
87380835.8319444358 132963.3002647758
86364584.3920866102 70303.5749179125
86749445.2661308944 100434.0901571512
86276789.0465903282 66111.6581432819
86711391.1574603766 98994.6331697702
86308048.3675654382 68781.2658618689
86707364.9309778810 98900.9300117493
87496244.8834169805 139590.1657350063
86847189.2885911912 107411.2021394968
87707101.1574561000 147596.9589907080
86700723.4295964390 98688.8066488504
86652460.5118437856 93994.1556478739
87493739.1233052909 139228.3162243906
88025210.5666268617 160763.1570929978
87519617.2846055031 139839.4082094580
86592298.7971853763 91483.2825838327
87873887.0712824464 155146.7417389452
86420586.9903652221 77147.9666677713
94610351.3173871636 302022.4349318743
87722102.8532450199 151267.7000134531
89023211.6863395572 194161.3304852247
88383725.5872359127 174540.3523572031
90018950.4465582073 218547.1838885546
86774882.4325248599 101051.6068916321
88060858.9135211557 162904.2925201952
86967147.3889451772 114828.8495674133
89177522.0648996085 200252.8144091368
86518242.8216424435 84548.8066316843
87133357.6218906939 123699.3178793192
87189110.0515629351 124400.1572958231
86843974.1630504429 107071.2987861633
89480245.3743014634 209215.2555340528
86448795.3646165431 78126.2825227976
86556815.9328881949 85531.6127524376
90657380.8987284303 233489.1294329762
86478396.8010412902 83479.5316072702
86621140.8153263628 91903.5251985788
86427966.5518435538 77459.8397127390
90660084.7131653577 233738.5427964330
88350116.2635542005 170805.6712137759
87668348.0225784630 146985.8670056406
86351904.2625528276 69440.2840503454
86638273.2004522979 92881.2381172180
86620804.0099565983 91901.0637937784
86739112.5618457347 100426.6655355692
86494197.0251963735 84138.5497957468
92357150.8820386827 261514.9853347540
105640087.2837089598 373803.9080810547
87345274.1309775710 132298.6443593204
86821867.4306667447 105333.4398994446
86460433.0109663606 78217.2416921854
91511813.2165332586 249940.3960500620
86955103.6546544582 114203.9082113504
87973668.3643964827 160763.1096814219
86528090.2264924347 84708.5379233360
86541868.5479876548 85463.5906893015
87956107.9454823285 159028.2195962016
91437021.8342737108 247575.4248622321
86630871.9084311128 92466.0887045860
86680965.7246149927 94411.9368578196
87397792.6400765181 133611.9482819140
88040396.8833255619 161733.7473831177
86578111.4857938737 90370.3650531769
87246440.7616853118 128609.0610446930
86436387.2145203203 77806.9848562479
86867444.3896576464 108189.1795336008
86443766.7759986520 78118.8579012156
88197066.2215510756 169220.8523785472
87064059.1527272910 121596.4991114140
88457379.5545323640 176022.3613354564
90575137.5459085256 233018.0296173096
86976188.8154153377 115576.8072168827
90665932.9253145307 234124.1547597051
86467812.5724447072 78529.1147371531
86570373.7607588619 85881.3718992472
87593057.4601232857 145248.0081189219
89492728.1031384617 209676.4320477247
86840709.9013236314 106273.4601178169
89398775.3278730363 207938.5731610060
87782023.0318618268 153367.4084107876
91307050.0007001311 246283.5986652672
89153018.2585839778 199954.1875397265
86884299.6093526632 108809.1576728821
87780029.3023619950 153005.5589001719
89810435.0989934057 211393.1848117411
86609859.1166617125 91896.1005769968
87795586.9525619596 153616.6034736633
86477008.4790212810 78837.6776052713
90170222.5389974415 219049.8515502540
91762228.8972592205 256264.3332531713
89391388.9851579815 202390.7548890114
87683216.7256557047 147347.7165162563
86981334.7003366798 115941.7670980692
87037338.4202608764 117679.6259847879
86858161.4744419605 108184.2163168192
87696985.4361649156 147596.9115791321
88462543.4593368322 176681.5351959765
87003442.3063245863 115941.7735161637
98828316.4959426820 330157.8859456852
90180629.6572242081 219858.1590638161
90607575.4457147568 233173.1508150101
87718642.4530219734 147847.8552182261
92808774.6727432758 270218.0346947610
88518534.3813086003 178419.3940826952
90919016.9403611422 239997.4011872411
86559428.8674639761 85876.4086824656
109855036.3891338259 398469.7785644531
90151988.6377329230 218892.7163414955
89795076.8353005201 210789.1246805191
110096411.3315426707 398633.6169433594
86670020.8313201219 94406.9736410379
88369816.5577189028 171982.4814535379
86637460.0420566648 92609.9570642710
89221203.3880959600 201918.8812664747
109485202.8509153426 395579.0686035156
87162106.7292600721 124324.2592353821
106441145.4788500518 376678.0266113281
102277326.0470123589 360206.2804260254
86816670.6693112999 102374.3163657188
87696445.7620988190 147389.1909576952
87822612.6640325487 154729.5210043192
89919116.8677027076 217254.2093365192
87503346.3741304129 139839.3607978821
86907351.0032495856 109922.0752035379
99718864.7792282552 338175.9737788439
99164987.3005940169 332177.2697347477
87097954.1450179964 122586.4003486633
87224776.4228907675 125437.8180164695
90820543.5715793967 234531.6605914235
91337481.1961167008 247339.0679493248
89206671.6369251460 201442.8513635695
86885883.8037180305 109557.1153223515
87540765.8309964985 140952.2783285379
88596268.0289200544 178419.4414942712
103059880.6288651526 367829.6392822266
102619107.0424445719 361029.1747436523
91553887.3071325868 251460.3316592574
89652305.0534297377 210146.9816753864
89932005.0221324563 217904.5324566364
101555900.5376537889 350473.4286193848
109083393.1703498960 391196.2395019531
87160623.8386487067 123699.9591297507
88058351.3390729129 162487.0717855692
89219633.6961222738 201692.0464264452
103183048.4763172269 372816.9575805664
88962514.0183870047 192624.5764758447
108879456.0876707435 389211.4350585938
86949269.0587813258 110131.8671469688
88513087.4632796943 178002.1733480692
87436948.9088107347 138101.5019111633
87584764.4823152274 141369.4990631640
87229610.5105984509 128606.0922431946
91043531.2012047917 240101.1609566808
87249977.0665720254 130343.9511299133
107090014.2007747591 388196.2436523438
87582466.0673884600 140952.2825928158
86281811.7738260627 67652.0732825994
91048227.1407993287 240692.0505969524
87312646.7602027208 131457.5099110007
89077557.5183084309 194409.3936840892
87316145.6308074743 132081.8100166321
93503746.5004964769 286489.0938754268
94167148.3733205348 288245.1922560930
88810365.7357726395 186274.6666841321
87927661.7372689396 156467.3798910379
88380136.3117237240 172399.7021881640
88603305.4280770719 180157.2529694140
86788302.0906533897 102164.5244222879
86766713.4872406721 100636.4574790001
88767256.4137401730 186206.6362072527
88828629.3376728743 187914.8037506640
88971900.2432336658 193934.4956451952
86558302.4160323739 85564.5356374979
106785754.0051179975 384769.1252441406
87949966.6559662968 156884.6006256640
88661739.8951811045 180157.9532646835
89318325.2729891688 201961.3369091749
94307096.8019490242 295188.5930218697
87281839.3531064540 130346.9199314117
87355585.5951798111 132945.5324844122
87540563.7079187632 140090.3044369761
89390366.2449944913 202059.0113190413
87353591.8656800538 132332.7536557261
88550433.9868613482 178419.4414930157
87155465.2278786302 123699.3242974137
87287396.5234380960 131456.8686605692
88504992.5683437288 176681.5826062970
87629418.0481194854 146722.7751601934
87614798.7528297454 145859.0526924133
87199526.1861261576 125437.1767660379
87465273.1454636008 138352.4455502573
87089552.5483153462 121961.4589926004
90179355.5715012401 219155.2525053024
87467266.8749633729 138965.2243789434
86799246.9839482456 102169.4876390696
92528582.6244543791 264106.6316266656
87474368.3656768203 139214.4194418192
93370352.7434102297 279013.0980721904
87430307.4074292779 137476.5669731949
89101726.7566671222 194861.5391818285
100917895.1014905125 345802.9873733521
100689103.3412125558 341129.1326675415
95841712.5947272032 320160.0857137516
87407712.5908648074 136363.6430244446
87386498.0283648819 133194.7275472879
87416441.9165597856 137476.5605551004
108255384.2519412935 388553.7312011719
89710201.0130648166 210376.6407443285
94381394.4474667311 300922.7550516129
92954233.7983855605 271552.7391919005
91206688.2537894398 241686.7300736271
91866006.1193231195 257057.6211206913
92071754.0333751738 257690.5610995889
92208114.1248175353 257798.4958972931
