132418857.6839518547 2808044.4062500000
135859095.5775381327 3096875.2832031250
133666140.6086935103 2949099.2285156250
129279446.8591714352 2128706.9404296875
129899418.4181063026 2323336.3886718750
130110091.2036514729 2388857.4023437500
130859443.7868026495 2554212.9189453125
131609579.2368070483 2695132.5664062500
131686681.1103688031 2698161.8789062500
131514554.5526154339 2677595.3710937500
132286907.4056870937 2795193.4453125000
130175259.5341756493 2390043.4941406250
130467367.0350683331 2473358.6992187500
131277902.3011857569 2642124.2177734375
131878206.6111707091 2728162.6757812500
132173308.8733086735 2779392.4980468750
133463105.3223198950 2933243.3417968750
129193007.3285562545 2089038.8544921875
129676404.8796755522 2252113.2656250000
129687468.3230645955 2262980.0341796875
130236450.7867677212 2403437.1796875000
130480526.6662179381 2480073.1308593750
131372926.9853773713 2659661.4130859375
131475503.5473258793 2665327.2587890625
129518167.9687843919 2209653.1181640625
129323314.9692166746 2153144.5712890625
130206436.1065681577 2399300.1318359375
130029930.4973141998 2354920.6777343750
129348543.9220022857 2153357.2080078125
129423051.7761847824 2182320.7841796875
129478788.5627564192 2196133.7861328125
130301472.5400236994 2432555.8945312500
132261162.3079311550 2792554.7871093750
134427311.3074246943 3016233.9941406250
129322810.8584888577 2146752.7958984375
129615195.0596476793 2234129.1308593750
129626236.3105079532 2241394.9960937500
130492934.5150997192 2482212.0878906250
130529310.0699282438 2492419.8964843750
132449791.1874415278 2817340.5019531250
135015168.6003153622 3055996.5742187500
140634077.9428799152 3247546.5820312500
129759061.4592296481 2282882.4677734375
130009445.4871178120 2352931.0927734375
130183810.9158863127 2393939.3466796875
130007260.0710779577 2349876.3486328125
131026102.0303717554 2591596.9531250000
133228407.6420365423 2903527.7695312500
129241208.1107176095 2110703.0751953125
132119290.0962214917 2775975.6718750000
129563504.9706486762 2219413.9960937500
133240912.5693948418 2906128.9355468750
129641021.3616114557 2244374.1484375000
136931323.1477595568 3145127.8105468750
139848153.7730263472 3215754.8330078125
129850635.0143960118 2312081.6601562500
129970884.5162494332 2339668.5400390625
130265917.3404006958 2422348.0859375000
129949568.0348539650 2333078.3544921875
130299106.4080887437 2425750.0585937500
130407647.3418419808 2451356.0195312500
129811031.3500804156 2302035.0693359375
131218284.8256516010 2626277.5625000000
129219913.8235327750 2100946.8564453125
129385999.4728680551 2168671.9580078125
129456492.8585610390 2183868.4814453125
129959376.9677105695 2338884.2724609375
130063119.5650022477 2358322.6503906250
130065346.8207427263 2371685.7343750000
157212203.0959942937 3320232.7343750000
157585685.7130948305 3323275.0117187500
129507591.9132059216 2204635.0673828125
130233644.0568441302 2400169.0800781250
131808153.5021766424 2712134.3144531250
161287127.7683807611 3354737.5986328125
131492057.9829104990 2676510.5292968750
129755675.7561136037 2278977.9550781250
130033290.6537373513 2354967.9648437500
130397659.9922272116 2447004.9902343750
134579152.5400718153 3028127.6582031250
129444054.5201971531 2183798.2626953125
129713173.9775828421 2267746.4736328125
129981978.5648029745 2347174.5126953125
133274430.7075311393 2911990.3398437500
129708594.9309477210 2266255.3281250000
129541404.5227637440 2214817.6162109375
129294421.6777152568 2129910.4326171875
129580620.8265023381 2228659.5781250000
129823439.1989621818 2303081.9892578125
129841726.3818823248 2305955.3281250000
132272075.2443004400 2792868.2207031250
129397318.7126713544 2175716.3720703125
129376104.4645201266 2156986.5673828125
129579811.5415835828 2226390.0136718750
129727976.1233912259 2271996.9062500000
129829318.5330005586 2305491.4746093750
131109308.5902066827 2611060.7734375000
129383950.8838097751 2167791.3837890625
129878101.9367108345 2317838.2402343750
131229118.8974754810 2630734.6689453125
133043480.6229130477 2889862.0273437500
139042538.2997509539 3202918.7548828125
138301020.5375463665 3196746.0400390625
129774655.7952518910 2291827.2607421875
140476513.1116962731 3242397.0156250000
132230558.2380940914 2787163.6562500000
132822779.5782940686 2865154.4980468750
135097582.2243650258 3060532.5449218750
130727495.4600095749 2530671.7294921875
131254519.4754441082 2633336.9638671875
143064104.2294534147 3262172.7890625000
142527994.1438291669 3260364.0625000000
131176361.1299128085 2623180.1318359375
131149854.8986725658 2611328.5087890625
129537771.9071352482 2212809.5839843750
135135964.6768979132 3067987.8300781250
148597012.2694095671 3280616.6757812500
132076690.8636884242 2754531.5312500000
131218246.3596193045 2625347.3974609375
132564190.9947742969 2832533.0546875000
131338502.7572338581 2643606.0996093750
132192203.8121384680 2783639.6289062500
132344156.7704725116 2804689.2421875000
132813414.4482232779 2863104.7441406250
130634664.5165410042 2511220.0214843750
136611833.5285904408 3138366.1689453125
129750152.8267159611 2278507.4208984375
130871818.2018817067 2558620.3271484375
131810967.7149067521 2718041.0839843750
130586597.0528853387 2499807.5742187500
130959412.5065550655 2579278.6582031250
130432355.4994090348 2465790.5712890625
133856523.5299833417 2971815.4726562500
129655729.7711607814 2249781.0458984375
135395572.0158533454 3080340.0878906250
130818379.2879002392 2549664.0390625000
130557733.9680551887 2494838.1230468750
133265025.1805868000 2911038.3398437500
152038396.2606725991 3291294.7617187500
144453403.2419541180 3267443.4882812500
151531321.2942202091 3286009.0273437500
129946381.5477135032 2326348.7001953125
140481908.8593206406 3242854.8593750000
135228779.2036729753 3068314.0781250000
130685391.7487087548 2521472.8935546875
133827916.0648442507 2967360.7031250000
138109917.0267888904 3178153.6884765625
139997609.7168587148 3224398.0917968750
130607918.3758195490 2503523.5312500000
130701682.8675174564 2528788.6455078125
131102758.4911468923 2605870.2021484375
129934148.2230213284 2323392.0234375000
131053975.0874366015 2594558.9208984375
134889899.9525916576 3050187.7597656250
130757358.1742029041 2538479.9052734375
138304148.1601570845 3196938.4462890625
130370097.0925133377 2445097.3027343750
133081349.6932025403 2890081.6074218750
130871817.0370849967 2555621.1250000000
130988298.4634680897 2585729.7802734375
130793932.6824619919 2547078.8544921875
140447812.9016968012 3241852.1660156250
131019649.0988574028 2587678.2080078125
130979389.8309544176 2581354.7333984375
130840466.4016956836 2553672.6972656250
140341643.0693650842 3241780.6914062500
131481185.4450543374 2671044.9902343750
131744428.1858818531 2707673.6289062500
130362714.6062183231 2442885.5273437500
130669599.4746769071 2517957.1875000000
130901736.3593590707 2566229.1386718750
130402589.3774149269 2450857.2460937500
131266831.9342835248 2635009.6005859375
130350791.2280500531 2440356.7812500000
131056675.0257419497 2597574.1708984375
130341882.5955363512 2435981.7343750000
160796211.4221009612 3354559.4501953125
131173039.8953681290 2618466.6845703125
131329554.7781064957 2642240.9091796875
130623791.9786848575 2505754.4824218750
154734174.2767572999 3295405.4345703125
155798365.8266339004 3310789.6542968750
156441350.7657171488 3317142.3808593750
132001443.8374050111 2748314.4765625000
133427320.3183303475 2927771.3437500000
132013552.4896802306 2750142.5605468750
132772813.7746144980 2856973.3789062500
131338092.7196701020 2642444.0947265625
130242269.6434987485 2406663.9921875000
140137000.5495585203 3237966.6328125000
155264604.2437588274 3302285.3681640625
146434953.8657508790 3274547.9804687500
133188262.2209990323 2902477.0371093750
132191935.6431953609 2782897.6601562500
133186190.4367199391 2901674.7773437500
139169133.2740651369 3209075.8867187500
140612422.6972335279 3244727.1601562500
135265150.5223256052 3072421.0996093750
132087500.9490742236 2765046.9589843750
132935871.8919948488 2875159.0332031250
133263330.1723446995 2910412.5742187500
133317788.7649796009 2915017.2929687500
133291902.4359926730 2913800.0507812500
132864131.9007824957 2866630.5917968750
133427463.9584629089 2930560.1835937500
133355723.9672505558 2922031.7421875000
133138900.1013835818 2896345.0527343750
159138029.6146124005 3333019.3935546875
133148333.3958577812 2897924.1269531250
132742428.7586693168 2850857.3886718750
132098956.1028465480 2765365.6015625000
133444547.0334251374 2932267.7792968750
132342236.4558859318 2802861.1582031250
132473722.0784852803 2817389.2519531250
144267873.4352899790 3265522.4726562500
133513822.7748790830 2936769.1894531250
133760537.9069566429 2960040.7539062500
132480388.8549301326 2818261.8281250000
132974075.5766324252 2877751.5273437500
133700003.6800964624 2955733.3964843750
133577644.3061369807 2946191.1660156250
161135157.1895330846 3354690.5712890625
131351143.7387081832 2645801.5878906250
131919448.6819976270 2740472.8417968750
131930752.6918802708 2740914.0214843750
137213572.6275697947 3154183.6416015625
139786451.8819614053 3212671.9960937500
160466538.2129989266 3349865.9453125000
132748986.6404081434 2854389.9492187500
140707156.2879930139 3249206.5039062500
131898806.2160537392 2734972.9023437500
157994675.6217510402 3330861.1464843750
131476286.4130128920 2665494.1308593750
132699948.1951719820 2850352.9101562500
133351822.7880440801 2916708.0156250000
160603331.1062950492 3353023.1572265625
131811270.1648374945 2722906.7070312500
131746798.9282298535 2711943.1484375000
136430996.3440660834 3127471.2148437500
133611678.3292014599 2947881.8886718750
134614281.6203212440 3032375.5234375000
140817635.3336967528 3252650.4375000000
143315712.2661907971 3262592.8798828125
132310756.7066081613 2795332.6582031250
160356772.8908520937 3344934.9580078125
140014129.6029629707 3235605.7070312500
131606903.3310012668 2687502.8417968750
137614350.9674699306 3171127.9511718750
157129235.7891607583 3320209.9580078125
138032939.5126675963 3176868.6074218750
134606772.5895337760 3029387.3652343750
137797278.0799506009 3174207.3730468750
131861172.6216695160 2728041.8925781250
132119147.0206413567 2768423.8476562500
138154485.2819889486 3191385.1015625000
160412305.0088983476 3349105.5712890625
155788358.9683354497 3302460.3017578125
134942187.7582918406 3055877.0742187500
134627548.5843235850 3032517.2304687500
134785786.5351034701 3045910.9990234375
160090527.5812920332 3342600.3056640625
134459374.9696049690 3022644.5078125000
137587998.2260427177 3164157.8496093750
132110438.4585795403 2768420.4960937500
135493712.7018067837 3086702.0175781250
149259793.6305471659 3284643.1367187500
148543911.0707123578 3279514.9414062500
135634359.5632390380 3090459.9687500000
135650073.5521572530 3092721.5039062500
136180572.4310921133 3115224.8242187500
138338741.5883080959 3201975.9843750000
135133477.2775182724 3065359.5195312500
134282768.8501423299 3004968.6972656250
135387705.0925438106 3079018.1962890625
137380807.7637130618 3155316.7636718750
135289116.3505960405 3078222.4941406250
134271320.8508287072 3004818.2089843750
135267791.5528520644 3076557.0000000000
136245634.0124736428 3120149.9550781250
135096863.6585388184 3060369.0703125000
159720728.2436234951 3333060.0927734375
134231600.9273677766 3002199.0566406250
135251882.7692778409 3068494.6015625000
138243585.2466978729 3191912.9257812500
134202622.7363637388 2998523.7363281250
133926929.2956576496 2977136.6679687500
133864234.8676527441 2972171.1757812500
136834789.1024126112 3142298.8691406250
134005554.3499060422 2983845.7089843750
131715192.8570749164 2703169.6464843750
134140990.7052739114 2993583.5742187500
134061068.9637049586 2987915.3867187500
137210707.3836158514 3149803.3632812500
138050109.8457759619 3178129.8066406250
153487264.6970415711 3291528.2363281250
137089181.5951479077 3147629.0810546875
138291946.8068470657 3192812.5263671875
136145460.3188392818 3112694.6123046875
146332865.3700328469 3270225.7636718750
138111207.2478428483 3181795.9130859375
