9830315.5390275009 1406726.3242187500
9820867.8889189865 1382458.2441406250
9821337.2352822386 1383811.9492187500
9823837.9648889992 1393262.6542968750
9840857.1212877277 1415403.1542968750
9838525.5194212254 1415243.5058593750
9858432.0975692756 1418635.6992187500
9840966.0809825379 1417936.7207031250
9828635.8702803105 1406654.1445312500
9831153.5519708022 1406902.0292968750
9857748.4010169357 1418605.9941406250
9839877.5008991919 1415320.3808593750
9842058.7484376654 1418362.0996093750
9828185.3856957424 1406425.0722656250
9822797.2927360255 1393062.3613281250
9827065.7911477648 1398692.8906250000
9831284.3150903154 1409382.7480468750
9819293.9725637455 1380093.7460937500
9826190.6555889174 1396764.0175781250
9848875.1531063095 1418605.7578125000
9834565.5786339287 1409854.1015625000
9822272.0368546471 1392616.0097656250
9824471.6887104213 1393355.2910156250
9818565.8956968207 1377905.7773437500
9822173.9845228195 1385079.7304687500
9820371.0244646315 1380301.9453125000
9834789.2229333669 1409960.5332031250
9826481.3799118325 1396804.9082031250
9830945.3625459652 1406865.1816406250
9860220.9124654774 1426357.4257812500
9824609.8506774064 1393643.4082031250
9826641.1401734836 1396886.6894531250
9835380.2340276428 1410185.0527343750
9838286.8603033498 1410365.2871093750
9833270.3722453676 1409447.1269531250
9833519.1683575902 1409780.4296875000
9827323.6037412416 1406356.5429687500
9825440.7077588569 1394192.2656250000
9818164.8521449696 1377327.4570312500
9827035.3631175850 1397935.8378906250
9830211.3693882264 1406678.3125000000
