310931435.1195979118 312156.5792236328
289054434.9999457002 247336.7770832181
284783677.1258320212 209683.4169947058
292530748.8119826317 269444.7563018799
300790319.2162823081 302311.9777221680
289240532.6462073326 248330.2394146770
284369402.7586453557 197832.7059719912
285829191.3180603981 222349.7564218342
288925686.3615891933 246904.3547580838
310905077.3970798254 312136.0689697266
293602459.9589064717 275137.7471923828
293182799.9082464576 273535.6016693115
291214253.3750776052 261189.9521073401
285788891.4179620147 222082.3490955085
293269894.1319776177 274122.8860015869
293362181.8560872674 274289.2293548584
293182799.9082465768 273549.1714172363
292635325.8987305164 271408.0228271484
293397125.4473074079 274628.0181884766
289198183.7280260324 247859.2272479832
310859895.0086483955 312080.5731201172
310859895.0086482167 312074.0970458984
284287465.2399427295 197599.4093051233
300548506.2135120034 302237.2965698242
289364123.0820072293 249970.3490455449
289290742.2238773108 248847.6235816777
285063846.3534007072 211856.0515972972
287011604.2824929357 232147.3247884065
316716815.7826554179 313135.8782958984
301588449.4025624990 304234.8283691406
285405464.1532880664 215476.5102999211
292309034.1308286190 268954.4265785217
292322115.4015092254 269330.9530334473
295164167.4543358684 282804.8147583008
292322115.4015092850 269332.0515747070
284994882.3071795106 211444.6136822999
292539457.0164977908 270558.5590667725
301278712.7901685834 303125.1317749023
292942525.2492699027 272772.3166351318
305845101.7012974024 309476.0065917969
293514556.8474817276 274664.5181674957
290163645.7108924389 255916.9133510590
292902225.3491716385 272497.5668792725
292942525.2492699027 272758.4319152832
291446435.8864199519 262289.5759705603
292942525.2492699027 272856.8966369629
293228417.7877556682 274029.5380706787
284342285.8826684356 197805.8806498922
291415494.0568559170 262162.0560245961
289286112.2027534246 248517.1235785484
290197026.0192356706 256542.6467475891
293208068.4334797859 273589.3380584717
284600284.9747976661 207275.8994118869
284866446.8575280309 210541.4435138926
284783677.1258319616 209654.2805429846
291340267.1950864196 261801.1361427307
289233029.2088295817 248052.4473457336
290558219.0375999808 257961.5113201141
292840433.5977931619 272142.5480041504
290809250.0357606411 259252.7372112274
290334501.9963356853 256986.4243450165
292196063.4654765129 267735.2994785309
290494421.4195008278 257601.1700344086
284645121.3397127390 208620.3639199436
292141438.4216825962 265971.6132087708
308595228.9588021636 312033.5612792969
285084909.5317019224 212672.3566000760
298492486.1933231950 295291.7349853516
292790488.0146584511 271855.5783386230
291027749.3613865376 259993.9757747650
292141438.4216825366 265957.0099372864
292177696.4618071914 267123.3638801575
291455793.9569540024 262449.7250641882
291095338.5583050251 261126.5981807709
285902462.6697427630 223026.3568469733
292177696.4618071914 267131.2774696350
294205071.3375396729 278803.7660827637
290494421.4195008278 257600.0898647308
290918610.2993652225 259488.4457283020
288186357.3261777163 240587.0978165418
290809250.0357606411 259238.1456584930
290162009.5975213051 255788.5513282120
285132964.8943818212 213047.3357093558
294680559.4742193222 280412.8011779785
298755265.9930478334 296672.5188598633
298477734.0263345242 294971.4884033203
291706824.9551147223 263723.9864682257
290774285.7141789198 259061.9129581451
284273635.9994623661 197142.8546408094
294584486.6509063840 280284.3775863647
291754954.5242562294 264145.6483792365
285341787.8740938306 214775.9962173626
300040057.4628871083 300197.6572265625
290475125.1468766928 257334.6509189606
294420131.2386858463 279449.7257556915
300133772.9591827393 301167.1752929688
291706824.9551147223 263734.4516476691
286027843.9687318802 223749.6391421258
299454301.8172811270 298526.5520629883
295390402.0384756923 284521.7120208740
299840558.4447032809 299680.4232788086
294468260.8078273535 279856.6064033508
298437377.1714136600 294967.6641235352
308595228.9588021636 311945.0947265625
284219610.6486387253 196974.7816043176
298437377.1714136600 294955.7664794922
300889081.5029706955 302773.1249389648
294411768.0939162374 279349.9531116486
294921712.1138474941 281801.9557952881
300035926.9254443049 299735.8952636719
295204545.7797877789 283321.7953643799
294366688.0036886930 279335.7628898621
311025261.2223039269 312255.5980224609
295317969.3983571529 283743.1786041260
294366688.0036886930 279319.6626262665
284375676.9337838888 198485.5578504428
284866512.1043733358 211231.0915446058
314529960.2601231337 312671.2052001953
290475125.1468768120 257336.4687137604
285355362.2707448602 214839.4831312150
302103472.6386411190 304868.3181152344
287758536.5584965944 237598.8478661329
308595228.9588021636 311969.4749755859
305071640.1332338452 309471.9815673828
299573675.8072522879 299535.2962036133
300201158.4867656827 301423.6843872070
294921712.1138476133 281828.8234710693
298229488.6964223981 293955.8156738281
299068441.6469606161 297891.7013549805
295312058.5465981364 283702.2853088379
307785225.4444881678 311776.3808593750
287382875.0594046712 235366.7236977369
307785225.4444881678 311724.9117431641
299508867.7486279607 299378.3004760742
285478270.6699798107 216451.7313233837
287382875.0594048500 235381.3365517408
298358830.9400400519 294818.0890502930
307989260.6358293295 311839.1987304688
315826545.6599626541 312954.4788818359
303187034.7543125749 307272.1206054688
307450971.4383710027 311483.3085937500
285319972.4945520759 214527.4854958057
300495598.0454434752 301447.3032836914
297428989.8729206324 291242.9519348145
285450693.3670248985 215684.3720587045
300093670.7792829871 300711.8257446289
285943086.4591277838 223569.5211384445
303575945.1367512941 307556.2219238281
298358830.9400402308 294893.4462280273
296292242.8701321483 287266.7831115723
284466368.6091411114 200145.5827262029
286046941.2179756761 223965.1654376835
286480685.5640078187 227863.1008270115
298337948.8444002867 294790.3140258789
285890876.8517597318 222539.7229546010
288648445.3949867487 244418.1942057312
296843075.7840893269 289646.1807556152
288699514.8264781237 244582.1156176180
288053793.9324840307 239891.6575973362
298520492.8292346597 295546.5534667969
297082142.2619143724 290947.4980773926
298090052.3557605147 293509.4132080078
286053953.9155591130 224844.6056773812
296402624.6764264107 287613.1221313477
303637036.5998874903 307786.6483154297
298183144.7460403442 293930.8218383789
303637036.5998874307 307783.0937500000
286794996.5931046009 230670.0461964831
286776445.1490764022 230324.5183736712
304868394.5733813047 309060.7391357422
288204783.1511310935 240703.3862207264
298963354.7874684334 297593.6058349609
287494642.9896513224 236520.8250497133
296843075.7840893269 289719.1892395020
288053793.9324840307 239890.6354644626
286625627.9547045231 228831.1022416532
296780305.5279183984 289563.5888671875
298909663.8539972305 297195.2730712891
296573219.4505680203 288610.6921081543
286616517.4854022861 228632.8195997804
286611621.5173793435 228458.9060557485
286516381.6782008410 228395.1709187776
287045591.9111593366 232517.0351013988
286859047.5643879771 231691.4299930930
286828399.1077371240 230673.8812739432
314027098.1793845296 312571.2402343750
298909663.8539972305 297274.8804931641
286133434.8321245909 225916.1806857735
286400882.2877231240 226923.0818793327
287362046.8478127718 235219.4177449495
305964323.1268113852 309683.9106445312
297452475.3746462464 291478.5729064941
290034628.0589686632 255227.8187831193
286235929.5271714926 226410.2461803108
287051433.6543149948 233136.5596451461
288514636.2509396672 242735.5150121450
288514636.2509396672 242739.3591283560
286409028.6882215738 227065.7674290836
288432929.3179925680 241534.4968528599
286077069.8277286291 225196.9127087295
287051433.6543149352 233121.5101782829
288514636.2509397268 242752.0781358480
316716815.7826554179 313119.2446289062
288726562.7821924090 245004.0789289325
288519432.4549391270 243085.4619554281
289152241.5213546157 247622.0974397659
286453629.6766644120 227299.8836702853
285730293.3401432633 218639.3967108577
286197526.2269906998 226330.8730644882
286197526.2269907594 226333.5214714706
285591091.8357211947 217908.5538253933
288477713.3873865604 242665.5063407421
285636489.0885058045 218315.9403066561
291983456.4516372085 265684.6288414001
290671267.8010070920 258200.0077745914
316306752.2477266192 313080.6207275391
290737676.6113335490 258384.3529293537
289309307.5848375559 248933.7311294079
287591313.5033837557 236776.4722660184
289322119.3199419379 249533.2690198421
298486938.2180300355 295083.1417846680
295691216.3939796090 285292.6877136230
289350902.2867760658 249615.3393834829
296178941.1060195565 286880.0450744629
288223960.7128937840 240755.3903892368
288473770.4971565604 241911.4211374521
285169943.8694695830 214476.4147671610
293785525.3343831897 276433.7811584473
289377890.3013706803 250828.0929387808
312144719.1654396653 312381.6243896484
316228427.4077978730 312985.8656005859
293833289.2585538030 277173.5709686279
287219653.9777478576 234917.3975423127
285458409.8917460442 216366.9180720225
295616383.7724850178 284598.1028137207
296241192.7261001468 287141.6974182129
294174699.6790474653 278655.8258819580
293783831.3102828860 276206.3242340088
295981557.7191213369 285879.5597534180
296483202.3718124628 288117.7462463379
294940707.7565072179 282101.9746093750
288384834.2264599204 241323.6845782846
287116709.7446457744 233756.7087605745
293833289.2585537434 277083.8122100830
294084320.2567144036 278372.5138397217
298300891.5765554905 294152.8123168945
296941717.2834402919 290087.6315612793
296941717.2834402323 290070.7140197754
289915668.4277396798 254148.0591256469
294054776.3109038472 277724.1502838135
287470217.0083835721 235714.1528218538
295104555.5729818344 282609.2357482910
287219653.9777476788 234905.5492146760
296085329.7836475968 286366.3572692871
316716815.7826554179 313136.8485107422
285513143.9861243963 216520.7709413841
289626036.6850696206 252515.9537727833
287830729.3870506883 238163.7318694919
304208067.4151065946 308011.0197753906
287830729.3870506883 238130.8370941013
304784098.4331290722 308847.9179687500
289507049.4093555212 251402.3639724255
287872158.5305608511 238521.1334274143
289515832.5813157558 251594.3358962536
289811350.8067151904 253754.2539374679
290094076.6810734868 255431.8741658777
289936585.5544170141 254245.3618675470
304076541.9406651258 307999.2734375000
289909495.5087790489 254127.6968455166
293646849.4905465841 275568.3649749756
287651555.4861894846 237215.7155786455
287911585.5422512889 238818.0950263590
291511363.8039364219 262908.2092337608
304262703.5053064823 308636.8801269531
289916664.0593046546 254226.2518218905
291896498.2555012107 264778.8325712681
291503982.3925980330 262906.3417410851
289944419.6480400562 254483.0645485967
304282170.5514698029 308799.3319091797
303854386.1785612106 307932.1022949219
312703636.4431037903 312557.6695556641
306350563.0514423251 310438.1235351562
306413284.4259948730 310502.7625732422
306413284.4259948730 310497.4667968750
306413284.4259948730 310461.8168945312
306765063.1523842812 310608.1966552734
306348009.3744028807 309889.7608642578
302554902.9549092650 305744.5405273438
302554902.9549092650 305748.7370605469
302618114.1749488711 306006.2705078125
306870276.5772518516 310795.5517578125
304839881.6629756093 308857.6163330078
302627752.5851876736 306087.2388916016
307266664.7554724216 311272.2763671875
303135772.7762079239 306828.7762451172
302900745.9000942111 306468.1665039062
302695936.6526612043 306367.4008789062
301975068.8555893898 304445.4935302734
301536561.9182832837 303430.8954467773
302427868.1624945402 305715.0371093750
