90830942.1878076345 250178.5016708374
92727222.2450930029 295542.8285834193
92351841.7124866098 287109.7005857825
93658936.4863039106 316554.9264356494
96434326.3139904290 371957.2760620117
95457196.8236210197 355250.2325668335
91995261.2143986523 279310.0586525798
92142589.4629458934 282876.8962957254
97944579.4757187515 396013.0126953125
91518974.3144261539 266365.4549563825
96179923.0376431495 368828.4415588379
93099773.5450716764 303198.8632180691
95617098.2098092586 357263.3712921143
90660147.5133039951 247311.7451103330
90867383.9731191248 250259.1945419312
101988649.0002059340 406469.4829101562
92019686.6467695534 279332.0250679851
92495516.7737483084 288903.5797593594
91933092.0432372987 273875.6879415512
93881980.8928985298 321505.8460542560
95610882.5959183425 357201.6027374268
93189988.0860771984 306229.7782456875
96428110.7000995427 371895.5075073242
93960078.1896127313 324803.0940065384
88764610.2270439565 190153.0186178237
94689986.6128139347 338593.0987837166
92977538.3534877002 302022.2534654140
92569517.4342997670 289817.8367173672
94291963.7588587403 331255.8699808121
90638887.3502362072 246891.6063873768
92081528.1173733175 279899.3423439860
94901102.1336540133 342031.2585840225
89189145.0223424137 203796.8938110471
92700980.2572244853 295108.7938096523
93023516.1033151746 302680.8224351406
88094007.3232203424 168254.3409900218
95101982.8814261556 348467.7984490395
97177689.9000720978 383689.5474243164
91463791.8324771523 264815.6141395569
88746278.6376983821 189793.5053470135
91987385.9431947619 276212.8836143017
92319518.5052881092 287049.0894829631
94573077.6794140488 333902.3552236557
94524162.7106368542 333814.7388467789
96130285.0207292140 367017.0742187500
92649568.6360621899 294438.8746392131
97428111.7739226073 387678.3978881836
91086768.9098395407 256969.7678146362
93365951.3334107548 309608.4758005142
87679130.2256215513 153429.6647217274
96169385.1282331795 368221.3123931885
95674824.7556080818 358509.0521240234
88633566.0276447684 185634.3525691628
88697855.3177235872 188762.7025001645
88664559.9239269495 185638.6930142045
92447508.1885959655 288207.9977326989
96274087.3444129229 370204.2579650879
88198862.9780592322 169886.2239783406
105798615.3774400055 407010.7690429688
87813089.8885929137 160602.1562838554
95668609.1417171955 358445.3026123047
89372720.2689845562 211293.7965782285
88193809.0030066222 169658.7687694579
96523833.1487915665 374470.1559448242
97353271.4158109874 386245.6790161133
88179147.5164512396 169396.2477283031
102979485.4795592278 406635.2480468750
87995839.0396185219 162844.1136645824
88865184.6227867752 195076.8848403096
103123978.1612519771 406740.3603515625
98859096.5834858567 401998.5947265625
97337333.9692897350 386165.8211669922
102599026.3505375385 406603.7788085938
87588493.7642524391 146694.8211875996
88143061.8129126579 169119.9575939327
93256458.7806637287 308860.0449705124
94201292.0128973573 328287.2141971588
87885343.5495399237 161638.6969470531
95646361.3060930818 357834.8696975708
91276280.2597437054 261091.1073776484
94227207.2461880147 328366.2796268463
97580696.6901330948 390919.5109863281
96356912.2790151238 371383.0409240723
106846291.1055736244 407607.6806640625
87746924.2181617320 154903.8395251781
88321757.1187452525 176771.0923595577
97493322.9240505099 389945.2487792969
106307727.2533339113 407507.2416992188
87787320.5227724165 155702.1518878490
100501268.1331638247 404742.8823242188
90726855.9861669540 248405.3937361240
88513034.5591111630 182387.9880847484
90913067.4524413496 251016.3744604588
89200784.9161496162 205049.2393692136
106791469.5072655380 407556.6416015625
88249733.6019735783 174647.7391033322
88426633.7554036081 177183.9103527218
88261582.8559007049 174816.1030187607
90679481.9897520840 247734.8552756310
89775358.9851028472 220915.6945427060
89524587.7845907509 217286.0307021141
91973567.6837530583 275622.0755434632
91972016.3452943861 275384.2630894184
96938441.8213596642 380339.6770935059
107263951.2022675276 407666.4375000000
96932226.2074687779 380277.9085388184
88084210.5374652296 163485.5222720653
90918700.2880098522 253828.9521544576
88471075.2864409387 182111.6979503781
88576413.9130978584 184280.6961193234
89559808.8537851274 217735.5650189519
88529779.8110356182 183436.7388439327
88415629.6508127451 176884.6735897213
89672178.2048079520 219730.4420941472
88304165.7452773750 175679.1880626827
88823583.7779469341 191194.2896251827
88964878.4284444004 196475.4315283895
92413030.7597742081 287289.1275002360
88745247.6910466552 189069.1573489308
92302395.3450337350 283213.5468956232
91572049.1311932057 268231.0579653382
92537816.6485617161 289131.3283745646
89798202.8521641642 225275.5721805692
93825573.1180772781 320214.3291788101
90408319.2034127712 240686.7509065270
96876255.3892169297 379971.5763244629
89911767.0617055893 227444.5703495145
89034764.8377228528 197626.7995128781
90102552.6079918295 233481.2946005464
90628281.1571212858 246602.9133552313
90939868.6682471335 254067.1854613423
100729190.6102339625 404772.0122070312
89910572.2031870037 227270.4492557645
96639000.6709495783 376358.3589172363
89095817.6985891312 199345.2175543010
88806314.2492946982 190786.6602807641
90213806.1853341758 234749.3980779648
91389933.2593445480 263308.4596098959
96984801.8252620995 381854.7567138672
100876976.3961787522 405834.7866210938
90617326.7439526469 246509.0092058182
91672061.2888877690 270602.3114295602
87647309.9287561178 146992.4632329494
106104579.4565086365 407254.3510742188
106280866.3252886534 407377.1845703125
88745261.3884284198 189070.9363689572
93916845.0972077996 322256.3487730026
88904570.1731872112 195668.4167907834
88874628.9327371866 195577.5225647092
90336185.3139866889 239738.3955605030
90034374.0002926290 232481.5911644101
97191438.6971494257 383850.5160522461
90180659.4654010236 234130.8186462522
89419168.4193345904 211332.3173382878
94936163.9125393629 343831.5796060562
90009798.3188974857 227727.3766498566
93263701.1927411109 309127.4868028164
96073423.4977329820 366196.2409667969
96079282.1531527340 366342.5720520020
95319539.9642593861 351353.5561685562
93683463.9461066127 317535.9116945267
97154334.4675475806 383663.9058227539
90161732.7600166202 233834.6051474214
91803769.5758751780 271607.7919040322
88948287.7503553927 195732.6623213887
95663440.9648247361 358265.7274780273
93289904.8491344005 309495.2524278164
89860872.5457948744 226383.8780983090
89830280.3894403577 226381.6047790647
96117706.1937949657 366414.4528808594
96636501.7257736772 375537.2224731445
97075871.7722393572 382730.5819702148
105714590.6507770121 406998.9233398438
90357599.8483454287 240371.6807351112
90166236.9100009501 233993.8746782318
95495962.7079361826 356136.5181846619
105836055.9212489128 407064.9970703125
94370791.2230648398 333737.2368898392
93623583.6311057061 315575.9130808231
105932592.3416009545 407249.5312500000
96651555.2734045386 377344.3092041016
95170553.2589373589 349613.6907997131
90320331.3506164849 235870.8993628174
97888439.7586310208 395728.2236328125
96875376.6622100621 379400.9689025879
95245144.3393751234 350435.8407096863
94670969.4259115607 338003.2874007225
89500557.2172845453 212179.9802883267
105376626.8902261704 406741.0400390625
89455665.0999046266 211814.9178298116
95316816.4217784554 350780.9568786621
94639963.9083297402 337990.4074363708
94630500.2897607237 336769.6721801758
94981275.2412742674 345302.2492637634
92593874.3501504362 292168.3128737807
89579301.6796868145 218169.2784155011
92888229.6061112136 300163.3718232512
97541229.1037414223 390768.0241699219
98717285.2671250403 401748.4829101562
92317823.7447228134 285709.0532777905
94933426.6902293414 342503.9768899679
105692126.6154498160 406828.7714843750
93499131.5013601184 312956.8728865981
91821621.9498835504 272499.6789684296
105816984.0326730013 407045.2397460938
92881120.6358320713 299099.6555098891
92549441.4364777207 289521.8907555938
99014357.1126358062 402168.9306640625
92577774.0080834925 291849.5628136992
96789209.4111692309 378939.5870361328
98290625.1988911480 400238.8432617188
91196638.5811430514 258199.2414619923
98107560.6657429039 397785.1552734375
95421722.2671771348 355014.4805870056
98537815.4707217962 400695.6591796875
98209466.2015811503 398881.2436523438
92830958.6931785047 297606.4277548790
96880821.8508918434 380150.0537719727
96196920.5445626080 369604.0660362244
97675876.0510237515 392382.9294433594
97450320.5522421896 388074.6415710449
98116286.7135700434 398395.9526367188
89156732.9948948026 203354.6057112813
97627307.3437112570 391054.0938720703
97769076.0586804450 393435.7531738281
97732118.2313075960 392508.8605957031
89371685.3204169273 207550.1456936002
92849113.3931710422 297667.0190209746
93101946.2118628025 304354.1951494217
89325430.9673048556 206769.3730495572
93431996.3426368535 311743.9803056717
90312476.7702530175 235184.8249725050
93146563.0578912646 305424.5698022246
100277833.6099350303 404402.4423828125
88454608.6128219366 180898.9185082912
91215841.1468631476 258539.1102938652
100118048.4125574678 404050.1279296875
91719837.6613346338 270703.5486342907
90786705.0683076382 250118.9004646980
96595219.7204596102 374694.3524780273
95040853.7438071966 347314.0694541931
100083758.2125079930 404005.9814453125
89504976.9467533976 212220.1036170125
90601877.6417259127 243556.3744377934
100184903.9366882294 404258.8266601562
90601055.7384729087 243502.7908065915
89025993.6606099010 197317.9945414662
97375109.4525567591 387167.0780639648
99114174.0438932776 402973.3823242188
91825176.8768887371 272853.0586438775
90502924.2672861069 242373.6846184575
98001860.3136191219 397282.7158203125
98256836.1885625273 399467.2666015625
93619670.2372820675 315472.0164575577
93602334.8315481991 315236.5515909195
97259750.3914379627 385918.1945800781
91267522.0835731477 260501.1449584961
95322337.3901654333 352199.6429748535
99338630.4713098109 403393.8300781250
91558598.7224004269 267355.5038666129
96751833.9812123775 377466.7952270508
91405915.1652310789 263516.3796684742
97478205.9050946832 388606.1001586914
91227833.1919050515 259354.8936178684
97977251.6344233751 397143.1611328125
91296221.9285925180 261449.3983874023
99314021.7921140492 403249.4003906250
95077201.7552469671 348406.2532997131
99317322.1901794225 403255.5834960938
95910879.3488368690 362970.4238357544
95930553.3657031208 363043.4633865356
90875203.2840755731 250622.5225990415
96134454.8716804534 367404.8745727539
99694343.1491362751 403761.7553710938
99697643.5472016335 403767.9384765625
95356401.0965477675 352483.6906738281
99732926.7883128822 403850.1328125000
90816722.2092597932 250139.5499016487
94156751.1433766782 326507.4713897705
95861146.1782993674 362219.7666702271
99736227.1863782406 403856.3159179688
90524899.9806003869 242846.9962257093
98434738.0279294997 400469.2431640625
98608501.6917495430 400865.1596679688
94244664.6400607079 328819.1440811157
94264074.8669097424 328858.8218154907
98624556.6805607975 400994.9580078125
94579041.3809549212 336110.4331436157
94850064.2168818265 341768.1530838013
93942001.1956574023 322264.1867675781
96607715.4403399676 375483.8674011230
98607819.2181339860 400754.5219726562
94086335.2661604881 325500.9223318100
93759404.6726809144 318695.5363140106
93714422.4208652973 318303.4262216091
91859221.7790052593 273417.8085929453
93710358.8284643143 318274.7019631863
91870729.4471682906 273780.5150692906
93538097.0721767992 313496.4590540528
96027519.3281862885 364478.9595184326
