122371.5230600935 121981.0167710356
121922.9366332138 121940.2562763029
122004.4978017374 121899.4957815702
121719.0337119049 121736.4538026393
121719.0337119049 121777.2142973720

125756.3115538220 127116.8391073569
122371.5230600935 121981.0167710356
121922.9366332138 121940.2562763029
121719.0337119049 121777.2142973720
121392.7890378106 121654.9328131739

121963.7172174756 121940.2562763029
121841.3754646903 121899.4957815702
121882.1560489520 121899.4957815702
121963.7172174756 121858.7352868375
121882.1560489520 121858.7352868375

122086.0589702610 121899.4957815702
121963.7172174756 121940.2562763029
121841.3754646903 121899.4957815702
121882.1560489520 121899.4957815702
121882.1560489520 121858.7352868375

122167.6201387846 121940.2562763029
121759.8142961667 121899.4957815702
121800.5948804285 121899.4957815702
121800.5948804285 121858.7352868375
121963.7172174756 121858.7352868375

122371.5230600935 121981.0167710356
126123.3368121781 127442.9230652185
121922.9366332138 121940.2562763029
121841.3754646903 121695.6933079066
121392.7890378106 121654.9328131739

124084.3075990887 121328.8488553122
122371.5230600935 121981.0167710356
121922.9366332138 121940.2562763029
121719.0337119049 121777.2142973720
121392.7890378106 121654.9328131739

122371.5230600935 121981.0167710356
121922.9366332138 121940.2562763029
124206.6493518740 121288.0883605795
121841.3754646903 121695.6933079066
121392.7890378106 121654.9328131739

122371.5230600935 121981.0167710356
121922.9366332138 121940.2562763029
124614.4551944919 121165.8068763814
121841.3754646903 121695.6933079066
121392.7890378106 121654.9328131739

122371.5230600935 121981.0167710356
121515.1307905960 121573.4118237085
121922.9366332138 121940.2562763029
122004.4978017374 121899.4957815702
121719.0337119049 121777.2142973720

122371.5230600935 121981.0167710356
121922.9366332138 121940.2562763029
121759.8142961667 121899.4957815702
121719.0337119049 121777.2142973720
122167.6201387846 121817.9747921047

121800.5948804285 121940.2562763029
122167.6201387846 121940.2562763029
121922.9366332138 122103.2982552337
121800.5948804285 121858.7352868375
121922.9366332138 121777.2142973720

122371.5230600935 121981.0167710356
125756.3115538220 126709.2341600298
121922.9366332138 121940.2562763029
122086.0589702610 121532.6513289758
121637.4725433813 121410.3698447777

121719.0337119049 121777.2142973720
122004.4978017374 121899.4957815702
121719.0337119049 121491.8908342431
121922.9366332138 121940.2562763029
122371.5230600935 121981.0167710356

121759.8142961667 121940.2562763029
121922.9366332138 121940.2562763029
121759.8142961667 121899.4957815702
122004.4978017374 121899.4957815702
121719.0337119049 121777.2142973720

121800.5948804285 121940.2562763029
121841.3754646903 121899.4957815702
121841.3754646903 121817.9747921047
122126.8395545228 121899.4957815702
121882.1560489520 121858.7352868375

121678.2531276431 121981.0167710356
122371.5230600935 121981.0167710356
121922.9366332138 121940.2562763029
121719.0337119049 121777.2142973720
122167.6201387846 121817.9747921047

122371.5230600935 121981.0167710356
124451.3328574448 121328.8488553122
121922.9366332138 121940.2562763029
121841.3754646903 121695.6933079066
121392.7890378106 121654.9328131739

121963.7172174756 122021.7772657683
121678.2531276431 121940.2562763029
122167.6201387846 121940.2562763029
121678.2531276431 121899.4957815702
121963.7172174756 121736.4538026393

122126.8395545228 122429.3822130954
122371.5230600935 121981.0167710356
121922.9366332138 121940.2562763029
121637.4725433813 121410.3698447777
122086.0589702610 121532.6513289758

126082.5562279163 127279.8810862877
125633.9698010366 126872.2761389606
125185.3833741570 126301.6292127027
125511.6280482513 118720.1771924189
121392.7890378106 121654.9328131739

121188.8861165017 121777.2142973720
122371.5230600935 121981.0167710356
121922.9366332138 121940.2562763029
122167.6201387846 121817.9747921047
121719.0337119049 121777.2142973720

122371.5230600935 121981.0167710356
124247.4299361358 121410.3698447777
121922.9366332138 121940.2562763029
121841.3754646903 121695.6933079066
121392.7890378106 121654.9328131739

121759.8142961667 121899.4957815702
122371.5230600935 121981.0167710356
121922.9366332138 121940.2562763029
122004.4978017374 121899.4957815702
121719.0337119049 121777.2142973720

121433.5696220724 121614.1723184412
122371.5230600935 121981.0167710356
121922.9366332138 121940.2562763029
122004.4978017374 121899.4957815702
121719.0337119049 121777.2142973720

122086.0589702610 121981.0167710356
121922.9366332138 121777.2142973720
121800.5948804285 121858.7352868375
121800.5948804285 121899.4957815702
122167.6201387846 121940.2562763029

121800.5948804285 121940.2562763029
122167.6201387846 121940.2562763029
121922.9366332138 121777.2142973720
121800.5948804285 121858.7352868375
121759.8142961667 121858.7352868375

113073.5498484057 114318.0437612864
134238.6730802741 116926.7154241797
125633.9698010366 126872.2761389606
126082.5562279163 127279.8810862877
126816.6067446285 127850.5280125456

121841.3754646903 121940.2562763029
121841.3754646903 121899.4957815702
121882.1560489520 121858.7352868375
121882.1560489520 121899.4957815702
121963.7172174756 121940.2562763029

121841.3754646903 121940.2562763029
121841.3754646903 121899.4957815702
121800.5948804285 121858.7352868375
121882.1560489520 121858.7352868375
122126.8395545228 121899.4957815702

121882.1560489520 121858.7352868375
121800.5948804285 121858.7352868375
121841.3754646903 121899.4957815702
121800.5948804285 121899.4957815702
122086.0589702610 121981.0167710356

121678.2531276431 121981.0167710356
122371.5230600935 121981.0167710356
121922.9366332138 121940.2562763029
122004.4978017374 121899.4957815702
121719.0337119049 121777.2142973720

122126.8395545228 122429.3822130954
122371.5230600935 121981.0167710356
121922.9366332138 121940.2562763029
121392.7890378106 121654.9328131739
121841.3754646903 121695.6933079066

122167.6201387846 121940.2562763029
121800.5948804285 121817.9747921047
121800.5948804285 121858.7352868375
121800.5948804285 121899.4957815702
121800.5948804285 121940.2562763029

121882.1560489520 121981.0167710356
121555.9113748577 121858.7352868375
121922.9366332138 121940.2562763029
122004.4978017374 121899.4957815702
121719.0337119049 121777.2142973720

121759.8142961667 121858.7352868375
122167.6201387846 121940.2562763029
121800.5948804285 121899.4957815702
121800.5948804285 121858.7352868375
121922.9366332138 121777.2142973720

122371.5230600935 121981.0167710356
124328.9911046594 121288.0883605795
121922.9366332138 121940.2562763029
121841.3754646903 121695.6933079066
121392.7890378106 121654.9328131739

122045.2783859992 122062.5377605010
122167.6201387846 121940.2562763029
121800.5948804285 121899.4957815702
121800.5948804285 121858.7352868375
121922.9366332138 121777.2142973720

122126.8395545228 122429.3822130954
121392.7890378106 121654.9328131739
121719.0337119049 121777.2142973720
121922.9366332138 121940.2562763029
122371.5230600935 121981.0167710356

122371.5230600935 121981.0167710356
121392.7890378106 121940.2562763029
121922.9366332138 121940.2562763029
121719.0337119049 121777.2142973720
122004.4978017374 121899.4957815702

126082.5562279163 127279.8810862877
126000.9950593927 126994.5576231587
125633.9698010366 126872.2761389606
121637.4725433813 121410.3698447777
122086.0589702610 121532.6513289758

121882.1560489520 121981.0167710356
122045.2783859992 121940.2562763029
121922.9366332138 121940.2562763029
122004.4978017374 121899.4957815702
121719.0337119049 121777.2142973720

112094.8158261227 114114.2412876228
113073.5498484057 114318.0437612864
125022.2610371098 118964.7401608151
126000.9950593927 126994.5576231587
126082.5562279163 127279.8810862877

121800.5948804285 121940.2562763029
121841.3754646903 121899.4957815702
121882.1560489520 121899.4957815702
121963.7172174756 121940.2562763029
121882.1560489520 121858.7352868375

121882.1560489520 121858.7352868375
122208.4007230464 121981.0167710356
121882.1560489520 121899.4957815702
121841.3754646903 121899.4957815702
121800.5948804285 121940.2562763029

123472.5988351618 121654.9328131739
122371.5230600935 121981.0167710356
121392.7890378106 121940.2562763029
121922.9366332138 121940.2562763029
121392.7890378106 121654.9328131739

121800.5948804285 121940.2562763029
121841.3754646903 121940.2562763029
121841.3754646903 121899.4957815702
121882.1560489520 121899.4957815702
122004.4978017374 121858.7352868375

126082.5562279163 127279.8810862877
126000.9950593927 126994.5576231587
125633.9698010366 126872.2761389606
121392.7890378106 121654.9328131739
121922.9366332138 121940.2562763029

126082.5562279163 127279.8810862877
126000.9950593927 126994.5576231587
125633.9698010366 126872.2761389606
121392.7890378106 121654.9328131739
121841.3754646903 121695.6933079066

126082.5562279163 127279.8810862877
126000.9950593927 126994.5576231587
125633.9698010366 126872.2761389606
121392.7890378106 121654.9328131739
121719.0337119049 121777.2142973720

126082.5562279163 127279.8810862877
125633.9698010366 126872.2761389606
126000.9950593927 126994.5576231587
113073.5498484057 114318.0437612864
112094.8158261227 114114.2412876228

122371.5230600935 121981.0167710356
121922.9366332138 121940.2562763029
122004.4978017374 121899.4957815702
121719.0337119049 121777.2142973720
122167.6201387846 121817.9747921047

122371.5230600935 121981.0167710356
121392.7890378106 121940.2562763029
121922.9366332138 121940.2562763029
121719.0337119049 121777.2142973720
122167.6201387846 121817.9747921047

121800.5948804285 121940.2562763029
122167.6201387846 121940.2562763029
121800.5948804285 121899.4957815702
121800.5948804285 121858.7352868375
121922.9366332138 121777.2142973720

121841.3754646903 121940.2562763029
121841.3754646903 121899.4957815702
121882.1560489520 121899.4957815702
122126.8395545228 121899.4957815702
121841.3754646903 121858.7352868375

121882.1560489520 122021.7772657683
122371.5230600935 121981.0167710356
121922.9366332138 121940.2562763029
121719.0337119049 121777.2142973720
122167.6201387846 121817.9747921047

126082.5562279163 127279.8810862877
125633.9698010366 126872.2761389606
121392.7890378106 121654.9328131739
121841.3754646903 121695.6933079066
121922.9366332138 121940.2562763029

122371.5230600935 121981.0167710356
121392.7890378106 121940.2562763029
121922.9366332138 121940.2562763029
121392.7890378106 121654.9328131739
121841.3754646903 121695.6933079066

122371.5230600935 121981.0167710356
121922.9366332138 121940.2562763029
124532.8940259683 121206.5673711141
121841.3754646903 121695.6933079066
121392.7890378106 121654.9328131739

121719.0337119049 121777.2142973720
122004.4978017374 121899.4957815702
121922.9366332138 121940.2562763029
121882.1560489520 122021.7772657683
122371.5230600935 121981.0167710356

126082.5562279163 127279.8810862877
125633.9698010366 126872.2761389606
121637.4725433813 121410.3698447777
122086.0589702610 121532.6513289758
121922.9366332138 121940.2562763029

122371.5230600935 121981.0167710356
121392.7890378106 121940.2562763029
121922.9366332138 121940.2562763029
122086.0589702610 121532.6513289758
121637.4725433813 121410.3698447777

121841.3754646903 122021.7772657683
122371.5230600935 121981.0167710356
121922.9366332138 121940.2562763029
121719.0337119049 121777.2142973720
122167.6201387846 121817.9747921047

121433.5696220724 121899.4957815702
122371.5230600935 121981.0167710356
121922.9366332138 121940.2562763029
122004.4978017374 121899.4957815702
121719.0337119049 121777.2142973720

121841.3754646903 121940.2562763029
121841.3754646903 121899.4957815702
121882.1560489520 121858.7352868375
122126.8395545228 121899.4957815702
121882.1560489520 121899.4957815702

122371.5230600935 121981.0167710356
121922.9366332138 121940.2562763029
121474.3502063342 121858.7352868375
121719.0337119049 121777.2142973720
122004.4978017374 121899.4957815702

122086.0589702610 121981.0167710356
121800.5948804285 121817.9747921047
121800.5948804285 121858.7352868375
121800.5948804285 121899.4957815702
122167.6201387846 121940.2562763029

122371.5230600935 121981.0167710356
121922.9366332138 121940.2562763029
121474.3502063342 121858.7352868375
122167.6201387846 121817.9747921047
121882.1560489520 121614.1723184412

122371.5230600935 121981.0167710356
121922.9366332138 121940.2562763029
122167.6201387846 121817.9747921047
121474.3502063342 121858.7352868375
121719.0337119049 121777.2142973720

122371.5230600935 121981.0167710356
121922.9366332138 121940.2562763029
121719.0337119049 121777.2142973720
123961.9658463033 121451.1303395104
121392.7890378106 121654.9328131739

124125.0881833504 121491.8908342431
122371.5230600935 121981.0167710356
121922.9366332138 121940.2562763029
121719.0337119049 121777.2142973720
121392.7890378106 121654.9328131739

121800.5948804285 121940.2562763029
121841.3754646903 121899.4957815702
121882.1560489520 121899.4957815702
122004.4978017374 121858.7352868375
121882.1560489520 121858.7352868375

122371.5230600935 121981.0167710356
121922.9366332138 121940.2562763029
122004.4978017374 121899.4957815702
121392.7890378106 121654.9328131739
121719.0337119049 121777.2142973720

112094.8158261227 114114.2412876228
133626.9643163473 117212.0388873087
111809.3517362902 114644.1277191480
125633.9698010366 126872.2761389606
126082.5562279163 127279.8810862877

121882.1560489520 121981.0167710356
122167.6201387846 121899.4957815702
121922.9366332138 121940.2562763029
122004.4978017374 121899.4957815702
121719.0337119049 121777.2142973720

126082.5562279163 127279.8810862877
125633.9698010366 126872.2761389606
121392.7890378106 121654.9328131739
121719.0337119049 121777.2142973720
124288.2105203976 120921.2439079852

122371.5230600935 121981.0167710356
122086.0589702610 122796.2266656898
121922.9366332138 121940.2562763029
121719.0337119049 121777.2142973720
121392.7890378106 121654.9328131739

121719.0337119049 121899.4957815702
122371.5230600935 121981.0167710356
121922.9366332138 121940.2562763029
122004.4978017374 121899.4957815702
121719.0337119049 121777.2142973720

121841.3754646903 122021.7772657683
121719.0337119049 121777.2142973720
122004.4978017374 121899.4957815702
121922.9366332138 121940.2562763029
122371.5230600935 121981.0167710356

121800.5948804285 122307.1007288972
122371.5230600935 121981.0167710356
121922.9366332138 121940.2562763029
121719.0337119049 121777.2142973720
121392.7890378106 121654.9328131739

112094.8158261227 114114.2412876228
121719.0337119049 121940.2562763029
111809.3517362902 114644.1277191480
125633.9698010366 126872.2761389606
126082.5562279163 127279.8810862877

126082.5562279163 127279.8810862877
125633.9698010366 126872.2761389606
121759.8142961667 121369.6093500449
122086.0589702610 121532.6513289758
121922.9366332138 121940.2562763029

124859.1387000627 121043.5253921833
122371.5230600935 121981.0167710356
121922.9366332138 121940.2562763029
121719.0337119049 121777.2142973720
121392.7890378106 121654.9328131739

121719.0337119049 121777.2142973720
122004.4978017374 121899.4957815702
121922.9366332138 121940.2562763029
122371.5230600935 121981.0167710356
121841.3754646903 121695.6933079066

121352.0084535488 121695.6933079066
122371.5230600935 121981.0167710356
121922.9366332138 121940.2562763029
122004.4978017374 121899.4957815702
121719.0337119049 121777.2142973720

123717.2823407325 121573.4118237085
122371.5230600935 121981.0167710356
121922.9366332138 121940.2562763029
121719.0337119049 121777.2142973720
121392.7890378106 121654.9328131739

121188.8861165017 122062.5377605010
121392.7890378106 121654.9328131739
121719.0337119049 121777.2142973720
121922.9366332138 121940.2562763029
122371.5230600935 121981.0167710356

126082.5562279163 127279.8810862877
125633.9698010366 126872.2761389606
121392.7890378106 121654.9328131739
121719.0337119049 121777.2142973720
121922.9366332138 121940.2562763029

126082.5562279163 127279.8810862877
125633.9698010366 126872.2761389606
124818.3581158009 125934.7847601083
121759.8142961667 121369.6093500449
122086.0589702610 121532.6513289758

132770.5720468497 116804.4339399816
122371.5230600935 121981.0167710356
121922.9366332138 121940.2562763029
121719.0337119049 121777.2142973720
121392.7890378106 121654.9328131739

122086.0589702610 121981.0167710356
121800.5948804285 121940.2562763029
121963.7172174756 121858.7352868375
121800.5948804285 121858.7352868375
121800.5948804285 121899.4957815702

121882.1560489520 121858.7352868375
121800.5948804285 121858.7352868375
122126.8395545228 121899.4957815702
121841.3754646903 121899.4957815702
121800.5948804285 121940.2562763029

122086.0589702610 121981.0167710356
121800.5948804285 121899.4957815702
121841.3754646903 121899.4957815702
121800.5948804285 121858.7352868375
121963.7172174756 121858.7352868375

126245.6785649635 127239.1205915550
125633.9698010366 126872.2761389606
125144.6027898952 126464.6711916335
124818.3581158009 125934.7847601083
134116.3313274887 117008.2364136451

123839.6240935179 121451.1303395104
122371.5230600935 121981.0167710356
121922.9366332138 121940.2562763029
121719.0337119049 121777.2142973720
121392.7890378106 121654.9328131739

122086.0589702610 121981.0167710356
121800.5948804285 121940.2562763029
121922.9366332138 122103.2982552337
121800.5948804285 121858.7352868375
121922.9366332138 121777.2142973720

122086.0589702610 121981.0167710356
121800.5948804285 121899.4957815702
121841.3754646903 121899.4957815702
121922.9366332138 121777.2142973720
121800.5948804285 121858.7352868375

122086.0589702610 121981.0167710356
121800.5948804285 121899.4957815702
121841.3754646903 121899.4957815702
121800.5948804285 121817.9747921047
121800.5948804285 121858.7352868375

121963.7172174756 121858.7352868375
121800.5948804285 121858.7352868375
121800.5948804285 121899.4957815702
122167.6201387846 121940.2562763029
121800.5948804285 121940.2562763029

126245.6785649635 127239.1205915550
125633.9698010366 126872.2761389606
125144.6027898952 126464.6711916335
124818.3581158009 125934.7847601083
135258.1876868188 117252.7993820414

122371.5230600935 121981.0167710356
121392.7890378106 121940.2562763029
121922.9366332138 121940.2562763029
122086.0589702610 121532.6513289758
121759.8142961667 121369.6093500449

126245.6785649635 127239.1205915550
125633.9698010366 126872.2761389606
125144.6027898952 126464.6711916335
121392.7890378106 121654.9328131739
123758.0629249943 120635.9204448562

122371.5230600935 121981.0167710356
125960.2144751309 127239.1205915550
121922.9366332138 121940.2562763029
121800.5948804285 121654.9328131739
121759.8142961667 121369.6093500449

122371.5230600935 121981.0167710356
121392.7890378106 121940.2562763029
121922.9366332138 121940.2562763029
122126.8395545228 121532.6513289758
121759.8142961667 121369.6093500449

122371.5230600935 121981.0167710356
121392.7890378106 121940.2562763029
121922.9366332138 121940.2562763029
121392.7890378106 121654.9328131739
121719.0337119049 121777.2142973720

121759.8142961667 122429.3822130954
113073.5498484057 114318.0437612864
125144.6027898952 126464.6711916335
125633.9698010366 126872.2761389606
126245.6785649635 127239.1205915550

121759.8142961667 122470.1427078281
126164.1173964399 127157.5996020896
121719.0337119049 121777.2142973720
122330.7424758317 121777.2142973720
121392.7890378106 121654.9328131739

121392.7890378106 121654.9328131739
125960.2144751309 127157.5996020896
121719.0337119049 121777.2142973720
122167.6201387846 121940.2562763029
121759.8142961667 122470.1427078281

121759.8142961667 122470.1427078281
124369.7716889212 119372.3451081422
122167.6201387846 121940.2562763029
121719.0337119049 121777.2142973720
121392.7890378106 121654.9328131739

