29484640.5816939510 540677.3977611512
29598327.8027469739 589451.9439163208
29492125.2544865720 559260.3471679688
29577778.0247776732 582882.9512023926
29601323.9679118246 590778.9030771255
29507238.8578227423 562884.6701660156
29818852.6594411060 626870.9975585938
30019615.3073087782 645429.6511840820
29643004.2160493806 598924.5457763672
30540719.7864317708 675687.7233886719
29522696.9483372681 572449.9444676638
29495852.4183294140 560221.0274963379
30358788.2617822737 666834.0278320312
29745393.8689145669 617846.5781250000
30081400.5084071532 651962.1850585938
30043622.5287131593 649000.6198730469
29508180.6275712028 563169.6135749817
30294221.5358705670 660937.5126953125
29503846.4997123219 562652.9176034927
29838510.6404825263 630239.9979248047
29561843.0419796370 581143.7734680176
30027111.1073137559 647947.3510742188
29662174.5865480676 605860.3925476074
30180310.7573129162 657083.5466308594
29949784.9822227992 640237.7116699219
29979823.8458864316 641431.2192382812
29816811.1209605448 626633.6834716797
29543281.0602414943 576604.8611139059
29757483.5364227109 618695.5242919922
29583713.7701962441 585155.9543075562
29873393.8549313135 632367.0280761719
29609531.6370170526 592401.0134735107
29657055.2137646340 605485.8266296387
29475050.3549307100 535972.4434585571
29562562.4116505869 581398.2991027832
29671569.4585366547 607252.3627929688
29575634.7464134097 582314.2731323242
29542960.0658752136 576317.3509387970
29649024.8756500483 600814.7863311768
30169829.2192550749 654262.6909790039
29550919.6583965123 578873.9272079468
29752119.9086143635 618258.9549560547
29556609.9950946644 579544.1404287815
29478372.9269546084 536097.3426513672
29515245.3085160553 565845.8969003446
29559374.1703085229 579825.1488838196
29543197.4560842142 576599.1654993296
29542236.2642903440 576118.3335738182
29926502.3209295347 638668.7066650391
29907097.6384163685 637358.5583496094
29485194.1381479688 546162.0060044229
29573137.4053113982 582304.4453735352
29820277.4920852818 627112.6505126953
29482743.9378129356 536933.4737996991
29590550.4517895058 588036.3349809647
30190478.5258925669 657673.2620849609
29491563.6914138980 549227.3115982320
29521970.7125730999 566200.0469820499
29603483.6025728881 591173.6820831299
29538967.9523090124 575642.3621084690
29613178.4001365826 593422.1682434082
30000530.1534300558 643676.2600097656
29585110.3817868158 585367.2772165537
29676688.8313200884 607594.4023437500
30049916.1223275065 649363.8779296875
29561607.3273707032 581027.7124328613
29572592.8457577452 582167.4103698730
29954100.4517863020 640619.0715332031
29478892.5964867361 536700.8114070147
29531622.3135329857 572613.1338057518
29611362.3284228444 592907.1365661621
29740364.0409889482 617434.3623657227
29548704.0200483687 578462.5172500610
29620246.1797130629 594031.0760650635
29554883.7453793213 579297.4467210770
29485713.8076800928 546980.8176078796
29533896.5043195188 573080.6609445810
29586079.3587721102 586492.0298273563
29510336.8707121797 563703.1541385651
29558654.8006375730 579570.6232490540
29501800.3221651092 561313.6807883978
29647365.1245652474 600755.1118621826
29994604.1593556367 642442.1862792969
29599503.2834973671 589904.8412475586
29735254.2019321844 614775.3791503906
29775550.5301141217 619953.0695800781
29656508.6794906147 604607.6541748047
29621165.7277029306 595214.1927795410
29570703.7867257930 581817.0428771973
29925999.0230459347 637954.7912597656
29653956.5814781934 602090.0543212891
29489736.2822755761 547833.8327560425
29598382.2096601725 589499.2846527100
29936581.2000934929 639282.9923095703
29518979.0230332278 566191.6645851135
29852563.3800594993 631164.7998046875
29637776.7736577019 598094.1127433777
29561277.2622785866 580376.4889831543
29531720.4864081740 572840.2018767595
29515137.0088538453 564980.4629335403
29571873.4760867953 581912.8847351074
29511254.7232712097 563861.2500095367
29829771.5133254118 629648.9189453125
29957794.8485541567 641263.2387695312
29811091.1282561459 625141.0120239258
29598179.9164876938 588823.1545715332
29484394.1470365115 537603.2282425994
30198960.8298209161 659209.8210449219
29836443.8809823766 630128.7440185547
29539680.0789294690 575808.4550981522
29811538.3649281673 626521.5715332031
29734015.1996875778 613349.7379150391
29518637.6666264832 566077.6016682687
29509919.4066389017 563377.5872077942
29561400.5659859926 580682.3440952301
29500051.2160051465 561090.2172833681
30190478.8355800994 657781.0041503906
29649834.6429022811 601916.0189666748
30232106.6270188130 660706.9914550781
29760034.0380132608 619573.9667968750
29490737.5991921537 549059.1779004335
29548194.1623818427 577199.6490612030
29782797.2699621804 620378.8438720703
29488058.2116758674 547694.1946868896
29487479.2739117965 547642.2058525085
29924329.0790075995 637728.5081787109
29618907.4660543725 593923.5055923462
29996047.5582999326 642499.3691406250
29598199.5500335544 589090.9830703735
29711449.6349183992 610017.9613647461
29537878.3806084208 574101.3031622171
29534108.2984330580 573156.6410166025
29548445.4507850744 578232.9090452194
29693154.3390558138 608375.9489746094
30038773.8423373699 648666.4204101562
29559243.2309373319 579592.6431694031
29940564.7343142927 639530.2248535156
30396962.2342447676 669124.1176757812
29721763.7032961734 613210.8756103516
29793633.6069869325 622993.5241699219
29917617.6343906485 637375.6937255859
29692842.6835037619 608108.3329467773
29486959.6043796688 547342.5836106241
29670644.0719053037 607142.9409790039
29536727.5825695805 573538.4823818207
29689875.5679124668 607862.0665283203
29828628.7742760777 628946.9849853516
29754391.6430828311 618301.3282470703
29949330.9955749810 639753.0983886719
30204134.8678024486 660379.3112792969
29632810.5843571126 596511.1514282227
29583068.8169719093 584866.7713184357
30341622.2626370564 661123.7622070312
30579633.0384573452 676835.0361328125
29668877.5916991681 606825.2959594727
29739537.1882894300 615400.7502441406
29748840.3994378000 617876.0186157227
30726747.4595004693 684789.9091796875
29738611.8016580790 615291.3284301758
29687339.1283387914 607781.0209350586
29717177.7942618616 610433.0788574219
29675763.4446887374 607484.9805297852
29788061.3213052154 620731.6583251953
29663758.2189157344 606502.2722778320
29708438.6671047509 609841.9998779297
29977283.8676534630 641425.6103515625
29480658.0627184398 536876.3551081866
29474916.4556703530 522566.4182405472
30371205.3451857939 666942.9169921875
30562895.6692481786 676633.6711425781
29663106.1598047577 606181.7261352539
29484134.0917334706 537031.0465353653
30154542.7296430245 652323.9357910156
29700338.4835087396 608778.5960693359
29700549.4614180550 609096.1972656250
29994210.7991652638 641866.2995605469
29772624.7914800718 619762.2283935547
29712058.4214784317 610110.0551757812
30592508.0701766387 677440.2099609375
30378110.0066688135 667531.4853515625
29605347.5764764696 592206.9416656494
29879075.5626435727 632649.2441406250
29718945.4349233806 610688.2244873047
30281376.7456673682 660819.4187011719
29647282.5448898636 599398.4191131592
29698570.8428472206 608523.4504394531
29686268.4860662445 607716.2644042969
30049005.9339735284 649036.1977539062
29474043.0622002818 522553.3402976394
29625924.7313675433 595870.4827270508
29716116.8623005748 610152.9521484375
30380438.1742281429 668317.5788574219
29791231.7428947128 621671.8568115234
30058100.5920427255 649441.6108398438
29632596.5504849143 596181.2985229492
29637715.9232683480 596515.9109497070
30058699.3459397890 651155.6462402344
29971676.6519930214 641280.1848144531
30482564.3090578020 669161.5439453125
