30213893.0802593976 650559.9960937500
29859562.8395852260 616367.8023681641
29732134.2006724291 595491.8019104004
29739676.6056299917 599381.1381225586
29728344.5226868838 591717.6112365723
30195273.8802799284 650048.7001953125
29733217.8423085473 598501.0221862793
29801884.0798731968 606162.8917236328
29891699.5250945054 622319.8802490234
30050174.5681758001 637713.9011230469
30008452.7242555171 633805.5610351562
29655921.4020783901 566532.6246337891
30277872.9099166989 652595.2602539062
30759163.7633346692 678905.0009765625
29896793.9081053548 623868.6232910156
30244991.9520042427 650950.5258789062
30021905.4735194407 636194.0881347656
29665557.0261569396 575565.1209106445
29645604.8821974657 553798.2977142334
29697699.9203258343 587421.2586364746
29983879.1469121017 629472.3310546875
29711884.9366762526 589882.4321899414
30153882.8267709427 645259.5499267578
30454593.6749963686 664190.1311035156
29761271.4756695144 601103.0888366699
29658827.2652469426 567580.8562927246
30018220.4492685571 635327.7674560547
30340853.5993856899 659994.9721679688
29777108.9920643270 604562.2974853516
29629387.4797026403 552686.7351531982
30577281.6363235004 670852.5654296875
29934858.4077637903 627929.1091308594
29776376.7249778323 603034.6301879883
30061633.2642252855 638637.0500488281
30152666.8514111340 644883.8052978516
30229764.4830784053 650741.6862792969
29680194.9159221053 578350.5093383789
29910246.6573692933 625376.3402099609
29809225.4198726155 610422.4849243164
30001585.3514194116 631829.6760253906
29684010.7899002582 587226.8229064941
29746670.5915724859 599467.2542724609
29988150.6785338931 629849.5227050781
30620785.3513863571 676524.9301757812
30039015.5670452304 637626.1790771484
30099743.0233097747 641004.2539062500
29860110.5555708930 617111.3612060547
30258350.1431707628 651729.9931640625
29733438.9056977518 599263.3595581055
29659319.3262246996 575307.2821044922
30063627.3174397200 640102.4282226562
29851552.2116983421 616021.4416503906
29675401.5486004874 575745.6665802002
30669189.6018689051 677821.2373046875
30311478.2563916259 657384.2603759766
29747402.8586589694 600962.1957397461
30151087.1252833903 643592.7464599609
29790340.6779390611 605579.4383544922
30393409.0266542658 660860.2392578125
29814119.8252640031 611232.2913818359
29951476.4403118156 629361.2000732422
29776887.9286751337 604117.9635009766
29680153.3391178735 577706.0852355957
29817172.7362908013 612827.2764892578
29989485.2404671796 630263.0257568359
29901688.3134967349 624286.4206542969
29646890.4440240785 565016.5694274902
30171390.1820822954 647572.4510498047
29921405.6584998555 625540.5820312500
29872126.2660858259 617829.2772216797
29846657.8063069619 615603.6442871094
29789124.7025792487 604947.0556030273
29927754.0126806349 626395.4840698242
30806382.6608109400 684789.9091796875
29909030.6820094734 625077.1153564453
30000311.0889645368 631127.8459472656
29880635.9243102074 619301.1819458008
30298246.5705168955 655925.1520996094
30141319.4002703466 642871.0228271484
29931173.3835128956 627062.7884521484
29946874.1182787195 628570.5053710938
30397584.8941528238 661291.2792968750
29802987.7199403755 610304.7063598633
30573327.9544874541 670067.5541992188
29812078.3532799482 610899.1334838867
29830404.4221655354 613844.4173583984
29841784.4866853058 614499.2352294922
30463152.0188689195 668259.9511718750
30311699.3197808228 658313.6791992188
29905152.2743584290 624662.1652832031
30006289.1359920390 632510.5894775391
30166787.8600491993 646781.7563476562
29767504.6044656485 602312.4945068359
30246132.1950647272 651345.0073242188
29923151.6906475388 626094.2562255859
30166269.2172653899 645978.8801269531
29711843.3598720245 589238.0080871582
29713495.8599164151 590236.0431823730
30007347.9938043989 632662.8398437500
29883973.2720655091 620888.5012207031
30062030.5260108486 639307.4720458984
30454421.2501372956 662156.5463867188
29887503.2971463203 622077.5497436523
29875741.5189188272 618906.5380249023
30164275.1640509479 645394.3121337891
29891920.5884836949 622764.2142333984
30450374.0037195534 661371.5351562500
30525450.4703899175 669556.2583007812
30139358.9742403887 642648.9882812500
30119836.2074944526 641783.7211914062
30179721.9665293172 648367.4072265625
30034810.5067976937 636835.4843750000
30521403.2239721753 668771.2470703125
30057428.2039777525 638516.7773437500
30376623.0422571413 660506.2680664062
