134327627.8978811204 237794.4856462479
130931704.9998579025 167000.5813751221
131046450.7789511532 171024.1492462158
130779939.5748223662 161836.3358840942
130666269.4653797448 157765.1676712036
130902270.4680411369 166901.8382110596
131172411.8149366826 174339.1527023315
131336642.9456019849 179264.2077560425
132095112.2278775871 196187.6618547440
132069930.4897052944 196034.7426652908
131415686.4293776453 179483.6303634644
139690545.6861457229 279547.2159007788
139185125.2376852334 275742.3471873999
138209464.3705871701 264230.7097476423
137894792.0304354131 262213.6091969907
130600352.2956039160 150595.2231750488
130627746.8827268928 154231.0390663147
130801558.8307060897 162878.2703399658
131446860.2282842547 182797.6551437378
131398349.3574946970 179289.0331573486
149732179.7050162852 333975.3118791580
133993177.1097588092 228837.8377885818
131689222.9666743428 187267.5489397049
133124371.4783995152 218358.7436566353
130828064.2244428247 162918.5042572021
131045597.3501203805 170355.9285812378
131262320.8988909870 177689.0954513550
131098487.9140221328 173566.7844161987
131221353.3874294460 175477.8654708862
152712284.6537310481 360536.0429077148
140619037.4664530754 284219.9840892553
152908994.9126467705 362553.3435058594
136500705.9289528131 256692.6704403460
130961488.7616696209 167481.5580978394
131649082.7386021018 186985.9871368408
131030538.9580988586 169972.8615264893
131282819.8092462718 178675.3441085815
144181759.3342549205 297374.1797844153
131202203.8368494809 175166.7221221924
131035950.4390565455 170216.8416671753
131781270.9945167154 190730.9627227783
131596289.2145112306 186944.7915802002
132159127.0675049573 198630.1866121292
131243037.1357555538 175531.5829620361
131444728.5752615035 179679.5578536987
131189095.9464384615 175141.8967208862
131228808.1342726797 175506.7575607300
130796009.5420365036 162407.7814483643
152391271.7448653281 354858.3395996094
131219161.2232088298 175361.3193283081
130958665.8524954170 167286.4518966675
131257116.0174828172 175557.2468185425
144611113.6605215669 301058.4051820636
144613496.8341320753 303648.3995668292
140262715.6730028093 281405.7270091772
130837718.6809699237 163176.2743377686
131173689.5253235549 174604.0579147339
131508616.3038423210 182863.6761016846
130833998.0253339559 162928.6470489502
130898784.6397570074 165949.2936553955
131455822.7797514498 182822.4805450439
130701235.9860248566 158806.3360137939
131076519.8228125423 171239.0082931519
131154315.1425629407 174142.4998703003
153270947.7000665963 362593.2248535156
131086118.4314719141 171406.3334884644
136340299.4716214240 254830.6814721414
136287204.9115138352 254769.5208276101
139358624.9053309560 277987.1410716772
151006397.3486536443 347330.8809204102
151358910.5132205188 350380.9776611328
135261350.4003655016 242819.1344852448
132912644.1884862185 213666.9799847603
131332345.3995627612 178894.2842559814
140119800.6500577331 281150.0973705053
131285121.6505052894 178700.1695098877
139448138.4014269114 279220.5847972631
130869350.1079402417 165850.5504913330
131333416.4527115226 179036.1382598877
132464625.5958032459 204323.5998730659
132766221.2627022266 209015.4635205269
130860774.2500251830 165812.0321807861
132339265.5594095886 200397.4914746284
130650824.9526330829 154250.9084625244
131920806.2852285951 192048.2443742752
137180163.2255030572 261195.1306876391
132415862.3235953897 204279.1069531441
131919535.1819650829 192046.6963086128
132503984.0468062609 204512.8391308784
131824680.4431735277 191008.5080842972
136080451.3856639564 250851.3228295632
130659940.9853582829 154261.0278396606
136281502.9531791806 253793.5077117272
153278432.9054799080 362713.7585449219
130760092.8149849176 159155.1738448143
130792836.1098850965 161985.6929931641
153367351.9960573912 363531.4011230469
133879349.5800700486 228348.5383501053
147301167.1886354089 321528.9846420288
133979391.9041639715 228595.0708513260
130894887.8229015619 165939.5186767578
132799962.6338249892 211970.3473248482
130665391.4119289815 157755.0482940674
131835165.0556103140 191346.3179597855
132279810.6259160489 200291.3183789253
132847607.1409296691 212523.7290234566
134801656.8579886854 241875.1075820923
133785577.8666909635 227311.5664262772
132935169.2178988457 214229.3603558540
132704322.6051844507 208452.0674023628
136171911.1195901036 253284.5636742898
132470678.1133914590 204413.6294140816
132485756.9827487320 204432.2839250565
131003018.9744046330 169863.8367919922
131566719.1815523803 183451.6897478104
131974534.3245116472 194639.3372468948
152373349.5371707082 353064.0963745117
130733226.0217190385 159151.2386932373
131518424.3793461472 183115.7209978104
132186052.7073145807 198777.6407318115
132076197.0286264122 196143.6371355057
132567906.3132446706 204833.4031567574
132150699.5373811424 198624.7215423584
132301550.9046759903 200309.9728899002
132648831.6738759875 208445.9109082222
132349829.5725951940 201576.8892745972
132129345.9752960950 198095.6048431396
135954553.3541013300 249901.9169457742
133193330.4832775146 218592.5234417915
131585359.2062776238 183633.7593278885
131564206.1752309203 183394.1290788651
134057557.7658082992 232426.5818099976
132726611.1709076762 208749.0316544250
132597595.6213957518 207899.4992871284
130982841.0380761325 169761.4740753174
132619802.3178681582 208401.4179883003
135871537.1551599205 245950.3375142789
132280607.9179367572 200307.3356981277
132402126.0358457565 204201.4979143143
133843145.4256698042 228239.5727739334
149409695.1893930435 330563.6952514648
131694158.6764420271 187281.5964021683
146090715.7837992013 309104.2883434892
134995611.5067352951 242470.6000137329
133821707.0480257720 227545.5510454178
148596043.3337327540 328552.4887237549
132583407.4109231234 207867.7787065506
131593981.2346484810 185902.5815324783
145660582.8402061760 304240.1598109752
132707508.5903271735 208635.1501660347
152600698.6112568080 355941.6483764648
132578386.4772865027 207544.7484636307
150938313.2021431923 337470.0522155762
132600104.6558447033 207911.9949536324
152890584.8378565311 361234.0035400391
138739253.0144604743 271116.7244768143
131534835.2575803846 183297.7905778885
133519374.0785680115 224950.1591081619
132605650.5793666691 208323.8089494705
134740505.4118307829 240801.5991592407
131842571.3533000946 191403.9074373245
133200663.8531632572 219496.3068742752
133371978.7322204411 220934.2230730057
132044678.3588766456 195649.5107192993
132569750.7659414709 207507.3398332596
132996743.0558962077 216095.9721755981
131755943.4719406962 187865.0999650955
134051665.4178932011 232124.0902175903
144382873.8074828386 297523.6995023862
139163034.2483507395 274269.0846751928
138883594.0713579059 273832.1734203100
135062295.0501310527 242634.6988906860
134736809.2673967779 238864.6046524048
132985559.9023842961 216079.9797258377
131895227.7466740608 192009.8382463455
142388267.9493697584 290967.1177858710
143704117.4985590577 296258.7809912966
132024083.8841845542 195232.1139574051
131884790.3257930577 191990.1431322098
132045050.0275564045 196007.8984880447
131756087.8751703650 187865.1729631424
132039572.6961212158 195574.5445451736
146161047.9337339699 311531.6998730302
132202103.2273071855 199809.2693376541
134604123.1000362933 238496.7550356388
132125227.6793707609 196192.9993181229
133258630.0773032904 220827.8480730057
133453157.2051854581 223602.0519914627
131945027.1351916790 194634.5753679276
131664625.1326802820 187247.6314334869
131745650.4542893171 187847.5986986160
133197419.7848219573 219495.8088274002
133241556.6450149566 220202.2907609940
134031687.8894213736 231863.2318191528
132233717.4175048620 200061.6126146317
131715149.0813775212 187583.6001834869
132256161.4646792561 200128.1582536697
132274411.8560740054 200212.4805345535
131707770.2403893620 187287.8899812698
133518049.6847730279 223625.6591691971
132199931.9968545884 199243.7889909744
146494895.9092339575 313133.1594591141
131726556.0995973200 187845.5474290848
132375144.8421997428 203644.2952165604
134864046.7653397918 242413.7413711548
131581756.0535492152 183596.2392492143
132196342.0635211170 199118.9901628494
148359240.0423876941 321862.2255167961
148561076.3543230295 323723.2875285149
131932866.9652304500 192090.2424821854
131862536.4539642781 191883.5361833572
132006332.5970394909 195121.4779558182
132946519.9023752958 215367.4853410721
131940489.2599474192 192221.5562028885
150352442.1098611951 335865.7906188965
131723396.5824605525 187738.8176774979
131771951.9585416466 188076.8376970291
146942924.1083959341 315975.0318965912
132782676.4127566367 210707.1429791451
144456627.9051164687 298455.8919258355
138362183.4971739054 265526.1352729797
138671248.9353539050 268620.5473246574
141659263.2446751893 285499.6109906706
145433216.3507089615 303997.1397254467
135415104.2677520812 244582.6041178703
147965219.7471305728 321694.3778610229
