30326814.7892990485 0.8806937576
29919526.2989325300 0.8157271634
30005278.1076440252 0.8215719368
30449553.9729250632 0.8867549378
30732304.7609890215 0.9246288336
30152542.8756379597 0.8583474179
30536319.4451644681 0.9026490061
30133704.6136552542 0.8430229854
30888932.9152008966 0.9442699583
30520359.6111018434 0.9026076440
30716344.9269263968 0.9241773996
30497208.2179438807 0.9012495150
30424680.4402521178 0.8866038595
30504351.4155088998 0.9021448062
30224455.1011823900 0.8640707287
30376752.5765339248 0.8856482256
31096230.3964329660 0.9536803318
30469548.7978483252 0.8888714258
29885634.4613498859 0.7967985092
30569468.4110947773 0.9069361386
30374386.3417109549 0.8855217772
29866530.3146096654 0.7967345526
30691977.5584086254 0.9227002027
29971164.8292971998 0.8181859620
29754494.8899213187 0.7531526745
29774745.9289047979 0.7546235210
29713722.6608017497 0.7331724724
29884033.2789311036 0.7967897570
31080891.7324815169 0.9518358111
30601436.4407503530 0.9080135459
29728848.0443687215 0.7530123086
30251572.3103537299 0.8642133880
29872508.3616371714 0.7967349135
29686054.3452138975 0.7118843976
29778698.4994938560 0.7578603749
30499237.1971451268 0.9015669238
29703718.5801017992 0.7313071705
30695222.5129696801 0.9229812853
30775420.6228800975 0.9282248117
30303760.1162965298 0.8800803090
29766957.3747543767 0.7532985528
30872112.6798089668 0.9305478981
29796303.2824498899 0.7771374677
30582332.2940101288 0.9069728258
29835402.8772664070 0.7773260477
30343603.6106036194 0.8811565954
30954588.8313109055 0.9454653127
30797421.7565749064 0.9294201661
29995743.1790441871 0.8201799307
30033856.2544207685 0.8372137782
30392712.4105965458 0.8860996596
30265671.2840117663 0.8643518112
29956628.4383971505 0.8167935950
30483910.9078333043 0.8891839992
29768163.7714828588 0.7538461366
30599790.3551423810 0.9078397666
30676626.7423941605 0.9106115328
30777449.6020813435 0.9286762457
29984885.8512202017 0.8185084470
30302474.1161665246 0.8797984665
30619762.5096359439 0.9085836870
30497556.1855503507 0.9013682221
30192870.0782183595 0.8588074879
30190095.3992923014 0.8588074860
30089916.5310060419 0.8396162812
30692325.5260150954 0.9228351207
30200960.8503440656 0.8589634758
30496340.2101905420 0.9012491541
30020170.9697606191 0.8215770130
29688540.4594061002 0.7309894008
29981516.2500838600 0.8182495577
30353511.6917806491 0.8812835362
30322501.0319998078 0.8804145243
30696372.7724328414 0.9234334792
30094589.8730082251 0.8396366497
30232513.9743816443 0.8641897966
30273946.9078668654 0.8646486129
30266858.4716415666 0.8643693777
29994138.4831989557 0.8187478773
29903429.3319571055 0.7987790582
30162302.5957849026 0.8585120418
29770747.0527399145 0.7539874719
30712332.6064954624 0.9238849132
29984413.2370384447 0.8184246528
30169814.9578449912 0.8587838947
30271172.2289408073 0.8646486110
30583830.5210797638 0.9073883326
29915212.5416332856 0.8156080954
29855915.1360322349 0.7786008712
29771399.9646529369 0.7544740392
30124117.6219275817 0.8425841139
31064319.6788832396 0.9499457330
29907522.0258671530 0.8001259644
29905841.0142723694 0.8001208883
30386865.9251462892 0.8857951185
30499926.2289040722 0.9018402651
29888295.5710983984 0.7987288822
30498706.4450135157 0.9015472076
30305789.0954977758 0.8802349433
30004650.3749987781 0.8212876995
30890961.8944021426 0.9447213923
30059168.7451383583 0.8373328462
29883026.0154587328 0.7967396287
30674597.7631929182 0.9101600988
29992457.4716041721 0.8187428011
30119637.8833977655 0.8399594955
30872264.0906122401 0.9314480119
31097711.9678734392 0.9655578714
29845357.6744111143 0.7784122911
30984199.6755526438 0.9495127248
30125066.3664358631 0.8427387481
30221103.0490691215 0.8592434691
29965186.7822696976 0.8181856011
29759451.4442597106 0.7532752467
30113659.8363702670 0.8396417258
29845190.2723739333 0.7781126310
30292103.8108376339 0.8647130856
30000404.7880223654 0.8202281448
30140930.5257047415 0.8430280615
29901748.3203623295 0.7987770963
