30451408.2533681616 0.8861004195
29822171.1913916841 0.7761351421
30705119.2628630847 0.9227419614
30171817.6890318319 0.8587838947
30200960.8503440693 0.8589634758
29838177.5561924651 0.7773260477
30517563.2660307214 0.9021448062
29731897.6114680097 0.7320742093
30253096.0336352214 0.8640510125
30498706.4450135157 0.9015472076
30712332.6064954661 0.9238849132
30304573.1201379672 0.8797981056
30305789.0954977758 0.8802349433
30004650.3749987781 0.8212876995
30890961.8944021426 0.9447213923
30405924.2611183710 0.8860996596
29813184.0920902565 0.7735054600
29717436.3791994452 0.7318794026
30676626.7423941642 0.9106115328
30466155.6976225749 0.8864331464
29756693.0825048722 0.7523705764
30059168.7451383583 0.8373328462
30335712.8825216293 0.8804145243
30476265.3930225931 0.8867551616
29698765.6034952477 0.7298911377
30599790.3551423848 0.9078397666
30482760.6483701468 0.8888714258
29804180.5867660716 0.7568946883
29910296.7047932148 0.8001259644
30786533.3481333181 0.9282248117
30479863.6614155658 0.8887252612
30387067.4401011690 0.8855020610
29883026.0154587328 0.7967396287
30481881.9286320619 0.8887325653
30674597.7631929182 0.9101600988
30359796.7507666834 0.8807107285
30238389.5851066038 0.8596251992
29940087.3376592398 0.8011367627
29992457.4716041721 0.8187428011
29770747.0527399182 0.7539874719
30483910.9078333080 0.8891839992
30119637.8833977655 0.8399594955
30103773.7241288871 0.8374951590
30358716.5160737149 0.8806945176
30554530.8525440320 0.9021455662
30872264.0906122401 0.9314480119
29997191.3942257576 0.8189029024
29888295.5710984021 0.7987288822
30112149.2112246901 0.8382446436
29825734.7384086177 0.7771374677
29908615.6931984276 0.8001208883
30706335.2382228933 0.9229812853
29792575.6100882478 0.7542739422
29858689.8149582930 0.7786008712
29874648.0174770541 0.7952021805
31097711.9678734392 0.9655578714
29845357.6744111143 0.7784122911
30478213.6354689002 0.8870726580
30984199.6755526438 0.9495127248
30125066.3664358631 0.8427387481
30221103.0490691215 0.8592434691
29965186.7822696976 0.8181856011
30241381.9155140147 0.8610876982
30591799.2463559657 0.9067899741
30277943.2158075310 0.8644740339
29759451.4442597106 0.7532752467
30103070.7138284072 0.8373772746
30250321.9808499105 0.8640351624
30593817.5135724619 0.9069368986
30788562.3273345605 0.9286762457
30109132.7762979828 0.8376375187
30707485.4976860546 0.9234334792
30595846.4927737080 0.9073883326
30255993.0205898024 0.8642133880
30039942.2903696187 0.8371782119
30501603.4319681004 0.9016933722
30113659.8363702670 0.8396417258
30389964.4270557500 0.8856482256
29845190.2723739333 0.7781126310
30278543.9927093424 0.8644791101
29818436.2035676986 0.7737511320
30277191.1133681238 0.8644092371
30292103.8108376339 0.8647130856
30000404.7880223654 0.8202281448
30139249.5141099654 0.8430229854
30140930.5257047415 0.8430280615
30016487.2269789986 0.8215719368
29901748.3203623295 0.7987770963
