290066377.4845709801 254286.8639211655
289339255.6114435196 246321.6053733826
289692723.4831773639 251981.0520286560
292242018.1681964993 270820.6544904709
295614401.8089887500 291274.3685302734
294313597.9915763736 283135.1600341797
294082427.3414543867 281627.3349142075
290861603.7712092996 260371.2574329376
293892030.9171040654 280641.1692924500
290541925.4821360707 258617.1062602997
303268784.6287087202 313850.2966308594
289598484.3940812349 251182.1790428162
296416620.2475800514 295534.3253784180
295744016.8206691146 291768.8554992676
295947959.4863713384 293042.4046020508
291485996.8206388354 265685.8309087753
300398721.7734569311 307968.4644775391
297988894.3589714170 301184.0010375977
292749979.1675618291 274287.9940595627
305636174.6243659258 314914.9692382812
295475354.8316577077 290073.8127441406
301890116.8416615129 312080.1083984375
302612613.8201515675 313341.8529052734
299157070.1686842442 305014.2216796875
294756850.6722740531 285667.9532890320
293667037.3091282248 279831.1446723938
301775632.2951858044 311241.5808105469
294753708.9179086089 285573.1551208496
290264898.7702938318 256551.3118705750
302188525.7782603502 312613.8950195312
296765114.8564618826 297386.0169067383
293545943.9841257930 278779.8126106262
290638007.2838924527 259840.9444065094
291172308.1096100211 263377.8702764511
297760340.9531220794 301087.6837768555
292516341.8404797912 272578.8479719162
295940785.0842921734 292502.4230957031
297733736.4394221902 300725.6537475586
289821696.9403228760 252355.1019248962
305185929.9236181974 314401.8109130859
295513146.5391327739 290355.6644897461
290076406.2231025696 255308.5083427429
290879155.0217936039 260753.9473028183
290598295.4642431736 258645.8977756500
300398721.7734569907 308018.4978027344
291380862.8726860285 264208.5343999863
295002602.4034398198 287103.2660827637
292589636.7668779492 273225.4211835861
297539069.2813079357 300021.7278442383
296479221.5641587377 296290.9785766602
296765114.8564618230 297335.9835815430
293498544.7165701389 278324.2000923157
293459088.1492148042 278250.1542549133
292535222.1025864482 272777.8679914474
301939152.0642059445 312292.1093750000
292535222.1025865674 272825.3412580490
297061906.7204570174 298709.2427978516
295873123.1626923680 292408.2482452393
289797711.9662995338 252020.0015525818
290361256.2992910147 257395.6513042450
292227238.3357648253 270342.6706037521
295862379.8341916203 292303.0271759033
294687540.5652986169 285538.3819274902
291769608.5080521107 267497.7260236740
294229765.1979703307 283053.2948598862
308747944.1257555485 315118.5006103516
290136137.6662626863 255329.3308525085
296404385.2404797673 295493.8479766846
290969900.5187099576 262137.0696172714
289122970.2969404459 244960.0140523911
291075102.2447412610 262761.9829196930
296958994.0730094910 297594.9551391602
293982803.4207916856 281562.7652578354
291417443.4874259830 265196.9908208847
289036290.1364068985 235828.1084308624
294817094.5571847558 286699.4178161621
295769844.6976891160 291992.5261993408
292169566.0946879387 270299.4215803146
292718924.6774532199 273445.3072004318
301910136.4651722312 312091.2354736328
290245381.1949833632 255846.4583110809
294903499.2237404585 286773.1885681152
292342789.6516152620 271462.1854963303
289977509.3022266626 252772.5503566861
299102695.3682454824 304892.3972167969
290164561.4551487565 255605.3128032684
298841395.3000914454 304264.5211181641
294817094.5571848750 286713.1028747559
299146326.8401833773 305001.2709960938
293667037.3091282845 279994.1189155579
291674336.3769414425 266276.7703723907
292285015.5378856659 271101.8282575607
289463123.6637731791 247451.3535099030
294903499.2237404585 286776.0070495605
292510901.3882616758 272516.1943464279
292308879.2935713530 271321.3255109787
293230443.5543258190 277052.9417915344
289527620.5994274616 250729.6043357849
301910136.4651722908 312132.7839355469
296167975.5581535697 293789.4087066650
298900315.8056461215 304321.7150878906
291670927.1534674168 265949.2349109650
290312241.5536422133 256676.9834575653
292940717.5429255962 275248.9118757248
298745231.4028741121 303682.8854370117
299102695.3682454228 304861.2230224609
295045271.1464782357 287438.2157287598
293702831.5186046362 280011.4844551086
292169566.0946879387 270262.1520490646
291962737.7011247277 268353.6420392990
293377900.3188019395 278138.9162626266
292131148.2452151775 269751.1752424240
295496207.0147811770 290144.0757141113
289047298.4900465608 236426.6408710480
300640843.3622483015 308285.5510253906
290061519.4762683511 253777.3168315887
294667520.9417877197 285499.3843688965
293206579.7986401320 276822.6473579407
293152671.3749667406 276485.5860395432
295308199.1996322274 289355.1459655762
303346096.8039314747 313936.5965576172
290878594.5967342854 260624.4506702423
289260586.0672599077 245137.1471385956
298522801.7883378267 303180.6878662109
290170587.1445448995 255712.9403667450
298639617.2876659632 303440.2518310547
290775199.1046534777 260284.8925647736
295359099.9634727836 289947.9917907715
294209428.6777712703 282575.9815702438
295139908.9060665965 288477.6278381348
293922022.5760107636 281492.9630317688
290058338.6165635586 253702.5855083466
295359099.9634727836 289957.6434020996
292061699.0118179321 269707.8600568771
290966891.4612557888 260765.5378284454
290429549.6681033373 258606.7993755341
295155829.9725191593 288496.2646789551
292145702.3390021920 270041.3546857834
298999830.4967418909 304781.3424072266
295681914.3123548627 291750.9002990723
293355234.4042677283 277153.8369331360
295445504.6300284863 290062.4455261230
293458468.9628868699 278249.2937650681
292401949.8160340190 272450.5439558029
293466421.8362784386 278307.0451850891
296720166.2392145395 297055.6083374023
298032600.6556853056 301213.3195800781
296881930.3557900786 297397.4309692383
297347383.9934439659 299989.0499877930
292766261.2091119885 274508.9291715622
295585776.3919757605 290831.6549072266
295134700.1971263289 287992.1382751465
295983598.8858436942 293181.8965148926
295445504.6300284266 290021.7625427246
289260586.0672599673 245143.5021190643
304850122.9861889482 314199.5626220703
298480071.4822199345 302432.8801879883
299304722.9324102998 305417.9076538086
298151733.6097937226 302028.4838256836
293141490.6364756227 276283.7184476852
292724764.1649158001 274228.7539777756
290861603.7712092400 260367.9637317657
299247059.3282647133 305245.6189575195
305014316.9432650805 314361.0548095703
297338107.6984339356 299833.2969360352
297338107.6984339952 299836.8917846680
292861783.1893225312 275064.8598051071
297607484.4957185388 300235.7279663086
294604718.6603243351 284908.6302795410
296918580.8597927690 297409.7543334961
299456487.5915037990 305921.3301391602
296926547.2929084897 297577.3157958984
294209428.6777715683 282597.1119413376
303068420.0851044059 313772.2426757812
288941561.7461087704 235587.3282489777
288591349.4395111799 235473.6789569855
296922504.0599808097 297500.0475463867
290861603.7712092996 260378.6497669220
295672819.9535917640 291362.4744262695
304625213.1589081883 314045.9685058594
304980999.3042398095 314340.8660888672
293583822.5787682533 279191.6705350876
300394814.5765711665 307581.1772460938
296998449.2105388045 297785.0521850586
295506716.8057587743 290173.2885131836
291355769.0363764763 263666.2915515900
304608576.1392863989 314035.8522949219
291715559.5938078165 266513.9882218838
302799864.2405817509 313370.2911376953
300516610.2286162376 308096.2874755859
299456487.5915037990 305872.5785522461
298097147.5655241013 301998.4215087891
293657808.4042783976 279354.2550239563
294792918.1420702338 286262.8588256836
296208107.0770461559 294065.0263061523
296212933.6133064032 294087.4096069336
296222209.9083166122 294097.5835571289
294332063.5490376353 283154.1581449509
299783512.1115900874 306484.7127075195
294457462.7984505296 284092.1974258423
294532243.0266533494 284364.3655424118
294341339.8440476656 283317.1323881149
291849612.4795296788 267625.2239690423
292003479.4114958048 269180.8067121506
296208107.0770461559 294012.3507690430
294540450.6415739059 284785.1787748337
298700163.8374171257 303571.2137451172
289516800.4591700435 248396.8574657440
299560096.6995972991 306054.2936401367
302569543.2660270333 313137.5817871094
294532243.0266533494 284364.4253568649
299453414.2053763866 305428.0037231445
297159119.1200554967 298718.1593017578
289442879.1323553920 246835.6357860565
294257487.4059868455 283094.7432279587
294099571.9158743024 282017.1707229614
296396016.6970575452 294795.1042480469
298700163.8374171853 303614.2376708984
298509087.0812536478 302485.5557250977
293914134.8955117464 281438.6109809875
297032109.6282688379 298427.1683349609
300677500.0053812265 308295.9829101562
297266658.3243735433 298925.0477294922
304805552.4560981989 314086.2572021484
297032109.6282687187 298416.6284179688
291254645.5365724564 263473.7296619415
302807859.3538609147 313419.0427246094
298819648.6300152540 303754.0993652344
290861603.7712091208 260358.9114856720
294525582.1750544906 284354.1915922165
292027343.1671814322 269391.4003400803
291668600.7219249010 265940.3378162384
305616520.6691541672 314565.4422607422
294076245.7100371122 281578.3881864548
296222209.9083166122 294140.0851440430
301509002.0398065448 310798.8178710938
298388857.6704164743 302109.6455688477
299598728.1322071552 306058.0543823242
299633356.0667763352 306117.7811889648
293587340.0112714171 279197.0347929001
302456683.1622980237 312839.5937500000
295094785.0064510107 287682.3720397949
291949023.8602466583 267844.8698430657
295569638.0686734319 290476.3271179199
296191312.9690563083 293825.2947387695
296358929.1125673056 294789.4577026367
294966340.1091098189 287067.8302917480
296670528.3154163361 296531.0621337891
299721525.1103308797 306326.1526489258
292249993.7526545525 270847.7504583001
298605065.8850044608 303209.8795166016
292238507.1562997103 270475.9150090814
291864271.0811591744 267827.9578557611
292238507.1562998295 270497.9003606439
293785279.9370228052 280262.0299100876
295072498.0868944526 287537.3127593994
300218494.0025772452 307184.6809692383
304608576.1392861605 314025.3123779297
295122163.0917813778 287692.5459899902
292651776.9797145128 273308.8957242966
300196395.6454887390 307033.1959838867
295567256.0283598304 290461.9132995605
302755840.6352021098 313367.7119140625
298441583.1691365838 302228.9053955078
294181923.8225698471 282217.5598783493
305388292.7580422163 314508.9682617188
294356756.7995021939 283552.0838651657
293032724.4415628910 275717.5287809372
294412941.7258760929 283796.9531278610
301747776.1427082419 311168.9613037109
293304224.5868893266 277123.5399198532
292851601.4934853911 274517.7727994919
293068039.9042330980 275914.3120145798
301216419.7234584093 310071.7262573242
302430824.9315506816 312691.8007812500
293304224.5868893266 277142.1767606735
302892274.8133642077 313622.5715332031
301216419.7234584093 310120.4778442383
300904518.1881752014 308769.6436157227
301534556.9000563622 310907.7031860352
300340536.9652802348 307236.4662475586
301060113.9574142694 309416.7654418945
302434632.2190724015 312713.6617431641
300001705.0147264004 306533.5551147461
293095226.1802498698 275922.8781766891
301153705.3789483905 309477.2409057617
300753544.4823572040 308632.0173950195
302599086.9881448746 313222.2949218750
300045636.6175123453 306996.2045288086
300897693.5213863850 308713.9829711914
300818486.3671655059 308666.8967895508
301618307.2655687332 311156.0792236328
301867762.3701061010 311314.0761718750
300927660.9761150479 308896.9616699219
300037349.4181748033 306589.6165771484
301832383.7356613278 311270.7821044922
301474825.0101927519 310364.2698974609
