85271518.6441473961 703507.2281494141
85309613.9980260879 706639.3269042969
86041752.4379986227 793627.6357421875
86710170.0823777616 844991.8564453125
87752050.6943001896 893515.6191406250
86735815.7679617703 845524.2470703125
86846620.2327654660 851528.5209960938
86421310.7281173021 823362.8203125000
86631809.7511691451 839865.8979492188
85720970.9428838044 763011.7707519531
86454209.1803971529 825535.4257812500
85370078.7037022561 722554.5573730469
86604083.6472051740 837479.0820312500
87949794.2393478155 898934.2382812500
85232924.7908453047 689925.6484375000
85476040.1219465733 733369.2888183594
85521101.5585824698 740791.5983886719
85848318.8302508593 775626.6281738281
86272609.1136348397 813478.3125000000
85894110.2381840497 778581.4282226562
85914649.1819083244 782084.8176269531
87325704.0916412026 878749.1757812500
86067465.9886870980 795874.7529296875
85054364.4423828572 651629.3089599609
85894326.6933868825 780219.4592285156
87007118.3977663815 860553.8461914062
86203135.3651350439 808530.5458984375
86376857.4452780336 820855.9609375000
85134922.4294858426 673670.2573242188
85335968.0507339537 715132.2478027344
85517038.7675440609 740588.4982910156
86348109.8996680677 818292.9072265625
86182812.8766135871 806665.1875000000
87719502.9343676269 892111.0673828125
87613489.8060757816 888984.6474609375
87396650.1111565232 879754.7197265625
85938687.5294149369 784383.8225097656
86549324.3906191587 833870.5451660156
86622584.8766192198 838017.1362304688
85569399.7277549952 747958.9807128906
86707651.7840703428 843887.6469726562
85188092.2419529408 689520.3664550781
85425445.8369452208 727217.0817871094
86087788.4772085547 797740.1113281250
86410039.0785407573 823288.3085937500
86569880.5722964406 834870.4965820312
85666559.6634349525 757738.6418457031
85962541.4759658128 788340.8955078125
85605139.9095522761 750213.9670410156
87480763.8487513959 886132.3974609375
86846685.2956746519 852279.4570312500
86946301.6568421125 857900.7851562500
85179745.4250987619 682852.6240234375
85252424.6491358429 698876.8566894531
85458179.8457104713 732180.0261230469
85438791.8757598102 727977.3160400391
86147001.0879035145 801772.5576171875
86333813.9525463581 817867.2827148438
87031160.3001568913 862723.1572265625
85234776.0072588027 695033.5539550781
86497594.4829653352 828890.1806640625
86243933.5594551861 810349.9355468750
85321658.6074355990 708730.3552246094
87314106.5926833153 877405.4648437500
85105683.5370929539 666597.2329101562
85741293.4314052612 764877.1291503906
87211532.5432908386 871707.7421875000
85020253.7894145697 651576.3704833984
87522148.1623153389 886737.5302734375
85823557.0966912657 774843.9650878906
86022709.6436688602 791304.9104003906
85996696.3919914961 790499.2587890625
87920353.7775872350 897087.5322265625
86245229.4076510072 810777.6630859375
87500550.9474033564 886692.4482421875
85271635.6435510516 705775.7575683594
85117062.1532497704 672480.9946289062
85445833.7977822274 730317.0275878906
86154137.3224339485 803536.8105468750
85789185.7254627496 771455.3498535156
86294426.8325152546 814134.0839843750
85405818.8854995370 724809.5437011719
85866057.0103235841 776266.3205566406
87175854.8836067021 869522.7656250000
86306015.8571521044 816045.7900390625
85503241.2823463976 739602.3356933594
86112043.2799179852 801289.6933593750
86527786.5297804922 832623.3793945312
85866136.3450898826 776537.8820800781
85855344.4711359441 776021.3576660156
86302487.3861642629 815325.0185546875
86522926.9886309206 830738.0412597656
86201839.5169392228 808102.8183593750
86500060.4258165061 830236.5634765625
87219308.2458446026 872011.7080078125
85445867.1317226589 732163.0280761719
85216607.0736074597 689597.2521972656
86682443.9784137905 843080.9541015625
85929475.2355440706 783032.8632812500
85650201.3461881876 757636.2766113281
86052337.7129870653 795154.0205078125
85771649.9222799093 768643.7092285156
85558880.6375065595 742278.9611816406
87203302.1278796196 871506.6572265625
86439982.1960297525 825106.0322265625
85739997.5832094550 764449.4016113281
86989107.5727083385 860174.0351562500
85148304.3940795809 680240.7619628906
86108932.6742123365 798960.9169921875
86086492.6290127337 797312.3837890625
86028700.2216390222 792906.9033203125
86859742.1009460092 852681.5859375000
87660177.1403066218 889715.5205078125
88030241.1061119884 901181.3554687500
86832770.6295946240 850654.7783203125
87828490.0814507604 895247.7675781250
85878981.9624840021 778268.4748535156
88100657.9950613379 902630.9892578125
86395812.0941733420 822858.9150390625
85913353.3337125182 781657.0900878906
87015154.1821919084 862218.1064453125
87395435.4258466363 879602.9511718750
87581426.3027262241 888377.4589843750
88292748.8685828894 902752.5830078125
87864989.5529725999 895807.8183593750
85084703.1960011572 663201.3901367188
85909800.6415592134 780326.4982910156
87211293.3287881315 871705.6865234375
86284422.4934023470 813529.4169921875
88336053.9074346870 902771.6953125000
87465436.6365260780 882379.4365234375
86272453.0186575949 811569.4150390625
87782340.8735290170 893856.4814453125
87181852.8670275211 869858.9804687500
87453160.2318284810 882332.2988281250
88259943.8077898771 902683.4482421875
90107343.3204349577 903818.0488281250
87593702.7074237913 888424.5966796875
87310376.8794159293 876947.5517578125
87262909.1727603972 872900.3198242188
86466806.0459996164 826373.8076171875
87970981.9042207599 899230.0185546875
86292928.3321057856 814054.4228515625
89262443.8286824077 903582.6748046875
87437975.2472522110 881601.4257812500
87894979.2303707153 897068.8085937500
86150934.5559731722 802128.3261718750
86814027.1249860525 850406.8085937500
86300436.3599253446 815077.1240234375
87194129.2717250884 869906.1181640625
86581110.9589759111 835455.3359375000
89987572.6257717460 903651.3261718750
86177276.0782277435 803992.5581054688
86493479.6473122239 828434.9394531250
86265647.6065997928 811214.6840820312
87122228.9337281883 867659.0009765625
86483447.8514267206 828387.8017578125
86998541.6078021079 860369.3447265625
86796133.9512095451 848806.0166015625
87073642.0992877930 865091.7656250000
86881977.5621497482 853748.6499023438
87921233.4391205013 898887.1005859375
87339817.3411765099 878794.2578125000
87804550.8464738429 894358.1845703125
86951625.1355794072 858323.3125000000
86458969.4255543649 825567.3320312500
86963901.5402770340 858370.4501953125
87009743.9269664884 860814.3789062500
87109952.5290306211 867611.8632812500
87878258.6327590644 896935.7636718750
86840214.2143509090 851080.7939453125
86369987.2259126902 819245.9003906250
86379199.5197835565 821010.1533203125
87067403.0914729536 863311.6923828125
86981065.5973400176 860170.0185546875
87669830.5034152567 891002.1757812500
86789518.7299501002 848521.8486328125
86743905.1815656722 845668.3725585938
87690440.5570146739 891666.8574218750
87471538.9742014408 884283.6357421875
87298100.4747183323 876900.4140625000
87879081.5877064466 897040.3945312500
86623173.4501227885 838427.9096679688
86806682.7870131284 850321.4169921875
86777242.3252525032 848474.7109375000
87731167.0706392527 893513.5634765625
87317887.5733703077 877460.4648437500
87640390.0416546464 889155.4697265625
87762456.8039578795 893560.7011718750
87652666.4463522434 889202.6074218750
87682106.9081128538 891049.3134765625
87174620.8377189338 869509.1953125000
86910672.4932492375 856268.7475585938
86745601.3097948283 845789.3710937500
86240490.5144723058 809282.4809570312
86939490.6272809952 857763.2617187500
88866409.1903875172 903248.0000000000
86355858.7914520800 818456.7968750000
86364530.4180042148 818996.4750976562
88163673.4728305638 902674.0712890625
86356957.7398613542 818830.0556640625
86773345.6433262974 847515.0786132812
87248193.5185999870 872111.7900390625
87139392.9907912165 869458.5693359375
86330450.1079978645 816816.3774414062
87992748.1089380980 900383.8720703125
86947728.4536532015 858115.4536132812
87105312.6807848811 867278.4716796875
87347328.0351309180 879307.1708984375
87277758.5055742711 874720.3164062500
86991707.2892190367 860217.1562500000
86376335.6047168225 820676.7617187500
87313247.7251245677 877127.0732421875
87109257.6350018978 867380.6611328125
86776547.4312237799 848243.5087890625
87235917.1139024198 872064.6523437500
86701857.9048708975 843205.3491210938
87359604.4398284853 879354.3085937500
86661191.5557782650 840898.8007812500
87151669.3954887986 869505.7070312500
87199642.3335587382 870065.7578125000
86833939.6532866061 850747.4023437500
86868019.9632929564 852927.5000000000
87079379.2961806655 865431.7656250000
86667893.6908691823 841232.1923828125
86746669.0924025625 846294.6132812500
87287314.3405203670 875280.3671875000
88079942.4193509370 901184.2324218750
88344003.5052021742 902918.5263671875
86583744.8485514671 835629.4389648438
87055337.3937901706 863156.9882812500
86515352.7600936443 830431.8881835938
86906405.5004537851 855366.9687500000
86872325.1904474348 853186.8710937500
88581944.5890596062 903081.2412109375
86474725.6793376505 827839.4057617188
89143411.1802390516 903452.4755859375
87136749.4869002253 868171.9140625000
86892114.0416342169 854565.8706054688
86729236.0797863454 845052.0551757812
86325679.2704271972 816403.9926757812
86434698.4396410286 824194.0258789062
86468778.7496473789 826374.1235351562
86969467.1030500531 858563.0063476562
86481272.4500872940 828251.7905273438
86602723.3883399665 836009.9682617188
86926194.3516405821 856745.9682617188
87449630.7936214358 882103.5380859375
87253977.1968335360 872281.6054687500
87263885.5103361458 872996.2553710938
86887714.7590426356 854088.6499023438
86428151.6688913703 823781.6411132812
86472261.2324313223 827642.0253906250
88482263.9531692415 903045.8466796875
86577198.0778018236 835217.0541992188
88887350.6473550200 903295.1376953125
89703645.1009465307 903651.2763671875
86617825.1585578322 837809.5366210938
88293653.8642970622 902756.1513671875
86590446.9836423993 835962.8305664062
88804286.1941719949 903168.5097656250
88467518.9195647687 902992.5048828125
88943254.0354859084 903383.8740234375
87417876.1501819640 879837.5537109375
