30862793.6614272930 1587928.6630859375
29794818.9674330801 1484126.5761718750
30854666.7805105597 1587892.7011718750
30481036.5164034292 1566852.1992187500
30914383.3830209933 1592989.1865234375
29791699.8365597464 1480342.6835937500
29993977.4036424272 1519269.0820312500
31694879.8004788533 1602171.2724609375
30712769.7504929379 1579618.8261718750
29972361.8587627634 1516023.9453125000
30769927.8997541852 1586562.3007812500
29798886.2810002640 1485011.7119140625
29695209.3870173804 1455804.9570312500
30115559.7468175665 1534570.7500000000
29911617.8704142012 1505872.1503906250
29974728.0935857259 1518749.3974609375
30389968.6622143574 1563314.0722656250
29767843.4043473788 1478155.3750000000
30382708.0220000111 1557936.6152343750
30920658.5551140308 1593761.0029296875
30122790.2822347134 1534617.8671875000
29692934.5105982125 1429271.9697265625
29825624.6253279187 1491149.3095703125
30788216.3093223535 1586570.0185546875
29965420.2218040489 1514489.9775390625
31389181.8220796585 1602085.1132812500
29875235.9386227205 1498435.5957031250
30055421.2444009557 1524788.0996093750
30467483.5977844596 1566362.5664062500
29889981.4235704504 1505003.8964843750
30156111.4510371052 1539912.9941406250
29939638.8974780440 1509454.8193359375
30147755.0879308730 1538176.9013671875
29849553.1112208180 1493105.0546875000
29876749.7376957051 1500437.6582031250
29820522.7278440222 1488379.0595703125
30058674.6426512636 1525298.8359375000
30246561.0127344206 1549168.4941406250
31972356.2208635397 1602392.7324218750
30233108.2634704895 1546058.8847656250
31358696.5414805412 1602075.1289062500
30196776.1445483640 1541465.6025390625
30358769.5961554088 1554960.4960937500
30136343.2008536756 1537648.0341796875
30509140.5486289933 1567675.8095703125
29849774.1746100150 1494466.4570312500
30244152.6676460393 1549048.8867187500
30638192.3983880021 1578259.7646484375
29929296.9892777428 1509138.8388671875
31109431.6297708973 1597219.4443359375
30024868.0397304222 1522669.4130859375
30400834.1132661141 1563455.2587890625
30387381.3640021905 1560345.6494140625
29888543.3042918853 1502970.7753906250
30766918.8474802636 1586554.9257812500
30553095.5898593068 1570423.3046875000
30219713.4442433901 1543275.5791015625
30378047.6906057075 1556344.9912109375
30559073.6368868090 1576404.1572265625
30090784.1019510292 1533345.8408203125
31015459.5241490267 1595433.6074218750
30001703.6566714160 1521946.3574218750
31503220.7077175677 1602086.6914062500
29961275.3443217948 1512821.7568359375
30278756.3538477272 1552774.5146484375
30346753.8856404945 1554813.5546875000
30273672.7876267135 1550225.6894531250
30063936.5334600024 1527299.5976562500
30749342.0018727034 1585449.2792968750
30040091.1068343036 1524235.6386718750
30122979.4430643357 1536797.2324218750
30077552.4160762951 1528779.6025390625
30077331.3526870981 1527418.2001953125
30997171.1145808585 1595425.3466796875
31103156.4576778524 1596864.2685546875
30598611.3465128578 1578254.2695312500
30088417.8671280593 1530621.6894531250
30028688.2813198976 1523571.0976562500
30174730.6510165632 1541374.0078125000
30730390.1901281402 1584712.5419921875
29947586.2138962187 1512468.5205078125
30201842.4259088598 1542431.2031250000
29857500.4276390038 1497872.0771484375
30319421.0473589934 1554322.9062500000
31031614.7299562134 1596204.4248046875
30500030.7272824757 1566903.1367187500
30368902.9785540774 1555011.4335937500
30539568.4369085245 1568753.5205078125
31123666.9398786910 1602011.5068359375
29880817.0512628965 1501322.7939453125
29939859.9608672298 1510816.2216796875
30427945.8881584108 1564512.4541015625
30031741.1923466958 1523848.0957031250
30305868.1287400201 1553831.7099609375
29754794.0337699652 1462657.9140625000
30428135.0489880405 1565723.4130859375
29926930.7544547729 1506331.9775390625
29747359.5247867070 1457470.9599609375
29762868.4358937033 1472127.0087890625
29848192.5558573268 1492461.8876953125
31790563.4994674847 1602298.4892578125
31273864.4657886699 1602044.3974609375
30369092.1393837072 1556224.4775390625
31276873.5180625916 1602053.3505859375
31525754.6125895344 1602142.5810546875
31348868.2520758323 1602062.8125000000
