9836682.8367495835 509404.5855712891
9897044.3758104965 529165.1728515625
9867758.5301383920 521448.8750000000
9900434.6865361072 529449.2958984375
9885973.4642187227 526708.8999023438
9825346.8102664929 503598.2704467773
9898749.0596994832 529165.3408203125
9834504.6039296761 509211.3458251953
9913127.6330043674 530143.0117187500
9826766.3943353649 505053.0054931641
9876982.1208034251 522087.7016601562
10321709.6488384958 537136.4082031250
9855141.1819466036 519929.8723144531
9822028.7708515022 494932.1058654785
9843817.6750898343 518108.0034179688
9841301.5118952058 517449.3254394531
9857303.3044073172 520624.7412109375
9823183.6349064335 495612.1245727539
9891636.8684895411 528568.2548828125
9860425.6060249601 520652.1469726562
9903229.4222423248 529451.1259765625
9826571.8772862181 504954.4105224609
9910332.8972981498 530141.1796875000
9957810.3080625385 537118.7231445312
9909737.3222787566 529886.2861328125
11308571.7711975724 537311.7812500000
11311366.5069037899 537314.4897460938
9924984.6234028079 530762.1406250000
9821109.2328481488 494900.6627197266
9906127.7152853590 529781.3823242188
9906942.5865725391 529884.4541015625
9870914.9889817014 521671.5229492188
9870695.8537709825 521514.9096679688
9822626.0850010663 495011.8000793457
9864332.1574185509 520859.1923828125
9865316.1955709439 520879.0063476562
9927779.3591090254 530763.9692382812
10880796.9426496886 537251.8369140625
9847835.1830525249 518533.3098144531
9829087.6160332784 507407.8505554199
9824638.8358517271 503563.7597351074
9854226.1782400105 519669.6591796875
9837633.9372808002 509669.8050537109
9833198.0782490950 509035.1781005859
9865809.6511610039 521158.6635742188
9830727.0946924649 507963.7375488281
9838528.4612358026 509711.1539306641
9841202.4061717745 516826.8186645508
9831474.1747480780 508600.4820556641
10210478.8012848124 537129.6162109375
11944463.0359198842 537389.9340820312
10348438.4174813461 537184.3925781250
9832034.1400283501 508664.3991699219
12065033.0104867928 537402.3901367188
9998478.9842051975 537124.9697265625
9827527.2178156842 506164.4129028320
10129330.8537622169 537128.5385742188
9877796.9920906052 522202.6206054688
9842630.4053888489 517778.0718994141
9871294.9010236003 521772.9257812500
9904460.7551718056 529563.2451171875
9871729.8602688815 521786.4414062500
9861172.1814642642 520685.4091796875
9840691.1505568475 509896.2498779297
9841258.7202544920 516974.7249145508
9837526.9885162003 509434.3216552734
9899839.1115167141 529167.0034179688
9855826.1035253815 519972.2807617188
9820340.9380563647 494563.1869201660
9856087.1608682666 520334.5725097656
9836667.2932507209 509403.8155517578
11792326.4039630033 537380.6879882812
9823412.2329762001 503305.2561645508
9822030.0191154405 494950.5642700195
10801057.4374704715 537250.8627929688
9839796.6266018450 509854.8995361328
9820399.7813892141 494655.4089660645
9831068.3039442226 508202.8122558594
9883411.7875327989 522615.8872070312
11271385.6393719763 537296.0004882812
10354996.9858801514 537185.3315429688
9825540.7507032361 503876.3452758789
12162858.4353359919 537431.1367187500
9853281.7564636208 519352.6948242188
9879559.1424428187 522344.2709960938
11801596.4488418605 537384.9648437500
12224389.9344613142 537512.5141601562
9877997.5496686827 522239.3779296875
10836062.8552470338 537251.5673828125
9844381.6030422058 518419.6616210938
9842659.8229208142 518104.7413330078
9885626.2742645405 522760.4487304688
12024101.6892338768 537394.9272460938
9886534.5617291071 528448.7204589844
10011719.5143763740 537126.0419921875
10102948.8109656014 537128.2216796875
9847020.3117653448 518419.9897460938
9876672.8186042421 521846.1474609375
10158975.9494710285 537129.2392578125
9821459.7273580823 494912.5385131836
9862649.0251975488 520706.7202148438
9822601.8998160101 494977.9259338379
9824068.3904586174 503487.4422607422
9823933.7081283554 503449.9137878418
9850865.5405059922 518713.7897949219
12033739.5788228884 537395.0732421875
9826093.8903221078 503972.0596313477
9820862.4132085182 494834.7368774414
9951203.7771911398 530846.6191406250
9870237.0884093493 521465.5327148438
9823471.0763090514 503405.5352783203
9853336.3010588363 519516.4475097656
9825157.6281179953 503586.4560852051
9863821.9227921050 520737.0451660156
9827409.2206406686 505274.1506347656
10352119.1471856162 537185.0444335938
10325565.9523232114 537137.1025390625
9828543.8101636209 506509.5707397461
9851357.7005415130 518821.2416992188
10059131.3965331558 537127.0009765625
9853098.6958931535 518931.2180175781
9894850.1931902412 529052.0122070312
10456969.2338819820 537188.2197265625
9851048.2290842235 518768.5922851562
9844001.6910003070 518264.8369140625
10314165.9582701176 537134.1166992188
10062665.5314894617 537127.0864257812
10187186.8884897921 537129.5151367188
10360470.3576634116 537185.7963867188
9980112.0374465920 537120.0678710938
10065725.4559943583 537127.7377929688
10224150.5427559335 537131.0258789062
10173888.0795737971 537129.4531250000
10258875.8923680354 537133.2065429688
