9828494.6843934171 505597.9949340820
9901543.7954057027 529167.1718750000
10129330.8537622169 537128.5385742188
10351602.3960474674 537183.0620117188
9907668.3936906531 529724.8110351562
9877796.9920906052 522202.6206054688
9842630.4053888489 517778.0718994141
9838831.1221668106 509660.1824951172
9822838.1551142670 494999.0533752441
9822848.6643799692 495000.0740051270
9841515.2272234298 516996.4198608398
9871294.9010236003 521772.9257812500
9904460.7551718056 529563.2451171875
9855446.1914834827 519862.3835449219
9871729.8602688815 521786.4414062500
9861172.1814642642 520685.4091796875
9833233.3852952383 508319.7294921875
9869293.7825563159 521058.8354492188
9834425.5814222414 508819.4661865234
9840691.1505568475 509896.2498779297
9841258.7202544920 516974.7249145508
9837526.9885162003 509434.3216552734
9899839.1115167141 529167.0034179688
9917782.5156650022 530141.4526367188
9855826.1035253815 519972.2807617188
9820340.9380563647 494563.1869201660
9856087.1608682666 520334.5725097656
9836667.2932507209 509403.8155517578
9869435.1069604959 521180.4106445312
11792326.4039630033 537380.6879882812
9823412.2329762001 503305.2561645508
9822030.0191154405 494950.5642700195
9893491.5634903945 528555.8442382812
10801057.4374704715 537250.8627929688
9839796.6266018450 509854.8995361328
9820399.7813892141 494655.4089660645
9831068.3039442226 508202.8122558594
9917881.1483469829 530141.7172851562
9883411.7875327989 522615.8872070312
11271385.6393719763 537296.0004882812
9835363.1596001107 509177.9537353516
9848148.4277281612 518420.7290039062
10354996.9858801514 537185.3315429688
9825540.7507032361 503876.3452758789
9834993.3882430848 509060.3428955078
9830134.1630526017 506578.7876586914
12162858.4353359919 537431.1367187500
9853281.7564636208 519352.6948242188
9826808.1325844750 504968.0840759277
9879559.1424428187 522344.2709960938
11801596.4488418605 537384.9648437500
12224389.9344613142 537512.5141601562
9877997.5496686827 522239.3779296875
10836062.8552470338 537251.5673828125
9844381.6030422058 518419.6616210938
9842659.8229208142 518104.7413330078
9865386.0018089376 520803.7717285156
9833689.2545924746 508800.5555419922
9885626.2742645405 522760.4487304688
12024101.6892338768 537394.9272460938
9886534.5617291071 528448.7204589844
11323171.6085075587 537311.1684570312
9866816.6453291588 521052.6147460938
10011719.5143763740 537126.0419921875
10102948.8109656014 537128.2216796875
9935513.3557428569 530762.9672851562
9847020.3117653448 518419.9897460938
9876672.8186042421 521846.1474609375
9917569.9515945688 529893.8706054688
10158975.9494710285 537129.2392578125
9821459.7273580823 494912.5385131836
9862649.0251975488 520706.7202148438
9822601.8998160101 494977.9259338379
9838492.4929512348 509556.5885009766
9925411.8740913570 530142.3320312500
9913941.2399807218 529780.3461914062
9842518.5003512427 517214.5809936523
12100550.0831505656 537396.3588867188
9824068.3904586174 503487.4422607422
9823933.7081283554 503449.9137878418
11399278.7650443763 537311.8964843750
9850865.5405059922 518713.7897949219
12033739.5788228884 537395.0732421875
9828258.4290951602 505561.8742675781
9826093.8903221078 503972.0596313477
9820862.4132085182 494834.7368774414
9860224.1307687238 520592.5581054688
9951203.7771911398 530846.6191406250
9870237.0884093493 521465.5327148438
9823471.0763090514 503405.5352783203
9916175.9263401069 529833.9521484375
9853336.3010588363 519516.4475097656
9825157.6281179953 503586.4560852051
9978692.1027425118 531188.1450195312
9839795.3783379048 509693.5909423828
9863821.9227921050 520737.0451660156
9827409.2206406686 505274.1506347656
10352119.1471856162 537185.0444335938
9925313.2414093763 530142.0688476562
10325565.9523232114 537137.1025390625
9828543.8101636209 506509.5707397461
9824898.4170836546 503560.3164978027
9869898.7611986138 521317.8173828125
9851357.7005415130 518821.2416992188
9928373.1659142729 530142.7617187500
10059131.3965331558 537127.0009765625
9853098.6958931535 518931.2180175781
9894850.1931902412 529052.0122070312
10456969.2338819820 537188.2197265625
9851048.2290842235 518768.5922851562
9865854.0335900020 520815.3378906250
9897945.6115970965 529052.2558593750
9844001.6910003070 518264.8369140625
10314165.9582701176 537134.1166992188
10062665.5314894617 537127.0864257812
9842452.7245678343 517204.7789306641
10187186.8884897921 537129.5151367188
10360470.3576634116 537185.7963867188
9980112.0374465920 537120.0678710938
10065725.4559943583 537127.7377929688
10224150.5427559335 537131.0258789062
10173888.0795737971 537129.4531250000
9971592.7876906432 531017.7470703125
10258875.8923680354 537133.2065429688
