288155500.6486097574 868625.0677666962
289755629.2920518517 928356.8310966492
299034339.2003821731 1129448.9216308594
294212568.6847080588 1044150.3277740479
304393115.4252118468 1181580.2424316406
295808046.7968639731 1076043.5643310547
295757398.3266991973 1076005.7010498047
291647538.0484216213 993373.8252716064
296099567.0914595723 1079447.1463623047
291456468.5380594730 982625.1699976921
291824125.3701723218 994579.1407012939
290374955.1359459162 955112.0852088928
293545734.2731767297 1030478.8913574219
290649578.2594698668 964075.8616294861
297802273.9463816881 1107962.6409912109
292288850.0526143909 1002090.3733673096
294004960.6627408862 1039444.7816314697
288000463.0614063144 861190.4065671265
289176716.3176074028 906181.3855748475
295433864.6382034421 1069287.1275024414
310341786.4342961907 1196801.7673339844
302426418.3676656485 1170627.8300781250
286568150.9526311755 779720.4130684923
288000463.0614063144 861183.0916257203
292354880.0148877501 1003387.3130426407
291327125.3043841720 977946.6886744499
291448656.1786107421 981348.3832545280
291327125.3043841720 977953.9040064812
300149218.6026557088 1145592.3613281250
296329129.7877627015 1086571.6466064453
290972506.6983136535 974118.8863458633
296304150.5170001984 1083367.7203369141
293680697.4605141282 1030879.5733795166
304135328.1061632037 1181428.6203613281
290932807.6723921299 972078.2030787468
297031194.6459215283 1097155.0758056641
294746208.4345088005 1051667.0747680664
294948465.6240788102 1060546.3843383789
299505873.6232332587 1135688.7468261719
287750949.6274288297 848275.4299340546
293543254.9730834961 1025698.3654937744
293010457.3042408228 1022466.6701812744
297851087.7591458559 1110459.9904785156
296416077.0171933174 1088256.1651611328
286568150.9526311159 779704.8263985704
296329129.7877627015 1086572.6622314453
295032845.9174947739 1061033.3692016602
305369975.4393803477 1188365.5832519531
295433864.6382032037 1069246.6040649414
293148904.1971034408 1022594.1594390869
297851087.7591459155 1110482.3337402344
299505873.6232332587 1136001.6936035156
303384978.5623846650 1179890.0798339844
299711018.7255331874 1140252.3825683594
290473812.1839653850 957399.6487650871
292336420.1827222109 1002138.2200469971
300250969.2314326167 1146754.4211425781
299068630.2739121914 1129707.0886230469
299285514.7866585851 1133019.5224609375
288565576.1486099958 878063.8749566376
297541146.6579666138 1104059.8084716797
303932574.6468893290 1181212.3005371094
293680697.4605142474 1030902.6656646729
296274859.2564200163 1082697.7595825195
292336420.1827222109 1002140.2420196533
302665107.3370913267 1174740.5583496094
299224424.9948261976 1132950.4392089844
294948465.6240787506 1060529.9819946289
291055651.6434468627 974810.4362392426
286585648.4905256033 780303.6076485704
299563806.7080134749 1136921.8505859375
288000463.0614063144 861188.6321530640
290606697.2125059962 960297.6126322746
297938034.9885765910 1112144.9699707031
288914489.5610266924 890946.8833737671
293904255.7303527594 1039008.7147369385
303616388.7355659008 1179913.8015136719
295346917.4087725878 1067689.8662719727
289347131.7003151774 909499.7268595695
292096277.2609862089 1001082.9988555908
288172787.4013971686 875408.7954869568
309590476.2993810773 1196119.3010253906
290112080.3554033637 945325.0456767082
292096277.2609862089 1001106.0774688721
291199310.6642503738 977858.5778408051
291628083.9876664281 993198.5803985596
292455153.5098796487 1007178.6989288330
288809139.9607049227 885151.8607168198
288016787.7003782988 861205.9153561890
291946959.1637270451 999222.9680938721
301644985.8265153170 1163578.6406250000
299366197.5001325011 1134727.0043945312
290865917.3731854558 969605.3910732269
294801268.5614637733 1057366.8130493164
300061842.6910802126 1144648.9819335938
293760596.7095492482 1035953.2879791260
291161680.9756991267 976853.9438014030
291922274.6235121489 997715.8577423096
292447034.5715408921 1006377.5779571533
291478922.6299645901 984330.8954162598
290606697.2125059962 960293.0154643059
293414377.1259442568 1024818.0735015869
288952531.8699977994 897651.0400381088
299591526.7637931108 1138167.2395019531
292447034.5715408921 1006363.5042266846
291922274.6235121489 997655.6228790283
292860179.5800369382 1018671.1091461182
290519749.9830753207 958604.9756693840
294120498.9033243060 1040809.8869018555
301296464.3455425501 1159175.6037597656
294293565.2457133532 1045507.9453125000
288499706.7089818716 877108.5858331025
291466749.3384028673 983957.7051458359
294948465.6240788698 1060552.0772094727
292033906.3931576610 1000927.9939727783
291405976.9368737936 980810.6308131218
295601853.2096913457 1073278.4304809570
293680697.4605140686 1030863.6602935791
295433864.6382034421 1069346.0076293945
295321938.1380101442 1064334.3135375977
295937157.6527630687 1078525.6312255859
290606697.2125059366 960278.3299174309
301470485.3239259720 1161853.8466796875
306810021.8539726734 1190276.4602050781
290350923.4385647178 947628.6645259857
309210421.0856831074 1195159.2800292969
296014890.7351619005 1078816.5052490234
290178157.6635658145 945543.4906978607
287275965.5741468072 836509.0598931611
296190747.8091757894 1080074.1426391602
291796028.1242674589 994542.4918594360
287401507.7330332398 838782.8980228901
287496061.7447913289 840138.5821099579
291098393.0683920383 975361.2631435394
290014991.8139067888 936804.7975077629
294770405.8855344653 1053479.0259399414
301758182.8924370408 1164988.0922851562
295073106.9093915224 1062227.3145141602
289619571.8758376837 920226.2530145645
289619571.8758376837 920254.7972040176
293692931.3357918262 1033676.7448730469
301861670.0693681836 1167174.1289062500
300501413.4777089357 1150663.6772460938
293262713.1923211813 1024791.6638336182
301278539.4878544807 1159158.1594238281
292378475.8239470720 1003811.0627593994
298782924.8579949737 1125335.9445800781
289904066.9229497910 929995.8361124992
286777627.4484786987 815464.2321954072
289703335.6058313847 922083.1580438614
301190847.9038172960 1158552.7580566406
287215741.0936638117 834968.1379418671
287213028.4863032103 829540.2950616181
294185814.7918460369 1041275.0821533203
288573470.3880338669 878130.8117852509
286917811.3090975881 822573.3032403290
292784782.6158629656 1018021.3420562744
298776192.2754818201 1124566.4919433594
292688082.5019767284 1012458.0578765869
291098393.0683919191 975320.9237880707
289345458.2366460562 908786.5582590103
294659753.3034394383 1050056.3038940430
304779058.8801704049 1183485.5427246094
289832367.5962485671 929907.2868065834
309212269.4292889833 1196054.1389160156
292932743.1384127140 1019364.5578765869
292932743.1384126544 1019359.2092437744
294524626.9485995770 1049440.4340209961
287362912.8035774231 838566.9055962861
287158758.0474079847 829420.3825707734
287826679.6290995479 855957.4073643982
290015959.1259738803 938503.9156246185
287681984.9679237008 846251.3534112275
287768676.5899272561 853231.2310815156
307093777.9560201764 1193549.1999511719
287768676.5899273157 853262.3917260468
286865131.1088747382 822388.5781426728
286989510.2220869064 827275.4923272431
306711148.5161413550 1190248.6091308594
301563194.6681550145 1162344.0278320312
304487952.4830799103 1183263.2570800781
289905328.2604892254 935688.9862284660
294645886.6309310198 1049542.1466674805
294648394.4931122661 1049897.2286987305
291422756.9568271041 981204.1378383636
308900176.4494034052 1194994.1311035156
288797110.1744331121 883805.0334344208
287768676.5899272561 853241.0435815156
288575997.9370251298 881272.6806512177
288659761.6670187712 883063.4487176239
292579712.1453540325 1007939.5069351196
301377665.1838442087 1160359.3620605469
290302107.2957658172 946571.6820702553
308122332.5535066724 1193678.4958496094
304721037.6141806841 1183380.3093261719
286613575.5186848044 800956.6061837267
304479592.4108898640 1181656.5656738281
288774052.3078319430 883254.2813592255
308830293.0471348166 1194890.3640136719
308297409.6022229791 1193817.7663574219
305105565.6188625693 1184643.9035644531
312692630.1630734205 1198485.3483886719
296531680.8606669903 1088804.4725341797
302092005.0120227337 1167227.8203125000
303210555.0433704853 1178043.6223144531
288779606.8692305684 883688.2485065460
303814158.8561381102 1179986.7644042969
303859734.3360073566 1180359.3894042969
287529516.8541681767 843633.7688622773
294785321.3434002399 1053721.5399780273
303011060.2376726866 1176049.3210449219
287420004.1991240382 839737.2044701874
287514481.1600511670 841928.8182397187
302134323.9368869662 1168767.2292480469
288888268.8926942348 889606.1941242218
297447052.5684005022 1103411.8038330078
304721037.6141806245 1183345.7897949219
287618541.7531107664 843636.5664136003
296619481.6058815718 1090860.2999267578
301846771.7217743993 1165561.5292968750
297245843.6742433310 1102208.5123291016
304721037.6141806841 1183407.3049316406
297245843.6742433310 1102195.8616943359
296771633.2203276753 1092512.1546630859
296805024.9667342305 1094265.4791259766
303077210.4573592544 1176268.5983886719
296195119.8275367618 1080861.6216735840
296262423.3478316069 1082125.1085205078
289519117.7474859357 916400.1782550812
304286386.9749616385 1181438.8249511719
298085461.2244725227 1113484.8553466797
288909030.8222598433 890182.0065714717
297546528.1915765405 1106500.2503662109
300990873.1870375872 1153381.6977539062
288819591.2645900846 888382.1999308467
301324888.0715111494 1159506.4077148438
297937189.6457051039 1111253.6109619141
297546528.1915764809 1106402.1151123047
300785996.9623472691 1153157.7885742188
299700032.5045675039 1138374.2648925781
307014469.7873025537 1190946.2141113281
301008851.9851812720 1154885.8037109375
296680358.3268024921 1091078.2293701172
312050318.8924469352 1198069.9147949219
300785996.9623472691 1153034.3857421875
298272551.1811362505 1117581.1608886719
312313035.1710912585 1198220.3107910156
301003752.5079109073 1153844.5214843750
311992031.0640027523 1197944.4255371094
296891135.1686428189 1095560.3856201172
305042500.8928972483 1184268.5612792969
305042500.8928972483 1184355.9821777344
289305333.1397430897 906989.5428867340
289463705.9766275883 912994.1001300812
289659995.5149224997 921046.0336093903
312050318.8924470544 1198074.4064941406
300377463.2025426626 1147815.8010253906
300140332.9754881859 1144795.5329589844
289470699.4455777407 913957.3944492340
300460694.2131119370 1148319.5866699219
298507312.9481851459 1119708.0634765625
299956010.7103400826 1142166.1950683594
300377463.2025426030 1147704.9348144531
298473253.0919911265 1119550.8212890625
299701404.7993413210 1139948.7409667969
297039877.0753634572 1097427.8739013672
299311432.4965180159 1133298.5771484375
295277956.4932819605 1063574.2623901367
297124241.8819440007 1099443.0181884766
299347497.7722965479 1134404.7119140625
299534602.2490112782 1136831.7573242188
300140332.9754881263 1144694.3640136719
289085781.9198268652 901019.5752964020
306997878.9801033735 1190605.6467285156
306646961.7416902781 1189993.1413574219
308360656.7948725224 1194833.9299316406
311480142.2011771202 1197488.6018066406
311480142.2011771798 1197493.0935058594
306578488.6890731454 1189048.1652832031
308307361.6184988618 1194591.3942871094
298302320.4895519018 1118442.9405517578
298144167.2296492457 1115791.9185791016
298941163.6732116342 1129218.6943359375
299104398.6187503338 1131585.7871093750
298668980.9335039258 1124047.7885742188
297860932.1488716006 1110826.7423095703
298144167.2296492457 1115781.6348876953
299091922.6657621861 1130550.9824218750
298809328.1444547772 1126108.2539062500
299091922.6657622457 1130567.6142578125
311597232.2526763082 1197563.5866699219
298398656.5310144424 1118803.3066406250
297677645.7955365181 1107554.6336669922
298548680.6977379918 1122500.1855468750
