9931297.5951800998 39.7816653848
11963763.8485422544 44.8918755054
12014462.7667556424 44.8936119080
12019968.9583843891 44.9110744596
11584411.7428614143 44.8898910284
12333254.4579199143 44.9113629758
9991865.7160361893 40.0824966729
9996139.5906676278 40.0827813745
9950343.9079030491 40.0810701847
9941513.4210478552 39.7828900516
9960559.7337708026 40.0822715759
9894363.5692849904 36.9650907218
11192212.0742281061 44.8554247618
9918213.5039130952 37.2644143403
11504552.6756077539 44.8610641360
11213156.9328775685 44.8589572608
11519966.8797888588 44.8694680035
9912267.5507476665 36.9656288624
10202468.6906852052 44.8488885164
10013965.3875575587 42.3146004677
10160862.4489140753 42.8924671113
10114554.2157766763 42.8882200420
10081760.1287210025 42.3146061003
10390191.3870924525 44.8517009318
10762205.2810468748 44.8536165357
10101166.7784907855 42.3155885935
10346764.8848389965 44.8512741029
