47945122.9043414891 692094.7363281250
48108052.9160750210 742049.2988281250
47943789.8005363420 692001.2343750000
48035198.3078506738 723000.5722656250
48098452.4723771811 740038.7578125000
48444181.4429775923 793194.3046875000
47864088.8712488338 634811.0019531250
47881316.1265677065 649313.7949218750
47993297.4055860341 708286.0175781250
48035040.1036040410 722875.0253906250
48540471.1530278027 801165.2207031250
47785793.0443665162 481492.9003906250
48771181.3579953387 819116.3691406250
47839975.1720346436 611243.6181640625
48353147.7540481240 782160.4882812500
48427195.7220793515 790460.1035156250
47883499.9235723391 652168.1689453125
48530872.5066008717 800257.8789062500
47794581.2153025866 523170.9228515625
47829382.7694344372 596397.8964843750
47838870.1805533767 607226.3144531250
48864013.9726893157 821430.4218750000
48621984.0683528781 807270.1250000000
48260684.9780851156 770048.7246093750
48352790.5506438985 781543.5332031250
48770606.8060918450 816343.5214843750
48359886.1129412651 783310.7402343750
48564395.7972341925 803579.1328125000
48290745.2210537493 774557.7128906250
47975041.4948347136 703293.2832031250
48684490.2943720669 812052.7949218750
47806205.8126823381 554414.2822265625
48135447.0920809209 749057.6171875000
48381796.5773644224 785939.1484375000
48118020.6722429842 744408.8261718750
49280127.8714392632 836623.8652343750
48151408.1481185630 752501.2812500000
48278649.5069298595 773405.4746093750
48044585.9711598083 725404.9667968750
47886968.1634070426 654179.3916015625
49078870.3007500023 826489.2675781250
48665469.5055277571 811240.9316406250
47877040.5587370321 645064.5000000000
48409133.7967911214 788534.7285156250
47809850.4875909686 566506.0351562500
47916227.8191058636 670868.9824218750
48382136.1133874208 786208.4843750000
47830145.8418414965 597335.5742187500
48038160.5492381454 723692.9882812500
48569573.9455323964 804537.8027343750
47902200.0301949009 663209.9990234375
47822903.4428729787 583084.1230468750
47910673.7230732068 668348.2021484375
47886637.9944740534 653880.2382812500
47880688.4191148207 646725.6718750000
48307298.3302461654 777184.1347656250
48269611.5833753720 772245.0898437500
47801596.5829002485 535184.6064453125
47922442.6929086745 677147.2880859375
48297144.0439238995 775438.6289062500
47870284.7391301244 640067.6542968750
48159297.6289054975 754325.8867187500
48126394.7947089821 747331.9023437500
47864777.0234774053 635308.2402343750
47959900.6837480441 697159.4160156250
49164393.9161826670 832772.0820312500
48123669.1846190542 745015.1484375000
47868077.0885260776 639187.5419921875
47833549.9807886034 601288.8027343750
47932262.3442243114 683443.4785156250
47863336.8137036785 634527.1806640625
48076348.7069526762 734049.8144531250
47968758.8733672127 702886.3574218750
48501804.6157761216 795933.9160156250
47818136.1613161862 579540.3769531250
48353487.2900711074 782429.8242187500
47828320.6912677586 596198.8066406250
48449359.5912757739 794152.9746093750
47834217.1429563835 602361.7529296875
49327937.7526158541 839124.9316406250
47959226.0598425046 696823.6542968750
48063580.1269894466 731366.6484375000
48920844.2724418566 825819.4980468750
47967216.8211613372 701661.4550781250
47886459.6317215785 653332.1025390625
47997596.2794227079 710511.7597656250
47940932.7889607772 689229.5068359375
47885759.7708835378 652521.7441406250
47850091.1132228076 620402.8818359375
47935989.5988349244 684437.2656250000
48133670.5976588428 748816.3710937500
47961304.0928648189 697727.2949218750
47827303.3911191523 593588.7128906250
47968471.5379256904 701952.3496093750
48030112.1422497034 719497.0292968750
47803257.8380757347 544765.2011718750
47808738.9840896726 565415.8857421875
47985401.6708895043 706010.2343750000
47949485.2306459546 694569.7011718750
47811599.4002237841 567787.4970703125
48209106.4210055023 762802.7910156250
47844099.4700742215 613189.2324218750
48172183.4404749423 755522.2324218750
48388892.1396617815 787706.3554687500
47822996.7349528596 583572.5507812500
48387982.8779134303 786980.6777343750
47813776.5183059722 575321.6181640625
48742078.5654907376 815743.7871093750
47889175.8140110821 655050.1699218750
48491741.0760566220 795856.8300781250
47826945.8832837269 591401.3300781250
47883988.4841634929 652412.5732421875
48034506.0618998334 722851.8964843750
47821503.1924871802 581243.3994140625
48151618.9924721420 752852.9257812500
48096739.7647726312 740019.5605468750
48117479.9665995613 743673.8242187500
48248676.5487307608 768992.0097656250
47850624.8784382120 624020.5292968750
48125699.3086763546 745881.7871093750
50942574.1517653614 844441.5644531250
48141651.2363041714 750493.3984375000
47798110.1866019368 526939.0605468750
47964228.6250284761 699681.7402343750
48005391.2301876619 714315.6152343750
47821995.5850671679 582190.0009765625
48638375.8608073518 809025.3085937500
47847660.4894156605 618699.9238281250
48086772.0086046681 737660.0332031250
48041412.5747474059 724321.8437500000
47822220.2288612425 582340.9931640625
47833029.4029548019 599933.8476562500
48464340.0003567263 794546.9707031250
47893639.5751151890 659795.7900390625
47860828.8940827623 633720.8261718750
47816494.2170255631 576756.4277343750
48053612.3708214834 729007.1210937500
48326150.0706444234 779834.2441406250
47929844.0914306194 682033.9277343750
47839559.6397525445 609419.9082031250
47886196.1347675398 653292.6855468750
48508749.2905142009 797474.2285156250
47953212.4852565750 695563.4882812500
48188015.5614423677 757749.9472656250
47912031.6413618997 670044.0166015625
48513219.1324479505 797523.6777343750
47850492.6440776959 621046.2949218750
47897041.1429709047 661547.2763671875
47946083.6627902240 692818.2148437500
47806461.6473219246 556880.4931640625
47900000.8511201218 662711.2099609375
47802971.4159771502 542117.6123046875
47925025.0536660701 678355.9121093750
47793183.2897027060 519239.7119140625
47940091.4439193010 688655.8007812500
47928860.7763685733 681691.9921875000
47936689.8760635704 686904.3144531250
48248319.3453265503 768375.0546875000
48102675.9450998679 741046.8671875000
47876551.9981458634 644820.0957031250
49100388.0463471040 831136.1308593750
47808452.5619910806 562212.0478515625
48003079.9614744708 711629.1347656250
47860377.1055544540 633363.2470703125
48000220.1529963389 710862.6562500000
47905935.6934683248 666505.5478515625
48184988.2233792767 757427.2558593750
48318779.1366944164 777803.3398437500
48084961.8573107719 735163.8691406250
48369574.9999109134 784654.8691406250
48092369.1695006639 738422.9687500000
47923709.9025391266 678103.2841796875
47903432.4645234570 664629.0117187500
48005549.4344342723 714441.1621093750
47873739.9622005001 642194.2187500000
47993464.1267219782 708469.3789062500
47943581.0438928679 689575.6367187500
47826620.7403124422 590383.7197265625
47998304.8536197096 710559.9785156250
47883236.4266183227 652128.7519531250
48229824.8083325028 766341.9003906250
49310063.3791354299 837488.9804687500
47909832.3780317083 667774.4960937500
48086344.7036254853 737195.1992187500
48119733.3798475340 744428.0234375000
48196844.7497121021 760025.9492187500
47820398.7459146082 581003.4726562500
48043610.9577817023 725226.4882812500
47870780.2540512830 641030.2851562500
48074994.1011428013 732804.3417968750
48079452.4252284840 734326.7343750000
48111785.3620142266 742083.9921875000
48028779.0384445488 719403.5273437500
48063152.8220102638 730901.8144531250
48096312.4597934559 739554.7265625000
47867301.9659702778 636839.6777343750
48034028.2665985674 721833.7460937500
48027373.6341772676 719164.2558593750
47866064.6602179483 636264.9277343750
47872329.7023059800 641739.3125000000
47808055.5025754273 558175.4990234375
47986838.3833530024 706661.2753906250
48046292.7874452993 725673.8222656250
47801767.6343323365 540890.1806640625
47903670.8196550906 665812.2910156250
49101451.1656985432 832172.3476562500
47922868.5574976355 677529.5781250000
47853584.5865874365 625184.4628906250
47996865.6945777088 710220.8652343750
48053185.0658423007 728542.2871093750
47859888.5449633002 633125.5976562500
47862848.2531125098 634289.5312500000
47860640.6025084481 633402.6640625000
47909071.7214009762 667259.9091796875
47823948.4618920535 589466.8984375000
47863600.3106576651 634566.5976562500
47878630.6489396468 645922.5517578125
47943665.4099965468 691408.6640625000
48527907.6738021523 797908.4394531250
47932000.5875990540 682860.2617187500
47843315.6916150674 613049.9111328125
47995780.5455891788 708904.8164062500
47815432.1388588622 576557.3378906250
48207262.7954192758 762014.6523437500
48190954.1522080973 758881.0195312500
47994447.4417840168 708811.3144531250
48197028.3987408951 760216.6210937500
48013213.0575656518 714991.2441406250
48191197.1687357351 759623.6210937500
47835819.7141523212 605456.9130859375
47834494.8280052990 605082.6591796875
48157167.9343592077 753191.5351562500
47949241.4266988933 693827.3583984375
48427017.0662193149 790032.5996093750
48218147.8276052624 764536.0312500000
48189611.2134127021 758743.2031250000
47964798.5683676377 700251.9042968750
48220786.8847780228 765181.5156250000
48157982.4777785540 754261.2675781250
48528218.8397939950 799268.2402343750
49092923.1858232319 828702.3554687500
47926442.5235748887 680282.4414062500
47982805.6803194284 705117.4316406250
48123445.8954283595 744678.5898437500
48528770.8981381580 799376.9628906250
47943662.2367462143 689628.7138671875
48226752.8136068210 766186.2812500000
47816295.8114995956 576565.4296875000
48198216.1994142458 760393.4531250000
47819336.6677479073 580804.3828125000
47834280.3332299739 602922.2841796875
47879382.7064848393 646206.3730468750
48020054.5325554758 718527.8125000000
48168724.6794300303 755501.4140625000
47836149.0407829732 606479.0488281250
47846698.5300685987 618120.8955078125
47817418.2250942886 578666.5673828125
47828227.3991878480 595679.5341796875
47840075.3891525939 611650.7265625000
48242630.7800770104 767298.9648437500
47921387.2896925434 675824.1289062500
48153331.7000766844 752872.1230468750
48613422.3820445389 805999.9082031250
48650419.2076027989 810642.7070312500
47919466.9896419048 675778.0917968750
47938022.9798686951 686997.8164062500
47876487.6340441704 644657.3310546875
47921704.6786636934 676657.5029296875
47789976.0284836069 517002.9472656250
47914861.2119632289 670289.0410156250
48350095.4860093743 780077.8398437500
47893542.9538403824 655256.7763671875
47823616.0915655270 584918.5839843750
48560932.8429965824 801399.0429687500
47837836.8569558337 606988.4521484375
47845307.1252712309 615558.7011718750
47859335.3218258098 628727.5019531250
48732942.2383215874 812915.7343750000
47847943.4099298567 619300.2763671875
47799649.3550605401 533810.5937500000
47830494.0563593954 597749.2324218750
47804008.0874797553 552218.7509765625
47853420.0053678304 624392.0468750000
47856499.2734461203 628439.8789062500
47826908.1700412706 590630.8320312500
47843039.9257355705 612819.2451171875
47834757.6359855905 605257.8232421875
48972578.6422484815 826068.9531250000
48853773.9510742277 820277.2812500000
47857994.6735615581 628597.2207031250
47812157.2603773326 569168.7343750000
47818401.4005732164 580385.7568359375
48681828.9597889110 811490.3867187500
47798526.9414658174 531935.9531250000
48399380.5351820067 787721.3828125000
48730970.5126700550 812319.7226562500
48479265.3265658617 795563.0625000000
53525554.2036892995 844445.7851562500
49659854.0767882243 839130.7871093750
53797270.2905187607 844679.3085937500
