47861474.7185304537 618276.2519531250
47896393.6005443335 650609.8691406250
48076073.5478693992 727360.5917968750
48107901.6925261691 735360.6816406250
48394276.0139258727 783883.6757812500
47940007.5391130447 676844.4111328125
48335401.6722181439 776820.1015625000
48380556.7272565514 782821.7343750000
49008266.3613813818 820076.0898437500
49014751.9064195901 820868.7890625000
48146116.5899806768 743673.5468750000
48618280.3121794462 802327.3632812500
47930633.4643689245 671684.8486328125
47942625.5625914931 676869.3837890625
48709753.7850397602 809390.9375000000
48595714.5302660167 798916.6992187500
47936287.5756165758 675240.1357421875
48209631.0883004814 759290.9824218750
48508315.2686996236 794357.9140625000
48497472.2399289981 792661.4375000000
48182359.1740645543 753372.6464843750
47927324.6368934736 670416.6279296875
47929279.8874911070 670664.5908203125
48286400.5644347519 770862.0312500000
49267102.1368231550 827378.9531250000
48459127.4652408436 788144.6601562500
47984953.6386815831 700510.3056640625
48133235.6231043711 742477.8847656250
47996601.9993803352 704058.0292968750
48500838.4227845222 793853.7011718750
48144121.0804423094 743672.9941406250
47963481.3114466369 690213.9599609375
47962598.5884261131 689751.9970703125
47885174.5026074648 639103.6992187500
48739365.9946413934 812052.7949218750
47944509.8858584464 677769.0732421875
47968093.5994244516 693310.0322265625
47828839.8715593219 561527.3583984375
48312005.6586810574 775792.7089843750
47883178.9930690899 639103.1464843750
48572318.5167289376 797889.3066406250
49442674.8001384139 831878.6386718750
47839754.9311016947 584629.1455078125
48289328.3890255764 771584.0097656250
48625240.4440715611 804083.3457031250
48257418.7837063149 767920.5976562500
48307304.9072459862 773150.1640625000
47840551.0043423846 589716.4687500000
47852858.6478350461 608837.0195312500
47846326.3777791411 595061.0537109375
48280152.7056633830 769804.4082031250
48605827.2092945576 802056.0351562500
48514353.7364342734 794992.4609375000
48229553.7401745245 762989.9199218750
48533766.9712112695 797019.7714843750
48480845.0438686386 790825.7324218750
48007207.5090129301 705580.4003906250
48502833.9323229045 793854.2539062500
47860234.6713128537 614084.0234375000
47851606.8905237615 603153.5039062500
48165999.2212028801 750205.9492187500
47967988.9337384030 692087.9560546875
48080929.9167344496 728449.3730468750
47946378.9891022369 681762.1630859375
48572898.6608678252 798889.9648437500
48574894.1704061925 798890.5175781250
47892478.4999409765 645269.6816406250
47837841.0808651298 581563.1054687500
47965096.9454358220 691123.9111328125
47970917.6608994082 694077.0966796875
48027265.6285243556 712775.4824218750
48374104.5891164839 782353.5156250000
48800468.1860026643 813723.2402343750
47894474.0094793513 645270.2343750000
47932995.7990298718 673078.8896484375
48363403.1544737145 782352.0703125000
49281952.7971185744 829705.0527343750
48685021.8061461225 805250.1308593750
48073327.7472582310 727360.0390625000
48376100.0986548662 782354.0683593750
48365398.6640120745 782352.6230468750
47869191.1350359917 623560.3183593750
47829271.2244921625 570835.7294921875
47882498.9455887750 638299.3925781250
49214700.9782359377 826068.9531250000
48690340.5502627343 807363.6269531250
47880955.9621013477 632607.5888671875
47916313.2751281485 661646.8007812500
47911714.1661513150 660408.4814453125
48200000.0772728622 756156.4980468750
48192037.2745059058 754312.4179687500
48437539.3326392472 787146.4804687500
48343480.5025996864 778653.1328125000
47943640.3183191195 677027.4267578125
48033850.0504298434 714002.1083984375
48187371.6326315776 754299.6484375000
48174247.6122743487 751264.8105468750
48138653.7825068310 742820.1582031250
48461122.9747791886 788145.2128906250
48378761.4590028524 782780.4492187500
47820853.3784973845 557432.1123046875
48160356.1196611077 748011.3320312500
48172252.1027359739 751264.2578125000
48290762.1775202900 771590.1113281250
47872391.8409906402 626234.8242187500
48068464.4048407450 724986.9121093750
48286263.0843306556 770054.0468750000
48359195.2988073900 779704.0390625000
48811169.6206454411 813724.6855468750
48904686.3853352815 819117.8144531250
48481425.1880075336 791826.3906250000
48064006.0807550699 723530.5273437500
48303047.6756948978 772645.9511718750
47952322.1007350087 685586.8369140625
48386799.1680108011 783379.4628906250
48070455.1188796163 725117.4589843750
47923972.4715472981 665401.4482421875
48099146.1715170890 733918.4746093750
48082828.8481640518 728677.4394531250
48885273.1505582705 817090.5039062500
48015617.2678255811 709227.7587890625
48062748.6327734366 722561.5185546875
48225565.8306886479 761932.2968750000
47910444.8835891336 657211.6533203125
47955630.9282104671 686855.0576171875
47836355.6253148466 578254.4511718750
47965993.4242000207 692087.4033203125
49225639.7488925606 827028.6738281250
48077561.4687312320 727361.3359375000
48240107.3053423688 764671.6875000000
48496231.4341925383 792146.0468750000
47904114.6513691470 653091.5449218750
47944606.6480898857 678370.2685546875
48044429.1649146378 718800.6289062500
48604506.3800078332 801552.3750000000
48308816.2794989794 774479.9589843750
48389346.7358933315 783488.7382812500
47956042.0642314777 687191.1123046875
48097111.6231143773 732248.1660156250
49308246.6623736992 829706.4980468750
47972682.7076998129 694235.1396484375
48310811.7890373468 774480.5117187500
48388794.6775491610 783380.0156250000
47830280.4643808678 575626.6767578125
48227561.3402270228 761932.8496093750
48150853.8995735571 745221.8398437500
48483420.6975459009 791826.9433593750
48126757.7994319573 739567.2324218750
48254684.9110811278 765487.6835937500
47833175.6330137551 576299.7753906250
49103060.5885711312 823071.3027343750
47870396.3314522579 626234.2714843750
48029728.4063443318 712957.4121093750
48043859.5267665312 716832.1035156250
47868526.5338319987 621804.7685546875
48170087.7764793932 750499.7949218750
47881743.8590164781 636816.6435546875
48234179.7930071875 763717.4472656250
49471223.0202041566 837739.8808593750
47919342.0282524228 664217.2148437500
48211626.5978388488 759291.5351562500
48165678.2698881924 748284.3222656250
47913637.7181094587 660842.4941406250
48205983.4962970912 757604.9101562500
47824346.6519811004 558210.7763671875
48415525.6192314327 784968.8496093750
47818772.7458787635 548077.6679687500
48053930.2658204511 720118.0292968750
48453830.9815036207 788048.2832031250
48345476.0121380389 778653.6855468750
47881825.0518698245 636945.0048828125
49396533.0377490446 831387.0312500000
47874918.7402254492 628548.4492187500
48473244.2162806243 790075.5937500000
48007048.8285966665 705168.2421875000
48305043.1852332726 772646.5039062500
48162351.6291994825 748011.8847656250
48236175.3025455549 763718.0000000000
48080863.0566122979 727463.4550781250
48172083.2860177830 750500.3476562500
48362423.7318997160 780869.6406250000
47980029.4019821808 696226.9169921875
48307709.8972819597 773806.0664062500
48167994.7307412475 750206.5019531250
48068239.8022280484 723531.8242187500
48359757.0198510364 779710.0781250000
47874714.8548214659 626666.4404296875
47877913.6432645917 630908.2207031250
47993179.8365724385 703048.2871093750
47929356.0427383482 671055.0166015625
48132400.9009737149 741761.8496093750
48736047.6502948776 809392.3828125000
47889524.8715511486 640226.0791015625
47951953.0776695386 682630.3115234375
47960641.1732083187 688716.9697265625
48089222.3063646853 730752.3300781250
47960511.1332990080 688530.6494140625
48199519.3946113363 755294.7539062500
47828865.5754466876 567531.6083984375
47880275.9146210328 631669.2216796875
47878280.4050826430 631668.6689453125
48059150.9939448163 720771.0976562500
48862659.2006236762 813729.0957031250
48209184.1606309041 758403.6640625000
47909764.8361088112 656407.8994140625
47864526.9344244003 620549.1816406250
48154728.5698098391 745618.2226562500
47843523.6977704242 590266.0859375000
47875918.1337262020 630907.6679687500
48035107.4984114543 714971.1171875000
48082338.7162707672 728452.0175781250
47892109.3870684654 643343.7324218750
47850984.8035783172 601969.6835937500
47906749.5851256549 654275.2255859375
48052689.8428543732 719892.6074218750
47926987.7225304693 667534.1220703125
47924992.2129920796 667533.5693359375
47887529.3620127738 640225.5263671875
47845127.6017600000 592455.6660156250
47844316.9002515748 592414.5996093750
47842974.8939503878 589924.5185546875
47850545.8937816769 599171.2919921875
47902011.0986693278 651673.6357421875
47847050.3306536302 598803.6474609375
48968368.2353796959 819118.2226562500
47903492.2221923321 652656.6035156250
47907769.3265704289 656407.3466796875
49125582.1626028121 825475.0742187500
47939497.4528674856 675258.3779296875
48122596.7719947249 736867.0019531250
48025239.0905991420 710040.2216796875
47855499.0064332113 611120.6464843750
48149613.4766074717 745090.5332031250
49385111.2632509843 829706.9062500000
48117990.4700607359 736434.2363281250
47905808.3783169314 653693.1152343750
47863422.7987699583 618390.0478515625
47847564.2628187984 598980.8603515625
47839999.7599085122 586370.6162109375
48117860.6770282313 735504.5722656250
48096312.8790493309 731523.9003906250
47845343.0295616761 594835.5292968750
47854774.7082485780 610332.1357421875
47843910.8970665112 591406.8300781250
47852769.1588869467 607297.9609375000
47919245.0286357775 661739.3466796875
48080788.3284514323 727442.8398437500
48085012.0482906625 730731.7148437500
48019850.9892985597 709229.0556640625
48051214.1831959262 718904.0449218750
49633751.4759592339 837742.6562500000
48010268.6694066003 705658.6113281250
53525554.2036892995 844445.7851562500
47845856.9617268294 595012.7421875000
48018363.0684367567 709228.3115234375
47991040.6458161473 702428.9296875000
48051139.4550350532 718883.4296875000
48038907.3140336201 716064.3574218750
48003944.6118806154 704766.0039062500
47859086.6583467945 611707.6552734375
48052031.3343908489 719889.9628906250
48039565.8224971443 716427.5019531250
47981296.0632335320 697881.5595703125
49659854.0767882243 839130.7871093750
49443950.2031872571 832427.6582031250
47859664.1385601833 612516.0234375000
47976415.8633087277 694630.2294921875
48039491.0943362787 716376.1113281250
48060527.0316601843 721461.7597656250
47986718.6854819804 700668.3486328125
48060107.5224517509 721270.7304687500
48015314.7659424245 706409.3027343750
47998367.0461807474 704216.0722656250
48060452.3034992963 721410.3691406250
47860831.3248087168 615985.6425781250
48976145.9990512356 819120.5898437500
49181326.0982691050 825825.3535156250
47852580.1339884847 606426.1962890625
48981196.9430342019 819122.2246093750
51158960.6950251609 844417.9375000000
53797270.2905187607 844679.3085937500
