47809024.3117883503 570454.6855468750
47862580.4841316044 640553.0371093750
47928995.0607304946 687038.5507812500
48181182.5983442888 759057.9726562500
48075096.7884374633 734109.2441406250
47881088.1856410801 655788.2724609375
48077263.9407923594 734258.2988281250
48085896.5687332526 737830.5449218750
47841819.3959975541 622353.4394531250
47843059.7403595150 622419.1484375000
48507849.8208118379 799375.0859375000
48056983.9382847250 730890.2324218750
48161705.6487515122 754785.0605468750
48606153.9707453772 805492.9882812500
48191150.3545122445 761417.5000000000
47818464.2799678147 585306.3535156250
47869748.4361540824 645090.1044921875
50510199.0747383311 844336.4355468750
48174600.2408604324 757513.4843750000
47892360.3423856273 661103.3408203125
47895708.9604839981 666988.7685546875
48045202.8010153174 726523.1308593750
48262652.1125820726 771634.5156250000
47977567.3217346966 705215.0097656250
47805973.3609701544 563623.5341796875
48024401.3648400158 719003.1757812500
48247211.0074690431 768054.9023437500
49030800.6527548358 831069.0253906250
47857035.8462954387 637822.9677734375
47837358.3718382567 614908.3671875000
47894666.4706089795 663872.0732421875
47863155.1649111956 642265.9648437500
47885366.2425458953 658562.2382812500
47900240.0377216339 669849.6992187500
48621857.1398572400 808365.9121093750
47836118.0274762809 614842.6582031250
47958271.8749488890 700325.3066406250
48003408.1854732558 712899.7968750000
47963970.9834855646 701426.6347656250
47994791.6195974723 711647.6425781250
47838201.2328493074 615053.8955078125
47885551.8941252753 658723.3027343750
48552565.7310748249 802920.4042968750
47891119.9980236515 661037.6318359375
47888855.1242104173 660078.3818359375
48137653.3698693067 749881.0410156250
48104844.8366334066 742096.4648437500
47835836.6171638444 614039.9619140625
47834596.2728018686 613974.2529296875
47857829.2323810607 638615.7998046875
47979680.5359546393 705614.5253906250
47925422.1216430664 680817.3496093750
48672367.9036531299 812052.7949218750
48857653.6973177940 824471.0253906250
47834320.9266281575 607178.7695312500
47880610.8009116799 654602.6376953125
48019087.9667837992 718300.7851562500
47932475.9772024453 688591.0839843750
47985275.4460366517 708133.0683593750
47878343.4599288404 653758.3242187500
47810914.0010335371 573504.9472656250
48041412.2888607904 725383.9296875000
47879370.4565496966 654536.9287109375
47875063.6959059164 651807.3955078125
47892791.6399845555 662863.6904296875
47925532.5055415034 681137.1894531250
47872798.8220926821 651028.2548828125
47884583.3639420494 658095.1875000000
48154176.5626343638 754070.7187500000
47952588.5820927694 697000.9609375000
47840876.7898679748 617134.9941406250
47912846.0335502401 676569.8789062500
47883343.0195800811 658029.4785156250
47831470.0750132203 605080.6708984375
47948819.8592406288 695911.6015625000
47791239.4021405280 536807.7480468750
49268827.2041122466 837383.8515625000
47784628.8583071157 523601.2070312500
47866197.3573982865 643339.0556640625
48095957.6129016578 740198.2167968750
47921352.6746024787 678437.9755859375
47832353.5657380223 606326.6591796875
47787737.9603515267 524540.1005859375
47942445.0680069551 693713.6542968750
47945933.9496714771 695184.1962890625
47850440.7270832509 629919.3828125000
47928153.7156890109 686464.8447265625
47844086.7801424637 623857.6894531250
48626507.9175590873 808985.1171875000
47841626.0764697194 618662.8974609375
47844720.5618922114 625335.3505859375
47923855.3925643489 680535.7265625000
47796573.8266753778 545527.7119140625
47872444.0713510290 647162.8779296875
47796725.6368087679 547825.8359375000
48881384.8499086350 824573.0703125000
49265790.4296652153 836754.7167968750
47848663.7483307868 626827.6123046875
47923141.0901286528 680304.3027343750
47983270.2407280952 706095.0693359375
47987107.0850324556 708560.0234375000
48035126.6230796799 724047.6757812500
48030832.9188103005 720981.1308593750
48291684.9437820762 775703.7363281250
47939837.9346240163 692112.5859375000
48761705.4328246266 818366.1210937500
48504346.6585817933 798480.7421875000
47825587.1860455498 593024.2822265625
47903896.2857676968 670991.1767578125
48728315.2297226489 815997.3632812500
47931642.5973535404 687935.3867187500
47909615.5270856917 675014.2558593750
48323799.7388467491 780676.3710937500
47833507.8366316035 606847.1123046875
47914946.3355988339 676816.6074218750
47859069.5767430216 638681.5087890625
47811441.5696510375 573611.1640625000
47951166.8744639233 696950.7382812500
47935326.0131525174 689364.6523437500
47991194.0595551878 709179.0410156250
47830329.9785343334 599768.1064453125
48369364.6082838848 786823.5625000000
47818364.0628498942 584645.0957031250
47828520.8107492700 599308.4892578125
47822428.7675411329 591026.0576171875
47856327.6081046313 635537.1005859375
48922023.4156651497 825963.8242187500
47860485.9469826594 639307.5986328125
48405992.4925404340 790372.7089843750
47825687.4031635076 593685.5400390625
48946607.1551174074 826067.4433593750
47918435.2172633559 678287.1494140625
48421158.7571885660 792311.5117187500
47830981.5144220516 604337.2929687500
47889488.6158462092 660235.6533203125
47907149.5808263868 672195.9150390625
47787762.6980856508 531212.6132812500
47957151.9848622680 698250.4316406250
49103845.2989553809 832316.6738281250
47783403.9656664357 514313.3867187500
47820365.6911374554 586117.9248046875
47906741.2524397820 671889.0771484375
47957436.4251164049 698313.9589843750
49066039.4606010914 832067.2187500000
47886666.5191424489 659226.6240234375
47846762.3371611610 626016.0410156250
48647591.7064463571 810642.7070312500
48560900.6428230554 803579.1328125000
47974212.8633160740 704340.2890625000
47834254.0350913703 607121.8681640625
47838975.3786983639 616323.4228515625
48391569.0411462784 788532.8515625000
48618488.9139417559 807270.1250000000
47792387.5803528950 538539.9609375000
48521332.3794800490 800877.0839843750
47808641.3736733198 566614.9179687500
47994360.1648097485 710149.3613281250
48004969.3415754437 714486.0292968750
48109190.8400062621 742663.9414062500
47822634.5065662563 591927.3222656250
47851309.9033381343 632236.8759765625
47806374.7165017873 563869.3730468750
48092374.5858676210 739058.2167968750
47850081.5506995842 627366.5498046875
48365504.2426496446 785312.2636718750
47852782.1950386316 634214.1103515625
47816427.0152184144 581403.0957031250
47857663.8502788991 638298.5693359375
49072786.6438333020 832172.3476562500
47855047.5385235399 634708.0595703125
47853985.4603568316 634395.2275390625
47847460.4830125943 626646.4951171875
47839636.4455060214 617069.2851562500
47851121.7287037075 631350.2607421875
48095303.9061047956 740031.7363281250
47804460.5026611835 560737.5644531250
48005931.3009224907 715488.1679687500
48905845.7794594765 825714.3691406250
47849904.0926927626 626893.3212890625
48228112.1007279530 766322.7031250000
48339417.6888373792 782427.9472656250
48534838.7558610663 802880.2128906250
47810902.3791964650 572289.1699218750
47926462.5259472951 682136.7949218750
48038152.5021864921 724314.4296875000
47856615.6397400945 636449.3525390625
47965866.2181563675 702342.1250000000
47870988.7805160508 645155.8134765625
47799233.8120992407 553195.9082031250
47852550.2477001101 632302.5849609375
48116426.8647498265 743962.2363281250
47871184.8976242840 645583.6679687500
48344068.4665392488 783385.0117187500
47921986.2426283956 678562.9824218750
47968513.7547794133 703238.9609375000
48291533.8829660118 775364.3730468750
47990024.5423715860 708710.8496093750
47802710.5161541030 559169.4511718750
47826790.8823835254 596866.4326171875
47970956.1629766971 703899.7324218750
47958042.4507367164 698446.9707031250
47947627.8452926651 695249.8076171875
48008957.1800293028 715754.9218750000
49294029.4360557497 839124.9316406250
47818328.4263880476 582320.7021484375
47965744.9355114028 701544.9863281250
47791084.6392016709 536728.9169921875
47826732.4401603788 595484.1396484375
48141236.3969033360 751021.0410156250
47810477.4054618478 571466.6113281250
48018924.9361972734 718114.4492187500
48067800.2662189603 732529.7792968750
47960545.8634289205 700383.5078125000
49014462.6117578745 826747.0546875000
48119246.5744572431 745428.8398437500
47803503.5538134351 559387.2900390625
47800600.5026176423 553630.6113281250
48352900.2475056052 784267.8046875000
48150025.1849789843 752406.3359375000
47801666.2768721357 558094.4511718750
47812669.8229561821 574052.0126953125
48015676.3771965504 717635.0937500000
48151618.9924721569 752852.9257812500
48125972.9060967714 747502.3164062500
47783948.9013092667 514655.3974609375
49026336.8407513499 827783.2714843750
47815221.3740232512 578833.0332031250
47808858.7065144777 567393.4335937500
47819964.9829102829 585643.9355468750
48239638.6251762658 767831.6250000000
48063158.2383772358 731537.0625000000
48102342.3420355842 741417.7441406250
47814863.2150591239 578514.0009765625
47890689.9683276191 660706.4140625000
48218147.8276052549 764536.0312500000
47966248.8809661865 702377.1308593750
47822413.8735119551 590270.5234375000
47830801.0249466747 600773.0859375000
47807543.5553875417 565600.1035156250
47822130.8019130304 586400.4511718750
47804998.8997443914 561056.7900390625
47803756.6613698602 560276.0498046875
47822256.2830760479 588648.5712890625
48135940.6622647345 749861.8437500000
48159992.9411469474 754765.8632812500
47826856.8321039975 597150.7998046875
48429832.0598978922 793270.1816406250
49151347.9310371578 832516.5703125000
48305016.4416342303 777204.2304687500
47813387.2806411684 576512.5634765625
47813286.5907216817 574963.0000000000
48382489.9635478854 787708.6054687500
48377839.1858460307 787089.4003906250
48369007.4048796669 786206.6074218750
48443314.6185660809 794772.1796875000
48520176.7561893165 800257.8789062500
48288669.4663617685 775172.7910156250
47805706.7915993780 561526.1875000000
48062730.9333980531 731072.2285156250
48396362.2916875929 789149.8066406250
48340715.7849675715 783044.9023437500
48079030.5366162732 734497.1484375000
49179577.3524006456 834291.7363281250
48207329.5455467924 763292.3886718750
48052763.1772300899 728712.7011718750
48133248.7090466321 749213.3476562500
48174172.9358812496 757048.6503906250
48303436.1652167216 776999.5273437500
48171447.0949346274 756328.8847656250
48316961.0862738639 778334.4960937500
48053190.4822092727 729177.5351562500
50781020.6519743353 844556.8750000000
50549979.4094562456 844441.5644531250
48051654.1686913073 728297.5839843750
48295621.3495189101 776708.5019531250
48754173.1435377672 817498.9707031250
48771181.3579953387 819116.3691406250
48118020.6722429842 744408.8261718750
48151408.1481185630 752501.2812500000
48278649.5069298595 773405.4746093750
48665469.5055277571 811240.9316406250
48569573.9455323964 804537.8027343750
48159297.6289054975 754325.8867187500
49164393.9161826670 832772.0820312500
48920844.2724418566 825819.4980468750
48491741.0760566220 795856.8300781250
48248676.5487307608 768992.0097656250
48248319.3453265503 768375.0546875000
48229824.8083325028 766341.9003906250
48157982.4777785540 754261.2675781250
48226752.8136068210 766186.2812500000
48020054.5325554758 718527.8125000000
48168724.6794300303 755501.4140625000
48153331.7000766844 752872.1230468750
48972578.6422484815 826068.9531250000
48853773.9510742277 820277.2812500000
48479265.3265658617 795563.0625000000
49659854.0767882243 839130.7871093750
53797270.2905187607 844679.3085937500
