300924592.0861104131 3907577.7031250000
301048810.8506357074 3909071.7089843750
295117698.1467708349 3770037.4023437500
300912035.0219269991 3907062.7910156250
295691114.5968356729 3789316.5400390625
296760011.8149260283 3822960.3769531250
295720716.1166167855 3789331.9707031250
304864312.5547696948 3946752.9433593750
295205371.1372925043 3774138.8876953125
297587603.2671134472 3844624.8320312500
296956235.4093089700 3829349.3496093750
297281103.1039878130 3837320.1132812500
297326984.7552917004 3837446.0214843750
300742707.7488816977 3906068.9492187500
296845992.6085598469 3827564.2324218750
297695005.0135986209 3846931.9726562500
298823719.9580141902 3872155.0566406250
295212559.6054558158 3775910.2744140625
296171131.9960081577 3804763.2812500000
299253811.9786694050 3879894.0800781250
302950884.1141651273 3931907.4003906250
298173873.9286209941 3862200.4042968750
299619715.6569013000 3886747.1445312500
295286481.3673889637 3777360.1875000000
298948254.1772873402 3873413.5585937500
299309975.6667462587 3880627.1445312500
304229332.3722170591 3941283.1875000000
306247551.4858584404 3953578.9863281250
307321720.9895768762 3957096.1269531250
295257999.4211101532 3776394.1533203125
302950884.1141653657 3932088.5546875000
302603855.5696576834 3926836.1171875000
298431597.7792260647 3866440.7050781250
298112684.8932296038 3858216.0566406250
298141897.8658883572 3858274.8808593750
305854824.5089645386 3950301.7617187500
295435096.7902081609 3782603.1181640625
297184423.8149691820 3833733.7968750000
299831556.8394222856 3889942.4863281250
299467358.6361857653 3883990.8164062500
301231361.7772952318 3913182.5332031250
297682164.2197644114 3845801.6074218750
297745901.1723231673 3850588.8085937500
303266612.7778024673 3936283.1328125000
296049886.9939717054 3800807.1650390625
296644091.3613443971 3819464.4160156250
295458677.0395767689 3782950.0556640625
294972590.9018405676 3759826.5400390625
294653606.8731637597 3748811.4677734375
309280564.0852915049 3962280.0429687500
297823777.0912648439 3852629.6093750000
303260646.9183352590 3936224.7968750000
303141931.3429709673 3935142.5253906250
299000640.5307692885 3875675.4355468750
298859013.2963623405 3872274.3320312500
295594306.1986940503 3787271.0986328125
299083272.0912691355 3879516.2421875000
299457709.3120778799 3881995.4179687500
297099580.9115727544 3831631.0703125000
304415533.0240383744 3942445.8261718750
306793342.4285380244 3956068.9082031250
298376336.0380233526 3862332.2128906250
296293542.3390134573 3808411.3066406250
302598238.0374234319 3926032.3847656250
305854824.5089645386 3950156.1738281250
297443007.5405712724 3840910.5449218750
304538038.4105728269 3944501.5195312500
305948380.0878932476 3953432.5273437500
305904952.1004954576 3950670.2480468750
301231361.7772953510 3913193.8339843750
299385643.5843617320 3881438.3027343750
301903148.1357885599 3918200.5449218750
295737742.9460070133 3790865.4384765625
295627344.2704759240 3787443.3701171875
295541519.3516240120 3784507.2392578125
296293542.3390133977 3808408.4023437500
298394976.7971929312 3863593.2617187500
297244430.0116966367 3834027.1445312500
296732457.4272904992 3820296.6562500000
301195191.7084532976 3912150.8515625000
308865236.0184403062 3961709.1445312500
300912035.0219269395 3907030.6347656250
296130645.8237337470 3803803.5644531250
304591563.4021672010 3944667.8242187500
305328211.6154136062 3949242.7949218750
296172334.5573987961 3804952.9980468750
296701479.3554303050 3819952.2187500000
296049138.3331559896 3799780.5410156250
310339322.3994610906 3962752.3593750000
307954882.8217506409 3958132.3164062500
301386238.9372590780 3915619.3417968750
296449383.2985459566 3813751.8710937500
296615474.6661287546 3819124.5058593750
299000640.5307692885 3875507.7207031250
296421250.5750878453 3813440.3867187500
299385643.5843618512 3881526.2246093750
303103511.1119745970 3933809.0175781250
295843374.8112306595 3796206.0156250000
296836368.5833229423 3825545.1386718750
297386417.4448962212 3839770.7656250000
299742319.7127615809 3888861.8007812500
299568707.1672431231 3884097.8398437500
300445732.9152019620 3899140.2773437500
300742707.7488816381 3905975.6367187500
308311007.3416026235 3958310.6835937500
298754296.1096372008 3871808.2519531250
296998321.5082890391 3829889.8847656250
299571129.5383374095 3884718.9785156250
296303330.6181643009 3808926.4843750000
296365672.1289513111 3811020.2792968750
296496557.2835011482 3814070.5742187500
294602728.9765253663 3737669.9189453125
296079099.7676108479 3801983.0214843750
295385676.7593280673 3782375.9931640625
296082068.5685294867 3803327.1445312500
301925356.3488340378 3918739.4843750000
303745683.4117494822 3938308.0722656250
295737742.9460071921 3790872.2744140625
297180884.4523107409 3833534.8164062500
294632213.1526990533 3741198.4062500000
305255796.7401549816 3949235.0117187500
297744106.8950290680 3848552.1894531250
299037218.7709934115 3876567.0937500000
299605606.3930726647 3884901.3437500000
298904439.0280477405 3872624.0507812500
311119314.1818342209 3962761.5937500000
294632213.1526991129 3741231.3984375000
303095737.9886359572 3933343.0273437500
300023396.4184597731 3892264.1445312500
300967141.2132198215 3907916.3144531250
297990109.3095149994 3853448.3476562500
295802154.6911163330 3792873.8203125000
305065187.7597927451 3948999.2441406250
296760011.8149260283 3822935.0898437500
294872941.5125846267 3754890.0507812500
294794031.1401214600 3749934.8818359375
300249723.1939091086 3896097.5273437500
304909668.1913872957 3946976.7089843750
297990109.3095151186 3853454.4238281250
294482819.6350848675 3733427.9453125000
296355707.7301782370 3809933.5195312500
302542343.4661569595 3925803.6679687500
300455459.0173543096 3899637.4609375000
299436425.0965073109 3881804.1093750000
294562939.5363966227 3737255.1621093750
296218289.0205063224 3807040.5722656250
304432439.2246242762 3943975.7246093750
299367001.2481303215 3881420.3359375000
301647069.4402645826 3918167.8613281250
305939557.0082746148 3951063.3027343750
296533692.6858131886 3815983.5351562500
295905221.2290891409 3798888.3691406250
304909668.1913872957 3946775.3750000000
294910019.2800163627 3756794.3496093750
304779843.1367525458 3946157.1191406250
304622369.8485670686 3944826.1933593750
297244430.0116966367 3834199.2851562500
296760011.8149260283 3822926.1972656250
295840514.3485059738 3794939.3593750000
308514102.3519746661 3960997.9160156250
295771707.4702655673 3792855.0537109375
298823719.9580141902 3872195.1679687500
303306348.4196108580 3936386.7207031250
300503412.6494145989 3901727.6542968750
296760011.8149260283 3822978.4023437500
300363176.2118782401 3898258.9980468750
300256073.8173863888 3897025.0703125000
294564327.1256626844 3737403.0917968750
295652790.0876377821 3788279.5478515625
298636809.1884899139 3868253.0722656250
308400238.7570011020 3960733.2441406250
311321551.2576550245 3963248.9960937500
305730136.0246831179 3949348.9550781250
313313403.5911158323 3964094.5332031250
298740354.6869101524 3870053.9765625000
302843144.4936972857 3929973.7617187500
300100760.1542567015 3892818.2089843750
303432806.8501097560 3937296.1582031250
300912275.7266876101 3907118.0761718750
305730136.0246831179 3949331.3632812500
300536918.4443541765 3902369.1093750000
296030723.3347895741 3798994.2373046875
295088870.6164936423 3763673.7138671875
298092322.0146018267 3855754.6582031250
312692048.1664314866 3963654.8261718750
296181439.1683526635 3805221.6679687500
313788901.2653234005 3964363.8964843750
296204090.2551506758 3806647.5625000000
298754296.1096372008 3871825.9238281250
298734193.1131495833 3869167.5957031250
298703902.2367666960 3869096.3066406250
305939557.0082746148 3950978.6171875000
304685887.2233436704 3945464.6015625000
298018762.0667495131 3853662.0273437500
299810816.0043202043 3889075.3535156250
298682143.9195377827 3868598.5429687500
294804493.7041200399 3751206.5888671875
302519867.6293612123 3925390.4980468750
303906376.2108274102 3941055.8652343750
303103511.1119745970 3934059.6269531250
297383802.8489319682 3837899.9902343750
305730136.0246831775 3949429.6367187500
300725909.9822589159 3904565.4609375000
298703902.2367666364 3868985.0351562500
308311007.3416025639 3958298.0351562500
304800984.3857585192 3946432.4335937500
301498603.4432017207 3916694.0605468750
299929888.4233353734 3891181.3886718750
303811834.6014757156 3939741.6210937500
302519867.6293612123 3925432.3750000000
302742162.7378712893 3929616.5957031250
300468562.7946578860 3901058.2773437500
302899571.1308530569 3931096.1503906250
302519867.6293612123 3925403.0234375000
300634839.6302866936 3904019.0625000000
300595603.8316392303 3902937.6308593750
311157172.7415105104 3962980.9375000000
298575263.0502634645 3866575.1914062500
298995215.1678056717 3873602.5097656250
299568707.1672430038 3884092.0371093750
305824459.8458597660 3949856.0644531250
300799911.2207447886 3906206.8945312500
296675487.6648698449 3819492.9199218750
298035519.8405825496 3855347.3457031250
305824459.8458597660 3949955.0371093750
297990109.3095151782 3853620.4257812500
307954882.8217506409 3958238.3085937500
299730550.9115250707 3886900.9042968750
297743742.0131911635 3847079.6328125000
302254013.8967354298 3923591.3769531250
301094585.9485866427 3911246.6289062500
302015473.7707501650 3922523.8457031250
300044534.2654765844 3892680.1503906250
304420557.7921682000 3942648.2089843750
304422176.9548195004 3943115.5136718750
297624058.7675737739 3845018.8105468750
302251411.0174952149 3923172.5703125000
302506422.1908403039 3925233.2031250000
302254013.8967355490 3923711.1132812500
300386337.9951606989 3898954.0820312500
300365897.7898077369 3898942.7636718750
300423101.2616710663 3898989.6328125000
301986419.9066228271 3920407.4707031250
298682612.2727411389 3868925.9843750000
299617992.5312089324 3885954.7343750000
297557165.3795180321 3842081.7363281250
302304306.8203660846 3924598.2031250000
313637951.6130822897 3964274.0781250000
302717808.3746558428 3927132.6679687500
299617992.5312089324 3885952.9589843750
300629707.1607950926 3903693.4179687500
302717808.3746559024 3927236.8535156250
300629707.1607949734 3903403.8613281250
300161218.3612594008 3895383.1542968750
300130415.1847957969 3894671.7695312500
299999007.9739890695 3892252.1328125000
298619569.9950578213 3867167.5390625000
300629707.1607949734 3903417.6972656250
313518731.0168403387 3964128.5703125000
302480282.1285816431 3924910.5292968750
302312536.7966504693 3924884.2636718750
300455459.0173545480 3899648.7792968750
300233163.9088442922 3895643.3281250000
302304306.8203661442 3924605.0253906250
302726948.5600296855 3929576.8144531250
302254719.1442455053 3924380.2812500000
302304306.8203662634 3924626.9921875000
312797505.5672617555 3963936.2363281250
