133408967.5344492644 264930.2438680176
133816583.4419842809 298353.7419826239
134048439.3519646078 316404.0595312715
134335152.9338495433 332345.2200531252
133592786.8035710156 281216.0185262207
134090666.7347876728 317201.1040148027
133427764.5009671599 265743.8203340620
133456511.4973157495 267220.4930635542
133436128.0721254647 266022.7837129682
134560906.1558782458 342821.9779174179
136115981.3688687980 415567.9135763580
152683370.8639894426 605119.1245117188
141854845.2880430818 546652.4488906860
136234615.0091274381 417301.8312108540
141444845.0827831328 541750.2103652954
133207435.2860073447 223806.1681610304
134606947.6462678313 347836.0601442903
134145514.6464410126 319549.9250740297
134485042.5868947208 341425.9700531252
137597786.1400946975 452535.4018515944
134556978.4309523404 342482.0735687502
134068568.2159184366 317170.6223396547
141373679.6326319873 535315.8588027954
133217922.1302719414 230018.0943274456
133236925.8864154667 237387.7772764806
133267358.8016638011 239565.2485710029
133838640.6741275340 300333.2323192209
134048253.2910518944 315608.9785980470
134125199.7215744555 317988.2813324220
134818315.0966667831 357608.1658826359
133340038.5225673765 256596.1607989911
133481794.7860353589 270689.5248224977
140786948.8021061718 518011.1731586456
133211122.7744854391 223839.8972613174
133780760.9947062731 295851.7498342246
134094833.1933280230 317874.1699737795
134465506.2494575381 339357.2274168581
134810352.8882196546 356940.0676160343
151964290.7625076175 592353.8504028320
134929896.6103418767 364408.9730858654
152052652.4805409312 598960.1611328125
151757747.3829187155 592074.8997802734
133823269.4792761803 298766.9377963394
135903719.4265545011 407867.2936727935
135045911.0087619424 370043.4913048595
133216582.4938402176 229350.8863092023
134209146.5456444174 325812.4039488435
135841304.8026581109 403830.5782463485
142001815.0509330630 549231.3179702759
135645497.8483752608 397583.5784904892
136342819.1308816373 420163.0577273145
141802082.1850371361 545602.8786392212
134279366.1902574599 327622.0729583986
140977448.1064575315 522858.8351211548
133684734.1776246876 288973.5693074707
141887393.3640643954 548512.2756729126
133637575.7797511220 283345.0107298940
133388739.3963181823 263030.5123614911
134765590.7428528965 355900.8458678573
135117289.4181582034 372930.0927395672
136333087.0743223727 419906.7255739942
134030828.7246922255 314842.4157896638
135744216.6640653312 398064.3249504501
136258870.7151203454 419635.2029802576
141378494.0507418811 537584.0226211548
135573805.5082485974 392041.7395012314
135878399.0545036793 404383.3507101471
133576430.3232808113 279770.2748224977
134671582.1830027103 350132.8740081079
134218608.9035569429 325910.8684906252
139312513.3449843824 489874.2439994812
133562751.0265224874 278297.3206697553
133437642.0447891951 266406.9165975098
133374413.9755162895 261986.2315573338
139643786.4403967857 497797.1747717857
137720579.2073456049 456065.8835033857
135706485.6969563365 397807.9927971298
135852653.3264822662 404242.3443596298
143555030.7987982929 562237.1542129517
135884111.3515779078 404498.6765129501
133485906.4103170186 271202.8661519531
133231051.3715631664 231843.0591283087
133572628.5703445375 278960.4169332031
136191531.6246289909 417006.4385979110
133263671.3131856918 239531.5194707159
133591795.8929829746 280948.7703570966
133314622.2181616724 254228.6807760838
133664575.9443982095 286717.9677144531
135508601.0339199007 389286.9206093278
136188231.6484020054 416460.0946334302
136480666.0324787796 425169.6011843458
133325713.1017654836 255551.8799948338
134530778.6092529297 342375.3232268579
133977881.2694611549 310081.1698250063
135003458.3066911399 366731.3449425548
150893295.5977048576 591638.1727905273
140460705.9792513251 514805.0582838058
135981798.9784304500 409248.8878166610
133506064.6435434818 273458.4677449707
135630309.4049166739 394824.9746007621
133300782.1372815371 248838.6100177411
133283871.2488398701 246120.5184230451
133280981.5167695880 245856.0849846452
133551903.3331458867 275273.4505481571
134670909.9429873526 350110.0115385540
153258103.9713888168 618854.7768554688
135035345.1431876123 366828.0287229382
150010553.3858904839 585586.2510986328
133867170.7130447626 302309.3811249025
134026456.0621887594 313801.0556500554
134905745.2580726743 363072.7765526623
133908956.0325226188 306023.0883793831
133252049.0636251569 238201.3537425250
134921934.4018947184 363740.8748192638
136742079.5986228883 431347.6205935255
152703272.2953009307 612115.8710937500
134508680.0903837383 342344.8415517099
134967360.6201627254 365324.8853677996
138023296.6819711924 461846.5843763351
135967578.0236869454 408665.6473941505
133401219.0954063982 263956.9960651044
148851673.5299901366 568774.3395385742
134141893.8502781540 318879.1858557314
135223041.5549924970 377596.8829064220
140586981.7846750915 516799.9234266281
138289532.8776236475 472241.9599103928
133881591.1760688573 302369.6809906252
134184995.1933752149 324476.2074156404
133257358.4093127996 238545.4579768032
134408920.7464510500 334445.5594085939
134482333.2163400948 340755.2308348268
133866870.9073033780 301603.1181822419
134025997.6972152442 310500.3584665544
134648680.0804688036 350017.1580285318
134732410.2423279285 350757.5514362901
133623432.1767213941 283014.5580049604
133652492.1585576832 284440.8030177802
133789990.2989109010 295905.6682326645
135176952.3006021678 374603.4528257214
133927225.3273934573 307084.8650084138
136190208.7743200660 416481.5931005180
136801074.0158236027 432577.9657728076
138265192.3250043690 471667.0712385178
137238988.9824193418 444688.1080493331
137170227.4112568796 439681.5645923018
133536710.0166938603 275257.0072237104
138537745.9141506255 473384.4126234055
133290859.0605916679 246519.1812480930
141682496.3740701377 545065.1302261353
141253912.9156014919 528542.1322097778
135176148.7169373930 374528.6486265026
134957811.9777078927 364551.4315945003
135062737.9756444991 371441.4947228283
138256378.9972777665 466086.5717267990
135194636.0533221066 374807.2808861583
133916032.1055670232 306488.6205028147
134199287.2524659336 325242.7702240236
138207462.0510338247 465807.6083478928
133221609.6187500358 230051.8234277326
141303173.6102515757 530904.2274551392
134468679.2544505298 339752.1248494238
138545049.1333392859 475697.1989431381
133961692.1256390959 309413.0715584047
134000766.6710770875 310469.8767914064
136411489.3669068515 424409.8327357704
137945609.7628149390 458378.6038821638
133605922.4189281911 281922.0181600098
138261466.1369404793 469176.5052900314
136501633.8563387692 427120.3212039405
137945179.1350440085 457576.6847488321
133355161.6997770965 257409.7372650355
136538098.9906254411 427160.8400599891
133517845.7977836728 274130.9685584549
140023961.9766609073 498338.7258310318
134324766.3158290684 332066.2566742189
133446005.6159474850 266685.8799764160
134470338.0147472024 339823.8074554689
135171524.1812346876 374443.5054198503
133298994.4260495603 246934.0948890895
133750073.8922262937 292609.4640537985
135297736.9608665705 381230.1513222185
140225879.7137783170 502331.1810112000
137220516.0530878007 441720.4216997270
149759819.9719297290 578906.4559326172
146272980.0664571524 565949.2443008423
153417823.8592240810 621675.6552734375
153154177.2968907058 615909.4019775391
133234738.8600412607 231876.7882285956
138194170.3104664981 462991.2236738205
133426219.8164381832 265433.6687945966
134340090.8262156844 333000.3210052736
135455853.1198270917 388631.6198978126
133718106.1564096659 290772.1087862104
133827193.0983426571 300204.7776881903
133778782.2245642692 293942.1549209841
134295555.3340795040 328290.1712250002
133734100.6756374389 292252.2688876241
136841895.9814724624 435112.5895717079
133646253.7259030789 284173.5548486561
134477592.1254987419 340102.7708343752
133905145.8613872975 305746.8243800849
134775919.0580554903 356263.3471510261
139523792.3055193126 490411.5606584549
149893568.1233167648 579056.4817504883
142667826.4794860780 549482.1424331665
133766217.3380677849 293873.4719197601
133703786.5628646910 289898.2324544434
136901545.9035789371 438760.8559558326
133864658.9313051105 301542.8183165193
133401060.3575190008 263067.0561925024
138482411.6542810798 473157.1763992310
138647222.5775194168 478565.6143255234
133763032.3943561167 293260.1304280609
135319031.4459275305 381467.3631839454
140358999.0209677815 509591.4777631760
141352923.7494738102 535072.3768081665
137442573.0610401332 449477.9552173018
133742264.6925864071 292447.2269069403
136768497.6453875601 431425.6804964319
136087065.2878676057 412834.4050258417
133230606.4529157281 230429.6567622977
139006451.5383318365 482504.7750539780
136484988.0188291967 425425.8747279579
133235526.1342171729 236430.0522005800
134269940.3044428825 326720.8504628427
135524857.4319259226 389780.4646243751
137705677.2812176347 454978.7238351703
137366190.5770842135 447221.1730539203
140920532.4683041275 520035.7388076782
133280732.9902163893 245217.3519379143
134303372.7212243974 328540.9444569834
141204326.5838912725 527154.8802261353
133294546.5490697473 246552.9103483800
139035450.4332242310 483488.5645095706
141107773.4310843945 527070.9775772095
133963733.0252801478 309453.5904144533
135512842.6257236004 389666.1302921548
134858053.3886698186 358362.6267723888
133885041.4872425646 302650.0857886914
135390038.3262241781 383757.8791751564
135148444.3782095313 373871.0955163725
139625280.0668823719 496560.0568493465
139510096.7706025541 490047.5414684871
136062506.5854279697 412560.2114403024
136640564.7444276810 430844.1842982704
135568245.0662658513 391514.9764587879
136388494.4668431580 424001.1064598337
147607141.3456419408 566391.5265274048
134998856.9624196291 366063.2466759533
136632628.4978259802 429773.0155222192
136548441.1077712774 427566.5532643795
136934892.2501564622 438833.6487810388
139619256.2255145907 493988.3001998067
133337862.3593209684 256160.3567715529
135135500.2875782251 373820.7974572033
134060606.0074713230 316654.9303955324
139807831.0661004484 497941.2506332397
135076991.5107502341 371810.2012047619
139156729.7448990345 486018.1333160400
137404904.2792373598 447513.7646133304
136943365.1526956558 439502.3296128511
133373006.6856626421 258114.9831788052
138942075.8038849831 482096.8761322200
136658838.7928830683 431076.0979997888
133260997.0902316719 239102.6275305394
137587515.7709453106 452437.1822509170
135562139.9807324409 391453.8516992927
134757628.5344057381 355232.7476012558
135789894.1792712212 399361.0377404094
137238818.4564205408 443237.7769946456
134093379.1355057657 317838.7206062563
135758064.7608463168 399286.2066797614
134625846.1606445312 349183.5208343752
138800801.5382778049 479538.0421066284
134898473.5626068711 361839.3230436891
134344108.4861628711 333668.4192718752
134378092.9646328688 333949.6741790064
149443119.6860823035 574540.5928344727
134738783.6378385425 351661.4862494320
134884149.5802438855 361563.9205168337
134743346.0064940751 353863.3006132692
139163852.7567583323 489393.7159575903
139576008.8598198891 491538.0064849340
135288627.6135409176 379426.6736291824
135414622.9493125677 386907.7343676025
141251951.5893829763 527854.1233901978
141315020.3621412814 533451.8250503540
137538901.7101222575 451051.2294886067
135228133.6987861991 378536.6310636932
135242387.2338919044 379386.0873339111
135610350.2839626372 394740.0893480713
135438114.5685419738 387218.4423143798
134086471.2910698205 317178.2415452488
135814996.2738910019 401174.4409105713
134586632.8435439169 345087.1863875240
135799939.1551205218 400762.6747972900
138580933.6569613218 476507.8589259386
135405845.4128473401 383968.8782030279
134722188.1086786985 350605.0759911388
137215160.9751339555 440931.1783950264
