30248069.6134713739 1660952.7519531250
29683611.5413784757 1579069.3417968750
30927213.6153793335 1699941.2324218750
31075377.0226401761 1704792.6582031250
29977327.4183473885 1636706.5976562500
30619816.8536793180 1684276.3066406250
30005991.1630399860 1638510.3222656250
31539121.6924241893 1714414.8867187500
31086030.4327988848 1704900.6562500000
29727232.8090583980 1586634.4726562500
29948170.4776617028 1631661.6347656250
30542062.8821907043 1682021.0078125000
29812833.6583713442 1611553.4521484375
30748248.8018643036 1692580.2070312500
29581239.1017865688 1514759.6679687500
31453827.7302600853 1714339.4355468750
30161671.6700711921 1654243.2656250000
29710963.2107170559 1584907.8203125000
29918049.7856556065 1627532.3925781250
30044334.9657054581 1641994.1464843750
31446452.7511448711 1714338.0019531250
29612686.7222652212 1552954.5673828125
30534687.9030754901 1680408.6093750000
29692328.3787723891 1579448.1982421875
30062862.0894061588 1646095.2343750000
32197342.4902003221 1715188.8027343750
29947979.0402417034 1630218.4804687500
32221461.2437343672 1715199.2246093750
29728072.7804922350 1590686.3251953125
30556826.5262726434 1682036.2226562500
31633089.8424039483 1714563.4941406250
29893232.8424324058 1622683.4550781250
32555408.8953653984 1715398.4414062500
30984869.1651841588 1701259.7812500000
30641955.4768764712 1685903.9199218750
30007733.8778844550 1638916.5566406250
29696099.3467078991 1584889.3427734375
29678275.7190263420 1578244.5937500000
32599255.6159885824 1715446.6621093750
32586177.1941326521 1715428.4492187500
30627191.8327945322 1685888.7050781250
29747860.4809186906 1596742.4863281250
31187893.4058009535 1708928.7949218750
29729354.3899498433 1591087.6679687500
29671184.0433254316 1576456.1162109375
30872001.1905881986 1696758.8417968750
30674661.7216435708 1687251.6425781250
32465999.1583508961 1715396.8281250000
31947862.8812915310 1714895.9160156250
30127086.5040757433 1651139.6289062500
30306821.2621521801 1665260.8886718750
29663846.3494130857 1574282.5830078125
29628583.5353849642 1566536.9531250000
30292729.8213211149 1663919.3125000000
30574225.7446206436 1683793.3320312500
30453840.4019938521 1675163.7714843750
30833756.7594684064 1695753.1210937500
30480911.2552283704 1675181.2031250000
30588989.3887025788 1683808.5468750000
31374514.3945983984 1714215.8613281250
31897368.9425406009 1714877.7812500000
29742494.8664115891 1596153.2011718750
29774457.4531880207 1604643.4492187500
31579877.4253392108 1714527.7050781250
30349534.9308418296 1667473.0644531250
30217663.1539342999 1658742.7929687500
29774247.6537756845 1602322.0859375000
29588800.1398039833 1528469.5615234375
30247661.9829697497 1660399.1621093750
30330511.2599733919 1665934.1718750000
30337227.7216892466 1667470.8476562500
30381578.3461125866 1672386.5859375000
30254265.7493816167 1661995.5644531250
32404387.4751697183 1715306.0097656250
30102502.7519942597 1649944.8808593750
30071546.6588373519 1647104.6738281250
36773397.2220344841 1717009.7031250000
30218434.3666376472 1658758.7890625000
29779735.0145051554 1607154.4716796875
30096680.0445386730 1648929.6699218750
29617840.5650607869 1556321.1992187500
29749114.2680743523 1597774.0273437500
29849090.3626671992 1614994.9785156250
30336456.5089858957 1667454.8515625000
30378120.6019938700 1669318.3222656250
31807020.6875160374 1714755.7304687500
29886749.2542109713 1622537.4218750000
29611825.9019272923 1550019.2031250000
36983449.3149543405 1717032.7734375000
29657696.2381108664 1572924.2167968750
29617332.2803511918 1554602.0419921875
32064974.6458853781 1714995.3378906250
29894274.4414933212 1624514.0468750000
32074055.4246154092 1714998.0703125000
30501697.8097146638 1677511.6210937500
29995532.1106122732 1636942.3984375000
30142519.0955933779 1652465.8164062500
30129098.8069306053 1651264.4550781250
29940761.9661008492 1629405.7382812500
30197034.3254754916 1655967.2402343750
30139049.1365677640 1652182.0917968750
31832702.3397541419 1714760.4804687500
29598566.3232979402 1546243.2021484375
31689318.7420794852 1714626.5351562500
29594800.6892889999 1536713.5810546875
30013928.5061683916 1639784.1875000000
31107198.4914742894 1705050.9667968750
31909858.3131394386 1714891.5273437500
30087548.6625305973 1647963.7753906250
30238973.8963431083 1659880.7441406250
31366393.3381100371 1714208.0000000000
31612452.9060141519 1714541.6562500000
29594849.5334426872 1538815.2128906250
30179121.6910406947 1655718.5878906250
31107342.9851081446 1705288.9882812500
34233061.4957911447 1716294.1503906250
37544903.6575199813 1717157.5781250000
29855816.8035193682 1615325.2929687500
35784040.5789738968 1716777.9667968750
30784780.6805435456 1695089.3964843750
37341474.3975008279 1717122.4570312500
29659951.7911495529 1573635.7187500000
29969374.8795442730 1634894.5488281250
31358998.5814259760 1711678.0898437500
29939584.8869208507 1629069.1699218750
30912969.5340994410 1698481.6562500000
29869344.3989744633 1622090.5996093750
31953917.5670824349 1714976.6113281250
29654686.0532877706 1567798.4277343750
30137258.9738243148 1651618.2011718750
32777295.3441369943 1715572.2910156250
29970390.7189474665 1635370.5917968750
29655594.1332797520 1568013.1845703125
36625307.9263253137 1716940.0546875000
31722600.5050223395 1714737.4667968750
31538296.7306649536 1714387.4375000000
37294879.1048618853 1717078.4433593750
37108870.2143085599 1717055.7714843750
36638336.5933114216 1716941.7109375000
33093040.0631456859 1715766.5976562500
30885049.3717350923 1698100.0566406250
29925318.7623086497 1628453.2695312500
30839355.2238558121 1696367.8925781250
32459300.5718697608 1715382.2402343750
29664524.7675620615 1576432.7568359375
34647545.0545391068 1716439.5234375000
29621182.0407316349 1556953.7382812500
36337356.8998128697 1716845.1191406250
29916329.8563040718 1627034.9218750000
31283737.7597819567 1710423.9804687500
37024458.1024250314 1717050.5917968750
37279004.8157035932 1717067.0273437500
32191945.4185425341 1715177.3652343750
30574154.5639537796 1682420.4707031250
31966629.5877927579 1714983.7792968750
37497972.1884942353 1717129.2050781250
32179149.6645363793 1715105.0000000000
31394172.1517871134 1714264.2207031250
30815028.8668215014 1695749.7324218750
29716434.3733255304 1585407.5312500000
30052338.7265068032 1642311.4511718750
32181049.9033053257 1715107.5839843750
32171774.6854211651 1715103.5664062500
37637134.0965532809 1717177.8281250000
31167548.7128379755 1708740.2421875000
30031010.2436904125 1641302.5585937500
29658244.8870099708 1572941.6767578125
29645095.7370098159 1567268.4160156250
30539350.1064591408 1680582.0839843750
30813570.9479752779 1695611.5410156250
31255538.7957872190 1710136.6230468750
30523910.9920802899 1678434.6992187500
32387081.0907071345 1715294.8066406250
31243842.1764613725 1709007.0683593750
29773179.1390274577 1600910.6835937500
29983178.1436331607 1636891.3281250000
32113703.0067030862 1715092.3066406250
30284646.8866724893 1663355.7167968750
30739530.8207414448 1691641.2714843750
30738072.9018952213 1691503.0800781250
30686288.5256496444 1687259.2949218750
29647548.0466878191 1567348.3769531250
30687746.4444958679 1687397.4863281250
30693663.5047648586 1688871.6933593750
30012002.9519386031 1639236.7851562500
31871184.9183342643 1714769.5605468750
30055958.6602486856 1642605.1308593750
30004627.9728233851 1637624.3867187500
30058613.4050901420 1644930.3730468750
30053572.9289391637 1642452.7031250000
30449442.4040362798 1674289.8925781250
30332114.6651789770 1666914.8339843750
32264782.2096766531 1715227.9375000000
30096394.8437424265 1648752.7304687500
29968026.8850023784 1633147.6796875000
29653678.0652285255 1567775.3984375000
30624918.0477603562 1685353.8847656250
30770970.8693426065 1693175.6074218750
30502143.0278363824 1677517.5097656250
30453401.4112964608 1674455.0625000000
31424391.5310064442 1714310.1503906250
30780235.4728301577 1693312.9628906250
29959497.9254013821 1632513.3769531250
30777335.4518699609 1693302.1250000000
30254240.4271354191 1661145.7578125000
35200992.8934244514 1716570.8261718750
30065988.3842053562 1646542.7714843750
34881071.8642981350 1716495.2851562500
30175311.2864399739 1654828.2031250000
30486934.1656327248 1677496.4062500000
29807680.6630869247 1607244.3759765625
31038152.4352615178 1702766.6152343750
30200592.6673428714 1656341.4140625000
30486107.6560635604 1677455.1933593750
29902602.9306122735 1626806.8144531250
30736683.6790047549 1690871.6816406250
30300079.4781901240 1664681.9042968750
29718468.9314072579 1585739.0839843750
31136837.5643783025 1706184.3359375000
29969952.4392321669 1635094.1992187500
30735225.7601585388 1690733.4902343750
31159274.4025679901 1708033.0488281250
30300491.7748168372 1664682.9902343750
31068360.4289674163 1704123.4101562500
30300644.2193571441 1664704.2812500000
31252900.2057112083 1710027.0195312500
29772819.4129956402 1597937.7822265625
30657993.3509411104 1686466.9902343750
30482957.2985303812 1675868.2285156250
29868030.2242603637 1619205.4746093750
32052861.9955320284 1714987.8242187500
29918560.8807423525 1627649.9941406250
30296927.2003023475 1663960.9765625000
31138763.1186080948 1706193.3300781250
30923835.5166803338 1698515.3671875000
29724037.4228721894 1586023.4726562500
31003949.8201399669 1702660.4101562500
30197097.6951815672 1655994.6367187500
29857093.8026503734 1617879.4453125000
31073621.7507236078 1704373.9570312500
31029426.9341126382 1702691.2363281250
29920594.7693866082 1628018.9902343750
30146716.4745746255 1652507.4804687500
31072965.6972696446 1704361.3945312500
30968362.7931606509 1700702.6152343750
29822853.5283080973 1614477.5175781250
29902630.8595938124 1626872.3242187500
30209915.1249582805 1657079.8261718750
30483344.2167862020 1676729.9667968750
34225250.4159028307 1716291.9062500000
29966731.4306535497 1632911.1132812500
29859753.5855631530 1618141.3125000000
30330898.2343539111 1666892.9492187500
34109902.6484468505 1716197.0839843750
33595846.3882010058 1715992.4003906250
36216586.0916833431 1716841.1757812500
34267323.1000648662 1716339.8398437500
36430291.4594111666 1716876.3652343750
33950897.3897662908 1716178.7714843750
35004347.7973859906 1716517.9101562500
34164777.2635064200 1716250.6777343750
34526293.7788752019 1716410.8652343750
35231248.6795091256 1716645.0214843750
34733037.5790211633 1716492.3320312500
35843995.1663530171 1716800.4492187500
36546587.6923783123 1716909.1308593750
30377801.7273208052 1667743.3281250000
36666729.7231546268 1716956.3437500000
34120539.6483497545 1716228.3320312500
34235287.5244964138 1716305.9609375000
34672440.8205261454 1716477.2167968750
32690025.9628710411 1715518.5878906250
32791001.4748900756 1715596.8164062500
33016530.9561826438 1715699.5878906250
35701593.7048183084 1716722.5117187500
35947184.8423849493 1716806.0078125000
32802571.4600228146 1715614.8906250000
33743303.0506829917 1716066.0273437500
34600514.8591827527 1716414.7031250000
32795800.8906326033 1715601.5117187500
33516346.9726683870 1715979.4375000000
33319520.6019191258 1715874.2519531250
33104545.5458577499 1715779.5996093750
33132704.5895985402 1715804.3574218750
33132153.9505383037 1715793.9824218750
33131641.3378697224 1715793.6074218750
33131101.5584394336 1715792.6386718750
33374139.1953857504 1715898.4218750000
33143722.5895823203 1715812.8476562500
33144785.8413111418 1715823.5976562500
33436369.4364401251 1715976.0507812500
33929098.2845700160 1716167.1113281250
33781270.2793798521 1716154.1601562500
35203435.8071398363 1716574.6855468750
35038710.4523482099 1716566.7656250000
35395564.4247764349 1716672.4882812500
35576492.9236364290 1716704.3398437500
32960964.4700371176 1715621.7246093750
33691902.5863258913 1716001.6074218750
33740171.8954389468 1716035.8671875000
