30283054.6776883975 1680989.8066406250
30086185.6692265794 1659700.0742187500
30209799.8407317325 1671854.8203125000
30801422.0391490012 1713172.3535156250
30749371.4542046264 1711390.0312500000
30892812.4632467926 1713956.0195312500
30090421.0439422876 1659771.0937500000
30131331.3860671371 1666135.1015625000
30220762.0166047439 1672070.4472656250
30147586.7632721886 1666158.2363281250
31159395.1145797633 1723521.0234375000
30402385.3991054930 1689307.0585937500
30232739.8364552706 1674653.3125000000
30188701.5516228229 1667653.6015625000
30165907.5160464868 1666758.3281250000
30074331.9263155237 1658207.1933593750
30035133.1186069883 1654431.0332031250
30109646.3231635913 1662128.1621093750
30363221.4622561261 1683229.2890625000
29998711.2180689648 1641313.6933593750
30119058.3557652831 1663768.5292968750
30034933.6415335089 1654381.6308593750
31105344.7021692172 1721244.3593750000
29982433.9338742048 1635259.7324218750
30557575.9161381014 1700767.8886718750
30646039.1836257800 1706981.6992187500
30106873.1446266361 1660617.0761718750
30380117.6215041056 1686194.7285156250
30871070.0819326676 1713186.7089843750
30712019.8319406584 1708086.9531250000
30893740.6124695390 1718364.3515625000
30588755.9057018906 1702319.3691406250
30662565.6314372532 1707791.6113281250
30466200.0791250579 1692731.0000000000
29983847.2385230623 1640410.2285156250
30508684.7921060584 1696330.7812500000
30198941.2121330500 1669233.0449218750
30010321.7553118207 1647456.7128906250
29998910.6951424330 1641363.0957031250
30275990.6850727201 1675079.5156250000
30388310.2983224764 1686812.2714843750
30362895.9418320954 1683223.2773437500
30637846.5068074092 1705199.3769531250
30016096.5131565705 1648240.3789062500
30374728.6867942065 1684299.0917968750
31463534.6924669296 1729726.0332031250
30482655.9897747971 1695345.0488281250
31084229.6046358198 1718876.2597656250
30471589.0138349608 1694626.6367187500
30557775.3932115771 1700817.2910156250
30422498.4127294384 1690140.1269531250
30402584.8761789687 1689356.4609375000
30563550.1510563269 1701600.9570312500
30317232.3259224147 1683165.8066406250
30226350.4283881187 1674015.4863281250
30103626.6282447390 1660088.9609375000
31457821.3570328578 1725051.5703125000
30010122.2782383449 1647407.3105468750
34459686.7641268075 1735903.9804687500
35148562.3548216373 1736428.4023437500
31643044.4383441396 1730250.1503906250
32000556.3506928086 1730271.3105468750
32614402.8756815232 1732134.6035156250
32107161.2890274562 1731515.0507812500
34009217.6676052511 1732244.3007812500
