65783055.4659716785 663209.6095733643
66389096.1304408684 727805.0836791992
67397914.1275049895 803736.1257324219
66382347.2715242356 726622.7472076416
66822167.5665587187 764732.7340087891
66381999.3637838811 726188.6344146729
65599754.2035571635 628161.1755065918
66825944.2555882558 766482.9653320312
65708021.0772555694 651497.0554504395
65505289.3744514287 579562.8919696808
67651103.0281385630 818008.3259277344
66250776.7552232444 715730.7196197510
65606611.0919193327 628934.9193115234
65528957.8204094842 605750.5849304199
67982894.7678289562 832661.9707031250
68146364.3962074816 839098.9716796875
68131010.5721418113 838700.8173828125
68733844.8930030316 860479.6098632812
67606972.4032245874 815804.1823730469
65688932.8545148522 650687.7264556885
66389570.6767948791 728177.8027954102
65687048.3462154791 649397.0783843994
67421779.3034258038 806399.0244140625
69056469.3776078373 871791.6474609375
67408603.4556504190 804776.2778320312
68069123.1190328300 836648.9775390625
67875694.5836143792 829518.9975585938
68316203.6719406098 846717.5781250000
68098138.4540863931 838534.8413085938
67912945.3542875946 830518.0805664062
66158720.5964933932 706854.9004898071
66595744.4358603582 746190.5378723145
68036251.0009774119 835005.4565429688
67620512.3912976533 816856.9392089844
66876473.9389533848 770354.1813964844
66124489.6325246096 704314.4872055054
67544932.9279678464 813455.9360351562
68298336.7194541544 845498.8452148438
65588980.7088975310 619633.8679847717
68040026.7910222858 835895.7451171875
65612638.5897218138 630420.5588531494
66767897.0809054747 759884.7758789062
67798893.2481378019 823820.9431152344
66424124.6338533908 732147.5823974609
65846794.3090286851 672337.5995330811
67994276.0910589695 834278.8579101562
67499256.0762622356 812084.4741210938
66462530.8953766823 734739.2053527832
65834518.2171713337 670590.7181854248
67375655.2041940987 803360.9267578125
67451329.5727470517 808840.1784667969
67044798.2765116766 782993.4577636719
65688795.9977024868 649806.9800262451
67832097.0754323006 828262.2802734375
67718438.8899534494 821820.9418945312
66162528.7165747881 707914.5025405884
67659812.4936252832 818824.6831054688
67474619.3938264847 811044.3220214844
66007404.3726892099 692541.1385650635
65982188.4664248973 690026.6371154785
67707494.1932754368 821502.2368164062
65847142.2167690322 672340.0477752686
67662868.5216962099 819298.0932617188
67832066.7217028886 827314.8540039062
67735836.1650610268 822449.6630859375
65614734.1489491612 630707.3145141602
67332823.9980075955 802523.4909667969
67986340.8650650829 833226.1010742188
66117254.2976614982 703582.6905670166
67806432.2295994014 826262.0971679688
67643932.5189786404 816955.5690917969
67859384.5195288360 829097.7172851562
67269894.0841162056 798382.2636718750
65986949.7955597118 691086.6637039185
66502039.2212770879 737741.1767578125
65846262.5723146498 671872.1036834717
67763123.6091575772 823285.1000976562
65784522.7295363098 665446.0932769775
65607877.2605869770 629933.5707092285
66254794.1346264109 716722.6784210205
67443846.8060070276 807787.4216308594
66830610.6654591858 767240.8560791016
68839030.0071175247 864827.6435546875
65627854.3102280647 637490.0976104736
65533847.1307906285 606504.0084533691
65542275.9347765669 608503.4951934814
65778294.1368368417 662658.2992553711
67843613.1902475953 828466.2407226562
67135593.3192350864 791531.5500488281
67672762.0382478535 820449.4799804688
65708498.9824635461 653246.9644775391
68906653.7502599657 866879.4833984375
66939851.5612126887 773900.9340820312
66822974.2388442680 765538.7061767578
65831743.2293856442 669928.0126190186
65709905.5855549425 653322.0664367676
65621058.9567533880 636428.2455596924
65900671.1540401503 683314.4616394043
65719023.3456768394 654780.1441040039
65682287.0170806423 648843.7627716064
67506261.8654759079 812447.3796386719
67365604.8325545192 803194.3742675781
67312010.2294661254 801989.4648437500
68307500.2448397279 845613.7851562500
65873074.1203599870 677827.0459442139
65512692.6740765870 588792.5360126495
66011769.6373435035 694266.2123031616
68645164.5681498200 858029.6157226562
67305675.3175970465 800936.7080078125
66617730.7837865651 747425.9987792969
65879719.9577941895 680393.1095123291
67197542.5986161083 792934.6076660156
66948910.0974236801 774263.8395996094
67018972.4082261026 782113.7873535156
66010024.4598959833 692905.7409439087
67287294.2804291695 798495.5539550781
67156735.8433887661 792065.5761718750
65537514.6056417450 607674.7594757080
67293183.9051956385 800586.4072265625
65750575.2340590656 657063.2618103027
65791727.5256388336 665850.3829956055
65737922.0522837266 656991.4009704590
65966116.7984867916 687618.7197570801
65653588.3704029843 640507.5476989746
65629800.3534149528 638373.4638671875
67266824.5833373070 797092.4963378906
67532883.6511594057 812981.4057617188
68261703.4778503776 844665.7382812500
65563248.6658166647 610874.5511169434
65579381.4714342877 617821.2530918121
66722235.1030648500 757474.2736816406
66030997.1909360811 695766.4734878540
66839677.8470954597 767522.5485839844
66656659.4146917388 750683.9279785156
65715964.6811383367 654060.7390518188
65812489.2057509571 669734.9234924316
65919868.5098209009 683491.9964294434
65719044.8804709762 654786.3209228516
65878735.3176888973 679748.6944351196
65900692.6888342872 683320.6384582520
65733160.7231488973 655212.3659820557
65541291.2946712822 607761.5476455688
66313648.6975151002 721383.6652374268
65853916.0354495570 675551.3619537354
65857692.7244790941 675638.1501235962
68279330.4486830831 845229.8686523438
65765688.1824806333 660987.9002685547
66139493.0429008007 705354.6393051147
67341901.7700008005 802666.7114257812
67237475.7180886418 794888.3527832031
67125905.7403039783 790478.7932128906
65769464.8715101704 661074.6884384155
65652603.7302976996 638957.3672561646
68742939.7696367502 861134.2124023438
65514758.4612035677 597671.3970375061
65594269.3892188147 624100.5322036743
67111250.2376681268 789075.7355957031
66575598.7758089229 745591.1245117188
65937761.0415283591 684810.1129531860
66480129.3110465407 736701.0246582031
66696446.4257720113 755639.3994140625
68983169.0957692564 869635.0976562500
68652659.0447071344 858977.6625976562
65931033.2336120605 683896.8296890259
66709763.0154960975 757192.5811767578
66069397.1991845146 696912.2476577759
67059206.9066390619 783175.4763183594
66960090.1265968308 776085.8817138672
65567880.6372299194 615216.6906776428
65567421.1704982147 614876.7733802795
66965240.4242560863 776701.5261230469
66051984.5103959367 696818.3971939087
68588793.2119264901 855873.0659179688
66393347.3658244088 728870.7074737549
66175757.6521191001 709107.2021484375
66604687.9779424295 747144.3062744141
66273940.7509405985 718205.3044433594
65941673.7936272025 685823.8206558228
66070694.4118324146 697171.9270782471
66347722.1473020241 723500.4426269531
66229771.4429280013 712542.9013977051
68855632.4549174458 864966.6728515625
66075405.3634149283 699058.9272460938
66680178.2451362237 753141.9121093750
67407278.2424795628 803736.4252929688
65736937.4121784419 655441.2205276489
66645283.8343244419 749636.0975341797
66442076.3182471842 733443.0954589844
68640185.6727492809 857733.6923828125
67217374.6610882133 793278.5104980469
65563854.5460866019 612417.1761512756
67095840.7698904350 784987.6343994141
68212341.3089131713 842461.5947265625
66812174.7677947432 764071.8048095703
66452843.7108385339 733458.0292968750
66472612.8508428782 735366.8258666992
68883297.0049674064 866046.3764648438
66297877.9010620341 719980.6076202393
66414190.9877757579 730047.8282470703
66528850.5184233561 739328.6222686768
66514809.5052557588 738275.8654327393
66702470.1743869931 755708.2582397461
66634485.3756838888 748829.6037597656
66194869.5647762343 709805.0464019775
66204055.1905397400 710910.5914306641
68027148.2091143876 834444.8339843750
66547713.4453374892 742195.8572998047
65808294.2925172821 665905.6527023315
66159214.3481614590 707726.3272247314
66598687.3488943726 746749.2995605469
66674076.8689174503 752704.5202026367
66372304.7726146057 724760.1631622314
66373232.8647162616 725137.0956420898
66875141.1578685492 769977.5299072266
68239324.9389156550 842859.7490234375
68067218.5904276669 836279.0410156250
66856328.2789019570 769622.3027343750
66759377.6709293872 759753.8138427734
66894072.3546232507 772183.5354003906
66566967.0217880458 744256.9257202148
67242199.4379302114 795694.9526367188
67042235.2041200176 782641.4501953125
68501905.1591904163 853282.2597656250
67113065.0044502914 789090.3959960938
66415099.6351172477 730896.7966308594
68809238.8286418915 863889.8266601562
68210990.0817257464 842383.9375000000
68212382.9193862528 842509.1884765625
66991831.4315008894 781073.6352539062
66550602.7877161801 742348.1291503906
66970788.8382910863 776963.0909423828
66743260.3984697238 758902.8488769531
65569207.6209353581 616350.6568946838
66627279.4242629260 748302.4813232422
66329377.2181929722 723257.4825439453
66561300.5347577780 744032.3181152344
66281577.1775555089 718748.7675781250
67161136.8051513284 792208.7966308594
67012973.9556545690 781750.8818359375
67174037.4073847532 792571.7021484375
66928115.4810103625 773223.6875000000
66750137.9475310743 759574.0278320312
67063377.7282736823 783318.6967773438
66915214.8787769228 772860.7819824219
66956133.3356552422 775560.0333251953
66736203.1051263735 758526.1973876953
65527456.0350816920 598855.3615150452
68791487.9066610932 862106.5683593750
69002586.6780939996 869878.8369140625
68610541.5088595897 857489.9531250000
68207479.4492199719 841331.1806640625
67098409.5018144473 787687.3383789062
65509672.1949168667 582435.9390969276
66320745.4641720802 722006.6967773438
66096360.4372791275 700044.3959350586
65965335.1430665925 686458.6809692383
66846512.7410099730 767543.2725830078
66687814.6717511341 754305.2006225586
66782467.6757485792 761101.1760253906
68865622.3794287294 865391.7739257812
66535947.2850803286 740945.0715332031
66924052.3027511090 773074.8696289062
68461479.5757559985 852682.4990234375
66654279.3546961769 750012.7490234375
68249242.5748446882 843025.7250976562
68608750.9424783885 856925.8227539062
68667416.2292049080 859082.3725585938
67120116.7421825230 789158.4643554688
68485681.1281205714 853246.6293945312
66530725.2489010543 739975.0434570312
66971953.8926857710 778700.5495605469
66219277.8816507012 711958.4218750000
68684599.6851851046 859646.5029296875
66879416.8519874066 770780.4777832031
66977175.9288650453 779670.5776367188
66237800.9292193577 713062.9756011963
68768966.2583120018 861273.4614257812
68573211.3649395108 855218.4633789062
68791564.2031032145 863235.2241210938
68412607.1453045458 850400.6982421875
66734729.6318944693 758020.8460693359
68772643.8984116167 861618.3369140625
67593543.6522294283 813861.0761718750
67975898.7164981812 831865.9912109375
68391949.4387198985 848473.7143554688
68374765.9827397168 847909.5839843750
68413999.9829650670 850525.9492187500
68431183.4389452487 851090.0795898438
68571307.5086342543 854873.5878906250
68149673.0503564924 839318.6215820312
67958715.2605179846 831301.8608398438
68928792.7411074340 867018.7324218750
69042297.8714798391 869939.4501953125
68188517.5143282861 840237.6987304688
68161260.3874374479 839753.5742187500
68537381.2226696163 854734.3388671875
67588965.9453255981 813508.1171875000
68969057.0634230524 867445.9179687500
68675081.3231176138 859282.0151367188
68521906.6562782079 853386.9697265625
