271403227.4207828641 1045141.0839843750
269446495.3780536652 1021004.7246856689
268467749.3581212163 1004438.7424011230
267071473.7860050499 979902.3785858154
267518360.8893241882 988770.2755126953
269029035.7753483653 1013781.4412994385
267382711.5608183444 984469.4219512939
266885949.6238100827 975403.5901336670
266671187.2321420908 968087.6246337891
265416013.6035994887 935730.7852630615
268448967.9061834812 1004337.7734603882
267938121.7119493783 996154.4549560547
267229155.8687906265 983579.2753753662
269619347.9609043598 1023919.4297637939
271041322.3239502311 1039679.5488281250
265628662.1755374968 942223.2175750732
267046680.0188630223 979828.4013519287
268898865.7869213223 1011648.6725769043
272124935.5582982302 1050138.3022460938
265960203.0186345577 953091.3407287598
273321189.2504355907 1057686.2583007812
268072491.2683950365 998289.8848266602
271748199.2206993103 1047426.4750976562
272141969.8464848399 1050515.9824218750
266428660.8031170070 963848.3768005371
267821272.6493661404 995160.6146240234
267230072.1750437915 983648.9844512939
264747138.1703693867 915396.9949665070
265090077.2476319671 922745.7978668213
268445063.8586215377 1004315.8589096069
266628002.8449962437 967471.4065246582
265153815.9414916039 927659.2537915707
265115681.1714957654 923552.8512725830
267032012.3455300629 979306.2415008545
267017585.9316959083 979128.2209930420
266973119.3321845829 978070.0774383545
269507537.1900075078 1022047.3521270752
269029035.7753483653 1013503.2122955322
269391506.4122702479 1020035.5449981689
266987545.7460186779 978346.3660125732
265242926.4418849051 927760.3209851384
267123967.0906316042 980096.4236907959
266380290.1560436785 962740.6307067871
268390074.8928380311 1003219.3618392944
268393978.9403999448 1003624.7544174194
271392705.0545107126 1044515.3159179688
266740424.3153897822 971480.8268292546
268116957.8679064512 999219.3267211914
269395410.4598321319 1020932.6836700439
269450399.4256157279 1021435.6963653564
272671805.5911942720 1054200.4057617188
268834563.7542291880 1010794.5745391846
267248158.1907659471 984110.4191436768
268856183.1924977899 1011099.0184478760
274927116.1550104022 1061543.7343750000
270667368.8080279827 1036643.2801513672
269391506.4122701883 1020030.5830841064
270864474.7933138013 1038363.5926513672
270322328.4337461591 1032776.8846282959
266983641.6984567642 978251.0227508545
265722100.7972795367 945951.0937500000
267209367.0298508108 983158.4881744385
274895930.4784744382 1061352.2309570312
268909388.1531934142 1012270.1056823730
273119874.5942096114 1055844.4306640625
268798693.4818008542 1010204.0426788330
267028108.2979681194 979184.1150360107
266977023.3797464967 978202.9563446045
268393978.9403999448 1003337.4223861694
268448967.9061835408 1004351.3418197632
264566630.9916051030 898423.9096448421
273169385.7210714817 1056259.8598632812
265794152.2500978708 947788.0055615902
268819245.7755212188 1010391.9425964355
268902766.8294278383 1012256.2761383057
267137876.2931601703 981904.0156478882
264958725.7822764516 921637.5649566650
264958725.7822765112 921869.9194488525
266952196.6780095696 976694.6375656128
268393978.9403999448 1003291.4931869507
266588895.1157789826 966863.2121887207
268826391.8350751400 1010740.8743438721
266194226.7645210624 956710.4708442688
266885949.6238101423 975552.9070281982
265801175.7317222357 949114.7653198242
264613172.2706094980 901268.6815948486
274286608.9144844413 1060173.7524414062
265391523.9569119215 934617.3481292725
266962719.0442817509 977383.5086593628
268116957.8679065406 999668.2105102539
268116957.8679064512 999124.5049438477
270762727.6044745445 1037356.0379638672
267812492.5909376740 994638.2811279297
265264291.1676285565 932070.1860364079
267129850.7141430676 981780.2998275757
267399020.7103323638 985072.1758575439
269145496.5294755101 1016523.5550689697
266163169.8961000443 956443.0844268799
264674026.3434429467 908668.0026874542
265801175.7317222357 950073.1945190430
274710183.0436073542 1060819.4482421875
264958725.7822764814 921717.6245269775
267141780.3407221138 982098.9096908569
274285787.5117918253 1059336.2568359375
266820391.2595492005 972048.0811920166
266820391.2595491409 971999.6285552979
266828824.9425834119 972525.2414550781
272027637.5257262588 1049381.3540039062
269281663.9768533707 1018490.9698028564
266864857.8590606451 972988.3824615479
271081639.4997197986 1040233.8515625000
274710183.0436073542 1060855.9677734375
270915366.9902490377 1038454.1942138672
267764121.9438643456 993739.4940185547
268116957.8679064512 999209.0215454102
271691340.4110884070 1047311.0898437500
271627900.2872648239 1046033.5317382812
265003192.3817878366 922595.9941558838
267399020.7103323936 985341.8975372314
269241101.4249038696 1018336.9439239502
273022763.3420155048 1055365.0747070312
265125992.0575299859 924528.2479095459
268860087.2400597334 1011377.2474517822
271089692.9710235000 1040601.4584960938
267522264.9368861318 988889.8834228516
270922561.3811167479 1038937.0532073975
267938121.7119494081 996422.7215576172
270529004.4357466102 1035114.0677490234
270816104.1462405324 1038349.4696044922
271150734.7829773426 1042604.8432617188
274006607.9114091396 1058888.6933593750
264906241.6100780666 917571.4725799561
266175428.9108604789 956697.9070587158
273497259.3803814650 1057940.2075195312
271150734.7829772830 1042494.0244140625
266820391.2595492303 972136.8531646729
266345947.8642162979 959651.5405273438
265960203.0186345577 954049.7699279785
268072491.2683950663 999063.6836547852
269336460.2213504314 1018836.3540802002
267442951.0554542840 985607.3432312012
274759209.3727374077 1061180.8198242188
265391523.9569118917 934326.4076995850
264958277.3529788852 920973.5702362061
266345947.8642162979 959960.6508789062
269336460.2213504314 1019144.1104278564
266588571.7967449129 966263.3109588623
271150734.7829772234 1041499.0839843750
271045226.3715120554 1040122.9248046875
266710022.0556951463 969941.5730285645
265568186.5261736214 940996.6682281494
269548654.7187933922 1023132.7388458252
266086178.1832073629 954727.9189033508
273296741.5219574571 1056726.1596679688
266950155.4651271105 976216.9971008301
269728002.3881477118 1025196.9744720459
270361888.6449017525 1034725.1078948975
270361888.6449017525 1033644.8754730225
267522264.9368861318 988980.1768798828
266962719.0442816913 977172.3631515503
264920788.0185878277 917868.5463104248
265341157.2735238075 934262.8228607178
269177661.3010802865 1017015.0171661377
266175428.9108604789 956622.0550079346
273296741.5219574571 1056776.8623046875
269177661.3010804057 1017757.2349395752
269072152.8896151185 1015128.3467559814
271235518.5582583547 1043078.9511718750
270219166.7522126436 1032187.5971527100
268072491.2683949769 998253.2651977539
266698969.9595055282 969463.1116027832
270361888.6449017525 1033916.5785980225
270265906.4703195095 1032501.5668792725
265445136.6993112564 937106.3433685303
266706118.0081331730 969672.7146301270
266740224.1379988790 970867.7135162354
272651192.0376108885 1053410.8388671875
269771987.3466789126 1025605.5801544189
274006607.9114091396 1058942.9584960938
265717619.2812095582 942423.1619110107
272199250.4358128309 1050617.2236328125
266194640.1271915734 957896.4118118286
266218891.7610879242 958283.5996894836
271298958.6820816994 1043490.2382812500
266372022.5989184082 961519.2897796631
269670240.1578394771 1024062.0591583252
266218891.7610879540 959326.7129707336
267186246.9402334988 982862.4448471069
273761702.9011960626 1058312.9184570312
267542385.6464326978 989033.9014892578
271617325.2660991549 1046001.7026367188
267586852.2459441423 990075.1260986328
267230072.1750437915 983598.0166778564
265717619.2812095582 942699.8923797607
267586852.2459441125 989880.3121337891
267542385.6464327574 989147.0040283203
265121373.3448352814 923860.2274017334
268964759.8229776025 1012847.2874908447
269123991.5406382680 1015436.4605255127
266766521.4385131001 971846.5370178223
266766521.4385130107 971766.8734436035
266710022.0556951463 969865.6614074707
270540754.6732758284 1035729.3134613037
268336133.6589474082 1002143.2744903564
271680765.3899226785 1046519.2260742188
271788938.1761857271 1047722.1538085938
265335402.1846843362 933259.9986724854
272289294.0615887046 1052002.4233398438
266864437.9877025485 972979.3460998535
269024659.7676141858 1013347.0189361572
268336133.6589474976 1002529.7002716064
271668217.4630343318 1046512.2138671875
270108068.1676497459 1030954.0018157959
265445136.6993113160 937992.7227630615
267764121.9438643456 993258.1834716797
266125285.9124246240 956396.4438056946
266720326.4812939763 970176.3449707031
268158712.5606647730 999699.2797393799
265445136.6993113160 939406.9429779053
270165348.7569776177 1031419.1351165771
267485924.3017171919 987003.9080200195
266720326.4812939465 969974.7805175781
273842726.2347655892 1058436.3593750000
273566396.8919633627 1058204.1845703125
274062305.6835767031 1058975.0068359375
274062305.6835765839 1058946.1406250000
270260707.5534242392 1032478.9691009521
269999894.4584191442 1030212.4066009521
268179434.7436984479 1002086.0551300049
269949269.2473795414 1030155.5062103271
267873534.4028914273 995957.8255615234
269843760.8359143734 1027341.0223236084
272227000.0997769833 1051379.2792968750
269939119.6323610544 1028544.4798431396
266518366.9884189963 964817.9822845459
266518366.9884189963 965804.9710540771
270108068.1676496863 1030904.0276947021
270044628.0438262224 1030847.8616790771
268026932.4805839360 997348.8601837158
268683539.9166275263 1008378.9820709229
272199250.4358127713 1050601.5952148438
268072491.2683950365 998708.7251586914
266621512.0286105573 967373.7438964844
269713906.8897083998 1024140.4444122314
265765747.9953659773 946007.4329986572
272227000.0997769833 1051151.1347656250
266336643.8920062482 959336.1286773682
268046991.2241813242 998166.0757446289
268572590.2966606021 1006543.1690826416
272199250.4358128309 1050699.3007812500
268548412.0476846695 1005569.8956451416
268548412.0476846695 1005951.7745513916
268750818.9848973155 1009755.3355865479
269555107.9694383144 1023575.7300567627
270108068.1676496863 1030930.2410736084
272227000.0997770429 1051465.6694335938
272010920.5901790857 1049374.5898437500
267706830.6936716139 993066.8924560547
268177999.6798601747 1000052.7461547852
268566344.7292040586 1006283.6788482666
268572590.2966606021 1006380.6900787354
267706830.6936715245 992347.0804443359
268177999.6798602641 1000102.7202758789
268470985.9327574372 1005004.5308990479
268750818.9848973155 1009537.6251373291
268667949.0931072831 1007807.2183990479
268572590.2966606021 1006483.4347076416
268576494.3442225456 1007433.9410552979
272078529.7226614356 1049717.5952148438
272010920.5901789665 1048872.8940429688
268667949.0931072831 1007538.0943756104
273000416.2183921337 1055254.6547851562
272294609.2322595716 1052652.8437500000
268338905.2088366449 1002980.8924713135
271884296.9726324081 1048469.1420898438
272078529.7226614356 1049392.5185546875
272651192.0376108885 1053213.1552734375
273312532.4242322445 1057621.2719726562
268984569.1758369803 1013172.3592681885
268179434.7436984479 1000642.6981964111
270603928.6842044592 1036240.5955810547
271884296.9726324081 1048304.9257812500
267873534.4028913379 995195.1800537109
272932593.8945173025 1054258.8056640625
269713906.8897083998 1024267.3511505127
267434542.7866775692 985452.4601593018
269771187.4790363312 1025211.4151153564
267647553.3147616982 990553.6341705322
271884296.9726324081 1048364.1699218750
269449599.5579731464 1021251.6660919189
272514188.6810705066 1052696.0092773438
270603928.6842043996 1036104.6414794922
270915366.9902490377 1038531.6361083984
270997354.1522784829 1039219.0500488281
270997354.1522784829 1039120.4421386719
274405643.5378337502 1060308.5371093750
269379831.3519625664 1019768.2576446533
271458023.6652799845 1045328.2509765625
