262683865.2817564607 883502.9559548497
271288386.6971989870 1046230.6181640625
272133398.7374579906 1052287.3188476562
265752702.8877742290 965819.1834747791
265615219.4533597827 960773.1954987049
266746140.3341040015 985158.5104827881
266930953.5397899449 986482.1887054443
261788275.0215987563 852695.3931524158
270982366.6055479646 1042755.1679687500
271190479.2052397728 1044878.3306884766
265820007.0443630219 966804.4976837635
261823199.8544321358 854319.3064301610
272133398.7374579906 1053291.8852539062
266139602.7414163351 973788.2669708729
262683865.2817564905 884770.3221657872
266565515.4054539204 979635.0381042957
269709503.9718728065 1030051.4023437500
261584156.3462088108 842220.7634254098
264457828.3084993064 935100.7059465051
265820007.0443630219 966881.0260040760
261314771.6010498703 828623.6636245847
262113524.5807798207 864910.1913232803
274661049.8389518857 1061146.2343750000
274667780.3249299526 1061162.5585937500
266746140.3341039717 984255.4494476318
265374894.1769994199 955422.8017609119
265627324.5814071894 962567.7127716541
262015302.3588264287 862107.7489017844
266352813.7488829494 975978.0094330311
267280976.0713880658 995942.9654235840
262570527.2206059992 878731.0980310440
261140700.7629313469 808689.9432756305
261287598.2099163532 815556.5766984820
261451419.2014012933 833550.8125974536
264939679.6477486789 945373.9554603696
261456744.9157229364 835069.5234128833
265340227.0719997287 955028.0568497181
266243008.5831881166 974614.7446167469
262234621.6536639631 871657.5639123917
279203896.7056743503 1070632.8432617188
268730189.1990882754 1016825.0352630615
269826813.2757491469 1031699.5859375000
268545375.9934023023 1014527.5855560303
266128893.2314612567 972516.7062866688
263816604.3717128336 917294.6710618138
264939679.6477485895 945133.0545814633
269709503.9718728065 1030129.0424804688
269709503.9718728065 1030194.2504882812
261337268.6263724267 829923.3335464597
261148138.0828299224 810604.0795395970
270558789.7892946601 1040709.0582885742
270747152.3180863857 1041566.3017578125
267053053.2645609677 989594.8477478027
263783379.6658651829 916387.0677445531
261139844.7023503482 807121.5000383258
273665077.0171949267 1057433.1152343750
272086472.6207950711 1051532.8237304688
263770348.8521638513 914287.4314370751
262704191.3406484127 885593.1088342667
261717364.7097731531 848512.9495351315
271288386.6971989870 1046112.0708007812
261900879.9535178542 856862.6291840672
261737124.4809294045 848888.8946034908
261983640.7780398130 858271.1218550205
266868265.1266927719 985468.2553894520
265937516.0934602320 968106.7269318104
265340227.0719997287 954951.5285294056
265527449.2172194123 960365.3549835682
265946091.2273197472 970150.1270782948
268443950.3267309070 1014381.1714935303
268259137.1210449040 1010882.9297943115
269995742.8442302942 1033762.3188476562
266746140.3341039717 984123.8620452881
264990035.0675960183 946152.8885147572
268730189.1990882754 1017859.6837005615
268545375.9934023023 1014520.0953216553
270553142.9839718938 1040408.3686523438
265028319.4822300076 948936.4306779504
266734666.6316017210 981823.8119087219
262990171.9199247062 892200.9027369022
264510508.7794700563 935101.6248918176
270244165.4369790554 1036804.0346679688
262187204.4508001804 869528.4632790685
265469815.0399593711 958042.0637238026
261314771.6010499001 828728.7467544675
265095623.6388188004 950992.9279924035
261139844.7023504078 807212.0322648883
261287703.7872816622 820324.4158384204
268730189.1990882754 1016894.9610443115
262187204.4508001804 869696.4759743810
262877822.9314259887 889310.0791695714
270991845.8842474222 1044142.5753173828
266498211.2488652468 978688.8161804676
271638456.5991899967 1049093.8085937500
265283532.3817571402 953967.7472139001
266492817.5700576007 977286.3427917957
262234621.6536639035 870393.7450647354
271605162.6806536913 1049063.5073242188
262610497.6122086942 881118.1246407628
261140700.7629313469 808513.5038225055
267179874.0866843164 993062.6069946289
262870191.9466251731 888364.5104668736
263351754.0624607205 905750.2979531884
263659440.3437234461 911501.8155313134
269642199.8152840734 1030029.9533691406
262234621.6536639631 870568.2309045792
267195494.9542091191 993246.3248901367
274908630.5986869931 1063011.8227539062
266498211.2488651872 978578.9406921864
263660167.5930172801 911810.5850625634
266004820.2500489652 970472.6221954823
271848861.3512292504 1050432.2543945312
264324101.6742744744 930625.3955767155
270126856.1331027150 1034243.0502929688
270215628.4861431122 1034820.9982604980
273006477.8898156881 1054481.0634765625
276279622.9093734622 1064940.4155273438
266963353.6309760213 989451.4976501465
266683024.4545511603 980990.8669617176
261044663.4764140546 801711.6237133145
261834895.6032257676 855692.9679406285
264583206.6148663759 937403.9442277551
265028319.4822299778 948661.2812638879
268007247.9605168700 1006023.4944915771
265711518.3460449576 962745.0673782825
262857957.7043681443 888087.2052186131
263159953.2784574926 898029.8953592777
276279622.9093734622 1064974.5185546875
273069493.9060335755 1054845.8652343750
263997497.4594696164 921115.3143449426
279181488.1101287603 1069120.3842773438
265711518.3460449278 962591.0864212513
274019330.7899767160 1059155.8198242188
261764809.0747536123 851269.5962774158
270543504.7247163653 1039104.6307678223
268078296.8660225868 1007542.8750915527
267141454.1415747404 992192.4686050415
268860234.9409466982 1018810.5160827637
262323561.6445767879 874919.9444840550
263351754.0624606311 904544.8096719384
261287598.2099162936 815466.0444719195
275923724.9880547523 1064627.0815429688
263267500.9903814793 903658.7784219384
264583206.6148663759 937641.8470597863
271868101.2719032168 1051391.9018554688
271473199.9028849006 1048470.3974609375
262886376.7896152735 890331.5002787113
262886376.7896152437 890204.2551615238
269553052.1396089196 1027037.0326843262
273006477.8898156881 1054517.7543945312
264346194.8109037876 932614.6540055871
270423740.1189768910 1038331.9257812500
266777112.8385134637 985323.6508636475
268241691.1232668161 1010075.3760681152
263159953.2784574926 897754.7459452152
263074161.2779094875 896685.6345560551
275578030.8383411765 1064227.7104492188
262790653.5477793813 887086.7622864842
262538044.4491925836 878662.0722277164
264087089.8703118265 925192.6190264225
271473199.9028849602 1048562.3691406250
262174391.4134722650 867476.7342588902
264087089.8703118265 924815.2860186100
264254739.7271138132 928794.9780406654
263019016.3068464398 894683.5906894803
276362016.8025068045 1065161.6162109375
269077497.6188582778 1021969.6142272949
278687108.0891300440 1068846.3056640625
269077497.6188582182 1021447.2812194824
267955396.6268362999 1004319.8030700684
267966535.7734136879 1005352.1954040527
269028027.9608366489 1020356.1174011230
268424464.7217925787 1011777.1432952881
264200695.5814229548 927577.4980547428
261540700.9388877153 839137.9819593430
268056877.9175808728 1006561.7613220215
261685577.9696499705 843745.4034826756
275578030.8383411765 1064257.7924804688
261702035.8844901025 847283.6169397831
267348280.2279767990 996435.4109802246
261542044.7893618345 840028.0942785740
267084025.7689704299 990409.9637145996
278695421.4917658567 1068972.3808593750
263092649.1218687296 896849.9294779301
261935297.7679658830 858238.0285933018
275578030.8383412361 1064365.0976562500
269212841.1665225625 1022596.3058776855
278960845.3905528188 1069054.9946289062
263773730.8841809034 915924.8324266076
264008264.6140518785 922649.0437760949
264413498.9674925208 934393.1692033410
264413498.9674925208 933525.6403947473
277693156.2105192542 1067408.2807617188
263092649.1218687892 897087.8323099613
267710833.2363187373 1000618.9183044434
264577812.9360587895 936308.5128312707
277145846.0499924421 1066568.5991210938
267141454.1415747106 992086.2693862915
261776018.6161870956 852104.8773043156
275030716.6817319393 1063231.0761718750
262949115.9415806234 891580.1316874027
262387120.3099250197 876339.2885363102
263914517.2269038260 918628.0358949304
263559450.2483713627 910272.7770181298
262068750.9609201252 864240.6297838688
267141454.1415747106 991125.0076675415
264577812.9360587895 936160.6085343957
262058749.6102792919 862255.9901354313
262058749.6102792919 862435.0667955875
267533093.4336627424 998322.7410583496
263402937.9777432084 906255.9542642236
267533093.4336627424 999357.3894958496
267348280.2279767990 996071.0662536621
263167655.0212524533 899585.9448648095
262145720.4145936370 866571.9502184391
267348280.2279768288 997047.6160583496
263550129.4206164479 907722.8483036757
262435811.9704167843 878397.6154275537
265063769.6668142080 949157.1942284703
261876757.9897392094 856221.4045259953
268233736.4601686001 1007627.2906799316
270420026.4510575533 1037459.7208862305
275344500.8309970498 1064008.4384765625
264346194.8109037578 932475.7536149621
263557400.7769779265 909155.8480096459
265095623.6388187408 949992.5280900598
270420026.4510575533 1037420.8966674805
269028027.9608366489 1020368.1374206543
266706089.1763418615 981533.2983582020
266258602.4749970138 975775.3024017811
275030716.6817319989 1063368.4633789062
265095623.6388187408 949958.2795549035
276744996.4574881792 1066420.4228515625
267634519.1003342271 999665.4373474121
264346194.8109037578 932459.4494157434
269291225.5228549242 1023604.4236755371
265405328.1185190976 956052.3412002325
263520482.3701230586 907633.9121151567
265095623.6388187408 949717.3786759973
262607474.9463731945 879899.0465193987
266565515.4054539502 979764.2280457020
265022925.8034223914 947647.8923478723
277409850.8416108489 1066861.9829101562
264877615.4482048154 944243.3973527551
274411166.8530819416 1060308.8330078125
264877615.4482048154 944158.6312394738
277443738.9629298449 1067125.1098632812
266565515.4054539204 979756.2065613270
263489725.3001999557 907481.6682534814
277629855.7853642106 1067381.2622070312
270233874.2507467270 1034925.1037292480
275494954.9048099518 1064211.3295898438
273321054.4292060733 1056166.1430664062
264859457.2518268824 943827.8944230676
264650510.7714551389 939370.3311906457
266077036.4851140678 970922.1009552479
277854603.1069522500 1067994.1816406250
264577812.9360587895 936274.2642961144
276138904.1673676372 1064723.2895507812
269377054.9069979787 1025310.4411315918
267856284.2209531367 1002450.1214294434
275742082.2789734602 1064476.2856445312
270324869.6893050671 1036962.0368347168
276436862.1579626799 1066108.7978515625
264577461.7808268070 936051.9394668341
277992120.8180947304 1068780.6982421875
263948139.5966703594 919026.8932633996
263678272.5898999274 913551.2653337121
269962662.4114941955 1031914.8376159668
269605608.4439295530 1027875.5505065918
264577461.7808268070 935981.1562637091
277949233.4618444443 1068556.2661132812
274725451.6894605160 1061288.2294921875
263987977.0696002841 920566.2332290411
263987977.0696002543 919747.9402602911
276164102.8002779484 1064829.4384765625
263987977.0696002841 919772.4856704473
272836104.9053857923 1054005.8149414062
272604931.4305875897 1053482.9008789062
272806254.4602482319 1053675.9482421875
272905891.2279319763 1054372.2666015625
272806254.4602482319 1053742.6860351562
273995286.4086629152 1058850.5209960938
273581305.6833387613 1057139.9877929688
277254453.5828551650 1066717.2583007812
273210647.9588690400 1055537.5302734375
273542800.3262459636 1056890.9902343750
273735680.1985400915 1058584.7939453125
274214414.1004641652 1059958.4121093750
276431856.9026389122 1065691.2871093750
276377618.3548130393 1065247.2006835938
273312274.5888307691 1055840.6010742188
274792482.6624314785 1061673.5190429688
273995286.4086629152 1058898.5483398438
274559280.2680324912 1061060.4677734375
273922632.0593202710 1058762.7314453125
277814345.8504090905 1067906.7807617188
274863426.0264455676 1061783.0996093750
273407758.4157519937 1056296.5908203125
277537637.9129098058 1067370.1699218750
