267501920.3232602775 1004062.7028408051
262921504.4924504161 917827.5231096968
260503225.9709774852 834223.4108928442
260328656.9055001736 827525.6514934301
264212185.7173424363 946655.0559771284
263640896.3666442633 933237.6640246138
264212185.7173425257 946742.8460161909
266458081.7099886537 987445.8202713728
259072200.3210871518 739251.2491762936
261793293.1939502358 878371.1341428161
261919182.0524170995 886554.4583911523
262765352.1534267664 910302.9354136214
263968483.6650096178 941128.8264849409
261798782.3936570585 880737.6484546289
279951482.4424730539 1075251.8642578125
263397413.3364180923 928696.5577624068
263931591.0692061484 940123.7610552534
264511592.6511738300 951939.2033503279
262863016.5815234184 916679.3854143843
262578790.4051012993 904199.2806895003
259746417.4294157028 797649.4161961675
264337755.5262203217 947849.6022160649
260107392.5678001046 816478.3038562536
259723060.9804239869 796911.0225414038
268050346.2255542278 1012734.1988625526
262160468.2668732703 895858.2704639062
260223434.4886922836 817295.7922447324
262172178.0724200010 896022.5043506250
263065071.4496038854 918635.7768916711
263968483.6650096178 941041.0364458784
261773986.8929870725 877828.1430835351
259177840.6469601393 764931.5984402299
259000080.0325886905 732451.7019310594
262268990.9435994327 900909.9711344466
258923640.6220516264 730049.8896294236
262180351.1091180742 896617.1894092187
264251092.0919209123 946808.1215632185
264593105.2794104218 954240.9575627446
265422361.2135777771 970005.7110417485
272575763.9303212762 1058276.5170898438
262774376.7470421195 912100.2526149377
262524917.4958876669 902303.0718898401
269826483.4612915516 1040978.8999023438
265674688.7361327112 975528.3128483891
263177493.7593571842 919888.9903948531
269919923.8366393447 1041771.7846679688
272336662.5909441113 1057496.0576171875
262578790.4051012695 904015.0760996565
264259265.1286189556 947501.4804499373
268837546.2408620119 1026788.3091430664
262854843.5448253155 915984.6334612593
259142842.5114562809 750397.2089653611
265848370.0726321638 977154.0005692244
270014505.4780328870 1042529.2412109375
264072190.4887857735 941927.5101587996
279058535.1151194572 1074052.1391601562
258939512.2333535254 731723.5453835130
271041336.0207339525 1049559.9062500000
264349403.2270776033 948764.6787541509
263100578.4978500307 918947.2306292281
259124148.4767238796 747317.9632797837
259640119.1027721763 792288.7494183183
266583627.8206797838 988938.7897385359
263100578.4978500307 918707.2130511031
266458081.7099886835 988393.0678299665
261257753.4901558459 861942.4922584891
259385321.1316414773 774289.6385212541
259541017.3347567320 789416.8551731706
259513958.7967909276 779331.6660328507
265079008.8151857257 963288.2708562016
259270143.9255086780 772697.2767124772
279661095.8081086874 1074253.7104492188
259253970.8247860372 765172.9637661576
263248932.0357077122 919917.1085818037
264850830.8002818227 959283.8498356938
264593105.2794104517 955188.2051213384
270768697.5400611758 1047311.7187500000
258904946.5873191953 726970.6439438462
264098307.4268217683 942026.1521342024
277595130.8326383829 1071002.4560546875
263137471.0936535597 919888.9049456343
263137471.0936535001 919884.7413714156
272020992.2085496187 1054904.5014648438
270358007.3663673997 1043551.2260742188
259124148.4767238796 748006.1351547837
269992361.0622157454 1042385.6342773438
259370126.4150836170 773558.4363003373
259040190.7909405828 736302.6909005046
270682172.4849261045 1046466.3051757812
270392326.9809728861 1043914.5156250000
271111433.8749018908 1049586.4755859375
269108244.4873917103 1031074.2604980469
272575763.9303212762 1058397.6567382812
265079008.8151857257 963401.9686101079
266710409.2325435877 993417.5495194197
259101270.8648895621 742137.8013741374
265079008.8151857555 963548.2156804204
269577182.2301287055 1039131.8715820312
259478043.1093927324 776696.6088963151
278730779.5489010215 1073694.8212890625
273919571.2740963697 1064236.1430664062
263677788.9624477625 934823.7553332075
272122607.7306693196 1056562.9423828125
269166002.7502335310 1031641.3583984375
269166002.7502335310 1031747.3920898438
269166002.7502335906 1031799.0981445312
264740716.6433384120 959113.3839543462
270510425.7929671407 1044464.7250976562
267103382.4311305583 998823.4866433144
258917638.3992630541 729037.1483307481
267458100.6382408738 1003502.4324440956
259468394.2662509382 776605.5828571916
271824207.2991515398 1054240.5537109375
262758030.6490877569 908573.8284685835
263368737.1992292106 926505.5845720991
262828413.5713337064 912410.2318003401
265149868.4619746506 963592.0550358891
264569648.3453204930 952029.8145106062
267125526.8469477892 998970.5139870644
267211177.1099849939 1001285.5593972206
265149868.4619746804 963712.5345280766
267125526.8469477892 998896.1272683144
260162586.3929229677 817234.9466229081
259414521.8321647644 775498.1363430619
260444799.8619333804 831787.3596783280
262646604.1894702911 905983.1876604781
273210479.3452171683 1063476.4907226562
267125526.8469477892 998828.8572487831
265079008.8151856959 963222.5145085454
272575763.9303213954 1058424.6933593750
263654012.5536783636 934695.4877550825
265073610.8168693483 962902.3339055181
260305031.9304952323 824861.9685627818
268439671.6091040373 1018861.8650002480
259999657.5193330050 809997.2770039439
259877105.1276555359 803315.5186138749
258890648.4421989620 719975.1402636170
263636871.9603580236 932113.6054308638
267838749.5631241500 1011021.7885842323
280862851.0394241810 1075539.8349609375
272845580.3352980614 1060216.8403320312
259522085.4949064255 781060.8829250932
266445135.4906694293 987063.0193710327
280862851.0394241214 1075448.1230468750
263576443.4581218064 930479.8869250044
262609898.0909726918 904846.6433451399
269131620.1446336508 1031609.2385253906
260271349.7476816177 822388.6191899180
259857497.7973816395 802070.7621365190
259898978.9617459476 804816.3914967179
261908980.2514483631 881930.0928369164
259540779.5296388268 784140.1286106706
260271349.7476816177 822316.5391117930
264492055.6540310681 951851.4795000777
273028009.2810003757 1061977.1850585938
274450258.9336196184 1065648.5908203125
263727615.3458927274 935145.3244898543
268056247.2348591089 1014617.0163674355
268516338.2582871914 1020502.9226684570
260271349.7476816475 822607.1689946055
259536643.5972656906 782598.5453068614
273647430.1623985171 1063688.9287109375
259040190.7909405529 736172.0839669108
259512889.8450986147 776857.4569889903
268516338.2582871914 1020657.0740356445
260249060.8690417707 820770.7714802623
279706013.3500701785 1074287.3417968750
268158786.3243751824 1015697.1975197792
269372814.9044620395 1033629.3088378906
273028009.2810003161 1061896.0942382812
269231498.2268055677 1032701.7263183594
269472041.2203804851 1036584.5610351562
260417345.1951265931 830357.2175099254
260535697.9668461680 836740.9632832408
261097557.3261554241 856793.4796067104
268984913.8337916732 1028335.7424316406
279846711.0122753382 1074879.2026367188
260420246.8268788457 830391.4065434337
260010848.4041654468 816074.6027333140
264451663.8249287903 949571.0685636401
260010848.4041654170 815127.3551747203
269520893.3676123023 1037568.2792968750
269241282.0340161324 1033345.3117675781
272999740.7676210999 1060597.5903320312
270619182.6305206418 1045501.7812500000
280597996.8799023628 1075447.9467773438
260661691.1357853115 839774.2326237559
273210479.3452171683 1062814.0151367188
261081762.8906822205 855259.2058945522
260601774.2639335394 837025.2628666759
270141623.7061737776 1043487.1201171875
261667174.7098693550 876551.8320319057
259860269.9450566173 802095.5124012828
261314729.6528029144 865843.5626145229
268004948.2749761045 1012177.3789162636
270583447.3111505508 1044773.6894531250
260613631.0349856317 839689.9575993419
260908004.6824073493 850375.9438053966
260908004.6824073195 850098.8368718028
269465891.0285458565 1034541.3212890625
263340515.5015931427 924551.6276788935
267332368.4740556479 1002983.5060577393
266670702.7273327112 990110.2854156494
273984915.0232815146 1065635.8286132812
262069941.2561509311 890364.0420499668
267653985.5051172376 1006631.3537139893
261544798.7931142151 873518.9429856166
260799711.2770274580 846984.2724209428
261544798.7931141853 873430.5508957729
260734030.6937454939 845096.9286686778
259824902.6515586674 801979.9822270274
267708987.8441838026 1009479.3234405518
268659433.5632693768 1022466.9014282227
260946198.1342948675 853023.3559576869
270054106.2326085567 1042580.6376953125
260908004.6824073195 850167.7597233653
259957978.3596361279 809422.8726994395
260946198.1342949271 853249.2939459682
261035271.1822453141 854091.9064542912
279613731.2193774581 1074148.9379882812
261292225.8150173128 865351.3358771205
261436505.3877345026 870137.4263913855
278983726.6174123287 1073714.4145507812
259904220.4661336243 807429.9449650645
259904220.4661336243 808377.1925236583
261118251.8263556659 860233.2167364955
259957978.3596361279 809543.3521916270
267412405.2732365131 1003199.6186065674
261544798.7931142449 873582.7784348354
261674433.3645144701 877247.0107956752
268610635.1237078309 1021463.2163696289
271606343.3301895261 1052992.0107421875
271305307.4678130150 1050491.9433593750
262098160.4321061671 890945.9625211582
261370824.8044524491 869028.3072434291
262039636.2329516411 888334.8048063144
278455290.8328672051 1072980.6450195312
273851849.2077600956 1064129.4453125000
262098160.4321062267 891025.8189664707
273713576.0269292593 1064125.0058593750
276419444.7057472467 1069626.8930664062
271518882.1321137547 1051374.6938476562
261287392.3327375352 862841.3857042193
268459065.4760815501 1020068.1078491211
261642563.3069496453 875108.7252121791
278279263.6278008223 1071420.0600585938
268459065.4760815501 1019120.8602905273
278257606.3146664500 1071276.7597656250
262540265.1502296031 903166.8666431308
276244641.2754363418 1069272.7739257812
271518882.1321137547 1051312.2988281250
264406093.5167796612 948912.4467985034
264939308.8127125502 959806.7917386889
264939308.8127125800 959925.2253324389
280862851.0394241810 1075721.7651367188
272634903.1068909168 1059015.6630859375
263320209.8951189518 922183.9531490207
271519560.3118245006 1051497.8061523438
267563989.0146444738 1004872.1626076698
265289236.5073357224 966606.8887023926
267001653.8131856024 998348.7574615479
265501132.4984291196 971082.6325378418
266980505.5829127133 998084.0540924072
265264120.6944665909 966061.6094055176
265285069.9812719226 966218.6190854907
267326216.4671156108 1001573.0014002323
265554359.6897991300 971669.1457214355
271256487.7878696918 1049713.3857421875
264967447.5408598781 960095.4115354419
265285069.9812719226 966128.0477964282
266730158.6384947002 993547.6920318604
272455332.8136934638 1058265.2753906250
270986671.3828929067 1048324.3642578125
266189590.9641848207 982870.6509094238
266861080.0422976911 995586.0606842041
271256487.7878696918 1049683.3037109375
274719420.0515576005 1066073.5600585938
275586771.7972403169 1067150.9194335938
266090898.3031240404 980330.2216491699
266090898.3031240404 980209.7421569824
274719420.0515576005 1065929.6108398438
276644969.9102535844 1070875.8549804688
280434190.9540988803 1075278.6245117188
277024632.8497443795 1070918.9013671875
278232700.5102710128 1071174.2993164062
274865870.5903242826 1067107.7529296875
274865870.5903242230 1067077.6708984375
276490994.1507867575 1070050.6035156250
274865870.5903242826 1067108.5024414062
263282324.3838361800 921993.9131554365
266419280.5858649313 986279.3464508057
266116879.2870197296 982184.5283355713
266419280.5858649313 986243.1057281494
274705199.0245646238 1065903.8041992188
263258601.9436440468 920828.0322960615
263839342.4746419191 936001.4311608076
276490994.1507866979 1069902.1958007812
276393635.1992630959 1069320.8217773438
276387252.9680963755 1069302.0834960938
275715989.3711282015 1068149.4511718750
