65684770.1156733036 2132534.6308593750
65738746.6118409336 2143382.2910156250
65825911.9361607656 2154889.0957031250
66504479.0122149959 2185439.1132812500
65946632.2409430221 2163709.3066406250
65542203.7495109439 2111103.1523437500
65644336.1226008832 2128225.5253906250
65719047.7512707710 2139575.5996093750
67525190.2524169385 2188118.5742187500
66229015.2745450884 2182917.9628906250
65528201.2133023813 2098849.3300781250
65674856.8425430879 2132032.2187500000
66139180.0373789966 2174149.3964843750
65848937.1150414124 2154910.0136718750
65533840.8477313295 2106789.4082031250
65619205.4245592430 2121971.7304687500
65686502.2550067455 2132922.0371093750
66347124.3308359981 2183935.3984375000
65655157.9819729254 2128225.5273437500
66690215.7088788003 2187169.4042968750
65789038.6221645772 2144392.4980468750
65709527.4338873923 2132942.9550781250
67308456.1237095892 2188101.8750000000
65659271.2895120904 2129293.1113281250
66905382.6397192776 2188077.5703125000
66622638.4880614281 2185623.3847656250
65604259.7392615974 2118476.7070312500
65771935.4399931133 2144041.4355468750
67279923.7963881195 2188100.5214843750
65610058.4870034158 2121184.5566406250
65603210.3990707248 2118476.6992187500
67975207.4492854923 2188143.2812500000
65761771.7907215878 2143403.2089843750
65618156.0843683779 2121971.7226562500
67306050.7719243318 2188101.8652343750
66656484.6985585541 2185813.6777343750
65541154.4093200862 2111103.1445312500
65575432.0449175537 2118144.1132812500
65950088.6299720705 2164526.5039062500
65806213.0755905956 2151082.4042968750
65576481.3851084262 2118144.1210937500
66214924.3374821842 2181757.2675781250
66004778.4533035308 2171759.8574218750
66429049.7643327713 2185311.2890625000
66439871.6237048060 2185311.2910156250
66067946.3045086041 2172922.5019531250
66751439.2449786961 2188063.3046875000
66168316.2115127444 2181749.8183593750
66067164.6965820864 2172133.3281250000
66003996.8453770280 2170980.2050781250
66146232.8927679062 2174625.6093750000
65903626.9383728802 2162143.3671875000
