89366788.2140665203 203251.2801585197
88240521.6467407346 157162.7559266090
88588434.1711433381 176989.1109194458
96471777.0336168408 391494.8682861328
88164818.4377270043 155167.8788514137
91454362.3634721935 269559.7494964600
94150133.2700021267 344689.3193054199
88460442.7664560527 171615.2508120239
92884963.0203890055 311793.4909696579
88602876.8297908604 178336.0509037971
95335701.4588431865 372107.7714233398
95016896.9596963227 364770.4632568359
91465783.6838926226 269986.2197067738
93865688.8293693513 336938.5305371284
88152703.8546947837 154779.0652527809
92772063.0395766199 309147.2186942101
89796457.5743691325 218566.3753831387
88107351.4748347551 149405.2051453590
91346885.4110178798 266730.2759954333
92276421.1332718879 294499.3770191669
95738469.2067871541 379164.4827880859
90419354.9048132747 237785.8180656433
87952294.8620024323 137899.1138148308
89715493.7805493623 216010.3321604729
92666862.6951653957 304845.6953084469
93696839.3878160119 333130.4061880112
92875065.1661410928 311663.3436663777
92189728.3820051104 293793.1382496357
93679331.0094247758 331779.0771679878
88070261.9612032622 140838.0865006447
94103006.2294370979 344477.7211194038
91791640.9029363543 278906.9531250000
88327272.5945500880 163857.7000307739
95758252.7351086140 382180.9289550781
88287061.8548097908 160886.8678116798
92473987.5380759835 301389.6679129601
91793476.8590954244 280541.8338179588
88132162.0968449712 153401.0265641212
96476759.7636371106 392985.0234375000
95995289.0989365578 384904.4062500000
90368678.8450657874 236380.7026977539
93777806.2955123335 336140.8853569627
90192645.5395189226 231893.0749602318
89407591.9145422429 207932.4807529449
90672380.1768415123 244899.4259643555
94149212.1204109341 344635.6732678413
93762961.4146934897 336092.6209869385
88075782.1442214251 147638.3528580666
90388954.4639894813 237141.8751831055
89213723.9238994867 200387.5754009783
90335611.4233220965 235621.6414524317
89708235.0547084957 216001.0477457047
93874441.4525903761 337292.1255913377
90132086.9479954839 229099.8841247559
88009924.1307596117 139883.0482647419
93540488.8954445720 328601.6947746873
89967396.2321601957 225228.0092277527
93372603.3894569278 323069.8825188279
90500735.1359962821 241319.0391540527
90245762.1954795271 234101.3853454590
90118584.5507495701 228989.7123923302
90504617.8967634290 242143.3764038086
91900176.8168997616 282442.2130497042
89960137.5063193291 224104.7838644981
87995078.1370643973 139632.6533250809
90224263.7481542081 233270.0002861023
94988584.0519281477 363301.8130493164
94153601.9518530667 344696.0813183784
89200462.2677390277 200230.6661777496
90260935.4203271419 234385.8256225586
91992386.7792415768 285137.8545597140
88578146.2207446992 171987.6096987426
87670791.6250621974 103529.5384581513
87730984.8473843038 110397.5887417793
88441828.4585453421 169524.5164828002
88407693.4941910058 165852.5771059692
87943513.5423779786 133326.6764675975
89616013.7448753864 212014.4845438004
89872029.7915601432 220226.5080070496
89985684.7564385980 225512.4495048523
89632344.7387853116 213539.8685590029
87641184.2600414902 102895.2427639961
87897591.9512582570 133274.6657163501
88265729.5379182696 157652.9478244483
89841876.2336540073 219854.1491203308
93811364.7278463095 336298.8375054002
94016105.9303184748 339689.5334668159
88803669.7313688248 184788.7517094612
96377564.2992186844 391336.9161376953
87757607.6316140443 118115.8960735798
94483989.9170676470 353386.5121350288
94665166.6595861614 355446.7181701660
90110588.5006701648 228268.4990653992
90052899.5477174968 226591.2902030945
94279702.5702543259 347391.7228283882
88673903.7179922462 179317.0653872192
95818390.7079530805 382338.8811035156
92868171.8541839570 310244.8293787483
93500594.7941441536 328443.7426262498
94842378.6081758589 360695.8998413086
93947316.9118864983 339195.3276443481
87892087.5747268647 125765.8753595352
97136965.9440873414 398633.6169433594
94424477.7842547894 352393.2240490913
94233496.6792805195 347233.7706799507
94775898.4352089763 360537.9476928711
93303157.2642527372 321173.2151136398
94682143.9350254238 358388.0133557320
94757599.8215558678 359986.8803405762
93798056.5854441524 336201.2934074998
94519254.3014529049 354613.0202331543
94069030.8786169440 342293.6268120408
94075268.0868123323 343898.4361382127
93561775.3606377095 329211.2186660767
91304076.4938229471 265147.4439392090
87885759.6722687781 120589.1311759949
96133708.8276013732 387074.6234130859
93641865.4221880138 331406.7182812691
94196031.0920437723 346861.4117932320
90698514.6244121194 246659.1941833496
93131387.8961789608 315343.1980297469
87966314.1004144698 138727.5009903908
94622333.8896173090 354841.4520568848
94332295.9951746464 347726.1683120728
91977477.3995634764 284658.8105446696
95617533.6193720251 378032.6862487793
92098109.9387743622 288055.6109089255
90367205.8629708588 236112.1178894043
96558196.3883493543 393172.3718261719
91959935.8693970591 283660.0668027941
91407524.7069056332 268274.6350097656
89606177.2378304750 211642.1256570816
93239427.3382799029 320844.5971288383
91413085.9840070605 268748.6904296875
87802286.9873840511 118263.5293817520
89507680.4286705106 208449.0855045319
93907969.4532068074 338457.4445229173
96017105.0142958462 386552.5135498047
89931431.2045238614 223052.1243996620
93918819.5906755775 339164.2690625191
93956285.1779123396 339536.6279492378
95721386.5556494892 378476.7333679199
92349985.9901630133 296475.2527293835
88309564.8493639231 161766.9657015502
92254326.8020675033 293974.8684742451
94113707.8505526483 344538.1291699409
88681459.0337499827 179372.8015932739
88071954.8095694035 141267.7881088257
92433000.9905288517 297781.7115491871
88823893.0970847756 186093.6016850471
92153314.6382287592 290139.3557804171
94719899.0003971756 358755.6188812256
92579505.7413198501 302631.0631116871
91922470.2821602821 283287.7079160754
89894076.0705001801 222161.0095740557
92098761.4767174274 288661.5680234972
92723161.1870280504 306617.3511691093
91445292.2158415765 269113.9666692615
89740099.4600590914 217248.0180121660
96628969.2051559836 393694.4816894531
96143831.9931478649 388200.6208496094
92389959.5082802325 296692.2221393585
92403847.6353592277 296820.1862766743
91109844.1357858330 259652.8721480370
92465279.2051773369 298191.3627929688
90206556.8765542954 233001.4154777527
92623141.0204406232 303155.5716566090
91974926.7617569864 284629.0682317615
92339337.8185617328 295795.0003715996
92075757.7334733307 288040.1910850052
90055416.0418335199 227627.5553703308
91558575.2254648060 274122.5505371094
91266901.6308905631 265026.7322554588
91477608.3177685142 271149.4023437500
90325670.7646750808 235313.5144767761
89637026.8920928687 214413.0315880775
89647074.5974524617 214864.3273383379
90186821.8652278185 230379.4289008379
89738499.0471523702 217015.9857645035
89494594.9519554526 208427.9119205475
93644333.3425284773 331443.7192044258
93353484.3228982389 322943.9518542271
89936345.6180594862 223783.7384104729
95603654.5966539234 377610.9575195312
90769793.4914756864 250849.8981933594
89323751.1227895468 203075.2253971100
89719034.6671373844 216026.1876292229
91044989.9222222269 258607.4489746094
91724291.7940551341 276900.8637681007
90726516.4760746956 246931.0181884766
93589422.0946614742 329831.0884479135
95904595.9566777647 382368.2773437500
91668182.0306698531 276506.2412109375
89230726.2601829171 200691.5347232819
88956214.9064066410 191467.4617924690
89546862.5206153393 209297.8302173615
91081711.9891377240 258634.7253503799
96718380.2203085274 393886.2878417969
94381186.3898214847 347884.1204605103
88813028.2838185430 185008.5209598541
90468231.2168917358 240219.0692863464
90733533.8194524646 249745.4715032578
91667883.2456220537 276376.1607610583
94837242.1055628359 360580.9186096191
90673489.8971769065 245476.0380859375
91136638.1514514089 260495.7829589844
92414624.5419439524 297393.8090400696
91011392.3515668511 258112.0922851562
90839671.9428065866 252129.1621770859
90632875.8329693973 244371.6113958359
91145004.6518105716 260523.0593347549
89572709.7481390089 210832.7761783600
90640664.3314434588 244527.0670776367
92718283.5216549486 305582.7565629780
93226108.5459970385 320686.6449804008
93164499.4583213627 319592.5638694763
90972656.7565833032 255543.6039085388
93185627.8552886993 319750.5160179138
95893612.0595989525 382343.5065917969
92702503.6875005662 305361.5541703999
96275695.8359170258 388341.1777343750
88976912.7751525939 192473.1153964996
88702156.9024959207 180378.4551973045
96835766.3268191069 397890.1103515625
95537634.3533568084 376028.1875000000
88677172.8098998368 179341.7045078278
95911166.9666694254 382560.0834960938
88558478.0169243515 171643.4556092918
90868902.4290491492 253233.5888671875
91591208.0100368261 274487.8267766833
93497881.3380842209 328155.5917015076
89276770.3261475414 202445.8107242584
93198354.7510867864 320300.4968223572
94295468.1399605572 347706.6045227051
93456800.5481218994 327997.6395530701
88844590.9658307135 187099.2552890778
93834185.9291038960 336817.5793118477
89385907.0529989004 203884.5748758316
88938015.4665866643 188408.8685474396
92999938.7787100524 313108.1311607361
91958600.2443667501 283599.8421020508
91722364.0251994729 276888.6222658157
93304492.8744408786 322684.1874961853
90617727.0530836433 244360.2127494812
96292025.0211372972 388387.9692382812
91135485.1877767891 259875.3368265405
89167886.6920857131 195348.7717013061
91689468.4958629757 276511.3311781883
96552492.1000700146 393125.5803222656
93040589.5154748410 315084.5888633728
93634074.1021874994 330599.6904258728
92947564.6528681517 312700.8981895447
90839078.1558101773 251257.1311645508
91838532.2119854391 281880.1013183594
95577296.5571022183 377046.7285156250
93592993.3122251779 330441.7382774353
89756787.5714307874 217300.4260416031
89100193.5546986610 195293.0354952514
94030683.6681100130 341907.9317893982
93329089.9532591254 322842.1396446228
89518228.8623207510 209258.4349832535
95065887.6123193204 365344.1659545898
89029286.9009944350 192667.8412723541
89038016.5962053984 194801.0698642731
91506646.5631245524 272325.4783332348
95124663.0703821629 366023.9192810059
91313272.0006581992 265863.7839355469
89031456.5780526549 192909.3448214233
95308799.4622365832 370614.2186279297
95122538.5401318669 365884.7845840454
93393254.6112633795 323987.5219535828
93418290.9693535566 325592.8834667206
92910056.1143684387 311842.0491773486
93148109.7853493392 318491.4250218272
93735028.7394092083 334343.1481951773
96666674.3015701622 393866.2187500000
95465653.3627399504 374659.9563598633
96598392.9694804251 393627.8176269531
93026167.8333016336 313252.4973904918
91340477.4520844072 266364.9997558594
93449615.9818275869 326268.5424111839
95287861.9264884889 370246.4621582031
95013916.3774985075 364484.0497641116
96939028.0551095754 398080.1757812500
95463761.2059744745 374350.7366638184
95496067.5484363437 375380.6625976562
94910380.3912269920 361521.8668594360
94952944.6996539235 362152.4695358276
92648062.7794352472 304055.2291089892
95257447.7407921553 369525.7559204102
94680891.3074294031 356949.0702552348
95127617.5989395529 366393.3389358521
94921880.1710499078 361709.1286926270
94876499.4674690813 360852.8592667580
94386789.3074951768 349833.5509781837
95150408.8205157518 367083.7481384277
94916567.0908543468 361654.1056823730
94969950.8814612776 362889.3949890137
96760063.3938737363 394332.0395507812
97093990.2869583666 398128.5114746094
