29942574.8434079252 5748.0241284370
30440228.1341826916 6084.0793800354
29808193.4033981077 5552.3761800528
30410209.1544465609 6076.5375843048
29911871.3450008631 5710.3969597667
29877264.2350534797 5661.6006119251
30375028.5894293264 6065.4110689163
30196749.3814953081 5928.6368437260
30494938.6937899366 6091.7395420074
29746523.7231041789 5524.4559540451
30328017.0713593103 5985.8688335419
30800636.2620808482 6272.7367286682
30893415.1545490324 6348.1594696045
30532344.6050840057 6165.2963924408
30363055.4217444658 6056.7255311012
29592378.2070004344 5213.6218798161
30378718.7439672500 6068.3966846466
29767864.4614679329 5532.7196837193
30358330.4274767265 6053.7399153709
29580916.5053486302 5188.8268622011
30033591.3616301678 5817.7532739416
30746967.5691046901 6265.2700176239
31164071.7513579763 6372.6099700928
29812749.7032432631 5631.5155179501
30986229.4312535487 6358.4571838379
30073089.1597932652 5865.3807311058
30339902.2511337884 5990.4618425369
30346919.6715376228 6024.8257136196
29732414.1746020056 5498.4341072998
30741004.8701557554 6261.8113803864
29660926.7018819265 5389.5013410199
29849920.2061471716 5653.2279117107
30610867.3194519654 6178.1653594971
30690455.7446103767 6253.6169595718
30556156.7598447204 6170.5051975250
30517020.6507809646 6158.1069536209
29908995.3908085339 5709.7165556401
29782589.9034594148 5547.1006925106
30193778.9375993088 5927.1950233877
31351481.8607680798 6386.4357681274
29931184.7310821265 5741.4372158768
30388621.5702151507 6070.8513002396
30366836.0728715137 6056.8869438171
30351719.5686220936 6049.5360922813
30402126.8648487478 6071.6811361313
30618942.8442124464 6178.6919021606
29623067.1638144031 5309.3701613545
29755015.3731332831 5532.1926674224
29605527.2080628537 5268.0166348694
30186044.6177946478 5919.8628091514
29781574.7148352973 5545.1215856075
30701211.9925949499 6254.1435022354
30046691.1275643632 5837.8898653388
31096369.6165969297 6362.5618438721
29688629.7653714716 5402.5538626610
29671497.7129333355 5393.2178659140
29707994.4672334231 5432.2616324015
30201939.4673030563 5952.6363844872
29771396.4783963002 5535.7535398006
30447225.6728614420 6087.5380172729
30409772.5634331964 6075.8849592209
30368417.7305746898 6061.2072458267
29605367.1295692995 5214.4428237826
30051911.5186436921 5846.5168340206
29854044.9183674343 5657.8320147991
29925000.2931113578 5740.9756619930
29677599.2766741142 5401.7539298235
30644960.9605687335 6180.1921691895
29786359.4750801213 5548.6075829268
29982667.9127915278 5766.5228964090
29729011.2362449765 5436.3900418282
29616560.3612765819 5275.2856140016
30639270.9713597111 6178.7236328125
30356866.0730916783 6051.9786117077
29632055.7471753210 5309.5350943059
29583185.7888338380 5200.1457294822
30011901.3983179443 5769.9977040291
30042926.0702097043 5822.9631013572
29875703.6879545934 5658.0452919723
30332605.1919707209 5987.9617156982
30887452.4556000941 6347.5112915039
30570603.1623672210 6173.9638347626
29831116.4982573502 5646.5305697918
30052979.7086258940 5847.3800635338
30657892.6452918462 6181.8066425323
30741316.9084218666 6262.0691337585
29649673.3769360147 5310.6184693921
30499663.6880576760 6094.4781856537
30785140.4182704911 6269.4715423584
29904811.8565258384 5662.3716802597
31283779.7260070294 6376.3876419067
29983187.9832281992 5767.2921588421
30861591.3367410637 6276.0449199677
30144255.7154546417 5878.5685653687
29955531.4293758571 5756.1562992334
31205794.7214385234 6374.7391052246
29809346.1748876013 5609.2030330597
30257022.0912065208 5975.1256618500
30004379.1789606586 5769.5508363247
30213275.3204254247 5959.8258233070
31049509.9190764613 6361.8667984009
30259478.8425925933 5975.3392143250
30164392.1265251227 5884.6620054245
30163511.1414139569 5878.9408535957
29695233.5589130186 5421.6320460777
30702629.6027218625 6256.6025753021
30236559.8231586888 5974.5673885345
30174338.9904521517 5886.4906482697
29830570.0883726925 5639.9812250854
30660165.1897028647 6182.3331851959
29692277.0230325013 5406.2698691487
30053668.0013028793 5847.9237324046
30077680.6072176248 5867.6394085884
29916001.5345673263 5722.1120589375
30209585.1658874974 5956.8402075768
30721112.8560522236 6257.2899246216
31146991.1492956094 6372.2544174194
30049770.1399498247 5844.8787635267
31019197.3227911182 6360.9529724121
30855787.3182474673 6273.1128253937
30049977.8467649519 5844.9432969810
30225626.0114278197 5965.4274673462
29967992.5630025975 5757.3783357143
29899027.4934747182 5662.2092905045
29903677.9994097017 5662.2093007860
30033930.2341624387 5819.5383093953
29619328.7906758599 5281.2688573177
29924270.9756614305 5739.0542045683
31236920.0284865685 6375.6925964355
30065777.7276722044 5860.2359738350
30350477.3500212654 6025.2369696945
31001015.3699344844 6358.8127365112
29969582.0439292304 5762.3005860746
30172632.5350089036 5885.8748521805
29851043.0565064959 5655.3840147108
30408595.7062695324 6073.6054897308
30201250.0067377351 5947.3355138302
29921275.9408392794 5722.8035345525
29734926.6285168827 5511.4854478066
30378335.9735701494 6065.9376115799
29918274.0789783373 5722.6386016011
30054143.3579721227 5850.4358060360
31559447.4558462426 6394.9227752686
29942891.7314561978 5753.4786402034
29963829.3561732769 5756.5489871502
30411531.4883226492 6079.7325992584
30019631.6819236018 5771.6694345474
30211857.7102985196 5957.3667502403
30282213.6550514400 5983.3911647797
30858059.8626584783 6273.6393680573
30261751.3870036080 5982.8328914642
29970265.1074136086 5764.8720128536
29969789.7507443614 5762.3599392222
30215547.8648364395 5960.3523659706
30234853.3677154407 5973.9515924454
30101934.6774660684 5874.2620301247
29921998.4312504157 5738.5276619047
30222143.3069435172 5962.2804389000
30773640.9963150695 6265.3017482758
30718840.3116412088 6256.7633819580
30098244.5229281448 5871.2764143944
31021911.9065034576 6361.5466690063
29942684.0246410668 5753.4192870557
30056415.9023831375 5850.9623486996
31076158.3104445077 6361.8953628540
29943367.0881254449 5755.9907138348
31343504.5077370591 6386.0802154541
31209322.0159135610 6375.3724670410
31177374.6698004603 6372.7809600830
31019000.0152376778 6358.9837265015
