31259357.3543377109 1580193.4023437500
31183617.5497033782 1578117.2080078125
31320491.4550619721 1583553.8681640625
30428410.8514651619 1527503.9843750000
30788661.1304913908 1557498.4091796875
31243267.0248639733 1580191.8203125000
30996510.1475623138 1571537.2460937500
30931394.0259190798 1565234.5537109375
31211389.8191906102 1578215.3681640625
30690733.5479741171 1551101.3417968750
30604295.2285238206 1546281.6982421875
30920990.5874219090 1564050.7978515625
31115308.6700089313 1576440.2060546875
31163341.3620944843 1578105.1660156250
31749206.6572057195 1591857.8095703125
31149982.8808177188 1576490.1015625000
30877019.4945336059 1562387.0361328125
29935172.9371468946 1461877.5039062500
30845790.0000793897 1561040.0322265625
30993907.4059718661 1569977.1875000000
31346110.7570548654 1583610.9892578125
30443677.7508060262 1529332.3017578125
30611802.4841526672 1546284.0830078125
30275991.4237995893 1513312.3671875000
29912382.4746015109 1460799.0654296875
31059552.0610942282 1573682.9121093750
31135584.8576178104 1576452.2373046875
29827608.3562003262 1440701.9492187500
30773494.6792808957 1555936.6103515625
30316210.9074812196 1517703.3349609375
31445528.6834783256 1587006.5498046875
30128426.7359618694 1494916.4707031250
38317058.1259456128 1592318.4365234375
31285909.7862215117 1581265.4365234375
29735895.3713799939 1417226.6552734375
29883632.8911452591 1452659.3076171875
30960528.2970479578 1568313.1191406250
31163792.6199722067 1578116.9033203125
30955272.8548578322 1566901.3837890625
31115759.9278866500 1576451.9433593750
30092423.5664180964 1492971.9550781250
30968156.4469237104 1569878.9824218750
30016102.2944065928 1482864.7421875000
29994914.1645532250 1475271.4541015625
30925469.2823329866 1564176.0292968750
30773681.6318163164 1556602.6132812500
30619183.0922746733 1546284.9931640625
29778668.2926136591 1419929.0390625000
29979779.9876222424 1474868.5722656250
29959807.8331286795 1469014.9580078125
30770906.9528902583 1555684.3662109375
29704658.8409172632 1390383.4833984375
31285660.1587235294 1581210.4140625000
30194281.7169261537 1504828.0302734375
29788393.9562578090 1422535.5253906250
35193276.0331372470 1592225.7148437500
35652802.8958056122 1592228.2148437500
30567699.8462315723 1538957.0468750000
29949406.9010252580 1467526.9980468750
29860542.2702356391 1449918.6669921875
29871164.6685594730 1450041.7246093750
30789716.5742731281 1558759.8720703125
30044233.5822312385 1485956.3164062500
30211471.0912167653 1507426.3105468750
30559517.3091071844 1538813.4316406250
30248340.4990517199 1510898.7861328125
30315641.1907746233 1517370.4433593750
34955757.0777961016 1592210.1611328125
29969379.0555188172 1472863.5078125000
34793937.7542184293 1592207.1474609375
29810752.2407747246 1432624.9941406250
30389842.7363207974 1524946.3193359375
29905397.0739797093 1457202.0107421875
30862834.4781831801 1562311.2519531250
30452169.0651450790 1531839.5761718750
30587600.9617363811 1540396.8662109375
29847088.4271054156 1441572.5400390625
31185428.0162535571 1578152.3251953125
29892801.1154032387 1455497.7753906250
30507227.1826030500 1534798.7900390625
30245268.4118919298 1507867.8115234375
29850141.3381322175 1448517.1132812500
31205252.9459847137 1578152.6298828125
30510457.7537864819 1535428.6181640625
31089992.8245571852 1573776.6318359375
30762841.9795401432 1555243.8535156250
31305734.7159526646 1581265.7353515625
31313061.3616023958 1581305.9296875000
29701649.7886433415 1389482.6142578125
30551397.9018900804 1538569.4873046875
29803972.0599894822 1431674.7695312500
29876051.1813426316 1452200.0087890625
30321929.1267304197 1518978.1093750000
30651089.4612131082 1548911.5429687500
30736624.6854543388 1552833.7656250000
29729925.8174780682 1417065.9755859375
30490879.8020327613 1534718.7275390625
31043960.8456943668 1572902.2548828125
30335153.1560522988 1518986.3769531250
30310746.7853832431 1517227.5458984375
30895947.8232068419 1562548.5332031250
31307173.7938506342 1581266.1992187500
30409995.4900896400 1525435.8173828125
30286313.4252541065 1513340.2216796875
30574956.3692947999 1540396.4453125000
29930966.0104184672 1461751.2001953125
30147757.0591158159 1497688.0927734375
30478235.2095911838 1534718.3076171875
31102023.6853206009 1574769.9843750000
29724784.3475223444 1409468.8398437500
31058612.0972701386 1572903.3632812500
30520547.5981432907 1537885.2226562500
30533192.1905848682 1537885.6425781250
31109350.3309703246 1574810.1787109375
30511833.2784867212 1535733.2558593750
29720459.4100262076 1400078.1552734375
31508988.4456157237 1587492.6191406250
30974082.4762406982 1569976.8828125000
31604050.9950855002 1591837.3310546875
30293351.9902949370 1515588.6093750000
30925803.4152209908 1564424.1640625000
30470978.6865279526 1534337.0664062500
30397350.8976480588 1525435.2070312500
30518683.5841608308 1537864.6220703125
29995782.1723065600 1478247.6035156250
29791463.7456201352 1431464.0742187500
31222334.0832883194 1579490.9794921875
30573092.3553123437 1540375.8662109375
30820181.3391482458 1560108.0878906250
30825965.0703482255 1561039.7275390625
30916081.4284179956 1563630.9238281250
30362843.2420013621 1522757.1015625000
30515908.9052347690 1536946.3583984375
31276761.3323970139 1580253.1210937500
30957860.5812484697 1567153.6298828125
37744205.3852039725 1592316.1113281250
32587900.0648956522 1592024.3291015625
30936267.3538765311 1566633.6855468750
30305996.5827365145 1515589.2216796875
31541188.6436685324 1591773.3886718750
30430123.5716132782 1527668.4687500000
30450545.1236421242 1530947.6777343750
30464681.0303984433 1533054.4697265625
30432129.4198224284 1527909.6933593750
30189083.9642302915 1502879.9892578125
30248301.3378505334 1509533.0683593750
30792491.2531991862 1559678.1191406250
30632136.3466836363 1546297.3154296875
30089351.4792582989 1489940.9785156250
30759924.4697602876 1553794.5185546875
30396771.4607677609 1525427.4931640625
30517772.9192172363 1536966.9589843750
29976972.5509236902 1473690.3818359375
30807765.2772316188 1559698.5820312500
33126090.7459951527 1592076.3183593750
30653864.1401391625 1549829.8017578125
30590741.0493310764 1544617.8886718750
31855039.5921129063 1591912.9072265625
31485946.5375479199 1587106.1064453125
30640309.9609464183 1548165.9892578125
30234946.4104374275 1507840.1035156250
32548373.0220193714 1592018.9726562500
29947327.7085801847 1465754.1679687500
30460548.5664748587 1531870.9345703125
31442135.4433941171 1587003.5341796875
31375210.8762839548 1585191.5869140625
30499499.2172203064 1534719.3085937500
31399227.8781838268 1585261.7490234375
29762894.1066068411 1418579.8496093750
30133756.1035923362 1495736.0820312500
33566449.9942773804 1592122.0546875000
30369302.7963000089 1523456.7050781250
30064357.3614107594 1488465.9648437500
31810509.5580290481 1591893.4345703125
29887701.2852420025 1455420.5341796875
32519986.8478371017 1592008.5449218750
31241001.0601829290 1579499.3369140625
37294895.0484713167 1592293.6220703125
36956132.2697756588 1592243.1972656250
33464300.3655451201 1592120.3232421875
36271984.8027346805 1592232.3154296875
31475744.7042186931 1587087.3154296875
30350198.6495597847 1522756.4921875000
30464383.0381266922 1531891.8828125000
37368379.0966696590 1592302.5839843750
30034685.8302235492 1484117.2910156250
30190602.7628571875 1502903.8808593750
30154624.4319519252 1500258.5117187500
30201149.0897622555 1507398.6025390625
30338439.2127368636 1519434.6210937500
30172019.2270402238 1501897.3378906250
30055554.1585831344 1488462.0595703125
30290313.2224974185 1513838.2363281250
30180280.7614026740 1502876.1845703125
30049443.7778319493 1487005.4873046875
30274291.2420199364 1512276.7470703125
30322508.5636107251 1518985.7666015625
33911392.9781249836 1592131.9726562500
30246212.8027916476 1508517.4765625000
37062123.3827411085 1592262.7910156250
30042101.4093192033 1485471.7031250000
30120066.9731667563 1493835.0029296875
32629964.2612601966 1592027.3945312500
37057642.1470784098 1592253.9130859375
30265661.9043458775 1511817.9062500000
30913360.3111368902 1563190.4609375000
30153138.8817131631 1498049.7548828125
38109676.7084987909 1592316.4228515625
29901154.0345059298 1456070.1396484375
30166591.6309770942 1500975.1416015625
31032943.4591719210 1571563.5341796875
31284087.9780467413 1580293.3154296875
30601254.3139390349 1544624.2226562500
30419412.0092275739 1527147.4433593750
29790091.8461881056 1431285.2324218750
30422012.7755954862 1527167.2578125000
30151699.1049401946 1497911.1367187500
31916358.2372218408 1591913.6074218750
30538204.8586981893 1537892.3046875000
30002649.5451426692 1481380.5634765625
30728077.2654041946 1551615.7890625000
32101915.8355123922 1591970.6074218750
31400514.8473451436 1586035.8691406250
31359456.4049052820 1584675.6044921875
31511419.0011634454 1588425.6806640625
29935968.4735900611 1465161.9189453125
30439459.4617167711 1528191.7900390625
33156832.3270446584 1592079.0458984375
30730851.9443302527 1552534.0390625000
31475226.6518139914 1587062.8964843750
31624780.7842865363 1591847.9111328125
31780457.9474599510 1591887.8906250000
30897782.9636939131 1563047.6523437500
31482553.2974637114 1587103.0908203125
31588907.8091902062 1591836.4941406250
31212376.8842904307 1579461.8613281250
31039752.0524169356 1571579.3095703125
34251483.2967733368 1592165.4179687500
32050853.2324314229 1591935.6855468750
31527509.3306371719 1588427.2636718750
31510522.0320585966 1587553.3896484375
31445578.5603745356 1587050.0263671875
31618206.9878718220 1591837.6562500000
32350935.7573884279 1592004.1074218750
36608520.4596951455 1592241.5673828125
32886774.2477664240 1592050.9101562500
31432470.5533972159 1586684.8417968750
30912434.2152696773 1563048.7675781250
31379646.5189855620 1585257.2919921875
32576468.7889641970 1592020.0410156250
32211468.9753397256 1591997.1259765625
31511008.0835756436 1588196.4912109375
33262016.5220110603 1592101.3906250000
33215075.1290923059 1592091.2587890625
32821290.7305885367 1592041.2568359375
32918824.1550949179 1592065.0986328125
31765810.6564577408 1591871.9277343750
34023128.2414969653 1592137.5468750000
32763141.3729541451 1592041.1494140625
34688883.2015793547 1592166.4248046875
32847679.2725499868 1592046.2011718750
31779768.6004285440 1591872.4814453125
32065323.4881985150 1591955.1982421875
31984118.9411650002 1591931.4189453125
31973402.4015519321 1591914.1015625000
32177752.7422883958 1591973.0390625000
32677083.1363675073 1592028.2070312500
32670075.6971879750 1592027.4619140625
