66107298.9346924126 464603.6796677113
65703068.7094104216 437849.8389751911
65795315.1893345118 446529.6896812916
65791556.1508637965 445369.3516399860
68967937.1665478796 544005.6630859375
65614495.5555372387 429871.2508118153
65563770.3782390133 423733.4842369556
70891169.7328177243 544561.4907226562
65512068.1419854388 409800.4807058349
65619323.9553655460 431031.5947124958
65790486.7895061970 445368.8374798298
65531497.2691883221 416981.2008211315
65469361.4356436357 402118.1344095245
65562701.0168813840 423731.6912682056
65910680.2803696990 453583.4694340229
65513137.5033430383 409800.9880300537
65515730.5184692740 415333.5397226512
74126210.4068445861 545270.5380859375
66492774.1869582906 485491.0086479187
67096282.5205421373 511140.4300651550
65796384.5506921113 446530.2038414478
65794348.2106305435 445702.4113762379
70982396.6469818503 544595.9702148438
67297191.4256630540 520244.2872734070
70604471.2278308123 544538.1079101562
66772109.9192000926 496129.0330520272
65592792.6715067402 424496.3804781139
67416443.6479558349 523060.3790283203
67457729.3931931108 525723.4398803711
70131528.7349436432 544476.4155273438
66928835.8317070827 503706.6229667664
69965744.8159844130 544342.5776367188
66838402.3401369825 501046.5622391701
70127730.1881196201 544447.0346679688
67050209.8400780931 509397.5728149414
66915510.5438715369 502712.0863647461
66335257.0061541423 477723.1237773895
67315326.2514008284 521248.9277496338
67126158.5999480635 513410.6704521179
67085671.4591715559 510253.4075927734
66326997.6775145531 474585.3684062958
66325844.0445343927 474553.7406631112
69005637.6851548553 544017.1162109375
66081872.1543671936 463573.6092636585
66049879.6549786180 462521.5974533558
70274105.9278937131 544478.2812500000
66080151.4084784761 463563.8953964710
66350105.0814606398 478126.2650260925
65916224.4331552237 453851.4606144428
65501634.5446942896 408870.4100128487
65597600.4031425789 424779.3791210651
69552690.6574376076 544267.3730468750
67267315.3462571204 517975.6084098816
66332030.1084958166 477352.7345993519
74681117.5547245443 545430.7270507812
70321310.6800764352 544516.5629882812
66407705.6400020272 480218.6123771667
65946977.6305626631 456059.0433762074
69516969.5140158534 544226.3642578125
67106208.4375474304 511213.0477409363
67115914.3926292062 511321.7210807800
65548003.6275199354 422085.8158142567
65765707.8631780148 441612.5656864643
66817070.2432704791 500392.4524345398
66958034.7766473368 506711.5946975350
67416438.5220541805 523048.8873291016
67040361.8739769310 509181.8137817383
66812361.2347612754 500386.0056571960
65700996.3786621988 437022.3428966999
65470430.7970012352 402118.6417337433
65716096.7575853691 439230.0543034077
66578694.0495722145 487746.7060966492
65789090.7662831768 441820.7473247051
65606246.0395408273 425607.4557659626
66792218.8594284505 499939.9705520272
66793372.4924086332 500192.2900352478
67841780.8682522178 538724.8911132812
65779108.8616517484 441613.9275028706
73710823.0236452222 545143.2475585938
68094954.8959415853 543495.6308593750
66627188.7098188475 489562.5366477966
65685271.4948870316 433612.3915855885
65593389.3030327484 424562.7921001911
66470720.8692055419 481829.3161296844
67194889.9392145127 515885.7885131836
65599636.7432041392 425607.0983440876
65883145.9055726007 449588.6489670277
65591101.0876660347 424294.0391399860
66342291.3595872968 477843.0390029550
66356764.9156699255 478736.5083327889
66357918.5486501008 478767.6639080048
66626035.0768386498 489309.6473403573
74557354.8890248239 545423.3193359375
67876450.7642184049 539686.5590820312
66628238.0500096902 489597.2010002136
68039886.7481651306 543461.7910156250
67958761.5139481127 543063.3037109375
65802803.8373610377 447013.9419376850
66935175.6118324474 504377.8693962097
65613037.7416778728 425609.7926800251
65552832.0273482427 423245.7231914997
65688269.2085962743 433849.1363823414
67837155.8433587253 536658.8914794922
72204291.4838251472 544827.9912109375
67792353.2308587283 536658.0189208984
68003076.6934884042 543070.9282226562
66950377.4286989570 505066.7154037952
67875442.6270815879 539502.5336914062
66219916.7056980282 471403.9320049286
66516312.7444411367 486361.0802268982
65914344.1910568625 453700.2549107075
66373585.1328234449 479169.2490043640
67838061.1009326577 537018.9176025391
73528628.5888511389 545040.9106445312
65625065.7805574015 431248.6638939381
66885052.0494955927 502700.1405639648
67889798.4924260527 542084.6186523438
65828728.6349401623 448061.1807987690
66729054.6828285903 495046.4648551941
73816205.8945590705 545159.5449218750
74413881.1742042005 545409.7856445312
74091532.3678300679 545260.8808593750
68420636.1201664507 543735.2919921875
74333744.5471096933 545375.9790039062
66928654.5528794751 503698.8216972351
66773080.6459265128 496150.9879417419
65850579.8936747536 448113.9896901846
67253595.3969812244 516945.9038085938
67686973.6085204631 535412.5238342285
65659330.3315721527 432293.0577894449
67643467.7560801953 532679.2625732422
67217443.3785677552 516573.9558105469
66487221.9443760142 485103.5968914032
68033433.1809843630 543459.9082031250
66450197.4385408908 481262.2325859070
67482088.2071502209 527546.6402702332
66055947.3567880616 462526.3923752308
66011006.2066131160 458142.1587936878
65916380.5311184302 454528.0185673237
66519791.7223452553 486448.4986839294
67693485.4166921377 536011.6043701172
67676289.0377915651 535297.9468383789
67925302.7749818265 542849.2163085938
66822283.7590668127 500618.8088378906
65736256.9714083597 440509.7059299946
67273827.1544288099 518890.6497192383
67644633.4059287161 532848.9471435547
65705326.6171240136 438088.2258617878
65706930.1305347532 438183.6316215992
65708966.4705963209 439011.3952782154
66851374.5591319352 501657.4407653809
65704138.0707680136 437851.0513775349
67270279.4340701699 518214.8705749512
67199207.9656136781 516153.4786987305
66855223.3128106594 501662.9954528809
68767988.5597158074 543872.1772460938
67621584.4986467510 531921.2022094727
68791539.3495721370 543949.0302734375
66184774.1787831485 470037.0490829945
66182737.8387215808 469209.2566177845
67494271.2648756951 528666.7196655273
67488600.0153218955 528461.6815795898
68785058.8940298706 543940.8881835938
67438739.8674216717 525114.9989624023
66015152.4536353573 458468.8082256317
67005766.2750604674 509023.2273559570
66973223.9542225748 507748.7448844910
67626428.8898913264 531951.2642211914
66669864.9570506588 493629.7162795663
66697729.2439064309 494253.7954864502
67432228.0592499822 524199.9576530457
70752069.6117206067 544538.9365234375
65821936.9328031167 448060.1471073627
66892104.3626471981 502707.7196655273
67133887.8461173475 514503.5907096863
66629928.1309211552 491913.6816844940
65760443.6502864882 441589.4255497456
67143393.1324073523 514744.8728942871
66634313.5139345080 492829.4370384216
66863456.9777148291 501775.3993835449
67339216.2643025219 522378.2897033691
67461028.7439387441 525731.3515014648
67001188.4899586737 508343.1723327637
67143940.8850027919 515408.8434448242
66870248.6798518747 501776.1694030762
67136733.0435141772 514711.1323699951
67139544.3787286282 514739.3191833496
67134330.8629322648 514513.4725456238
74374675.3975194991 545376.1943359375
67305465.2288582921 521151.3959655762
67268221.9567424953 517994.7662811279
67265819.7761605978 517797.1064567566
66925624.7213992327 503235.4999709725
66925986.3862638474 503304.8925490975
65502703.9060518965 408870.9251495674
66343444.9925674647 477874.6667461395
67300251.7130619437 520925.5493278503
67478340.8220121562 525858.5101928711
67328531.6935736090 522263.6921997070
74141598.7015755475 545284.4331054688
67123955.6267770231 513123.6714797616
65852208.6863029748 449103.4792301655
65589157.0405823737 423975.3277580738
67494452.5437032878 528675.7689819336
66798081.5009178221 500199.1865196228
66399206.3839341253 479975.9509544373
66776964.4235526696 496802.7143516541
67125109.2597571909 513375.9909629822
66329238.0487290770 476677.7284042835
66959188.4096275195 506963.9141807556
74379744.1901304722 545383.3618164062
65671870.4964132980 433610.0390465260
74330062.9007998109 545374.9814453125
66619161.6711315960 489029.4530044198
68704806.5350998342 543837.2626953125
66622258.5779629648 489281.7588157654
67571191.4158280045 529805.1074218750
67746326.1758361161 536367.2169189453
65819864.6020549089 447232.6056187153
67863256.0723528862 539267.3496093750
68659790.7924510241 543812.1313476562
72254889.0547786951 544931.4262695312
65546322.4764446467 417359.6454479694
65500769.9559453875 402299.8428417519
65991157.0590695068 457424.5635051727
72413729.9199071229 544975.5429687500
68476493.9895713776 543764.6914062500
72031408.5233072639 544826.3432617188
66567635.4968557805 487559.4699668884
66240197.1792846918 472144.3017075062
72444310.4336819947 545018.1015625000
68649352.9949810356 543784.1054687500
70095457.9694982171 544370.1215820312
66045207.3531135172 462038.6752750874
66554041.1166776046 487335.3869590759
74227878.4451923668 545356.5727539062
66043171.0130519494 461210.8828098774
73880311.0001798868 545234.3461914062
74033120.3777876198 545252.0957031250
66327644.7254824340 476439.3435032368
65933920.3033138737 455336.0761406422
73819984.2808498889 545177.9711914062
66108698.2254878134 464658.6235843301
66179945.7789548412 468876.1968815327
69954207.0032576472 544337.4018554688
69287989.8068164587 544190.5664062500
69060784.3184140027 544107.1933593750
69332484.4165574461 544216.6015625000
66319605.0205552951 474197.0125839710
65670277.1731666550 433370.5335400105
66216067.9520192966 471401.3641338348
68839461.4729777128 543994.5966796875
66043614.0298668742 461800.2679131031
65962049.8759851977 456379.0687847137
66113165.9276033416 464939.4707012177
66040378.9532852098 460877.8230736256
66131226.9184640646 465186.2920620441
66209878.9164452031 470375.7672989368
66133429.8916351050 465291.6262187958
65960456.5527385473 456139.5588836670
65938592.6051789746 455818.9992954731
69768134.5181691945 544308.7968750000
65667884.4340102524 432689.2666027546
66151357.9183692038 465312.9279136658
66132276.2586549222 465259.9989638925
66190994.5774098486 470120.5973052979
66041221.2907104641 461119.0517570972
66274984.5043327957 473059.8719291687
66610469.6386610195 488235.2437438965
66599785.0679321289 488120.6022949219
73575983.3784179837 545077.8334960938
65728099.5660384074 440056.9031822681
66071766.3830947801 463324.7360813618
65726506.2427917644 439817.8927929401
67595511.5536647290 530116.3395996094
68170702.0568951219 543582.9301757812
65907683.3059246019 453120.7546093464
68339696.4352616817 543622.5585937500
65667042.0965849981 432450.1512005329
68075714.8323908597 543480.9794921875
71913478.9603298753 544801.6230468750
71711466.4656425864 544774.4531250000
66329125.6360110864 476546.4739432931
71480861.0370268524 544742.2749023438
67767205.8121671379 536402.7530517578
66474942.3283556104 483404.0759921670
66477014.6591038257 484145.1127200723
68302219.0350472033 543620.7636718750
68254666.5317403823 543588.8632812500
68024135.6896375418 543131.0751953125
71249664.1051808000 544690.8754882812
71126725.6466669589 544646.5537109375
70918263.2403272092 544587.0903320312
70600407.4057976007 544519.8505859375
66612661.8217269704 488250.5017051697
70018236.9696989357 544353.5551757812
69711048.0199295580 544269.3208007812
69936353.2187524736 544310.1762695312
69950108.2757618129 544310.7192382812
69745011.9281507134 544303.4814453125
