29822244.4497327954 1057212.0781250000
29990385.5133157484 1074487.2148437500
29575323.8871466331 1007766.4394531250
29645522.4540684409 1029155.9858398438
30578088.0495176837 1104107.4931640625
29619063.8487309143 1018353.6201171875
29659671.1269307137 1031458.2109375000
30464186.0629603826 1103037.5947265625
29831983.7385811135 1058808.4228515625
29669456.3145214804 1032440.5478515625
30302931.3148564659 1093807.2753906250
29526435.6473391391 975223.5634765625
29968180.2226428762 1072263.3710937500
30059678.6498762891 1076118.7441406250
30442571.9343144111 1101956.3818359375
30810941.1944064572 1111505.5351562500
29744590.5757446215 1046472.6708984375
30065410.1010940298 1076709.8857421875
29521403.7068358324 966512.9440917969
29641786.5188148767 1028630.8828125000
29830083.5810605548 1058136.7646484375
29809011.6502314731 1054274.4531250000
35199123.6436102092 1130350.6562500000
30677781.0131147616 1110616.2841796875
30117213.6522909664 1081490.9062500000
29916800.0504755564 1068893.8730468750
29565439.4944277480 999814.0380859375
30068507.2161223441 1078025.8623046875
30300010.9319961295 1092139.3095703125
30029635.3714947738 1075967.8193359375
29634308.6362642050 1025199.2622070312
30308585.2540597543 1094566.1621093750
29530105.7809752561 986293.4692382812
30159154.5874521285 1085031.9619140625
29800213.4961704947 1051848.4580078125
29761227.8611333594 1050021.2412109375
29629409.2964272276 1021963.8515625000
30147231.7356073782 1084273.0751953125
30242319.5359433368 1086987.4726562500
30146770.0850604661 1083155.9140625000
30454494.7861591652 1102797.8789062500
29798789.2253229544 1051484.6181640625
30129937.2132986113 1082073.0654296875
29581767.5530282110 1011647.7304687500
30130524.5705857910 1082665.9472656250
29633661.7375902534 1023918.7304687500
29528667.2176731415 978343.2221679688
29588256.4958849773 1012125.7846679688
29539204.9753475748 990230.3666992188
29525081.5455387942 970544.6870117188
29561279.0737216845 998287.2534179688
29811761.1871347874 1054928.6279296875
30390032.1959515028 1099467.7285156250
30629389.4593411125 1110215.9365234375
29561446.0922580734 998344.9301757812
30847526.7098281048 1118276.4628906250
29651705.2279134765 1030263.7431640625
29658965.1068759486 1030847.5532226562
29720321.4791414514 1041925.9790039062
30246880.1157336235 1089194.2324218750
29631295.0013691336 1022730.3203125000
29692988.6740268432 1035639.9296875000
30238856.8213124499 1086676.3642578125
29821132.4908923022 1057092.7236328125
29571232.6667451710 1006104.7158203125
31073386.1626566723 1124183.7822265625
30256639.8428332843 1090539.6835937500
29726238.9765555151 1044045.5800781250
29643012.3531572558 1028806.4951171875
29905199.5753234252 1066218.1337890625
29638599.2115701213 1025362.7861328125
29826665.9058583416 1057449.5112304688
30072917.4328024127 1078322.8164062500
31027832.4261351824 1123312.4052734375
29550030.6093587242 996747.0478515625
30586262.2992523834 1109415.9531250000
29581101.3191854693 1011326.1704101562
31105257.5947442874 1124196.4804687500
29743478.6169041321 1046353.3164062500
29592347.7162864394 1013721.0937500000
29828659.3102130182 1057772.9248046875
29550450.0575231537 997008.1118164062
29950554.2933525667 1070189.8583984375
30842984.4094954878 1117794.6259765625
29890063.0604168363 1064871.3789062500
30129867.0341201872 1082029.7421875000
30526563.2075708471 1103796.3847656250
30088583.6354246289 1079959.2861328125
29540581.4050828628 990882.0468750000
29875395.5350624435 1063164.8642578125
29835460.8223671988 1060208.0957031250
29838881.7351215258 1060562.7597656250
30145962.1324273273 1082960.9941406250
29655260.1211823151 1030721.1630859375
29540751.7013560757 991514.1845703125
29953541.1129803807 1070361.8359375000
30025090.7660784386 1075445.4785156250
30305122.5394288674 1094255.0537109375
30382518.8458434865 1094867.0185546875
29707084.2068192922 1040377.5341796875
29963404.7628660202 1070666.8242187500
29518093.2453716211 959020.5595703125
33198748.4650317281 1124560.0966796875
29545549.4132486768 991656.8105468750
29964275.5846447125 1070720.6083984375
29688046.0918520950 1034426.0131835938
29578146.8097292855 1009836.2709960938
29556888.5819119439 997315.9697265625
30302342.9933771826 1092491.6875000000
29514096.1021342352 956512.2448730469
29545769.0341537669 992673.2866210938
29577727.3615648560 1008571.9506835938
30506844.1357708536 1103245.6914062500
29568278.1572889909 1003907.5205078125
29847869.4809510224 1061115.3417968750
29575238.5787500627 1006294.0415039062
29640266.0678669512 1026034.3408203125
29989773.0882612094 1073670.9794921875
34816480.1980797127 1128774.6650390625
29677159.4043412134 1033071.8281250000
29589393.2068302594 1012465.8544921875
29620998.3027537800 1020009.1420898438
29818138.4824767224 1055283.2089843750
29751005.4362248443 1047033.5175781250
29610188.7393127196 1017891.4755859375
29721855.3869909793 1042540.2915039062
29670682.1488638669 1032654.8994140625
29793196.5436824597 1050430.0556640625
29602135.0290325098 1016140.3486328125
29750719.9238146767 1046732.0195312500
29603222.5313178971 1017099.9384765625
29739759.0391238704 1045970.0742187500
29664550.9730270728 1032075.2158203125
30110198.2722505741 1080882.0087890625
29697591.9985989891 1039799.2294921875
29691449.6125061698 1035140.3857421875
29982098.4876066186 1072380.5966796875
29933085.1124751382 1069443.8515625000
29679317.5663443767 1033867.9580078125
30275149.7020896003 1091609.5410156250
30246772.7174216211 1089102.9326171875
30771739.9005598985 1111228.2294921875
30274413.5412801988 1090789.8798828125
30831245.1363070644 1116617.7910156250
35173554.7626984715 1129892.5117187500
33561095.2867582291 1125209.7617187500
