65711648.0174824744 435088.8471519947
66167792.3750377372 462629.3857536316
75051785.5553495586 544749.9331054688
65586877.0956102535 420638.3972027302
68002006.7302047312 520551.9859619141
66044160.3236253336 457311.4244053364
65541016.5602605641 416707.9275562763
65435959.2181591913 394756.9441492558
66667695.3271629959 483653.6438293457
66275504.3752240017 468414.6710987091
66511800.5679830238 478135.8010971546
65651686.2386617661 428620.8813621998
65737901.3384331316 436444.0862858295
67467526.7282326669 510691.8874511719
65628158.2757013515 427451.4514610767
66742244.3530818522 489453.5391235352
66527601.6406454891 480820.7244834900
66862494.7374193743 490571.1563720703
66684522.4450394809 487230.8542442322
66426560.3467523828 475344.5744323730
67311721.3263306767 503915.9542236328
67733648.0170821846 514341.0830078125
66360410.4188560396 473056.3718395233
66586010.2244072780 483056.9479370117
65761748.3538477719 437672.4412510395
66804997.1025948226 490005.6148986816
65606328.5503755286 425409.3952801228
66448708.4489754587 476705.6399536133
68159912.9856705368 523617.6118164062
66742931.0288012698 489466.5567016602
75476631.3398320377 544815.9711914062
66579393.2705920637 482759.8871459961
65528151.9227285385 411907.4210712910
66961917.9069888145 496415.2236633301
75901817.8740619570 544963.9384765625
74600505.9240925014 544524.7456054688
67439329.7316437811 506056.6250610352
65528559.5372052416 412266.3296474293
65908912.2426546067 449554.3510715961
66692670.5480048954 487474.1600303650
67068141.2814035565 497342.7961425781
75491245.5410127938 544821.6523437500
65939022.0996344984 450974.9417393208
66604576.6257437170 483270.8855590820
67977351.8110975027 520451.8770751953
65625188.6337946281 427212.3179924488
66606612.9658052847 483272.0183715820
65440302.4045213386 400794.9187762812
65440793.4755484164 401726.2483813837
65442877.0153904334 402183.1622436121
65752824.4422159642 436810.1418106556
65442073.6301902086 401893.4259917811
65473988.7017613873 404929.2847904041
65924170.1330684051 450602.8648350239
66765790.6681925133 489730.0974731445
66872512.6629637927 491483.6959838867
65800677.6700924635 442029.6091587543
65438221.5148551390 396105.2958776951
65603600.7931560352 424861.8385883570
68298251.2360204756 529316.4477539062
66930921.8496664986 494926.5204467773
67443827.3600320667 508167.5001525879
67228427.6783736497 503822.1163330078
67043750.1702051759 496988.8959960938
68353793.3510812074 529615.3017578125
66520398.6957751811 479613.2551403046
65829449.6506287679 443207.4241611958
75960272.7249807864 545006.0590820312
66745966.2817298546 489614.7160034180
67926122.4748418629 517560.2833251953
67748581.6816615611 517312.9714355469
66950868.3309402242 495959.3147277832
68185225.3479834497 529066.3237304688
67113593.3442908525 498439.9302062988
75611138.2346978337 544923.2207031250
68012082.4546392560 523133.1387939453
74852871.0489543825 544662.9838867188
65727393.6143901125 436137.9579918385
65734400.1717764884 436374.9201328754
75582445.3333425671 544916.0541992188
66520910.7458976656 480607.9958457947
67169975.5533392131 502043.8747863770
67129577.6839969307 499393.8152160645
66956215.4290673658 495961.3699035645
67696297.0161544532 510907.1131591797
66375955.4044506773 474052.3523712158
67368837.1511012167 504087.2092285156
65856605.8242955282 444550.1480381489
67016605.3814709783 496872.9076232910
66727574.2308869511 489365.1416625977
65487952.4189994708 405617.4990505055
66939536.6742831394 495556.5795288086
65480245.8419275284 405113.3952964619
66756605.6197860166 489721.1023559570
65519325.4392460063 411666.2785250619
65649116.7903924510 428612.9648582935
66358260.2039151788 472272.9601249695
65614738.3719182685 426302.3734546900
65903517.2472309098 449318.6199791431
65749760.0575422570 436727.7691624165
65640800.0503585786 428252.3937675953
65696116.8690746129 434268.6075890064
65752735.2536414415 436781.6772434711
65901124.5080744997 448637.3662254810
65716507.4260869250 435770.5363152027
65532807.0620291457 413104.9222304299
65573700.9469719231 419596.5881206989
65634303.8565121293 428010.9981243610
65633319.4303889424 427607.7030937672
65589906.5268704593 420739.8996899128
65814526.5468459353 442840.7880699635
65609959.2314698994 425867.1194145679
65711234.1213804111 434974.5539238453
66006743.7624569684 453361.2414963245
65597634.4720970914 421115.9600975513
65643769.6922653094 428491.5160057545
65517843.9393217564 411346.1596233845
65914259.3407817483 449675.9747288227
65480484.8956078440 405170.6735977009
65859269.4634210393 444725.9007370472
65687873.9224613681 433235.8891899586
65570589.6693033800 419477.8686687946
65564934.1547959670 419073.8607475758
65762898.4667937011 437796.1820957661
65531515.5212954879 412427.7534377053
65600956.1113378927 421230.0067131519
65719477.0679936558 436008.8636314869
65561696.9117422551 418781.6593281031
65581529.9974831119 420516.9483501911
65916652.0799381584 450357.2416660786
65561964.5128892437 418807.8700672388
66510679.3774527311 477252.2278289795
66547602.7215224355 480871.0511436462
65618692.4399481714 426970.9106304646
65666136.1354174539 429081.2793247700
66643664.1758807674 483497.5765991211
65798995.3984380811 441094.3953087330
66029661.0428044572 457080.2929356098
65898154.8661677763 448400.6521904469
65932614.7685529143 450784.4189102650
66027268.3036480397 456399.0391819477
66074175.5881796777 459032.1647446156
65565918.5809191540 419476.8838055134
65493984.7013195306 409563.3613208532
66049362.1495375708 458111.3721287251
65951006.8193958178 451890.2854721546
65846404.3121636510 444358.6915085316
65741843.5111458004 436598.6328098774
66050362.0310324803 458414.4031066895
65831954.4154079631 443897.6973545551
66447124.5048921108 476391.4434204102
65606989.5895631760 425602.7761951685
65670710.2263309062 429243.9167301655
65617439.8514395431 426511.6821587086
65687191.0910653546 430279.8686497211
65771908.1597653329 438092.3923008442
65811556.9049392045 442603.4192497730
65919087.3478637859 450601.8062412739
66379963.6130942106 474194.9461631775
65674566.2960883752 429257.8706333637
65453021.2419987470 403647.8579906300
65441963.0187531561 401847.7460620478
65959674.9854719937 452259.6758530140
67178206.3283640444 502735.7258605957
65941453.7910159305 451192.1125290394
65461749.7186912596 404188.6252696589
65944428.9871151149 451246.0250046253
65936556.9412655830 450939.4781296253
66399174.2655148357 474980.7866325378
65795127.2115686908 440738.9916985035
65968684.6784436256 452555.8870346546
65445096.2685928270 402206.9547393396
65481723.8262999877 405402.3263534382
65961166.6253133789 452310.2448227406
65851859.2767353877 444479.9533493519
65553948.1293871701 418080.6856037378
66369800.2871424183 473645.7797561288
65952156.9323417470 452014.0341293812
66556941.4105504900 481644.6006317139
65792636.9601242095 440116.6992332935
65867459.2678115517 445555.4658920765
65876468.9607831836 445851.6760971546
65468856.9733402506 404380.3157638386
66356531.0753787607 470548.1666221619
65446265.8117975667 403010.6197478846
65488220.0201464444 405643.7151607350
66237300.2246827781 467584.8981895447
66253827.9707846567 468126.7510948181
66370953.9201225787 473898.6602745056
66327711.7364237756 470376.7030639648
66082431.7340155318 459523.6000168324
66221700.2336066142 466510.3421897888
66090949.6686406881 460072.2727184296
66070806.8205334619 458805.9825878143
65990092.3689355850 452812.1005356312
67631067.2110448480 510886.7884521484
66075703.6702838093 459058.6218700409
66067831.6244342774 458752.0749950409
66409370.4566537663 475251.8000602722
66099959.3616123199 460368.4839000702
66092441.3084820732 460122.8416881561
65472608.6035824940 404603.6779598072
66083431.6155104414 459826.6309947968
66386046.9610118642 474421.8159141541
75391141.7498336434 544764.0224609375
66433946.8525070697 475694.4818572998
65677725.2553121746 429798.3175652027
65464820.8690023795 404367.6421798542
65549708.7898248807 417923.8152325153
65450249.3060939386 403018.8521697596
65437619.8323910087 395809.7714350224
66859680.3973476365 490175.3884582520
66445528.0005108342 475700.3978729248
66120428.6052670777 460649.7352886200
66420414.3210938796 475323.6134490967
65438533.8290282860 396145.1973822117
65436450.2891862690 395688.2737543583
65767317.9452032074 437818.4021030068
65457085.7444637716 403894.6059879139
65663258.8762842268 428976.2753727436
66125386.0342018604 460845.1292076111
66024160.6235697865 453845.0303306580
66905461.8688643798 491953.6342010498
66136029.2933013663 461350.7510032654
65437700.1061997339 395877.9049780369
65494340.4533950016 410106.5575358942
66428180.9194077775 475632.0238494873
65558169.7985640690 418775.4393780231
65504752.7715844736 410630.4643013477
66909234.3659319133 492539.2865447998
65790752.4518248364 440063.1676323414
66371029.4279974401 473909.0348320007
66483076.7008775473 476843.6843872070
65452600.7236666456 403228.6202991083
66918426.2092327327 493796.0127067566
67615377.7100719810 510855.4793701172
66911280.4222307801 493538.8444786072
65452680.9974753708 403252.7846515253
65480323.6136304587 405146.7955955341
65610943.6575930864 426270.7420818806
66398029.1191486418 474508.7407188416
66872421.9472486824 491195.1637077332
65796025.7565313503 440857.6812736988
74801392.1384888142 544653.6054687500
66225724.7698966637 466598.9136466980
67361725.6774109751 504052.5236816406
65897876.6512751430 446107.3168442249
66238349.5648736432 467619.5620536804
65786831.2635481656 438457.9849350452
65777821.5705765337 438161.7747299671
66297089.2104496434 469095.0125846863
67003399.0237441659 496547.9952697754
65768938.5178586021 437853.2900822163
65575072.7558616847 419810.7314617634
66117867.9810716137 460599.4806480408
66012377.2133222520 453788.9760875702
66140621.3698363528 461581.9227714539
66430147.2487453073 475686.8485565186
66290481.6980599016 468996.9998016357
66299491.3910315335 469293.2100067139
65989085.0145309269 452740.0262889862
65756540.0284798294 436816.1701023579
66158782.6820660979 462333.1755485535
65683703.2730389386 430070.7792484760
66287092.9016527608 468993.7385711670
66155393.8856589571 462329.9221305847
66130615.6196139976 461281.5616874695
65759928.8248869702 437557.0798771381
67329868.5001705736 504047.6608886719
66311749.0480612889 469360.2778778076
67183884.0642395467 503099.8530578613
66315137.8444684297 469363.5391082764
67151100.2026951164 499970.7441711426
66152879.0268661082 461648.9979667664
74564666.3940482438 544484.8750000000
66129566.2794231251 461246.8968467712
67405401.2035365701 504408.3715820312
66136964.8411648571 461450.2671661377
67618206.8076317310 510885.3519287109
65680702.7331523374 429892.3827641010
73942334.9354761243 543990.6079101562
65506222.4245537817 411284.9352936521
74210347.1485376060 544465.2709960938
65490612.8474322855 408248.2879425883
74036375.7171270996 544373.7963867188
73758552.5445183516 543925.7133789062
66151829.6866752431 461614.3331260681
72353838.6380139440 534540.3062744141
72379885.4380235225 534853.4093017578
66325266.0927450359 469487.6540641785
72222081.6350183785 534469.7740478516
73945115.8988953084 544108.2656250000
71738560.3478348851 534032.9316406250
71342656.8948498368 531319.4180908203
72420919.7069984674 536244.7783508301
72902377.5247140825 537505.3419189453
72928237.7519931793 543268.4521484375
72520615.5399470180 537469.3050537109
72409829.3217672259 534927.0360107422
71495969.9287045151 532206.8303527832
