271653373.1661745906 459112.1838390891
275272368.1072915792 596490.2301629633
270143156.4267873764 343549.1956421733
272978680.6116287112 521401.1413563490
270319566.0706233382 360086.0315806732
270295684.7835121155 359640.6544042294
271298409.9482429028 436522.5876996581
271408933.5732734203 445554.0912544791
271653373.1661745906 459100.3239758079
272351783.6493029594 495511.4178055291
270076704.9357209206 336022.4700562358
275159082.4771879315 593029.5476730745
270650085.4742714167 392743.0213848656
271604769.5399948955 458905.6408703391
274024220.8877162337 560437.7905407827
274341571.9359070659 566255.4530633539
279260308.1019724011 687343.4739215747
273792565.2890779972 551204.0803357046
274325549.8049737811 564314.3312371820
271073003.4079307914 422618.8903453547
272748792.9311999083 518431.6296375990
294104649.6552312970 938866.5538991690
272999965.2048015594 525972.9226063490
274747298.2130928040 574986.0594370067
291889375.1453701854 899051.5296682119
274743182.7216148376 573111.4330719393
283896646.1038367748 781883.3119777817
283524923.5136343241 774227.5389141220
270524278.3966625333 381389.1011420792
292409700.7057009935 916077.8268483877
270493092.7059785724 377036.2825346111
270575817.2236062288 387731.5528750537
288915081.8566572666 865087.4068148034
270133756.6433130503 343375.5653551338
319727847.9705940485 1120407.0506591797
274341571.9359070063 566248.2450555414
288466402.2593520284 858562.2942420142
291341742.9404032826 896551.8060353994
272871232.9096339941 520632.1013172865
271277908.9121570587 436432.1145551269
270588562.1649236083 388679.5770489281
272579223.0824207067 511010.7805165052
270340711.7712168097 361677.4464586495
270889890.3161900043 408113.1943919855
278086639.3944142461 669417.7468615444
270964637.6560475230 414279.7391548221
270908568.6171194315 412926.8333080012
319522323.8845909238 1118685.4708251953
293027624.3212524056 918022.3667653799
273391858.2218406200 535339.1979721468
273647086.1368359923 547098.5825405996
270099509.3702887297 341069.4331682442
270925290.5474509597 414183.9994087283
272748792.9311999083 518428.6389149427
270258285.3210620284 357570.5953844307
283655255.5706538558 778152.5686992783
272698541.9171633720 513381.8828114271
277166004.7479653358 643208.3166691065
270403911.0242967606 366166.0966519767
281023066.4149764180 727413.0708666043
270521365.8466352224 380464.6878080486
271241224.6906487942 434666.1770947044
273292052.2220334411 535159.3349350374
270849480.4684846401 406506.9218700129
294048941.8015533090 935521.8992360830
273525862.4164329767 540264.1465638559
273219408.3376724124 533931.3215073030
292325565.6362226009 901789.4486135244
270359152.5205834508 365148.8219469307
275556005.2369037867 605442.4561275532
288489181.3865234852 861551.0296240943
287757188.3344206810 853500.3861609595
270119021.2254952788 342985.2364746928
271364657.4092884660 444183.1550304954
273145275.9328778386 529113.4765365999
292276923.3957743645 901527.2856496572
275264473.2121903896 594607.5227779439
274663602.9735717773 570208.9213962108
270770440.7896451354 405521.1350105006
273918166.5337308645 558840.1113479864
280799671.0316130519 720921.2287035184
270509358.1939713359 380445.3303861736
272839557.7383025885 518678.3379169237
272546682.6776243448 509263.0434836149
279304388.1810138226 688963.3946979418
272509972.0588265657 503804.7861591112
270340711.7712168097 361683.2164781807
270473753.6795111895 373633.0224027751
329218096.0859662294 1172313.2094726562
271516574.4096871614 452954.4965279166
309207362.1486628652 1018083.3983764648
293356991.9520887733 926447.0436452627
271882945.8850201368 474498.6777479415
272109219.8620311022 483203.9580095541
298030655.0847870111 948232.1383718252
325181790.0782143474 1155685.0252685547
270432954.4576011896 366266.4223355704
293095856.1398647428 923838.9387868643
293319971.4184312224 926296.9138845205
277139315.8032396436 641815.4030338526
271002285.4396203160 419144.6432292658
270774290.5783444047 405526.1032722193
277119657.9044955969 641274.7404361963
270832462.9728568196 406476.3872020441
271871166.7858419418 468833.3833977942
271564176.1516887546 454452.6900646751
271963533.9883260131 477253.5085198645
272696959.3996623158 511933.7870765459
280780712.8383743167 717431.4583177762
270371897.4619007707 366097.0536403364
328718471.2874003649 1170552.6938476562
271957133.6230185628 475262.2812249426
293991131.1778528690 934065.5726979971
272007612.9855958223 480587.8498284583
272040000.7113216519 480615.8288323645
272007612.9855958223 480590.7956292395
287037669.0363209248 839704.7599624591
271564176.1516887546 454449.8282482688
293943376.1892078519 933222.9988454580
293539429.8541832566 932959.3567556143
271940665.5832800269 475218.7743021250
271456535.3152750134 446990.5845959251
274902732.3623889089 585198.3065073192
275342712.5301724672 600078.0354732564
275603208.9386519194 608641.8487476856
277490246.4217700958 653843.1926325420
277386737.8269193769 650604.5847508907
279326510.6276223063 690190.6181577938
304405346.9541671276 989218.5670827627
303545744.4254323244 985793.8427175283
270974434.5839436650 414777.9020641047
273564342.1824172139 542381.2982946783
277951843.8647434115 667745.3177189014
278329601.1109092236 675673.8208333561
271877275.0720644593 470819.5926263098
298874736.4536385536 955154.4279226065
319258077.5514848232 1109919.7268066406
298628766.3943556547 950553.6447194815
272311438.1412059665 490713.5484483968
328586748.1225993633 1169462.3334960938
273065181.4416154623 526322.3074301165
285356467.1942647099 806787.0515407700
271108571.4107731581 423883.9617195193
271088070.3746872544 423791.4504890506
271766553.9024466872 465404.8945550983
271823960.3015189767 467117.0970971183
284066299.4549903274 785358.6278618727
271108571.4107731581 423887.0056648318
286979253.2448143363 828161.4564124243
272300717.3886974454 490702.2525499593
286984400.0652319193 829458.8657752173
272487726.2847418785 502038.0353102282
328462173.0698252916 1168759.6796875000
271376510.6609129906 444683.2330421209
272287553.0448951721 490701.4976671468
271108571.4107731581 423887.2371101443
310161336.6894508004 1040632.8432006836
309728839.6073236465 1039656.2030639648
294339300.0000751019 939051.8340537548
286748636.5936625004 823523.8897620337
304866774.4791092277 997147.7521413565
314336644.9897364974 1079732.3732299805
302001201.6262584329 977967.6306813955
313920986.3890348077 1077935.3577270508
302325850.6697311997 978824.8289235830
288407299.1941193938 856897.8095618384
274809543.7253358364 581936.4005012065
285716030.5544289351 813692.7746821046
279457165.4603193402 695099.9409117000
275421158.5986189842 601264.5449578756
286803534.3828334212 826341.1424475806
277858958.6774231195 662601.9089662731
289860766.3892320991 867696.9819861548
286903958.9258157611 827506.8109046118
275342712.5301724672 600084.0164302876
283300525.0434669256 764070.3959928770
275893652.3851482272 609474.9280985883
319097772.5833582878 1109521.3572998047
274191452.9751849771 562382.0273124129
309874186.2236616015 1039722.4450073242
286989530.4224464297 833684.7019568579
273745362.2657526731 547149.1929828078
276024020.6452307105 617370.5445346385
275763524.2367511988 608821.9129008343
329056429.8857217431 1170804.9536132812
328419325.7100281119 1167612.2712402344
275394863.4939580560 600844.6731685689
274892185.2209067345 582412.5296426117
279923237.1298298240 702605.1120068552
290024439.8988637924 869195.1229163306
300350565.2173545957 973134.7452443838
279879999.8435363770 700787.9662813032
288042806.0908859372 855603.4375525611
276648559.8543413281 625622.4671083689
311506977.4177643657 1045922.2242431641
277328856.5087388158 649735.5999978937
277582657.4250920415 656037.7284140885
277686904.2122589946 657116.1305819750
300420128.9351684451 977548.0496267080
328459247.2565267682 1167835.2529296875
299625475.8873191476 971203.4610646963
299747237.6695628166 971623.1754201651
279615451.7182562947 697748.0656056302
279598832.6478220820 696308.7059864895
286953894.2867126465 827611.0902014868
274413919.2798789144 569481.3279494336
280223997.4424795508 705071.8798913853
279977881.1668871045 703290.9608998196
279779002.5464805961 699405.4780475246
275094961.8987109065 590918.3637653878
327922359.8631715775 1167369.3374023438
303824476.3048616052 985997.9399465322
328210657.6505770683 1167403.0908203125
276535801.3389274478 625043.5307354487
274286300.0393506885 563467.4842037251
317994122.3812981844 1085446.7681884766
281537531.8341843486 735544.7861071350
306151604.3090287447 1003434.4904226065
322608321.6769013405 1152029.2550354004
281545457.5169163942 738232.1779551627
276851135.7256989479 637255.4533725083
327145643.0385074615 1167039.6806640625
325887580.7029557228 1161215.2829589844
276817611.3554438353 636089.0318350466
286617228.7154287100 822012.4495679038
326609912.0571662784 1164931.2368164062
281352549.7339734435 734530.0764318230
320777978.1619842052 1124503.4500732422
317631530.7745757699 1081362.3648681641
319436025.6193103194 1111594.1325683594
326310389.0304533839 1164271.4726562500
326633635.1377676725 1165727.0561523438
318220610.0089024305 1097385.9757080078
322478320.9048113227 1133627.1059570312
281265734.4632444978 732483.1091466667
281287988.6009379625 732694.5808263542
277786717.2970239520 658674.1592824999
287326043.8627409935 839712.9490882056
287613695.7331145406 845366.5074378150
291127969.6436859965 873365.3270186307
290625629.7737863064 873349.4400855200
276386400.4294958711 621410.3512478741
276386400.4294958711 621404.7428494366
312598905.8273283839 1050355.2913208008
282736212.1896648407 753022.2638303237
321303955.2011973262 1128476.8843994141
287592752.3151835799 842810.9296790259
316646905.9420469999 1080011.5809936523
317968275.9275869727 1084038.3361816406
302696264.6252327561 982424.6483205557
321707873.8888955712 1132568.4804687500
276450940.4540683627 622569.8160916241
326220851.3295145631 1162387.6459960938
318389823.7919331789 1101119.1676025391
321814862.6837257147 1133243.2255859375
321453262.7111194134 1132545.5102539062
320789349.0469107628 1127082.8459472656
318547947.9956067801 1103709.0394287109
320138257.1270356178 1120724.5874023438
326251860.3301486969 1162728.6035156250
282106040.2504177690 744638.7292369886
318356194.5244475603 1098650.1132812500
324833828.7952435017 1155241.6835937500
324628787.6415336132 1152623.2646484375
325427870.4414122105 1159929.5517578125
320255327.3213480711 1121925.3549804688
325672350.7214118838 1160559.8515625000
277216482.1188999414 645644.2477210583
277216482.1188999414 645647.5817054333
282016579.2917355299 744334.9459731861
280236658.5929482579 712818.0750794420
282237843.1759976149 751105.3508193775
281865126.4730065465 743191.7993057056
276452392.2566123009 622654.3654790223
279005166.0740299225 679564.3026256720
279005166.0740298629 679551.4918346563
276278627.6739557981 617870.2990727723
279005166.0740298629 679503.9276256720
279980795.8566328883 703783.7603706568
279930019.6782909632 702675.2510301853
279151026.8646669388 684026.9290905157
280474576.1446657181 716206.5788175606
297443725.5440534949 940515.2613541977
284730686.0936365724 797227.2685208963
284660697.3881800771 796928.4716390967
284319782.8456445336 790446.3941090452
284612852.9743406177 794794.8338063108
284155078.1595580578 786728.7019093381
284136354.2343526483 785503.1108686663
289230264.5501573682 866629.9724818366
283096742.1107178926 761150.8777595200
283168136.3633991480 761387.6374117546
283257293.7031214237 763627.6095893867
283303724.2216713428 764219.1104255356
285139755.3167140484 802742.6055967547
282958454.0653230548 758808.5954524688
283249303.4363803267 763069.1362552717
285076681.0628955960 800580.6298963763
285285000.2961376309 803988.0281965472
290489020.5986712575 872792.6238192320
