88662072.0499709547 97167.2964690020
91665293.9577361792 153050.8310564756
95701419.8534830064 203706.6530761719
93924458.8047184497 183528.9376844093
93080716.0610859990 172688.8717847959
95131897.2397915125 197866.3449554443
92934203.6780431718 170245.5971131325
93021958.3007521480 172131.1564527646
96372839.3223846108 209378.0071411133
95800164.0693217814 205043.1955566406
88989828.8431087136 108655.2597918510
94552172.8778239489 191350.1182638332
93738030.4754725546 180767.6955686733
93318575.0760371834 176472.7512216464
98153339.1271806359 219805.0212402344
89849499.1331623793 125728.3879237175
94019645.7396980524 185295.8171943426
93759906.8138479590 180920.8560575247
88265799.1095791608 79642.8270123294
94149851.2891592085 187272.3128820583
92627067.1271042824 166634.1548797488
90053727.6102635562 129850.6989588737
93820262.6994048506 181729.8206079006
93025888.9555907547 172222.8208905980
94400608.9971196353 189570.6707344055
93179329.6360447854 173345.4413167760
93852736.5413818210 183341.2252933905
93507940.6766203195 179464.0898066685
89854344.5699703544 126286.1032557487
94017711.4884865433 185164.5882470608
96012364.1111502945 206004.4218444824
88541684.4198669344 96643.3347219517
89365537.3150708526 116359.1008563042
92353264.7225592136 162364.9849739143
93142590.2398862988 173233.7254964635
88979746.3664069772 107441.1317591667
94247089.7167004347 187901.4931586981
94229152.2080032676 187364.6864030361
98434680.6327061951 220015.1291503906
93931454.8316268772 183972.4748388454
92489357.9338092655 164831.4233160019
88477711.9865678251 92770.5506471684
88829365.5434094369 106285.5902552605
92691232.2661484182 168209.2239761353
93226325.4123948365 175055.1328891516
94934871.8812644035 195481.7192230225
94340204.8893794566 188882.4895750210
93786014.9161582291 181612.1461414024
88889015.5040615499 107012.1648483276
88641464.7544588298 96871.8269094517
93930913.5827276558 183648.9263634682
89383149.0567089021 118060.8666224480
90184878.4170185626 131235.5564980805
99144818.3045787662 220596.3151855469
93519447.2207707167 179550.6919808388
96693760.6873713732 212358.8358459473
94913305.0757775307 194891.5882034302
91136698.4167930037 146339.9430994987
89877527.4427863806 126572.6417689323
88827611.3747903705 104761.3652606010
93531281.0790949017 179976.1685495273
93130733.9425766319 172796.4396982089
93281835.6798787266 176361.0354013339
89163462.9945615977 112319.1852737069
93946142.0424459130 184570.3454711437
88977233.2560216933 107338.9508509636
88159093.1172552705 76374.8335573962
94998052.6020235568 197183.4780120850
95560667.6334698647 201902.7268371582
95236485.4002087861 198985.2113494873
88690442.8929481357 99535.6781930923
88298762.3323195279 87430.5403912356
92611326.0184224248 165799.2490005493
90149566.7787265033 131046.0083113834
92879949.6007218212 169775.7192975804
93186779.0946143717 174663.0721820593
96328254.3955554515 209286.9666137695
93849357.6162614673 183165.8251290321
95752978.9361032099 203866.8964843750
92981910.3446991444 172111.1050702855
90250577.6628954411 131616.9562754631
97278461.4821555018 216316.4072265625
89566689.8089111447 119912.5886756107
97199463.3615577221 215566.2604980469
88394932.5332551003 87664.7737171939
89426443.3230671734 118698.4606429264
95273427.6453285813 199406.4600830078
90606148.8221847266 138442.4067488834
90143053.9610062540 130796.9696554765
89412193.9836202562 118521.5060914457
88527823.5831015855 95458.3720660210
93987345.5249734819 184637.9942655563
88900102.7231661230 107110.4586634636
89857080.7863304317 126542.1484481022
96518967.1294821948 211032.9710998535
97661873.7168721706 218609.1901855469
88109795.9239922464 75520.5159771731
99397043.4449062943 220802.7109375000
89917745.0704322159 126923.6972762272
90876856.7817745209 142606.1874289140
95660658.4209603965 203021.5932312012
89938191.7268881649 126954.1905970573
93354895.2299002260 176918.7507333652
93574518.2200185359 180604.9814116955
88598921.7027367949 96793.5953211784
88874389.4751946032 106500.2272906303
88508657.7448348552 95458.2963824272
91071308.8514166027 144917.4796366692
90771665.0394626409 140795.1686015129
97811805.7850872576 218956.7976074219
88692079.7246526182 103095.4689097404
97334861.6986183226 216897.7851562500
89316821.3000508249 115977.5520281792
90452504.6772093326 135954.6238780022
90484943.3452104181 136512.3392100334
91287247.7060007751 148865.1328991652
91094329.1994749010 145138.5101084709
93128799.6913651228 172773.2906901137
91260535.2077588737 148307.4175671339
89753492.4371689558 123349.5346843221
89656902.4984276295 122524.6662761190
96026623.6027980894 206479.2792663574
90987317.8635934889 144756.9612803459
90833528.2723157257 142012.3992315456
90405817.7991276979 135168.3193465397
89484338.9799320549 119227.2236491658
89260368.2991378009 115144.9728236198
88457829.6242012978 92673.1984004974
96521087.2598068416 211801.1205139160
90960605.3653516322 144199.2459483147
89545003.2640338391 119608.7724772908
90860240.7705576271 142570.1145635769
93876627.0415890217 183377.6902929649
89994124.9907407463 127710.0018076897
89036207.0118142068 111022.6617884636
90713060.8640030622 140076.9349131584
90617520.6032421291 138928.4669905826
89769775.2385480553 124282.4183726311
92055745.7447136343 159065.9963970253
88461105.5540343821 92746.8892331114
90688253.8349314779 139480.0295176506
91408879.9356533587 151289.2472910881
96505678.4546755552 210798.6503601074
90803438.2657571286 141016.1990733147
88634673.4621145576 96795.5094356537
94883876.6734447628 194150.0321693420
90077942.5926054269 130045.7343450710
88269938.5582269281 79651.1427707961
89852235.3495224565 125984.4331160709
89682524.7097937465 123130.0485689044
89064819.9619205892 111232.7696986198
97420450.4793789983 217978.8649902344
94120444.9156085104 185533.0946111679
89426733.1034894735 118885.7350306511
91558286.9358083159 151866.9421512894
90318690.0471421033 133564.4301863834
89671276.9854276627 123008.0460658073
90742773.9816553444 140634.6502451897
91130714.1542611271 145292.7672740221
90888028.9423453063 143050.7780257389
96441991.5436046124 210457.2705078125
97450433.8653117567 218399.0822753906
96406786.2838520557 209875.8925781250
88786345.5051986128 103384.8659052849
96853143.6138894558 213914.9565429688
88761580.1978993565 103147.0653986931
91176643.3410401940 147166.9362559319
89654828.4694071710 122439.2228499576
91215661.5365010798 147752.7337676212
89565706.1234159172 119624.5497362614
94899765.0551657379 194481.1613616943
96968201.2666098028 215416.2536621094
96125367.8186368793 207815.8217468262
90315317.3056219667 132276.7625568947
95764000.0097259134 204358.1357116699
89487397.3875912577 119267.2838587761
95779064.0910021663 204574.3278503418
96062585.5393162072 207164.3391113281
95884932.2295632362 205578.7979125977
94436061.5749544352 189591.4219007939
92760879.9979243279 168707.0277234837
98746709.8710102886 220345.8022460938
96539369.2081819326 211958.5676269531
96274095.1065458655 209036.4839477539
96427461.1949736029 210241.8910217285
96754399.3980506659 212465.9299316406
90197710.3918219209 131489.3278914616
91381998.0971044302 150720.4240752384
90329742.1870612651 134229.0551863834
97212980.1044802666 215709.7788085938
89577623.6814342290 120508.2915528109
89732568.5913262516 123264.0912581608
92341854.6699500829 162192.5405378342
89524079.4181911349 119523.3290511295
90555356.4955616295 138351.3662215397
90343732.5116592646 134786.7705184147
92738636.5698311180 168546.5093671605
96771441.4168803543 212726.9501953125
92268795.1199285984 161634.8252058029
93255037.3550960273 175726.2382184789
95195458.5856551677 198146.8569183350
89947852.9506817758 127153.1906233951
88823027.5357984900 103563.3539992496
92164623.3414287716 160480.2044782639
89638287.9655360132 120889.8403809359
90427847.5435512513 135470.7809554264
90550073.3124820590 136632.8811141178
94501246.6231235117 190290.3792762756
94961496.7860738635 196061.0771484375
89459949.3206637800 119141.7802230045
94437995.8261659294 189697.7187843323
94680029.5420767814 193281.3905067444
89664006.0608738065 122649.3307601139
89760306.3930349648 123673.8464225531
95441986.5144596398 201436.0520324707
93835608.7285538465 182837.0988421738
94372724.8180198520 188992.2040023804
90400959.3718503416 134938.6661276445
95394486.4313205481 201219.8598937988
95496145.8034692556 201686.5346984863
90331718.3472391814 134248.4406233951
90357949.6154463440 134806.1559554264
90105392.4348685741 130683.8449202701
94777067.1322082728 193548.9515113831
90100546.9980605990 130126.1295882389
92536754.5366252214 165038.9025526047
91180339.9352397621 147286.2137961015
92827500.8948275745 169161.2135877609
95659411.8493086547 202244.2500305176
92583494.9943139106 165596.6178846359
95379553.3039134145 200680.4756278992
88441934.1876135468 89521.3156921258
95108377.6439217925 197808.0962524414
92435131.6805319190 164602.5155134201
92799248.8610891551 168806.0905516744
95087995.0493071973 197452.2709999084
95457539.9736598134 201539.2701110840
96026007.9944419414 206045.4727172852
95322211.6209949553 199792.2510070801
91130035.3465939909 145290.6866625547
95270164.1353014857 199187.9207725525
92768834.6753927916 168793.2058637738
90912563.9186906666 143163.9027628132
91770194.1365362555 155321.7358150482
91528116.0244522393 151427.9102682695
96432187.0920881033 210299.8233947754
90292019.3191490024 132030.4831251726
94723524.3990905583 193318.0430908203
94270130.9325685203 188197.9259319305
94767980.8642829955 193512.3833007812
94651708.4077442735 192436.9447746277
89160348.0287938714 111488.8148909733
95091795.7013234049 197488.6860351562
94457921.5255106837 190023.6413002014
90285100.5922618657 131938.5770053193
97759609.3052945733 218741.5471191406
92333830.9444473684 161891.8378235400
92324924.6553913951 161891.6667272747
91625119.8115019053 152370.0998798099
90423921.2871726006 135272.2697975636
90024544.4054681361 127816.2659701630
91618910.7555284500 152263.4539279456
92240788.3178246766 161173.6153672012
92541965.3866388053 165295.9264023574
92675285.5870270133 168035.4826010140
94781310.6173260212 193617.8790626526
92650839.1038054377 166934.6488364609
92378136.6581836343 163279.0126059921
91656302.7571361363 153020.2233045697
91988515.4154966474 157302.6808874309
91903397.9977098852 156944.4872839153
95662564.6119154692 203077.2011413574
91943930.4886674881 157211.6403600872
95549843.5983143747 201885.0243835449
91880466.4806887507 156226.2648275765
91961413.6135953069 157292.0500280559
96168006.5835734755 207896.5513572693
97943187.3221465647 219423.4724121094
91919942.5698919296 157051.1332357796
92399474.9331991673 163913.1715658577
91816279.1457581073 155667.5425067631
91990670.9463562071 157769.3556921184
90016691.0017258525 127770.4955306053
91689493.8775420636 153647.0446569622
92145038.3220737427 160348.5758627327
98896019.3380295038 220364.1108398438
97684844.7645701617 218615.2744140625
96272672.7142147422 208717.0737304688
92967992.6226470768 170697.3979989262
92979633.0308790654 171222.0051766606
96074939.1836935729 207219.9470214844
98542186.2751888484 220135.6943359375
97813776.4803274721 219081.9492187500
92192886.1976005286 160615.7289389046
99379329.4901546538 220596.3642578125
95953103.9965085238 205667.2124023438
91730689.7120638043 153662.5057565868
91862948.3927205354 155718.7884961357
92109971.6582819968 159124.7666282356
97797936.3108252734 218865.7570800781
