80799273.3998275101 395510.5976562500
81503528.5699317455 503111.8586425781
80604793.4668592513 336312.0120849609
81816403.6177225411 535107.7641601562
80876669.4453047663 410562.9119873047
82015963.0010931492 554770.5732421875
83067058.7011636496 631625.6538085938
80640266.1974579543 353706.9893798828
81097197.9398288578 449428.0234375000
81636560.7796789110 516029.6254882812
82064320.4539322853 557540.2348632812
80585056.2286930531 321277.0653076172
80665919.4125063717 363501.7348632812
80695989.5812914073 370716.3941650391
80623268.5399562120 346908.3951416016
81823978.7459159642 535165.5219726562
99602369.1617900878 735658.3857421875
80695623.7421679646 369024.0512695312
81202759.5389878601 463775.3186035156
83567788.6254799962 650645.6596679688
87359944.3981107026 704923.2021484375
81204853.5413512439 464253.7563476562
80631870.6385164112 349679.3449707031
83015762.7796058804 629330.5864257812
80633599.0094157010 349864.5512695312
80629943.3524326980 348665.6585693359
80591380.3232857138 335013.4057617188
81548300.5876127332 506722.0578613281
80608377.9807874560 341812.0000000000
80633964.8485391289 351407.1967773438
80616983.2891705483 346630.7901611328
81247096.4183164537 470559.2314453125
81682582.9399020523 520967.3859863281
81570445.2166998237 509287.9621582031
83604818.6900126934 658226.8125000000
80646816.1261385530 356155.3341064453
80650962.5060408711 358205.7910156250
80633980.9466722906 353429.3843994141
85098466.0879757106 691270.1826171875
82638276.9847080410 603512.5849609375
81513576.1799106300 503602.5031738281
100239437.7798345089 736017.4228515625
81478234.4159267098 499597.9553222656
81712803.6766702235 525148.6542968750
95214630.2644889504 723953.3105468750
81499278.2307101637 502164.4726562500
82660862.2199929357 605069.7863769531
83588531.7041547000 657312.0820312500
81580034.1063284278 511042.7294921875
83019445.8263866603 630218.2080078125
82513996.3494310379 594110.8647460938
82966813.1272387207 624386.5456542969
82854623.6672182381 623527.5078125000
82536991.2117229700 597397.8969726562
81388901.7341180444 488438.9165039062
84466411.3552072346 674939.2656250000
81793210.4659797698 531208.7875976562
80808512.8694033772 398660.5351562500
80777761.8297291994 391211.5424804688
81424082.1628211439 492627.0378417969
81049131.1842273772 441321.2495117188
80800485.1245944947 395916.9294433594
81389466.7260001302 488885.1835937500
81589819.0769018978 512721.5319824219
82495941.0050871670 591945.4680175781
82467890.6157757789 591799.9240722656
83175885.3471019268 639881.1284179688
82649563.0138879269 603915.3298339844
95628645.0567564666 724103.6757812500
80814940.1467292309 399797.1878662109
80748631.8538189679 384715.3729248047
82651750.8878131062 604298.7536621094
83514315.2561084032 650396.5458984375
82085286.0200915188 561603.7456054688
84380783.8038277477 671526.9121093750
81343826.1917694360 482221.3757324219
83104220.4226548374 632933.8803710938
81801829.1081488580 532830.2365722656
80747577.0432924032 383377.7919921875
85153611.1155712605 693240.2597656250
83376601.8061673343 647209.6513671875
81338710.7680734694 481891.8325195312
81805567.5396703333 533394.5083007812
80768193.6923403293 389944.7177734375
83941858.5506646782 664053.1191406250
83662123.6618039906 659414.5102539062
82604031.5297923535 602235.3481445312
83169973.7753444165 637778.0454101562
83232709.8292106986 640646.2143554688
81611818.9089002013 514045.1525878906
80834314.0069313496 403230.7576904297
80707495.1352358609 375578.1929931641
80726868.9954379648 379610.1973876953
80768005.7140210718 388747.3773193359
80711641.5151381791 377628.6499023438
80719303.4208235890 378234.7397460938
83193691.8142917305 640149.2290039062
82673119.8122092336 605624.7639160156
83368354.7749670595 646086.4814453125
82695389.0593162328 612749.8994140625
83000018.3830942810 626788.2026367188
80731015.3753402978 381660.6542968750
80691843.2013890743 368665.9372558594
84187996.0418079495 670885.1376953125
80737442.6526661813 382495.7250976562
82221222.2623440176 571445.4648437500
81854623.2382643670 537595.4951171875
84778043.5758478045 688478.5605468750
85192000.1255483031 698390.3486328125
82798879.0924595296 615279.2001953125
82683689.7622691095 608588.5000000000
81606669.4613897800 512988.8591308594
82388275.7918583006 586161.9162597656
80758387.9695270956 387179.5380859375
81873997.0984664708 541627.4995117188
80658514.6338345706 358686.1351318359
80688343.4608154893 367578.1497802734
85176687.5081619620 694201.4091796875
80698718.7104242146 371345.2342529297
83406536.2883113772 647513.2656250000
83725328.9422692209 659547.3789062500
82176458.1771344841 569219.6586914062
83419650.6965248436 648381.5488281250
80659634.1617207080 362400.4359130859
82505052.3372669667 593108.1506347656
81973148.2968892753 549924.3217773438
82413969.7641413510 590953.0820312500
87496100.8565109819 706423.2314453125
84073450.7415927052 664238.3857421875
84087471.1369568706 666732.3896484375
82324601.7326856256 579191.0405273438
82614589.1663219333 602990.5270996094
82750730.0803384930 613425.9511718750
82358225.1893826127 583463.0668945312
82828929.6949351579 617978.0495605469
80672469.3411869705 364633.9328613281
80676615.7210892886 366684.3897705078
80686750.1117155254 367566.4566650391
82047850.9037239850 557281.0598144531
82557198.0261074305 601518.2622070312
80710419.2441311479 375709.4294433594
81761423.0785849690 529504.9833984375
81644135.9078723490 517194.9926757812
83877170.7268413305 660790.8730468750
81336026.8343786895 480693.0314941406
80879582.3591285497 412350.9586181641
81371885.4863557816 486318.3325195312
84082898.5451401025 664836.2119140625
84610335.9954068214 683645.0742187500
82239976.4984219670 576542.7534179688
82276966.2140157223 578072.1372070312
81824941.3998724222 536828.0781250000
82066965.1671504825 558466.4692382812
82140825.2999991775 568245.9311523438
81729009.9134437591 526122.2167968750
80659128.7511733621 358876.7575683594
82188662.4320182055 571244.2065429688
82361640.7589843273 584844.0991210938
82234868.9252817780 573645.2102050781
80795932.2071738094 394774.1800537109
82001066.9415172338 553664.4406738281
82113204.6647194326 565343.8645019531
82337409.6330094486 580391.0852050781
83584777.1642604470 652375.5356445312
82073898.6026333421 559317.4992675781
81863863.4190731198 540572.1564941406
84930613.0546391308 689304.6816406250
80971428.4416869879 429880.1451416016
81988342.3658133894 551868.5065917969
83056053.1915303022 630638.8129882812
80850481.3940424621 406171.6129150391
82330946.2998409420 580222.9890136719
85110562.2252137363 691647.4462890625
82016185.4241443723 556005.7727050781
81322720.8187436163 479345.8474121094
81775715.7236149758 529602.2871093750
82213361.4578838348 571328.3312988281
80747144.0122054666 382975.4985351562
84246517.1464625895 671118.9648437500
81912516.2749466449 544851.7529296875
81898938.6229631305 542844.9733886719
81179512.6387900859 461683.7143554688
81154665.8861802369 459035.6066894531
81996811.5639422238 551973.7683105469
82053347.1456355453 557313.9992675781
81535299.8895074278 505889.0700683594
81626416.2789215744 515810.5625000000
81152937.5152809322 459035.2729492188
81442613.3204569072 493855.0104980469
81429932.8562298119 493136.6811523438
84647497.7168980092 683855.5517578125
82791253.2864706367 614850.8139648438
82504995.1205436438 592083.2758789062
85147723.9467049092 691881.2734375000
81175709.7009636164 461602.1240234375
82504248.9353486747 591966.6396484375
80807615.1508663148 396692.6976318359
82022985.0579123795 556847.6818847656
81400789.0158422291 490485.0488281250
80958381.1372369826 427210.0316162109
84182728.7223799378 667509.6425781250
81949677.9964378327 546964.0537109375
81310473.8945930451 478373.2175292969
81932099.7374975234 546127.0400390625
81265321.3894308954 472826.1066894531
81955849.9411977381 547457.8586425781
81271430.3440813422 474442.8398437500
80805966.2299720198 396250.0395507812
81678736.1979410946 518775.2163085938
81323346.3701516092 479661.3232421875
81476506.0450274497 499597.6215820312
81790873.9211433083 530454.6401367188
81164218.3065951169 460652.0061035156
81294202.5297640264 477009.6909179688
81186990.4922778159 463218.8571777344
81649285.3553827554 517825.5595703125
81041076.2575759739 440557.4594726562
81060450.1177780926 443991.0292968750
80776558.3469717056 390742.1756591797
81481413.1357983351 499854.1547851562
81760316.3487142622 528342.3393554688
81448991.9711461812 493891.7148437500
81011985.8697016090 435609.7075195312
81658013.1358965188 518497.3415527344
84164551.4171128124 667462.8798828125
81257170.1357172579 471779.4069824219
80835016.7558772862 403718.9783935547
81457852.4820422530 496344.9648437500
80941969.5281666517 424524.7254638672
80947684.8286540508 426426.0660400391
81252056.4838792235 471009.2700195312
80904979.1894859523 417923.5897216797
80938418.0649828911 423710.7979736328
80969700.0707876980 429879.8114013672
81074425.7541461587 446861.1723632812
81216134.3326653987 465870.4895019531
80887525.9059795290 414315.3614501953
80860237.5097506195 409183.0589599609
81227095.7576827556 467029.8725585938
81564770.1268286556 507510.7380371094
80868152.0457774103 410283.3570556641
81063106.8205954432 444191.3925781250
80961343.3883687854 427958.2952880859
80832835.9047396332 402755.2127685547
81152899.3730444014 457982.2263183594
80989213.6840189099 433042.8564453125
80977894.7504681945 430373.0766601562
80912746.6598528624 419779.4420166016
81250843.5799651742 470874.7072753906
81130868.8100249618 454348.2932128906
81450864.7063549161 494879.6623535156
80840863.6495485008 405749.4891357422
81144844.4463929981 457218.4362792969
80877853.9882292449 412350.6248779297
80893372.7996507436 416345.8721923828
83301618.7381467521 643480.6020507812
81055051.8939440548 443427.6025390625
83015036.4683915973 627810.8144531250
81029757.3240252584 437887.6796875000
83094234.7048746049 632065.5971679688
81027143.4560573846 437567.2955322266
84382949.8762673438 674343.5419921875
83293564.9370840192 641457.4555664062
81133525.5128422827 454548.6564941406
81332421.3034422994 480025.2609863281
94960392.6901067495 716428.7187500000
80919044.2047807723 420277.2281494141
82509796.6370757371 593230.0864257812
83095657.5610570610 632243.5205078125
81119549.8764742166 451678.5134277344
94552070.3196341544 714814.5546875000
95032242.4811303765 716543.0166015625
81106982.1686965972 450876.5952148438
81237796.2755151391 468345.8371582031
81095663.2351458669 448206.8154296875
80939007.2770348638 423776.4617919922
85385221.8591709584 698706.9375000000
87018364.8490989208 702762.3291015625
81790316.5983960927 530046.8828125000
86738245.2452680171 702354.1201171875
81043732.9603933394 440757.8227539062
89748197.0136995018 712809.5039062500
95033709.4340230078 720225.0605468750
80866535.0546785295 409680.8450927734
97066754.6910745800 726622.8564453125
87049998.4470672905 703014.5742187500
96822440.3984252959 726262.9443359375
84593499.3199145198 677531.0620117188
97705145.5092187822 727018.5322265625
84529413.5701960474 676680.8779296875
94839181.1379385591 716180.5810546875
83147177.6819500029 633850.7836914062
87644741.2518033534 707028.4140625000
94080298.8652746230 713904.6699218750
98979709.1643874794 730576.4101562500
99196153.8478881717 731098.3623046875
94474129.9413149059 714007.0195312500
98606084.8994638771 730541.0205078125
98250078.9903524667 727671.2675781250
98221351.1442458183 727457.5039062500
