30170496.7289421968 36890.8660704792
29764644.0334365070 35056.8687985986
29876461.8666394576 35933.3128445446
30094154.9574946426 36886.9398087263
29625123.0144657716 32983.3326511383
29680574.4423413761 33988.6234515756
29636725.4541802034 33012.7370140553
29969817.5213365518 36809.7661450207
29752269.6655755825 35049.1474622339
29696327.6865573153 34019.3958692551
30323829.7895133086 37924.5434432030
29639719.3274267018 33076.6938861459
29627390.7523646206 32983.4494351000
30185329.7502857745 36999.4654054642
29618730.4288809970 32193.1473283768
29834102.3280023038 35885.8088379651
29786069.6359167472 35804.7089125067
30297145.3046975993 37755.4856734276
30207170.4877987131 37010.5797133446
29739978.7637114227 34931.4470043927
30093374.5851483047 36879.0323729515
29717712.2067904249 34931.1563733667
29655792.1807446517 33876.4625139236
29656875.8223807774 33895.3790005296
29636666.4163998999 32989.4752149582
29643834.2402532622 33105.0768938065
29745620.6690328382 35013.6711972803
29683365.0978116877 34019.2268079370
29703115.8938294873 34807.1917819977
36094461.8135536462 43703.0321350098
29854874.8794772774 35928.6191826612
29709764.8903722353 34813.3343458176
30695925.2190395668 39257.4641929250
29677166.7247612067 33903.6939935684
29907516.2790553570 36644.1888844371
29655100.1454596892 33186.8490612507
29661770.2277721539 33901.4047803879
29743238.7075212747 34941.6351184845
30472691.0335667394 39046.1286216360
36064432.1762730479 43322.5102844238
31281906.1018667854 39951.7291717529
31577866.1041666903 40962.6291351318
31378800.4062140062 40716.4697113037
31637763.7372690812 41299.7495574951
32893568.8307367787 42150.8338317871
32566113.8034998663 41991.1874847412
33141951.4393137433 42809.5838623047
32489587.6464708932 41367.9828643799
33110701.0018079504 42417.1312866211
32697481.6422267891 42149.2676239014
32673257.6318675391 42033.4847106934
36044088.9055212587 43217.7734069824
35882140.0017146468 43002.2668762207
35486098.0962174162 42959.7174377441
