45694808.0851398483 70550.3291320801
45885213.6452121884 72422.1524047852
44221458.3951502070 47940.3869486358
46396504.4544260278 75987.3140869141
44265798.5996257067 48100.3382874001
44268173.8724424243 50251.8768694401
45769259.4000644237 71152.0955810547
44987880.7932163328 62713.6678619385
45889065.9561078101 72422.6141967773
46699556.0667134672 76442.8541259766
45031454.9054299146 63157.2249336243
44894212.0402051434 61547.9331550598
45716472.1122533530 70871.9434814453
46031199.2316696942 73427.6977539062
45507477.2278364450 68726.2967834473
45167276.1136666536 65134.2905120850
45432375.3758516163 67497.9646911621
45710623.4987041503 70870.5739746094
45937952.8353931755 72694.5919189453
46011877.3292805403 73319.5914001465
46180797.7471685708 74305.3183898926
45529874.2153931111 68889.6650695801
44629750.1129432470 58073.9450242519
45186320.1587402970 65406.5723114014
47080223.8948305771 76492.9736328125
45140698.2418663800 64645.9961090088
45941805.1462887824 72695.0537109375
44425436.1300550476 54602.7172994614
45690955.7742442340 70549.8673400879
44958607.3636054546 62579.8303070068
44349522.8272062242 54204.2864272594
44438189.4078243226 54878.2119007111
46593485.4949987084 76426.7207641602
45662772.5486230478 70438.4166564941
45862840.0860526785 72016.1980285645
46597337.8058943227 76427.1825561523
46082363.2608277351 73817.2799682617
45866692.3969483003 72016.6598205566
45144550.5527620018 64646.4579010010
45499096.3045172170 68641.5108337402
44998599.0841545463 62984.4626617432
44280866.6537793279 51977.4526767731
45006431.3474772274 63030.6344757080
44614558.3787652105 57801.7179734707
45338345.0993127599 66993.9700927734
44260393.8190667406 48096.5223380327
44454804.5741780326 55346.7410936356
45547022.6514637917 69066.5899047852
45125506.5076883435 64374.1761016846
45038320.8854725137 63427.5579414368
44737299.3079584539 59383.2203369141
44488606.9752411395 56021.3990638256
44962459.6745010614 62580.2920989990
44733446.9970628321 59382.7585449219
44951741.3835628480 62309.4972991943
45320975.7064159736 66454.5579833984
44943415.6294274032 62308.0102996826
45244692.8616081029 65526.7193908691
45323989.3755629584 66724.4291992188
44678362.0490905643 58755.4177169800
46069375.1917176843 73590.1136169434
44991733.1041119397 62714.1296539307
44979555.0390808880 62712.1808624268
44725121.2429274023 59381.1576538086
44706534.4977535605 59024.0708770752
44233878.9868371263 48079.8032673597
47942301.2161528394 76525.3453369141
44793392.9754898101 60031.2526566982
44954529.7515857369 62345.0366764069
48013168.9632912725 76525.8071289062
44368012.8738403544 54369.9562368393
45468965.6410819739 68150.3870086670
44488238.2676022500 55950.8213698864
45511329.5387320668 68726.7585754395
44642114.0006168485 58139.0070359707
44182879.1114907712 45084.4959629178
44969721.4857637733 62616.8566837311
45893048.3979520723 72442.9479370117
45327841.6864585727 66724.8909912109
46078510.9499321133 73816.8181762695
46631436.7694287747 76432.2734985352
44481372.2875596583 55680.1952102184
44804907.3903049827 60759.1513519287
45042173.1963681281 63428.0197334290
44525839.3818369508 56837.7056884766
44611854.3562112674 57010.8601036072
44994746.7732589245 62984.0008697510
46073227.5026132986 73590.5754089355
44659318.0040168986 58482.7288742065
44347893.6653796807 53936.7007491589
44875438.0157824159 61266.1456794739
46016277.4735772163 73339.1918640137
44638261.6897212267 58138.5452439785
44381892.2312576398 54385.2508039474
45023129.1512944847 63155.7379341125
46015729.6401761472 73320.0531921387
46046338.8844907209 73560.3479309082
44813233.1444404125 60760.6996917725
47387881.3645678237 76511.2104492188
47487096.7847602442 76513.0407104492
48293837.2557047009 76529.3739013672
44698208.7436181158 59022.4699859619
46008442.7208373100 73318.3963317871
45321952.0169595852 66536.8066558838
46530108.4586836845 76413.8798828125
44306050.4631687701 52213.2595100403
44487109.0538161993 55878.3169136047
44208087.9406583980 45864.3761970028
45459806.8661947697 68017.8569183350
45302907.9718859419 66264.5248565674
44820667.7455807328 60771.0676116943
44816815.4346851110 60770.6058197021
45308797.6413849220 66452.6091918945
44801623.7005070746 60498.4414520264
44850572.5035293996 60895.6175460815
47738561.6608117819 76520.5010986328
46050739.0287873894 73579.9483947754
46405068.2626098245 75991.7766113281
45278307.2494792640 65967.4729309082
44674509.7381949425 58754.9559249878
46108348.2567448169 74057.7905883789
46438993.5410283729 76228.9695434570
45463659.1770903915 68018.3187103271
44882303.9958250076 61536.4786872864
44629935.9355857819 58136.9443528652
45714475.8095997721 70871.0357666016
44666183.9840595052 58753.3550338745
44200794.1970842481 45220.5583918095
44555979.1812544540 56883.5328712463
45121274.1925316900 64000.8562028408
45117421.8816360682 64000.3944108486
45448034.1497997493 67685.9699096680
46679465.4284971133 76433.0328979492
46430966.0096362382 76228.0706176758
45872089.9220721945 72119.3587646484
45896900.7088476866 72443.4097290039
45088001.9809622243 63585.6516723633
44565807.8600508049 56996.7398414612
48120493.4195973799 76527.1336059570
46605346.9606107771 76431.9474487305
45240840.5507124960 65526.2575988770
45931702.1089228392 72691.1630249023
45523932.4169444889 68864.3570861816
45927509.9531622604 72683.7044677734
45366243.4401427135 67271.4937133789
45426418.8997112215 67479.4057312012
45444181.8389041424 67685.5081176758
47835972.8162883446 76523.1050415039
45159151.1221998706 64784.3178975582
45752487.7140173241 71139.8004760742
45421416.9148505479 67474.6164855957
45880463.6686132327 72198.4393310547
45353536.8334908038 67265.7901000977
46179496.2747832388 74243.3865356445
45109673.3769430518 63841.7106950283
46105645.0164214075 73971.1984252930
45695055.6410008520 70551.5843811035
45582626.3492463604 69567.4265136719
45596739.8350708485 69584.9946289062
45155298.8113042563 64783.8561055660
45827534.0163347125 71832.6810607910
45037242.6748650149 63200.1005954742
45403451.1181304306 67456.5865783691
45407303.4290260524 67457.0483703613
47839825.1271839589 76523.5668334961
45923657.6422666460 72683.2476806641
46121942.5416627154 74089.6388549805
45698907.9518964738 70552.0461730957
45123713.9947730601 64276.7047746181
45357389.1443864182 67266.2518920898
46166995.1897541732 74242.1824340820
46004591.9006477669 72917.2076416016
45100980.8746003807 63750.0193328857
45455477.3792847767 67799.1062011719
45945784.7651226819 72904.8408203125
45949637.0760182887 72905.3026123047
46272689.2578824162 75264.8422241211
45761342.0097736120 71145.0515136719
46261393.7175017744 75151.1910400391
46159751.1551373452 74236.5001831055
46163603.4660329670 74236.9619750977
45954639.0608789846 72910.0918579102
45869515.5154810101 72040.1358337402
45033390.3639694080 63199.6388034821
45958491.3717745915 72910.5536499023
45474075.3477953523 68187.5987243652
45657043.7365833148 70282.8196716309
46175643.9638876244 74242.9247436523
45856678.7778804451 72014.5511169434
46000739.5897521377 72916.7458496094
44419211.8476138338 54528.8114604950
45625338.7440557480 69616.1739196777
44898064.3511007652 61548.3949470520
44879020.3060271144 61275.7687873840
45140107.0771262199 64512.0360982418
45757489.6988780051 71144.5897216797
46483385.2290407047 76265.1903686523
45656796.1807222962 70281.5644226074
45680942.1551763564 70547.7585754395
45852826.4669848084 72014.0893249512
45907772.8607051298 72636.0761108398
45605594.1308271438 69590.2456665039
46239281.8276907578 75029.1713256836
44709582.0237015635 59056.1517620087
45558727.9306533039 69316.2299194336
45817018.0570940226 71492.4572448730
45824828.1816351414 71747.4333190918
45294220.8947648630 66144.7270202637
46228041.3312426880 74999.3384399414
45825210.4619247317 71748.7170104980
46283153.2665653825 75269.7283935547
46116940.5568020418 74084.8496093750
45813165.7461984009 71491.9954528809
45748635.4031217098 71139.3386840820
45055374.1649008691 63462.9075317383
45995737.6048914790 72911.9566040039
45492072.6066597849 68457.3303070068
44721760.0887326300 59058.2144451141
46291180.7979575172 75270.6273193359
44717907.7778370082 59057.7526531219
45611258.7149709314 69597.0800170898
44941444.4956766963 61790.8263854980
46378130.7025921941 75428.4972534180
44785489.5262696147 59537.4182920456
46113088.2459064201 74084.3878173828
45495243.9936215952 68641.0490417480
46090589.0556229353 73885.3967895508
46082754.3028830439 73864.6012573242
45554875.6197576821 69315.7681274414
46386139.8573086485 75433.2621459961
46075076.3414888754 73815.6231079102
45876611.3577176034 72197.9775390625
45630340.7289164215 69620.9631652832
44642662.8668622673 58205.5974578857
45084149.6700666100 63585.1898803711
45652943.8698266819 70281.1026306152
47664750.2527625486 76517.4381713867
45523398.1982617751 68838.1640625000
45488220.2957641706 68456.8685150146
46332870.8440486342 75418.7835693359
45724736.9845286533 70888.1420898438
46344882.2201824337 75423.9132080078
45821000.4989382997 71512.7910461426
45621486.4331601262 69615.7121276855
46374278.3916965723 75428.0354614258
44937592.1847810745 61790.3645935059
46262503.0130729377 75220.6782226562
46126577.8154533803 74133.5656127930
45991885.2939958498 72911.4948120117
45227109.3451775908 65510.0263366699
44929843.6800880581 61631.6808776855
45777473.3516992554 71336.1592407227
45451625.0683891624 67798.6444091797
45436433.3342111260 67526.8244018555
44658110.6993886232 58422.3419399261
45542110.1937954426 68915.0647888184
46224189.0203470737 74998.8766479492
46421554.3770910501 76060.8793334961
45921886.3465296179 72639.7684936523
45701113.5891487598 70566.8334655762
44654834.4711703956 58241.8996276855
45792224.1002505496 71336.8989868164
46388445.5964308828 75923.8514404297
44925901.6523497403 61562.3435535431
45382913.0407564342 67412.9222412109
44875217.5916371047 61134.2668857574
44490441.8577474505 56436.3723125458
46398338.0227879658 75988.2130126953
45051521.8540052474 63462.4457397461
47307442.3311590478 76503.3648071289
46504801.5207874477 76283.4073486328
45601741.8199315220 69589.7838745117
46414015.3180380389 76009.7637939453
46547649.5803816393 76425.6099243164
46309513.4944877177 75400.8029174805
46485093.8624004424 76267.0729980469
44866891.8375016600 61132.7185459137
45268226.2998980507 65707.6390075684
46282326.5022012293 75265.3762817383
46365019.9718872011 75426.9246215820
46464956.1106956825 76264.0615844727
45592887.5241752267 69584.5328369141
46233563.0388596058 74999.9305419922
47251037.1823843941 76500.8442993164
45652306.8052252829 69956.7014465332
46531461.5271113813 76420.3655395508
45343937.2013318986 67030.3332214355
45337071.2212892994 66760.0002136230
46210675.3944405392 74371.2191162109
46991473.0117496252 76477.4049072266
45260978.3024172634 65529.2690124512
46766071.0530195832 76444.9304199219
46789392.6695183814 76464.9332885742
47720332.9560986161 76519.6715698242
47548798.4768441170 76513.1008911133
46516579.6837816536 76388.3266601562
46962263.9068493769 76476.1072998047
47314785.4768336415 76509.4147338867
47572855.9273392782 76516.5781250000
47138303.6321441308 76496.9320068359
