9838633.2529731076 1366602.4707031250
9823024.7279641479 1346409.7617187500
9827524.6229812987 1347239.5917968750
9842190.3698137142 1367362.1816406250
9845471.4681255221 1367519.3535156250
9840766.3322975915 1367010.2695312500
9822614.8064314686 1346308.4531250000
9832687.4624298122 1358377.4121093750
9821924.4453072399 1343249.8652343750
9833070.8561393451 1358405.1855468750
9833590.3896194305 1358746.6679687500
9821182.2783522680 1339755.0195312500
9859187.3970093839 1375069.9960937500
9826880.6807356402 1346938.5175781250
9823257.1424066778 1346420.8632812500
9824510.3188019767 1346903.3496093750
9827835.9355224930 1354729.0625000000
9830157.9459910896 1357979.5937500000
9827587.1388589591 1353064.2773437500
9837437.7983114757 1358898.9140625000
9837736.8562645763 1359057.3320312500
9826506.0997124203 1346914.3867187500
9831215.7149217948 1358212.9824218750
9821870.0158295743 1342986.4912109375
9824087.4775570203 1346692.8476562500
9821633.7209843248 1341299.6914062500
9823498.3616624791 1346467.8144531250
9829916.8934793640 1357932.6425781250
9827288.0922296904 1347117.0546875000
9822422.3899686635 1346218.5605468750
9828353.6167770214 1357730.3398437500
9820634.7105128169 1338516.8964843750
9838775.6644982081 1366798.1171875000
9822199.2214245368 1343552.1835937500
9839426.4316474944 1366987.3769531250
9837918.3140988313 1366484.8613281250
9837525.4874391742 1359015.1855468750
9829205.1027703974 1357815.0332031250
9832662.3653629795 1358330.8769531250
9832558.6929434817 1358244.3906250000
9831994.5962079875 1358213.2675781250
9835688.0071885791 1358746.9062500000
