29949540.7836472318 1640947.5742187500
29720117.0637609176 1595278.4140625000
29821118.0435565971 1618399.2246093750
30211879.3105916828 1670928.2929687500
29666389.3619081154 1574568.6689453125
30018513.1121437661 1652788.3515625000
29819100.1274751760 1616822.2685546875
29946158.8560473844 1640908.6542968750
29705857.7101665027 1588852.3613281250
29878513.6703407504 1628337.3955078125
30777690.4872432239 1703327.6914062500
29772735.5734191388 1609243.9208984375
30635260.9648991339 1697090.4296875000
30155345.9534367435 1666161.7617187500
29766089.1466707066 1609007.9287109375
30136558.3280405290 1665159.0761718750
29687041.3010872938 1585609.7382812500
30397386.3557329662 1686524.4472656250
30962908.4556607008 1709381.7871093750
30745866.0034890957 1702074.0312500000
29757920.8841648512 1607982.6953125000
29862237.3287592120 1625818.1650390625
30644262.7309273258 1699529.6406250000
30096655.8409622163 1658936.0078125000
30106507.6620114706 1659948.9804687500
30264397.9489976317 1674595.2421875000
31163616.5482350029 1717181.9863281250
30500069.1816636026 1692578.5429687500
29963691.4293720461 1643819.0722656250
30208349.7272891626 1669464.4472656250
29801902.6519076712 1614327.0361328125
29734792.6667701192 1597207.0380859375
30313545.4561523311 1679583.3632812500
30494614.4644202404 1690867.3613281250
30607325.0955458246 1695652.8359375000
29881643.6323377676 1630004.9355468750
30121229.1335743964 1662079.6855468750
30965790.6912203729 1709602.9179687500
29835342.1881790534 1620081.9775390625
30714411.3808389343 1701804.1054687500
29885793.5381775647 1632722.7480468750
30263865.2826402038 1673920.4628906250
29736789.2678415477 1597305.6562500000
30961210.4657411128 1709238.8085937500
30366233.7828765847 1684085.2363281250
29926164.0465850011 1639279.4628906250
30468916.6088072211 1690139.3320312500
30711042.0502533577 1701323.6445312500
30899629.3492564075 1707858.2011718750
30269014.3298058510 1677985.2832031250
30983304.9373039678 1710242.9023437500
29881504.0806916282 1629983.9970703125
30461730.1643667035 1689970.3593750000
30555810.4194146618 1694372.5468750000
30616961.7952053994 1696921.4570312500
30794040.9041340277 1703682.2500000000
30359047.3384360671 1683916.2636718750
29887977.6724718027 1634138.6250000000
30659396.4917860292 1700426.6425781250
31156024.7285655290 1716180.7753906250
29757549.4501952603 1602103.0400390625
30816828.9993475303 1707377.7402343750
29751048.6214359589 1601842.2617187500
30347213.2011867240 1682018.5976562500
29738630.6658693179 1600530.4287109375
31002046.9677650034 1713431.8359375000
29799797.3287159689 1613278.0478515625
29795838.7594306618 1610423.2031250000
29881226.8530568853 1629870.6875000000
30979258.8725515008 1710126.6796875000
31155016.0624720789 1715611.1972656250
29919076.0187721141 1638338.0019531250
30045175.7231219374 1654275.3554687500
30922905.3886184208 1708509.9199218750
29722301.1980551481 1596484.8261718750
29988239.6838231348 1646104.1855468750
30536201.4412736706 1693475.5449218750
29804976.1089652367 1615742.9130859375
29697689.4476606511 1588724.6083984375
29817794.2302766852 1616500.2304687500
30590634.3726503998 1695122.9335937500
31199699.6624130793 1719485.9316406250
30082608.1095562838 1658285.3398437500
31123074.7043292522 1714564.0156250000
29823302.1778508238 1619815.1015625000
29923225.9246119112 1638508.8203125000
29832834.2095827125 1619939.8847656250
30311221.0087847412 1678954.4414062500
30199677.2184190601 1669395.1601562500
29797909.8017447069 1611748.9111328125
30057971.0575044267 1655357.1875000000
30209673.2702012621 1670051.0429687500
29845039.8531917110 1623322.9326171875
30056890.8228114545 1655241.1054687500
31092010.2772407494 1713912.2968750000
30195584.5245090164 1668857.3066406250
29857860.4892315567 1623895.7812500000
29991507.4597534910 1646609.7246093750
30989082.8152343221 1711905.9121093750
29900798.3085116483 1635728.1875000000
30005437.1593906432 1648553.4199218750
30177422.4012201540 1668426.0019531250
29882472.2396260574 1631655.9990234375
30248012.2874981649 1672715.0976562500
29983011.2882830314 1644754.5703125000
31155289.3836450428 1715757.0488281250
30009228.5823688358 1648832.7988281250
29841865.1676370278 1620237.7714843750
30016328.9778495282 1650914.1367187500
30072070.0311624594 1655804.1484375000
30306825.4919586703 1678882.2851562500
29714018.9154748134 1591571.0234375000
30312383.7570648231 1679313.5898437500
30066812.1699656993 1655599.7949218750
30226058.9317007326 1671931.1875000000
29875405.9324055277 1627661.9970703125
29997270.6418774426 1648177.4960937500
30041694.7159228884 1652841.4882812500
29962022.3897373341 1641718.6445312500
30054300.2047123425 1655059.3007812500
30119722.0436392836 1660660.7343750000
30113507.5503688231 1660633.7734375000
29985978.8872485608 1645000.2080078125
29863365.9220772982 1627395.1210937500
29959637.4423204586 1641226.3984375000
30123940.3218596280 1662261.4902343750
30267679.4533386156 1675256.6699218750
30552449.3694272675 1693889.3007812500
30075168.5330719240 1657969.7187500000
29880288.1053318195 1629781.7841796875
30172376.2826971337 1667529.0000000000
29936585.4010802209 1639623.0605468750
30809182.6191578023 1705851.8164062500
30014468.1174449436 1648851.3066406250
30132927.4211610593 1662549.0429687500
30015016.7838033140 1649722.8359375000
30165119.7596338987 1666900.0781250000
30433518.6153430343 1686938.2031250000
30582170.0243044645 1694607.7246093750
30352088.8587681502 1682459.6269531250
30344425.3023788258 1680938.6308593750
30324296.1808959842 1680649.3378906250
30392911.1384506784 1684974.6777343750
