275535028.6030826569 247187.5784366173
275743743.6196556687 252869.3645186708
275915789.9992363453 256688.3787936589
275858886.0964483619 255394.6422910115
275729980.3464853764 252666.9924106023
275721576.5649683475 251335.3879800593
276057506.1356047392 262199.2276710980
276103613.1300567389 263504.0893938805
291342138.2205696106 414175.3987407684
275505677.6886318922 245994.0612247032
275655783.2307074070 251304.6901376289
275488584.1103000045 245159.3878292483
275529587.1840550900 246010.1950137657
275962926.8871212006 257090.3720187566
275777117.2343702316 253068.9856356999
276003735.4004322290 258161.9121636115
276181313.8950621486 269536.1113754325
282319289.1400424242 374337.7034085798
278585994.3905200362 330221.6103312075
291845132.3409731388 417370.5378093719
305453639.5535562038 486049.9895629883
284437612.3452167511 377169.4866824001
291543112.6945571899 415288.3584880829
327228507.5083401799 570343.6705322266
275836847.0876244307 255206.0396203420
281393247.3604608774 364180.7861980706
280809218.3003007174 360431.1142753868
285322821.0628433228 385799.0056800894
275982112.2174697518 258053.2600681148
276489658.2377634048 281648.5954932034
277053417.1053622365 295397.0778731266
276978557.9648820162 294294.2913130680
278663451.3972116709 330429.2739728987
291878802.0930583477 417725.5870647430
276371127.1554590464 278715.8223587943
276046113.1550703049 259111.1002485956
276295170.2071508169 278040.8341626490
276599100.9707376361 284861.0845465126
276698557.1898238659 286669.6244685808
278284513.5942254663 323700.2635401487
275916038.2995603681 256917.5343551094
276540720.7989216447 282681.2925531336
276685468.4237861633 286569.5226556726
292933334.6257495284 431117.4527301788
281942716.0757642984 364685.9467134824
279380971.7900992632 341135.9360135640
276295170.2071508169 278040.8341626491
276454353.3458732367 281047.3217291298
276652390.2515019774 285560.5428425579
276419962.9843715429 280839.3198377761
276835208.3334505558 290300.0802534977
278206821.9684614539 322298.2571619749
275813889.5481980443 253097.1438607445
276028128.7661964297 259087.3395387734
276212068.5506749749 273647.8450173641
276577799.3752737641 284827.6517532234
282270728.3864148855 371981.8557673385
278975855.1282924414 334423.9762087762
282056549.9821661711 370074.9711237838
276057965.7112327218 262770.0762509013
285183126.6463342309 385756.5386664604
276137334.4241737723 266116.7651229911
276119350.0352997184 266093.0044131689
278616928.3478290439 330390.8488385679
284515813.4310505986 377520.8976287894
278374297.9304194450 326099.2992960513
276701818.6268683076 288794.1532398387
276564710.6092359424 284727.5499403152
276507642.6266373992 281672.3127400188
277397971.2288420200 301302.3702558031
275820129.8774768710 254024.5283284989
276466793.3811007738 281307.8692152175
277569752.2971360683 303366.9001484265
327483330.6256801486 572500.9664306641
285218592.6457036138 385793.2369232230
281975172.2983465195 366413.1752412836
276619009.7899020314 285448.4710228118
291994510.5473695993 419544.2799358368
323132281.3890532255 558469.9929199219
322954004.6189386845 556924.0090332031
277422455.6355658174 301463.4020405164
282142648.2603044510 370085.2910741377
277321644.0228254795 299403.6645864014
291692860.7336441278 416225.9887371063
291839894.7052537203 416347.7268657684
282053903.4588949084 368087.9306743662
276777808.6837356687 289195.9219377470
291739821.2729322910 416309.2161540985
284999173.5501213670 385271.6059646658
278916821.3259765506 333438.2538819611
276672839.0788843036 285566.6549466158
278573667.0610178113 328030.2382169962
278495975.4352536201 326628.2318388224
292065435.5395303965 422233.0821552277
276810588.9714928865 290233.7484939460
323681260.7436714172 561593.4808959961
323877085.8616459966 563421.9862670898
286244992.1895841360 393714.4618750811
276947240.1151196361 293864.2042788629
278539873.8246411681 327178.0460783243
277045137.8765766621 295221.0734440450
276859198.1437649131 292346.3376406793
277458051.2826403975 301782.9009609137
291941857.9669599533 418799.0962543488
322355817.4905750155 555552.6981964111
284683289.3930085897 381800.0265922598
285394006.8926354051 387174.0722939968
322816681.0833377242 555721.4550819397
293578243.5587912202 439489.9749197960
292942180.5756183863 431332.2692012787
277063575.5550280213 299037.8302963142
323757693.2893034220 563306.0075073242
292872912.7568917871 430897.8810911179
282153013.3411435485 370221.2590892832
277637527.8131514788 305868.4308666487
327171980.3078452945 569878.8978271484
293437979.4189506173 436203.9530391693
282220181.7979465723 371276.8434575605
277740433.8876568675 308364.6495871523
281268308.4883467555 362063.8545823027
279552989.3060113788 343045.0863912886
277649287.8513556123 307150.6212387139
279184532.3755552769 334850.7679491736
281189677.1034102440 361798.2569636589
277760649.5678433180 308391.0189315917
280564356.7195773125 354465.2854243974
277683081.0877321362 308002.8133773857
277777590.0571573973 311655.8274290888
280682543.8533986807 358145.2137311551
279970956.7118129730 347348.9199342750
285815213.0427344441 392474.2641808987
292516794.4572599530 429636.3942890167
280211992.0878392458 349875.3318432447
285425483.3917780519 388871.2563683987
283036628.7788211107 376902.3902388136
313347661.9277888536 519035.5635686032
312996989.4856016040 516067.5581708066
322178917.0821890235 553235.9802246094
282595471.5531942248 375523.5357183027
277523829.5634738207 303126.0477850763
280589734.3134980798 355970.0370434400
277601398.0435850024 303514.2533392822
282506299.1793882251 374364.0079906504
281968825.2590830326 365326.4290760080
279221340.7436447144 337582.6132773980
280335569.6604099274 353050.5656450864
280502049.8636557460 353826.3813427564
278895747.5172046423 330460.0187646672
278103705.6008150578 315202.4361022115
280211069.6919316053 349163.6031676259
279802139.2363568544 345472.6934126493
279893335.2895207405 345785.1401823636
316137658.2776702642 521305.9822387695
303299041.5857806206 469171.6495273709
316489938.8395565152 523534.5845336914
312270286.4498755932 508454.7375707626
282785495.9777843952 376901.0375409643
327073893.2186657190 567527.6970825195
294410280.8252950907 443403.9239559174
278016585.4726584554 314351.9622997642
279451855.4446375370 341779.9183472272
326856330.6013487577 566379.2248535156
326745496.0932682753 565499.4724731445
312196170.3351681232 497305.7916219458
326604024.3750064373 564523.1019897461
286533684.6645300388 396440.1341187954
286059005.4964512587 392707.3562581539
293269634.6738560796 435213.6503658295
306784823.1014907956 486388.3550868630
306960543.4325147271 489345.0688930154
284874967.9173783064 382832.8060123920
292451086.2041428089 422446.5418758392
292507344.4159653187 425399.1985797882
287656579.1358948350 402809.9316238612
321799300.0204691291 550326.4448471069
300872873.0944101810 457896.5466964245
300603811.1556616426 453716.1234595776
325927274.7441998720 564305.2869262695
300585901.6106289625 451785.4628486633
325879857.3975878954 564060.8466186523
321111752.5571995974 547023.0111312866
287630687.4534499049 401001.9416984767
287434291.0299026966 400997.0190262049
319638496.0401666760 543483.3450927734
321768539.1148121953 549001.2576599121
320618553.3381718397 544611.3436508179
320646154.5226622224 544669.4887924194
319316711.4262034893 535986.4417114258
318815269.5391550064 528560.6037340164
294425253.3574144840 446969.5368690491
319016934.9499183297 532010.7598266602
303719203.1508184671 471782.7694835663
318870510.4383783937 531251.6812133789
294123536.4646372199 440356.8209819794
293351571.6303436160 435505.8838681728
294753408.9329732656 448472.8640422821
293453282.1451299191 436874.2122290134
289935151.0264040828 407202.7806629092
289680652.3500925899 406724.6123279482
294068157.2230940461 440342.9736080170
293168918.4967699051 431808.0818967372
293470255.0093176961 437324.3398541957
294001754.3479245901 439934.0293073207
290200038.0203639865 408219.4992341548
290176742.6551590562 408164.3674220592
289875977.1179044247 406929.1589259654
290425768.2061445117 413799.5893144161
