84840920.5156756788 226984.4153814018
84596635.9358281940 188387.6149269938
84554547.0060334206 174577.7683691722
85494224.1476911604 295355.8533092625
85635313.6041854471 308715.4312467687
84513856.3171146959 154547.0416904893
85358565.2800664306 282692.9561611302
84555296.5716644526 175414.5505807400
85526527.1674569249 296668.8568680286
84613113.3857094646 193243.1720862389
85321588.8161173463 279674.5672956351
85226199.1167294383 269338.8719241321
85194623.9135414213 267421.8640308380
85769125.5263046026 318333.8142118566
85556198.3636904061 301809.8696336858
85380467.4432075173 285129.4395538457
84507930.5821538568 154055.1793518998
84503142.2872134745 153917.7843481638
87726153.1518875211 371265.1030197144
84501442.8616298884 146637.6826109905
85120289.4729089290 259643.5385710895
86180491.2349306941 343127.0491485596
86738911.0353073478 354410.2012100220
84735900.8672736883 212839.1824697256
85173468.0830371380 265310.0346212387
85587187.9694023728 304134.6865396611
85125077.7678493112 259766.6610991657
85380467.4432075024 285066.0917087682
84650048.0687004775 197105.2954652905
84500305.4216094166 146316.7615483738
84501442.8616298586 146598.7510313597
84949279.1265512109 240662.4869575500
85841080.6030993164 321584.6827945709
84682069.0007254183 204107.4716912508
84949279.1265512109 240729.1360816956
84961345.9610414803 241462.9265847206
84501442.8616298884 146708.7655653562
85230117.3625667989 269842.9618289173
86078587.4484672993 336767.4580211639
85376482.6073138267 284731.4711948521
86012568.7918751240 333477.6764812469
84509068.0221743137 154409.6466867533
84709210.4091922194 210164.3026808500
84495517.1266690344 146179.3665446378
84515551.2237767726 160616.6626734342
84522995.6839142293 161952.8739723619
85906294.6042369157 327032.6728363037
86277851.2001536340 343354.3816680908
85666303.2098974138 311203.2437467687
85349055.7832060754 282198.7414556630
85738217.0076928288 315814.0612821691
84988036.4191229492 244027.1123604774
86825457.7282909751 357009.5445861816
86263951.3527537882 343135.4417552948
85704569.9486826956 311802.1699390411
85398384.7704549283 287172.6742282994
85661596.0020572394 311021.5557890050
85630525.3092450798 308662.2061796300
85855517.8998729736 323559.0525054932
84784901.4703512341 220558.2076333761
85169549.8371997476 264783.6676321030
85756083.3337248862 316258.9986724854
85417525.3467271924 288009.9789482243
84515551.2237767577 160544.1848215666
84515551.2237767875 160654.1993555631
84919011.7633389086 236438.8178353310
86277851.2001536340 343594.8850860596
86058800.3498153090 335624.3947429657
85707746.4728972167 312927.7706327550
85499890.5568289012 296452.4203621037
84898238.3880709112 235008.4706001282
84549758.7110930085 174499.2304694694
85395268.6110835969 286494.8355064392
84767833.4812446982 218000.3689898252
84682069.0007254183 204268.3960229158
85833888.8462876081 320685.2953433990
85417525.3467271924 287979.8593193181
84898238.3880709112 234996.4222545624
85530194.0922613144 297327.6498367786
85769125.5263046026 318002.8049345128
85587187.9694023728 304047.6196336858
85661596.0020572096 310884.9897070043
84627833.9268555641 194982.7273982763
84495517.1266690344 146106.7279337980
86277851.2001536340 343407.5110626221
85342722.5765427351 281824.4482151158
85710991.4182257056 315015.4634894226
85169549.8371997476 264667.2563009262
84495517.1266690493 146200.5199855436
84903026.6830112934 235056.5396003723
84556759.5672331005 175971.0878951419
85368569.7341332138 282745.1513818502
84654783.7223008275 200997.7456002235
84789689.7652916163 220627.9554609060
85274728.8376514316 275092.3984266408
84623045.6319151819 194859.6048702002
84648626.3102336079 196444.5789760351
85379022.0997321010 284964.9779506810
87654286.4513437152 370035.8641281128
84556759.5672331005 176030.3704402316
84654783.7223008275 200928.6844296455
84681474.1803823113 203569.6486072540
84686857.2956658006 204323.3011285067
84669504.2634469122 202738.0077489614
85259445.7392321527 273966.8316211700
85788912.6249565929 319200.1611051671
85810585.9215959460 319378.1874723546
85342286.7739636749 281388.1398735046
85661514.9149570167 310830.0587186925
86078587.4484672993 336721.1029758453
86916210.3494426608 359278.3155517578
84696513.9798577726 204746.5119314680
86078587.4484672844 336668.7680034637
86078587.4484672993 336763.1854839325
85400924.2628732026 287375.8611599095
85788912.6249565780 319047.1781950109
85587187.9694023728 303998.6132860295
85835144.1828967780 321346.8793668859
86334600.7496729642 345105.6278991699
85568215.0301391184 302965.7126627080
86335788.4537717700 345197.8469085693
86297638.2988056391 344438.0894012451
86078587.4484672993 336762.0980815887
86348630.0626177043 347681.0555877686
84556759.5672331005 175971.2499968875
84964278.9129986912 241930.5239830017
84577553.9801384658 182247.1560227275
85952445.0750769228 329269.8969573975
84945360.8807138354 240117.4157199860
85835144.1828967780 321524.9057340734
84945360.8807138503 240158.8336925507
86290255.1219273955 344212.8520965576
84945360.8807138354 240116.3559036255
86173968.2121472806 339536.3258876801
84856784.9525146037 228556.4321460724
84537077.8924997598 167898.7770350357
84583085.7230121642 182485.5444730520
84686857.2956658006 204391.5185509920
84945360.8807138503 240194.6695213318
84532289.5975593925 167821.3658531685
85835144.1828967780 321193.8964567296
86444261.0448967218 351906.7286682129
86297638.2988056391 344639.2583465576
86297638.2988056391 344438.6221160889
84824835.1184436828 225697.2669690847
84529358.2074937671 167770.8774261083
84532289.5975593925 167807.6199761168
86395045.3019914478 348969.3217468262
86297638.2988056242 344398.7549285889
85555715.5712500066 298973.1068435796
85550142.6900319904 298096.4433784485
84713998.7041325718 210274.8934286833
86093781.2196719646 336788.5913677216
85499809.4697287232 296143.8569656499
86695536.8328703344 353531.6698913574
84577553.9801384658 182188.0355793834
86660159.7982657850 353235.4034423828
84870228.5204383731 228745.7172712088
84849909.1947853565 228351.2250512838
84709210.4091922194 210242.8182085752
84660166.8375843167 201751.3981214762
84565764.8290580213 180605.0498564416
84539290.4536994845 169365.1604297962
84577553.9801384956 182258.0170323253
84549758.7110930085 174440.1100261253
84909580.0959354490 235807.9435365200
84572765.6851980835 182109.7610189915
84914223.4683985412 236270.4973092079
84919011.7633389533 236502.1743988991
84571147.9443414807 181251.0035289698
84565764.8290579915 180497.3510077172
84520115.3060927242 160727.2635582467
84555296.5716644675 175452.1591298580
84548295.7155243754 173792.6307943040
84809943.3306936622 221339.6471360922
84766477.4713321924 217882.4229582548
84747358.0742091686 212940.0070203543
84845120.8998449743 228327.8207429647
84809943.3306936622 221391.3712075949
84539290.4536994696 169292.5218189564
84829623.4133840650 225820.3894971609
86423973.7639086246 350047.2626342773
84805155.0357532799 221216.2791246176
84871403.8600144982 229568.0108454227
84845120.8998449743 228228.1025232077
88186796.9384892285 376418.8189697266
84539290.4536994845 169402.6971119251
84914145.5556290150 235861.8794244528
84967263.0438549519 242635.8725547791
84520115.3060927242 160656.1806038809
84520115.3060927242 160677.0720871468
84945360.8807138354 240087.8825416565
84532289.5975593925 167800.4743699026
84532289.5975593925 167820.7912529488
84805155.0357532799 221339.0919812918
85950088.0133605152 328086.8301677704
85833223.4102768749 320594.4605865479
85952445.0750769228 328938.8876800537
87408900.1869656593 366695.4316329956
84654783.7223008275 200905.0386910439
84654783.7223008275 200953.3742012978
88117831.9986615628 376074.4322509766
86399753.2198373377 349197.6838073730
95143658.6784429997 396550.3640136719
84887677.9327943623 233366.7143762112
84766215.7403880954 217050.5024396181
84760832.6251046062 216412.1695442200
84824835.1184436828 225607.9383138418
98644537.1545462906 400658.0666503906
84935863.0561049879 237093.8482044935
84765620.9200449884 216535.2920722961
87637652.5335652828 368701.4764328003
85274728.8376514316 275121.4914156087
85434162.0380952358 289710.5612369664
85434162.0380952358 289745.7315593846
85425482.5241740495 289414.7868848685
98129450.8015185595 400561.7375488281
85274728.8376514316 275054.4748140462
89798994.6643643081 382182.4245605469
89678018.1968046427 381650.4514160156
86179061.4329053611 340140.8310947418
85400924.2628732026 287254.8353611119
85368569.7341332138 282783.3319289684
85425482.5241740495 289474.3137165196
85425482.5241740495 289361.4178806432
85274728.8376514316 275085.8875871785
85317647.4255626202 279361.7739830017
87755609.2352755070 373338.5810470581
87800264.9584210813 376067.2672119141
98468620.2496583462 400564.2526855469
84596635.9358281940 188400.8093716502
98476030.7484822571 400626.4836425781
97837197.5739416778 400443.9558105469
84700899.4426774234 205153.8566364050
86983976.6222382486 359559.8960800171
97634259.2693855315 400417.1608886719
84978893.9393058419 243595.2136876583
86852011.3051513731 358753.3717041016
86852011.3051513582 358700.6373291016
84700899.4426774234 205296.5599921942
86637477.1814239025 351939.5315856934
85093059.0331700593 255456.8024864197
94213398.5375152677 396534.9509277344
85270874.9682259560 274004.8220787048
86874394.6909334660 358928.8594970703
87545055.8283287883 368488.8947677612
87332393.1759717315 366646.9223556519
85096130.5438707620 256376.5010869205
87545055.8283287883 368424.7449874878
87754448.7201081514 372049.6269454956
84589635.0796881020 186845.0232881480
84616044.7757751048 193306.3153022700
84589635.0796881020 186847.5198037201
84595018.1949715912 187599.5097937756
87567439.2141108811 368652.9671554565
84595018.1949715912 187528.6953352266
84595018.1949715912 187601.1723249727
87562122.7105368078 368621.1992111206
87501084.9807265997 368332.0816574097
85191452.0003408492 267179.2838258743
85166441.0819527954 263051.9102573395
85179821.1048899591 266229.2024600208
85033303.5687827021 249575.0617866516
85252803.5297929645 272875.4977865219
85248252.0968250930 272096.6535737216
85036809.1895470470 250317.7272357941
85191452.0003408492 267176.6332387924
96814666.9756418020 400397.7468261719
96997561.3957552463 400414.3747558594
91035496.0327156335 386643.7838134766
85022230.2133019120 248296.1240272522
85005742.6184379756 244826.6032254398
85063793.2727079988 252342.3854157627
87009991.7322446555 360921.6893424988
96161299.7217057198 399705.1726074219
92380739.2117006779 391354.9382324219
95968861.2942230254 399553.6647949219
96225598.7232066542 400186.0886230469
85063793.2727079988 252410.5592591465
85063793.2727079988 252413.0397126377
85063793.2727079988 252342.5252015293
84972051.3387953192 242766.0195198059
85145635.2603696585 260237.7822816074
85082022.2224059552 253277.3302745819
84972051.3387953043 242720.3819465637
85160542.0332484543 261998.0660035312
96212187.2234733254 399785.9807128906
84967263.0438549221 242597.2594184875
92793336.3084592074 393504.0871582031
95539127.1058173627 399369.1711425781
95584558.7822575718 399373.3215332031
95283754.1154958010 397058.3781738281
93078792.5837179422 394850.3020019531
95304967.2915773541 398119.2023925781
95808581.3212434053 399495.2033691406
87251331.8028396219 364015.1575851440
87066905.7240488380 361560.6549148560
87137789.9705520570 363867.8919601440
87256922.6782963276 364185.5477218628
90808702.3368894309 382195.4572753906
