133885736.6405781507 309169.2633362859
134242080.2930769920 334013.8765687495
133460737.9630686939 272214.2762541026
133590805.4895119369 286584.2181345318
133750322.0415672958 298860.4226373285
133691895.5925010741 294991.9830182642
135251789.4890417457 384339.1649527401
137476398.1279779971 453344.7152324915
133606261.8855591863 287234.4322370142
133587633.9119619429 285871.7393606156
134671809.6867506504 356741.2727349550
133621026.7897384316 287594.3828199357
141863360.2219845057 535912.2236175537
134422967.4813204706 341785.6149779409
138157688.7721887529 469693.1566699743
133786170.9839480966 302122.1612238139
141568253.8835122585 535026.9040679932
141945101.1941760778 539394.1665191650
133575241.0599783957 284612.0828206986
133694218.4198167324 295112.1223929971
133981058.8256528974 318557.5320912451
139463353.7528908551 491925.7665801346
141006761.2162676156 515811.4174652100
152865845.4394222796 617324.1381835938
133428077.8694624454 271928.4815644473
133680346.2103053033 294364.6104425639
133344050.4352962226 262847.7315644473
134302859.1471160948 335374.9483406395
133236224.2055185884 247153.0776107162
133365213.7043476850 264170.9307831973
134811460.8985837996 363245.0413577408
134651764.8139104545 355487.4905764908
133442437.0837155879 271959.3478364199
133477775.6687469482 275807.0426214188
152711803.1486865878 616030.8669433594
152504927.9524746537 614760.3598632812
134234661.7855920494 334003.4464635402
133232377.4891868234 247137.9964186195
133738772.6593715101 298233.0500616282
134402058.8016343713 341291.4750513881
134293401.3629437685 335249.2419192642
134746727.6192076504 358345.0931048244
152944045.7043110430 620702.4160156250
134231148.4596845806 333359.1090611964
135951876.3923803568 406439.4791486524
134131551.5301143527 326435.2222472280
133472544.8621768057 272733.8206594437
134261814.2351676822 334231.7234030945
138278041.7019776702 474619.1939835548
134297573.5840887129 335259.6720244735
138300001.3926090002 477317.5013566017
133504317.8348130137 279437.3877981156
136813864.6530364752 435663.2810932398
141530469.6075948477 530057.8857574463
135003752.9079059064 372806.6583609432
141517582.9227181971 529223.4892730713
133653804.0442392528 290734.2652658671
135564203.1401142180 397914.4166853726
134466433.1140179932 346090.6924468130
138976617.9213147461 483213.4896169514
134372164.3068903089 340476.8439969961
134360406.4058799148 340049.7927770168
134730457.6041082740 357043.4475538582
137634938.5800493956 457317.9126682281
138328028.8423566818 477379.4321417212
133242786.8592284322 247549.9452090506
137755804.4794400334 461086.2345538139
137463698.2174122334 453200.4918514490
133414237.2204364836 270866.5354800466
133662955.6417907774 291678.5591243953
143634610.2899797857 542427.1443023682
144019970.4493497610 548495.2269439697
133183825.9538489431 230189.2753022555
133406914.6004109979 270605.2823456973
134226870.8738867939 332764.4878344089
137999679.5479674041 464181.7025284767
139676973.1652749777 498929.2387400866
137386743.4438216388 449668.5072771488
137249542.0840739608 445428.0313526392
143957616.5957123935 545914.7140197754
138065131.2662001252 469559.9505753517
133785098.6852960438 301426.3345807642
133881814.1191413105 308432.9434038252
134581062.1037085950 352992.3063864261
139168339.2034165561 484462.5766387284
139162227.8768309057 483575.1290068924
139540727.8813822269 494427.2680449784
135497161.4638134539 389877.3750545382
133298840.9731586128 255683.4748505801
133195893.8364030868 237914.1182320956
133383475.0681509376 268232.7725625280
134808594.9958186150 363050.1869768947
134911336.1464391649 366102.6438860744
139556207.9650320411 498759.1732344925
133354136.2178973854 262860.3670844287
135428081.5413577259 389686.1713003963
133764999.6629634649 300678.8226303309
134777526.2121009231 362442.9485655874
142138397.8376314342 542174.2241363525
134160847.9312971085 328237.1931676418
134317734.2950846851 338308.5239324123
135249689.4668456316 382352.9400148243
133763389.7579946220 299413.3000358790
133286850.3032178730 254870.1733137611
134201047.0961953700 328680.8958312124
133217359.9866083264 246311.8878407124
141950723.2490278780 541376.2368774414
135128791.5139532089 380564.2091421932
133562744.2838792354 283305.8274171799
134853500.5724790990 364631.0379538387
141135038.0052160919 521888.8506469727
133550338.8428536654 279880.6509958599
133332059.7653554529 262034.4300276283
133769882.5083644837 300798.9620050639
134085843.7030597627 324615.1777085811
134107657.7567085922 324805.6177624017
134117041.6870296597 326256.3257874995
141938823.6208258867 536777.5051422119
136499760.8940318525 428923.3805448209
133870215.7771935016 307551.8668519109
133213493.6946920156 246188.5926251058
133261651.0781386197 248611.8912934512
137197595.6729222536 441380.3726841211
141407676.0058978200 528720.0212554932
139240782.5753978491 485713.3686309159
135145959.4582338929 380952.2143912166
136774812.5857226551 434237.9707866907
133916934.6245480776 310810.4114152044
135068808.4702188969 374517.8628287166
133882223.3146706522 308501.1650696844
135072321.7961263955 375185.9610953182
137349745.3577174246 446522.1675768793
139306234.2936306894 491091.6166777909
134978539.1785264313 372388.5887350887
133388050.3815007806 269543.3362612966
136321563.5991704166 426483.8965827227
133384960.0215440094 268283.6797213797
133396814.9930855036 269791.9808088783
133651765.6821440756 290614.1258911341
134182661.9849458933 328427.6332214624
133866703.0347509682 307243.7436727732
135321141.7099784911 386718.4676871151
133249660.4081978649 247798.5897566322
133325186.2163860202 261785.7854800466
133279976.7542484105 254621.5287661795
135212092.6864114702 381540.6152701229
136210008.7700570524 415927.7961188555
134637416.1169624031 354685.3977843374
133322095.8564292490 260526.1289401297
133493240.3483627141 278126.8240993470
135068177.8710866868 374193.5109972805
136585706.5314833522 431095.6651054621
133189414.1883604825 237081.2946871165
135999722.6876479685 413583.8494635820
134431331.4179708064 341796.0450831503
134872468.0947452486 365203.2219347805
136851648.8486179709 436613.7962166071
133501227.4748562574 278177.7312581986
133839714.5876132697 305870.4614681453
133877564.5375559181 307964.9545129985
134283224.8871406317 334457.5792323202
135575630.2440969646 398742.9328196347
138850606.7258189917 478144.8480612338
133947707.6884919852 313558.8250591904
133843830.2869148403 305990.6008428782
134057737.6758193672 320668.9689513296
137245931.1446001530 445009.6482224464
134344140.3967224658 338559.3421983570
134762483.3498099446 359069.1716418117
136760437.2578707039 433483.7684875727
134958847.3312453628 371225.8073839992
137245646.6793797314 445008.9464222193
137534060.9907722473 453696.1458404064
136189700.2196479142 415679.5969616175
133295750.6132018566 255102.8163031787
133979220.1216745377 316378.8552256674
133270546.8870073259 253043.9805636648
133493151.9039115608 277103.1765870303
135555406.8494098186 396561.7617233396
136430267.3920966387 428475.1940680742
134003891.9220981598 318677.6714659780
136770517.0656114519 434013.2814289331
135703725.0851645172 398998.5511375964
133827539.1492015421 302852.8187845200
135819912.1834702790 405470.0429707766
138193855.3440814614 472876.7536884248
150669720.9421231747 598911.3275146484
133912898.7904565334 309728.7669777721
135087982.1950591505 378564.2732348293
133193964.0473420173 237881.4103806857
135904320.2600680888 406434.7246437371
134013931.4315519333 318688.1015711874
133276886.3942916542 254040.8702187780
136867124.7581133842 440989.2429653406
135873142.4537911415 406153.6213203967
133229287.1292300522 246557.3378712181
136281966.7988566756 421945.2247077227
134789357.8672356308 362554.6204027981
136144443.7016201615 414951.3899909258
136622681.6631896198 431748.8031555414
133922939.0283829272 310930.5507899374
133967212.5841973126 315429.5570078939
140918478.3156651855 510295.7789611816
134081700.9896240830 322988.5995678753
134214624.0396069884 330740.2997161001
133736734.2972762883 298112.9106868953
135834185.5097937882 406104.3401981592
134039439.5967163444 319795.5641045421
145598312.3824633956 566520.4978332520
133491485.8210156411 276871.4758546799
135076550.4944739342 378068.7066607326
133174630.5319865793 221636.1749101523
141367553.9551700056 526608.5266265869
136864347.6858389676 438803.1285969019
133762382.6481523514 299220.3732202500
135725576.5408034027 400517.1583334506
135953596.5400546491 411810.7605635226
141127002.2300513387 520484.7248229980
145370892.9128394127 549573.3315558434
133191974.9432588965 237237.9856611136
138265397.6786263883 473354.5635753572
136112568.5268791616 414695.0578376055
136218081.3637276590 420717.6432868242
136488783.6830227077 428672.5664936602
136236951.7690432966 420899.1057230532
133832566.2741113454 302972.9581592530
134435175.0609214306 344768.1265382618
136131438.9321948588 414876.5202738345
133179608.3987170011 230026.0864595715
135039490.4223365188 373409.3574639410
136760640.6369675100 433917.6594082117
134529835.8923308849 348251.0462218374
134926684.9631425738 370311.1558794826
136212569.8163526058 416601.0739370584
136126366.8445972204 414862.6353708804
135750988.5163234472 404260.8521786034
135768530.4435363710 405360.6108604968
133943564.3481463045 311917.8739485592
137370125.4269442260 446655.5910260379
136777346.6854938269 435222.9896694422
134846373.8062737286 364126.8329577297
145499992.9584783316 555550.7988281250
148059162.3910351992 574010.7744445801
147551264.5641144216 573328.6438293457
134500315.5280614495 347552.2132961601
133185535.2814093381 231402.8095183894
134482187.4165293574 346509.7773772329
134557708.4631950259 349959.4649672359
134398415.9677713513 340544.1975985616
135564198.5435117483 397148.2092755419
137872546.7325604856 461643.2666954994
134902815.6157537699 365598.4388899654
133260401.7573506832 248274.6169228796
137572186.2253501117 454051.1093719006
136650285.2554412484 433036.8753010035
136547279.0002783239 430319.8682022989
134419145.9832316041 341295.5882327408
135465195.2122731507 389846.5246025622
136879301.3783405125 441177.0059429407
136953651.4693011045 441241.0040889978
136081504.7185719311 414537.0272089243
135126636.7896109223 378736.8049273342
145186493.6054435968 549454.1062316895
145489537.7422279418 554832.3542785645
135508107.6031449139 395410.6852946877
135420698.3610183597 388786.6853986979
133179296.3801917285 229351.4856370334
135501829.0504992306 390494.4455835223
133181673.0133085251 230156.5713570956
140255296.0889372230 509997.1357450485
139939721.5509001315 503226.6278715134
134978530.2587808371 371398.3390765041
138973055.0607779026 479134.5066194534
135506805.4155054986 391407.9874536395
135497632.9424903393 389909.9435998797
135696350.8950324655 398922.1174127460
133186955.5105547309 236799.6528949384
133179219.4206658751 223387.5560210589
133202889.6850251257 244647.7910403851
133199023.3931088150 244524.4958247785
135365012.2477174401 387580.2182879299
139773367.3165171444 500798.6182279587
134430343.9053006172 341785.9600002617
134552540.6920171678 348495.9743858427
137243495.8663926721 443816.8645567894
135364349.0651074052 387133.0433914065
133193122.1391802132 237419.2496013287
133197830.3392583579 238004.7055962924
133176619.6360696405 222279.5996297244
133178270.7568320632 223301.6253317241
146711687.5602870286 571462.8648681641
137933678.7619050741 462251.6471305788
138190046.5658982992 469779.6689273482
137970170.3144403994 462482.1059063927
137884852.0125495195 461732.7414317131
137863820.4044077694 461400.4430639986
152084119.3112475574 601778.2182617188
152182328.1338354051 604980.1367187500
152183734.6274962127 606667.0908203125
152297210.1214439869 609441.6899414062
