139297518.4861392379 536918.5827317238
134431399.0653208792 317257.0992083077
142337420.9367385209 614332.7280273438
135405438.4035000801 379730.4870863929
139459378.4492164552 542895.9996948242
138711667.7839384973 518129.5144208074
139977559.4043387473 557557.8308410645
141337630.1906808317 591929.0048217773
138962316.8824280798 526381.0298385620
134553011.4233789742 328902.2216312289
143553918.3337897360 628483.0815429688
139415728.3666129708 541708.4298996925
134424219.6961056888 316354.8236820102
134611334.9496388435 330270.9605248694
141879597.6506043673 603776.6275634766
135187633.9282613099 369593.6338220102
138775077.3830257058 519946.6782760620
133827762.2770346999 264177.3632978201
139368398.4816483557 540034.2489547729
141118541.8553768396 589719.1036987305
137820003.8141857088 482422.8523441125
139960190.5563268661 555272.3069458008
137781999.4693793654 482116.6684240699
135083803.4572031200 363159.2822595102
134727086.5417407453 342684.6206485629
138956104.6327727139 525969.2637252808
134650258.0315280259 336538.4110538363
143090319.5510498285 622521.1445312500
134938890.1389493048 353564.1663127069
137394434.0505970120 467100.8797412042
134949163.5071963966 354139.2719788675
135008938.1185871065 360285.4815735940
137604810.5441075563 473557.4370426536
135165951.4649298191 368526.9367602468
139054242.6881474853 528960.4295043945
141508747.1256769896 596869.2475585938
138631598.3008199334 513840.9507064819
135221137.5875887871 371487.3215563893
141378193.8167215884 595097.3517456055
137769500.8821640015 481769.8592962623
143264316.4872882366 624765.4533691406
137907384.2150279582 485767.1686021686
134889758.9934689999 352527.7894568567
133797482.9568137825 250130.8579131081
134406520.1855254471 315145.4883472323
134785928.5224108100 346093.4378943567
138620771.2477787435 510319.3624552488
137218073.0671401918 460304.2850786019
137470143.8035344779 468980.8695959449
134820678.0481396317 346294.2888875131
139453166.1995609999 542484.2335815430
139237448.9973007441 534000.9726035930
137518814.4613220096 473535.2313037042
137643484.5791267753 476209.6569494605
137767982.6282114387 481739.9071202402
134420788.2865337431 316113.3656570315
138583887.9563407600 509666.3941345215
142099294.0137303770 608566.4747314453
140562871.7699751258 574562.3643188477
137348427.3855019510 464655.9431587029
139951782.9933351874 554759.6426391602
134377830.8309970200 312251.0002300267
139259813.5421168506 535355.9076927043
140829550.9211817980 582660.2760620117
139278639.9088062048 535861.1708297729
136175671.0271620154 418968.9834350944
134503605.8949224353 322493.5358020663
136129024.1931569278 416377.3879275445
136320034.8249549866 424571.2588781714
138707866.5776877105 514702.7422790527
134429145.3115376532 316460.0491439700
134528090.4207738340 324975.3288661961
140213748.4856891036 564848.8518676758
142685729.6803830862 619710.9760742188
140201129.1470482647 563370.2186889648
140600052.6584618390 576894.0227661133
142961429.6833343208 621713.5556640625
138122368.4158400595 492300.7584257126
138065879.8993146420 490611.3634410668
137470050.9941253960 468858.0508121848
136847918.5137896240 446139.1993688941
143419430.1022376120 625216.4638671875
135984315.6363092959 408150.4823841453
137487284.0869891047 470187.0715002418
136498763.9954102635 432170.9964422584
136928310.8567186594 450265.8616747980
137322210.3006453216 463873.0105385184
133790811.8708157092 247918.9588171556
138992029.6883998513 527388.2169494629
139335974.3805693090 537414.7481994629
137162479.5129416883 458045.6181949973
140449449.1821607947 571907.6795043945
136324558.1403000951 426148.4109930396
138853446.2752550244 522598.3697814941
136016097.6742748320 411042.8127569556
134465718.0359171927 322108.2299014926
138335326.2127338350 501982.0335436631
134278961.0761784315 305936.9487773899
138037239.7074462175 489911.4900030494
135110805.4180485904 363447.4242272837
134063634.5728238076 289324.7263510351
134580013.3842244744 329190.3635990024
135945411.1213210225 407433.4890456323
142283718.0724826157 611965.0440673828
138215437.1907699108 496345.8415655494
134032338.6983358413 288777.2258398656
140246641.4556168318 565563.9479370117
139034198.5175365806 528620.9552307129
135119996.7251251638 363571.8966227546
140334915.5274956524 566768.5776977539
138895967.3264857233 522854.7019348145
142563090.5823815763 617731.2973632812
135094753.2716186643 363162.3935475809
134703497.2654069364 337083.0112392430
134643570.6300371885 335510.7823306918
137381500.2354174554 466250.2940115333
140421924.3077276945 571495.9133911133
137440538.8623917103 468496.8234533668
136308256.3100646138 422773.5839800239
136447803.3252232075 429852.2729448676
133803678.1589862257 255082.8965209084
133803678.1589862257 255082.8965209085
139355930.5325936973 537446.4568176270
137854696.7241850197 484729.8164724708
138674127.1530214250 514553.6544189453
133808804.5918633938 262858.5329324603
135321456.6369082928 376340.8284707529
134704956.3516257703 341362.2699310184
133791295.5981124192 248832.2187615945
135274894.4161714613 372963.4548404304
139513748.1394210756 544579.0049133301
134436922.8761157095 318393.8857891087
136890504.9084226191 447459.2210306525
136305482.5181293190 421712.2158207297
138424148.6055450737 504757.6954374313
139933701.2579269707 554000.2299728394
135860120.8238528967 404209.3882244913
140580949.8526920676 575854.9386596680
138480182.2653016746 507671.0133085251
138066429.7944798768 492029.2394384742
135384834.0680449605 378001.5175127379
134201509.2994704992 298244.2333312158
138295019.9116458893 500592.3243436813
137943372.2199677527 487239.3922705054
139239564.5599586666 534707.6602401733
136117312.6882305443 415213.2455658317
135365716.4256320894 377354.2956400886
138226900.4896883368 498951.8062772751
134149961.5652779788 297677.9642135624
135896557.2004936039 405057.8438243989
134349284.6904920340 309324.2166912083
135635669.5078927875 390050.8311873451
138292740.1578822434 499576.2823514938
136105349.5330722928 414568.9081634879
143545518.1541356146 626889.5102539062
138320403.1358354092 501239.2666044235
141161628.1700156331 589742.8645629883
138161805.0082890689 495216.6811552048
134177494.5081559122 298164.6253779058
136244896.5482309163 421647.5971283317
135888113.3983860910 404345.3769997954
137720425.3458527029 478149.4436926246
138024399.0525109172 489190.5497335196
133853457.8178454638 270691.4374422431
140500467.8597685397 573049.5339050293
138563790.9344145656 509463.8159999847
134161319.4791310877 297962.7007603173
140328198.6133405864 566061.7288208008
134068364.3299838156 290398.6261007909
137296423.7947463691 461933.8745189664
138445275.4310918152 505696.2496223450
134394756.5937758982 312954.1643020634
140158278.7950010896 562140.8608398438
133955575.6854463518 281781.2322046757
136232933.3930726349 421003.2597259879
136033162.7614783049 412000.8136071563
134376261.5108352602 311219.8783638005
134627429.9202309549 331409.6804286961
135849786.7924794853 402648.5392818135
135514208.0793118477 387380.4935188417
138478745.2171018720 506693.1189534664
135730116.0147406161 397115.9802084093
135567524.0438213646 388017.8684349183
138439277.6594707072 505258.9643627461
135663492.6595053375 392774.0109963698
136370299.0353952050 427098.5377663970
136433525.0526417196 429396.8748416305
135814308.5604535341 398245.4758450389
135815426.8633317351 399927.8914680604
140350991.6039924920 569436.2987365723
137632578.9366271198 474726.3120075223
135915904.4125123918 405924.4045247436
135997215.1794956326 408370.2183208589
134239229.3649438620 304732.1271564488
136079888.0597074032 413459.5198425651
133896582.2045155317 271997.1475432042
136587891.0389625728 437154.4256228805
135680663.3279946446 395138.0443000917
136982397.9240889251 451221.7264346480
137127880.1360768080 456599.9744815230
136774603.8539931476 443838.0766543746
134995173.9891886115 356529.5714467291
135846868.6285041869 402126.2853217125
134382791.5472366214 312371.3003398899
137687918.7475759387 477481.8487910628
142540764.7621408701 614921.1289062500
137016900.3062676787 452487.9439353347
140179859.3690486848 562343.4440841675
139872740.5057463944 553696.1054382324
139647644.2131141722 547120.0291748047
134293209.6543601751 307882.6614562992
136569915.4798280001 436071.2611655593
139600836.9685409069 545957.5606994629
139637062.4152164161 546545.9615783691
142007373.5839693844 606893.4283447266
133893944.9603881389 271974.0885397319
139238023.6437354386 534417.6485595703
139826292.7114839554 553225.7567443848
137982143.9932606518 488100.2176586148
139788768.6075721979 550217.9961166382
136757154.9792304039 442559.0123729110
136655587.8415054083 438895.0793208480
134088914.7512262464 296228.5430962890
140235506.0472299159 565270.9276428223
138146518.8951336443 493398.5617503524
140032595.0464612544 558793.5327758789
136216769.7621359229 420051.0762066245
133916205.3020135164 279653.8713263844
140390583.6304548681 570060.7748107910
140118306.6675338149 561875.1617660522
133997980.8872836083 288590.6843765229
139191844.6798330545 532911.8306808472
136793517.1143288016 444827.9928416610
136614671.7463479042 438491.0025691390
139187380.4661432803 532243.7324142456
133881173.9116097242 271944.3019098763
139132741.1367645860 531102.0611495972
136520204.2917229533 433484.4591121078
135428485.0398153067 380183.7549950927
142206035.5519062579 611386.8818359375
136971572.0395427644 450904.9640330672
138944912.3552365899 523408.3401184082
143179624.6941955388 622683.7324218750
141189495.6313619614 590189.4523925781
141782139.0412753224 602891.8330078125
135137747.4456880987 365122.4482263327
135006003.4445033371 357364.8974450827
141292501.1860261261 591532.7194213867
140640713.8966601193 577518.4988403320
135511117.6739062071 382392.0300998030
136390424.4208486974 427403.8031792045
135275005.7323637307 373299.3498508272
135071453.3187775612 361163.7180148897
135307282.6920494437 374943.8542453585
141221196.8661864102 591319.6905517578
140003845.9209643006 557839.6713104248
136602761.2389859855 437769.1652049422
139590883.4513140619 545040.1436996460
140077926.4966806173 560683.4807739258
137198428.1937312484 459441.4260997176
137096170.2592590153 455630.9814509749
141464506.8397045434 595196.2011718750
133944395.8527860045 279683.6579562400
136556660.9791392982 435453.9820308089
137981179.7640194893 487773.0487290323
140803782.6904950142 580596.6428527832
141624630.8699897826 598770.0841064453
140923220.1601958275 584423.1990966797
137237971.6863247752 461413.5221385360
140741973.9950033724 579163.0032348633
141339191.1896561682 593424.3053588867
141753856.6259084642 602132.1231689453
142020132.0970746279 607898.3764648438
135341847.3546893299 376733.6291344885
136913911.3296156228 447873.4306697249
137503268.0498009324 471136.2491643429
141996520.6279427111 605837.3248291016
141838523.0346362293 603108.5292968750
141059818.6797571778 587658.0520629883
142275893.1378416717 611603.5781250000
141622666.0121810734 597885.2895507812
140986797.9881330132 584869.5452270508
141035082.3706463873 586067.7034912109
140940648.8130277097 584541.2512817383
134864862.0793039799 346524.9801381354
141865481.0667969584 603559.9312744141
143433068.8176304698 626810.0351562500
137629918.6937649250 474490.8424238563
137639966.8715488911 475127.1280903816
143186521.2496151328 622827.7768554688
142631788.1228011250 618037.9296875000
142006086.7306556702 606597.0346679688
136865794.8563536704 446944.2452473764
136729335.4725063741 440920.5112767343
141604411.0267735422 597713.9805908203
143206624.1354959011 624021.5283203125
141920787.7164700627 603931.6358642578
141604317.1241085231 597497.2843017578
135611524.4654687941 389533.1706032876
142885692.1762107313 620232.4179687500
