43876938.4982671589 172269.7338635623
43873295.9760779962 171577.2600048780
44244832.8733358011 234966.0607004166
43878976.9422841594 176920.9806747437
44226754.0281694829 234369.4470915794
44005221.1394191235 207465.9017210007
44540920.3234796971 255922.6481323242
44036526.0960414335 211075.9454427958
43845777.9605937228 151205.7348800451
44015467.5681024566 208334.9733076096
44499450.8085847646 253860.4684982300
44000821.5646423399 203392.8627278805
44571573.1607635617 259272.3088378906
43995174.2300485000 202616.6289345324
43933994.2968606427 193359.3184243441
43908675.8573196381 185720.5275421143
44031627.7049786150 210636.1883049011
44369526.2972931340 244763.0542306900
43965224.9508879632 195597.8861693144
44847931.8404766917 273235.2971191406
43905699.2469524220 185692.7893573344
44002656.9538547918 207247.7435026169
44228992.4896463528 234448.7533071041
43892420.9402062073 178766.8728996813
44335621.3353517801 242162.8337717056
44561015.3894528896 257880.1468048096
44252656.2810178325 235826.8086099625
44052451.9419438541 215005.2942838669
44060413.8812043741 216828.3091177940
44217915.9147227481 233907.3789784908
44094654.1709165871 220031.9612538815
43904604.8532630876 185692.0315167010
44111903.0135282576 220493.1181752682
44113626.1614389196 220543.9729857445
44137066.9525169283 225072.3837394714
43972084.4113644734 200183.7618125677
44210092.5070407018 233046.6310689449
44154116.8899185210 226614.1285970211
44041923.1197578460 211745.0034261942
44129737.7687002644 224585.8598990440
43943424.8559282273 194273.6702269316
44377349.7049751505 245623.8021402359
44303653.8633673638 239298.5351309776
43860480.7456407622 164824.7665964067
43955961.4395953566 194619.7902669907
44125773.5288083702 223048.5674009323
44176161.0685143992 227936.9446196556
44652071.5370351896 262602.4315795898
44312665.6134055555 240953.5787465572
44148952.3225289956 226431.8654532433
43900852.4496375993 185599.4210357666
44090789.7823720649 219716.4933583736
44412337.7945095375 246469.1912460327
44147454.5457632989 226149.8281972408
44071547.2396469787 217721.3316092491
44309459.0044686422 239764.1342558861
43872654.8471908867 171474.4475457370
44143814.7998559251 225478.8823904991
44408665.4366686195 246371.8815689087
43897659.6799408197 184899.0362817049
44048227.6423059106 211960.1246755123
44231149.6639321372 234520.2439076900
43956174.8260877728 194823.5025917590
43944358.6777426898 194310.6587942839
43895793.5623503178 184678.5314559937
47327401.3451530635 299213.9462890625
43893021.3820598125 179037.6346357167
43909869.0862798691 185764.3725167513
43914854.4593322724 186874.2033489943
44057510.8292311579 215746.6957554817
45082678.6600178555 281210.8811035156
44339293.6931926906 242260.1434488297
44472481.3332681358 252369.6933135986
43869199.4835111275 170987.2107044756
44391239.9403351247 246320.7695083618
44206992.1002713740 232865.2002921104
44099713.0582038686 220180.7937581539
45088135.2711251453 282268.8524169922
45442353.6000880376 287279.2164306641
44320955.8307175934 241052.7615506649
43894327.8657216057 179096.9422036409
45079345.6032739729 280971.9130859375
44416488.8443506435 247232.6294784546
43919913.3466195539 187795.0929287672
44674474.8300811201 263366.2143530846
44018921.3946073428 208645.9946526289
44237383.1722015068 234679.4494857788
44283020.0298744440 237866.2513589859
43923248.9959458038 188047.7200489044
44160257.1180743501 226762.6931264400
44109947.2213928699 220273.5679125786
43859549.5196648017 164512.1830823123
44257715.1683051139 235975.6411142349
44090023.5329313353 219082.5918843746
43848356.3519624323 157954.8230758458
43998383.7432672605 202629.3825727999
43855255.0216173008 163809.4517209232
44080402.1891256869 218639.0489006042
44049845.7845444381 212208.2470238209
44828970.6227866635 273114.1906127930
44452455.5456404090 249938.4414296150
43984608.4792690203 202212.6598137617
44817532.8045979217 269402.1827392578
44195147.1158977076 230806.1181821823
44752238.0225109532 269035.7664184570
44347771.0381669551 243262.2475471497
44200558.1986329556 232125.2524619102
44179343.3944591209 228246.1146469116
43900647.6943265200 185542.4600751698
44310639.7522968054 239766.3457379341
43896895.2907010317 184680.8780633211
43841797.9695367962 150895.7217574865
44199036.6162197366 231019.1947379112
44898955.3636296466 275835.5175781250
43869963.8727509081 171009.3221184313
43962305.4337749630 194840.5958439410
43886396.4814621508 177912.4095455408
44356531.2434507534 244282.7897799015
43987545.0493869260 202289.1175254583
44687663.3538814783 266435.5459594727
43859007.4252427965 164474.9869283438
44429062.5964641050 247486.0963895321
43988079.4415535480 202401.0002464056
44175306.8950174972 227739.2534143329
43910122.2316589877 185860.4601016045
43933676.8571964502 192634.5922751427
45032203.6615508571 279668.6319580078
44162590.1656760275 227720.4927480221
43888094.1090205014 178002.2334100008
43913506.4486243874 186388.5984469354
45426924.4655138850 286912.8001098633
43975882.0665718094 200392.4062309265
43905706.5816138014 185694.3781240284
44139390.9311605245 225446.6078085899
45513936.5034397542 287948.2744140625
44433489.7138833851 248407.3926253319
44084065.1821138114 219045.5475516319
44217680.3817851916 233534.2582755089
43866211.4691254199 170343.7869110107
43913762.0020325780 186424.9782995582
44000510.3467256427 203318.4083905257
44129712.7287238389 223266.7256193161
45031204.5270525143 279302.2156372070
44143893.4352417141 225691.9176230431
43969304.3200074360 195855.7826865911
43852305.3573087007 163551.6099623293
44075333.9369856119 218152.5250601768
43929078.7023153454 191930.1733908653
44068849.6698067188 217532.9911766052
45617026.0533675849 293712.5512695312
44374684.2267988995 244911.7829017639
44581012.5599078909 260002.2111206055
44158906.2927398831 226710.6059072018
43865120.5877459347 170267.8206192553
44064331.1780739129 216869.1480002403
44194820.2598098591 229051.8872151375
43932872.2597040385 192426.2110313177
43850920.5375267789 157976.9344898015
43963490.9518458769 195377.9328301400
44074312.8207677081 217846.9974019527
43853396.2386881858 163591.2935025394
44526333.9950877875 254237.9342651367
44081715.9771244228 218969.2403922081
43901946.8433269262 185600.1788764000
44091697.6198182255 219962.9419667721
44892216.7784762904 274165.8201293945
43870505.9671729207 171046.5182723999
43901954.1779883131 185601.7676430941
44343038.6265851855 242710.9686355591
44722107.6606173888 267732.4852905273
43967990.5320087075 195779.3249748945
44282450.5185120776 236852.9482345581
43983938.7193732634 202031.2210081816
44343444.7430338040 243023.5816812515
44595172.8443225175 261299.1504516602
43883463.4710352421 177841.8702545166
44474036.9218745157 252557.1873703003
44266353.6669322923 236825.2788467407
43857731.8478211015 164362.1326658726
44331563.8070316538 241151.2330417633
43967711.0920810997 195715.4251548350
44357605.0274484232 244320.5210123062
43943268.4882188067 193801.9203652143
43962450.8092374131 195012.1430157721
43890247.2433065251 178217.2885646820
43969024.8800798357 195793.2827862799
43983844.0900292248 201994.5015953779
44333780.2923312336 241699.4110572599
43871207.8745267168 171091.5656277090
44011096.9261993244 207723.1543754339
43886992.3806697875 177999.8868026733
43882921.3766132444 177804.6741005480
44348697.2920126095 243695.9198532104
44153028.7743075639 226465.2960927486
43962730.2491650209 195074.6429160833
43919330.1408795193 187698.7967934906
43913120.1032274142 185975.6325734854
44346997.6457227096 243256.2486495972
44024901.1631161943 210082.2438682318
44056531.3110633269 215264.2913846970
43921826.0078123435 187795.8861563206
43975135.4709795788 200224.6006950140
44248086.7034889385 235146.6404495239
45542730.3875601441 288290.0034179688
43910616.7660615891 185974.8393459320
44066680.3830633014 216891.5897994041
44493875.2033378631 253283.4428100586
44127542.4484550506 223261.6439566612
43959384.3393065333 194836.2562300265
44191645.1109623685 228398.6700820923
43854171.4748991951 163718.7088724077
43857923.8785246834 164384.2440798283
44060276.4103518799 215928.1345610619
44668995.9053041339 263245.1078467369
44341109.9335805252 242589.5557022095
43860297.2550228983 164642.5883881301
44328103.4000415057 241102.4775671959
44260968.9984582439 236156.2208633423
43979348.1964253336 201507.9777549505
44331967.7885860279 241417.9454627037
44055016.1275081933 215223.4525022507
43847272.8052443340 157864.0802273303
43927635.1464111730 188513.6969439387
43941863.9760197476 193780.0783103704
44023385.9795610681 209787.3181480169
44454049.0203945041 250133.1283545494
43879168.9729877487 177139.1388931274
44215139.8792327642 233143.9407460690
43890162.8195639402 178190.4800621569
44012760.9950577393 208170.7619203180
43863044.9312051088 165042.9248147905
44363962.2855987698 244717.7149877548
43976784.0108609945 201289.8195365667
44552915.7963316664 256566.4631934166
43880270.7013384625 177141.4855004549
44679506.9570146203 264372.2275314331
44138023.3343110979 225107.6495108604
43980863.3799804673 201548.8166373968
44441209.1888825297 248652.7024397850
43937784.6069002748 193750.4269737005
43932990.5197138637 192426.3891718239
43971989.9236745760 200002.5136359930
44355920.9215544909 243720.5490493774
43945608.0145823210 194611.1748832464
44448379.8112109601 249730.1549263000
44489031.2326603532 252838.9739990234
44019507.8401019350 209048.1281584501
44891375.3100706637 273480.6069335938
44714562.4699762464 266801.9622802734
44459876.6374598816 251260.2480392456
44338140.2363990471 242163.6661386490
44443805.7923041657 249703.3651285172
43971786.3227012306 196029.4313801825
