87200271.8296749592 373040.2472648621
86979094.1068595499 361127.0805473328
86780444.1421371996 351741.5990715027
87887810.1397428960 395641.2937011719
87221426.5085905939 374398.3942375183
87513696.5823120624 383450.2056884766
87679159.5433502942 389617.9726562500
87396382.3338890672 381651.7901306152
87012010.4827178866 361523.9413871765
87059465.3673509955 365742.7078056335
87014912.2318979055 361880.9528007507
86949158.5026812255 358654.4052600861
87526977.8342635334 385051.3214111328
87111796.8435721695 367860.2766532898
90710964.8265028596 400560.6472167969
86748955.9708696604 343011.1299629211
87445132.4215930551 383038.5281372070
86983765.0135939121 361163.5893363953
87252603.3058961332 375122.5836906433
87604175.6017018110 388742.9749755859
87658348.1358573735 388777.0340576172
86894118.8162774891 354326.2781791687
87706648.3227521777 390679.9031982422
87604175.6017017961 388564.7830810547
86748955.9708696604 342958.8072090149
87526977.8342635334 385038.0084228516
86961174.4982834607 359861.6715507507
86718674.3935379684 338890.8136920929
86990572.3104199618 361455.4589653015
87321148.6605998129 376596.4142761230
86736087.0642878115 340246.8466739655
88176950.4749535322 398513.8454589844
87297711.5348482877 375585.1120529175
86715890.0863474756 338758.7375202179
87669515.7091518939 389130.6940307617
87513696.5823120624 383487.4068603516
86955952.5883593559 359082.3310356140
86860732.4986907542 353458.9364738464
87077322.9698137045 366281.5295829773
86748955.9708696604 342998.9541816711
89139681.5798240006 400109.5852050781
87252603.3058961332 375119.6378898621
90576323.7334500253 400518.8957519531
87604175.6017018110 388565.3627929688
87309670.4570394009 376349.2893981934
86754147.4759055823 346495.9215888977
86685363.9625653327 333159.0216617584
86955952.5883593559 359082.4912834167
87122709.7337054759 367903.3118095398
88223802.5484427214 398995.6564941406
86748955.9708696604 343017.3575019836
87924420.9091254771 397370.1164550781
87826724.5198986381 395292.1975097656
87563582.5335355252 385234.7278442383
87149931.4708706886 368609.4857292175
86742148.6740436107 342890.3037910461
87439037.3347550333 382381.0064392090
87445132.4215930402 383035.5823364258
87526977.8342635334 385099.2105712891
87354510.7135194391 377197.5568351746
87581920.5365674198 386798.3002929688
87924420.9091254771 397420.6306152344
87669515.7091518939 389274.9757690430
86949158.5026812255 358543.2985954285
87293335.1871064752 375391.3062744141
87327243.7474378049 377047.2705688477
87149931.4708706737 368394.2137565613
88277975.0825983286 399207.9074707031
87025556.8070196062 364194.8894462585
87744258.9597038329 390759.7259521484
86961739.8117105663 360264.6661796570
87372173.6369919777 380768.6107177734
87792815.9595672786 393602.1066894531
87327243.7474378347 377070.5903930664
88436822.3437800109 399412.8317871094
88882544.0254351199 400040.1105957031
89139681.5798240006 400213.5065917969
87077888.2832408249 366281.7027702332
87890512.3487941176 395750.8190917969
86635816.7935345918 331104.0802555084
87924420.9091254771 397468.5197753906
87321148.6605997980 376393.1537780762
88822704.1807878464 399754.7614746094
87122709.7337054759 367903.4849967957
87445132.4215930402 382998.3811645508
88826604.0770337880 399964.1486816406
87871832.7488507926 395638.8073730469
86930254.2218797803 357100.8241996765
87490240.6505451947 383424.8255004883
87122709.7337055057 367978.6912040710
87355076.0269465148 377234.7580070496
87321148.6605997980 376432.8416442871
88223802.5484427214 399094.0598144531
87547605.1426434219 385150.7024536133
87076909.9237712920 365952.5339775085
87200271.8296749592 372964.8678703308
87744258.9597038329 390717.4979248047
86751963.6760318577 344819.9342842102
87770154.0608402789 392041.6945190430
87439037.3347550333 382442.9834899902
86850340.0578504950 351930.8012199402
87871832.7488507777 395580.0915527344
87281654.7998550087 375352.8476562500
87490240.6505451798 383323.4763793945
88176950.4749535322 398415.4421386719
89570339.8518061191 400478.9113769531
87084695.5800668597 366404.9148368835
88315585.7195499837 399232.1892089844
86718674.3935379684 338822.0062885284
86718674.3935379684 338821.3936996460
87200271.8296749592 373005.0148429871
88688357.7974050045 399652.9104003906
87669515.7091518939 389134.1032104492
86920352.1118617654 354459.1292915344
86935216.0903589129 357439.5082817078
88277390.5762864947 399103.9636230469
86893695.6881236732 354038.3750190735
87199857.8603912592 371767.8234367371
87297711.5348483026 375652.7282218933
87572101.4107324034 386253.3201904297
87025556.8070196062 364163.9607353210
87054997.5379482210 364647.4188346863
86920352.1118617654 354518.2196235657
87028341.1142100990 364226.5881767273
89457892.1410396546 400339.0671386719
87070102.6269452274 365884.0305595398
87513696.5823120624 383445.1788330078
87024109.4739230573 362349.6266288757
87130082.3439586461 368047.1946220398
86887202.5248131752 353871.8278312683
87054997.5379482210 364684.6200065613
86748955.9708696604 343241.2046699524
89230006.4696202129 400319.0939941406
87264081.5094565600 375197.6076164246
87929197.2409490198 397471.4655761719
87297711.5348482728 375447.6789054871
87166363.2693435848 371616.6779289246
87016323.8176274598 361952.1276054382
87526977.8342635334 385000.8072509766
88811090.0419138372 399754.3093261719
87744258.9597038627 391110.1253662109
87261489.2727224231 375161.6930656433
86886230.3177191168 353717.4267082214
86718674.3935379535 338821.3649616241
87166363.2693435848 371386.4909172058
87210909.0892691910 373143.7619132996
87077888.2832407951 366281.6604728699
88176950.4749535322 398465.9562988281
87490240.6505451798 383421.8796997070
87297711.5348482877 375467.4508781433
87792815.9595672786 393561.9597167969
87338721.9509982318 377080.1502685547
86927374.2835832834 355115.4744682312
87744258.9597038329 390707.1307373047
87147339.2341365516 368359.9935417175
87975884.9156983048 397492.5603027344
87770154.0608402789 391902.1178588867
87770154.0608402640 391803.7145385742
87547605.1426434219 385113.5012817383
86923485.9027813971 354829.9185905457
87669515.7091518790 389112.1251831055
87149931.4708706737 368364.2894401550
87303030.1833196878 376039.1576538086
87149931.4708706737 368384.6634635925
87142078.5184669197 368269.7411003113
87210909.0892692208 373146.7077140808
87490240.6505451798 383373.9905395508
87293335.1871064454 375358.5279541016
87355076.0269465297 377269.3224601746
87887810.1397428960 395703.4187011719
87218694.7455647588 373541.2609367371
88876876.7149434239 399967.0124511719
88098974.8427047133 398380.2927246094
87294791.7933137417 375444.5470695496
87218694.7455647588 373504.0597648621
86707616.2531113625 333501.4175758362
87104544.7069788873 366702.3602409363
88643580.8209525645 399607.9240722656
87547605.1426434219 385169.0422973633
87547605.1426434219 385164.0154418945
87679159.5433503240 389673.5136718750
87998203.8415531516 397645.1350097656
87355076.0269465148 377237.7038078308
88811090.0419138372 399744.9567871094
87909443.3858024627 395812.3684082031
87998203.8415531516 397604.9880371094
87744258.9597038329 390765.3870849609
87321148.6605997980 376429.8958435059
87264081.5094565451 375163.0431632996
87355076.0269465297 377640.6984367371
87669515.7091518641 389071.9782104492
88593308.1830429435 399569.9689941406
87547605.1426434219 385211.9046020508
89365092.9522878379 400320.6853027344
87321148.6605997980 376462.7659606934
88811090.0419138372 399704.8098144531
87321148.6605997980 376392.6946716309
87321148.6605997980 376454.6717224121
88971901.0594350398 400040.8645019531
87264081.5094565749 375201.2213859558
87744258.9597038329 390722.5247802734
88643580.8209525496 399570.7229003906
88013495.5526499599 397864.0666503906
88207660.7588106990 398516.3713378906
88197223.5731175095 398514.0920410156
88223638.1497027874 398582.5417480469
