157042343.1004507840 6179299.2812500000
157119173.4211321473 6189811.4726562500
157951329.4285091758 6291498.2617187500
158286780.6483580768 6332653.5781250000
159733238.7373510897 6453389.3281250000
161456095.5194078982 6556854.0976562500
162770736.8776636124 6590223.7656250000
156916526.0800163746 6155774.3203125000
157260166.0944128335 6201671.4140625000
157622327.3857800066 6260123.2031250000
157816579.7063730061 6281713.3359375000
158185134.4930128753 6323452.4062500000
161657023.0836314559 6558620.5820312500
156637428.6141525805 6057076.6093750000
156677197.6316220462 6069097.2617187500
156844445.5475539863 6132427.7460937500
157188030.5321537554 6196407.5234375000
157515957.7075967193 6246294.8710937500
158732633.1253766418 6378318.2695312500
158702153.5187814534 6377147.1445312500
156775694.8314540088 6094874.9257812500
156689643.2826615870 6084184.1406250000
157179118.9147524834 6196109.3945312500
157547048.1459219754 6247153.9140625000
158533237.9723152518 6356416.2695312500
158697917.6902329922 6375766.2695312500
160473340.6892035007 6498633.1093750000
156740984.4208375216 6093922.6914062500
157117689.4998719096 6188557.4843750000
157741556.8559336364 6271087.3710937500
158163013.9115020633 6322226.7890625000
158413195.5019640326 6345879.9023437500
158950261.2898229957 6391355.7929687500
160536254.8280153275 6505907.8515625000
168591894.7666010261 6661535.9179687500
156717826.7410869598 6086404.7343750000
157653417.8241052926 6260982.2460937500
157717302.8988834918 6267756.0976562500
159065271.5488335490 6407003.4609375000
159838887.8624688685 6459990.0546875000
164300969.8525651991 6614708.0468750000
168667751.9676991999 6662969.6367187500
156665612.0725780129 6059297.2031250000
156903282.8142823279 6147851.8906250000
157087165.6592627466 6183071.3242187500
163076076.7337499857 6601968.3085937500
161992465.1094861329 6568446.7500000000
160829098.2886582315 6527863.8710937500
156798803.6283427477 6106184.8906250000
156926021.5428736508 6158447.7695312500
156977615.8670457006 6165531.4960937500
160032403.6066096723 6471804.6093750000
159885269.0422201753 6464240.1328125000
160683776.1900460422 6515514.0742187500
156949797.1027998328 6164287.4257812500
157337921.3374110758 6209438.6210937500
158017732.6739377379 6299928.9531250000
162202847.9151119292 6576948.8007812500
156976496.6399651468 6165254.0312500000
158093883.8430722952 6310893.1210937500
157719436.2744228542 6269861.7539062500
158782057.0248204470 6378850.9843750000
158617762.3277597725 6362844.7226562500
161802305.7309464514 6567536.2578125000
161042573.3773648143 6533916.4609375000
161657429.6436291933 6558967.4960937500
160532342.9592033327 6504188.0781250000
160399093.1461985111 6498343.3750000000
157099681.5670484900 6185005.1796875000
157311833.9784024358 6205920.8398437500
158071763.2615614235 6309667.5039062500
158308242.2249273360 6335043.2617187500
160162440.9742083549 6477807.2695312500
157811438.6100265384 6276300.5468750000
159161134.1427273750 6417430.2500000000
156810734.1018308997 6122689.1953125000
161148967.9386394918 6542856.4218750000
156802569.9186907113 6117429.7109375000
156891823.6575075090 6142691.8046875000
157279868.7970970571 6202479.9765625000
158240619.2394990027 6326353.6406250000
158218498.6579881310 6325128.0234375000
160083651.7911216319 6474090.0234375000
157028097.4392458498 6171035.7929687500
158664295.4103437364 6368047.0390625000
161147123.4039513767 6536797.5937500000
161245954.0287140310 6543297.7968750000
158695476.5746241808 6375357.4023437500
161099009.2047887146 6534142.5585937500
157414870.7611424923 6229566.6953125000
157501783.6881613433 6239508.2968750000
161108792.3468973339 6535733.3203125000
158646824.5391585827 6367252.8359375000
160620862.0512341857 6508239.3320312500
160758023.7330508828 6515803.8085937500
157498232.5829219222 6239022.5937500000
159486082.3586240709 6438430.5273437500
161665144.0491298437 6559971.7812500000
160171102.6787657440 6483192.5429687500
166049499.1685563028 6647388.2304687500
157241246.1017002463 6201283.0039062500
157177634.9934922159 6194855.4062500000
157556274.3921552002 6249130.6640625000
157765630.7678335905 6271476.3593750000
157347839.4031873047 6216894.4726562500
158840806.9751564860 6386676.9375000000
160230648.8344275653 6489571.7929687500
162347618.7384491265 6580396.4335937500
168101065.1575086117 6656047.3828125000
159599743.5742626786 6438733.1679687500
159824900.3486974835 6459384.6484375000
158005827.3885070980 6298283.0312500000
160756361.5564406514 6515642.4648437500
157449904.7139718533 6235302.3320312500
157916816.4598939121 6285685.9843750000
158479110.8411925137 6346018.3281250000
158595937.6175624132 6358341.4609375000
162893993.3612797558 6592087.9453125000
156890258.6984322667 6134648.3398437500
158330362.8064382374 6336268.8789062500
160397487.3423530161 6494670.8984375000
161244291.8521036804 6543136.4531250000
160240777.8507275879 6493337.3632812500
157034794.8952352405 6175087.9648437500
156977980.5612252951 6166508.0195312500
157596408.5483644009 6252536.7656250000
157930934.6226902306 6287264.7148437500
169156858.7118784487 6670164.3476562500
157035112.4946838915 6175266.6289062500
157306275.4423409104 6205072.3281250000
157513611.3416599929 6245040.8828125000
159715228.5952352285 6449862.2226562500
162896842.8653134108 6594998.5625000000
157113065.9211276174 6185116.8554687500
157455911.2103118002 6235506.3789062500
157476104.8072831035 6236221.7148437500
157613066.5962394774 6256033.4218750000
158126619.3200829625 6317082.7031250000
159698068.5039908588 6449327.4960937500
168961743.5430319011 6668078.5546875000
157913825.2449218035 6284613.4492187500
168364676.9502658844 6659332.6914062500
158250386.0569388866 6327509.4921875000
158481655.7875957489 6352462.4218750000
160082735.7455351353 6472549.8046875000
162375979.8607504070 6588086.3906250000
160084863.4166578054 6477375.9140625000
158025555.5166866779 6301592.0195312500
157980294.5879640877 6292986.6835937500
158357889.0507397652 6342035.6328125000
157983706.8069962561 6297057.4140625000
157016040.5940817893 6171014.5117187500
157028851.8611665964 6173330.7695312500
157609580.4504216909 6252826.0195312500
158642161.7653748691 6363426.5898437500
162044741.8808038533 6575601.1875000000
157240242.3427447975 6196517.8242187500
157712087.6227231026 6264594.7070312500
157582626.3641728759 6249804.7343750000
159341541.3074391782 6423421.5078125000
157029370.4317144752 6174220.9296875000
157958174.0064532459 6291761.0664062500
157695863.8029438555 6263529.3046875000
157284015.2141565979 6203317.9687500000
157085247.1568818092 6182513.9843750000
157971461.2430791557 6292056.9843750000
159650944.6398067772 6445578.8789062500
159938698.0477391779 6466297.6484375000
160494655.7905053198 6501009.7578125000
160359156.2852989733 6493606.6250000000
157803266.6967085302 6275337.4921875000
167967815.3445039093 6650202.6796875000
164709111.3004615009 6618435.0507812500
157012074.2608780563 6169349.5703125000
159003585.2137658298 6397580.4921875000
168514732.3502963483 6661210.3710937500
190708311.8140011728 6782805.6250000000
156828903.4773892462 6127053.4375000000
156998671.7544188201 6167825.8242187500
157783373.7728180885 6273444.1250000000
158858700.9606757164 6390006.9218750000
157782952.9886006415 6271784.3515625000
157391641.7824862599 6222422.5234375000
157888275.2282128632 6283529.6601562500
157388695.2643865645 6221197.4062500000
158695349.6967326403 6369768.4882812500
157295242.1907751858 6204003.7460937500
159948667.0855533779 6469811.4375000000
158592514.9395624697 6356434.2187500000
186581963.8255234361 6756979.3320312500
157393125.7037464082 6223676.5117187500
157885654.2519828975 6282022.5156250000
159628465.4318996370 6441086.2109375000
159155220.1904717088 6409062.1835937500
159647231.1727454662 6445507.3632812500
158805456.4663992524 6381620.9257812500
157392607.1331986189 6222786.3515625000
159348530.1459190845 6429803.2734375000
167050498.5982940495 6648155.7304687500
157378818.0845609605 6218514.5625000000
157343932.6891741157 6215625.6640625000
158964573.7120124698 6397103.7265625000
159722813.9748768508 6452670.8398437500
164845417.4898127019 6627149.1718750000
165123789.1803210378 6637630.5664062500
157508612.8299610019 6240783.7617187500
161908545.5496994555 6568036.7109375000
162042331.1502139568 6568947.2031250000
157483171.1095933318 6238812.1953125000
175847422.6972655356 6681621.6250000000
157592236.6409887671 6250015.1328125000
165115579.2371653914 6633533.1093750000
159759009.1442042291 6455191.6953125000
168327293.2143972218 6656578.9492187500
159685467.6233313680 6445931.3789062500
163255042.6530924141 6602563.0390625000
159039405.5304011106 6398263.7773437500
159829413.0181554556 6459625.4960937500
161408027.8351229727 6544206.2460937500
159686659.3646189570 6448783.0898437500
190594565.9868628383 6782487.9687500000
190298095.6392124891 6782422.8750000000
187303831.5109184980 6762065.3554687500
158066403.1387120187 6303219.4765625000
166047851.6951282620 6646069.2148437500
169085547.0845992267 6669989.8320312500
163290087.3668854833 6606668.5273437500
167632684.9316222966 6649457.0000000000
159645425.1928957701 6442977.8593750000
168499273.6839678586 6659955.3867187500
162941718.6503819227 6596488.9296875000
159152545.7980570495 6408679.9804687500
161766328.7794573009 6561578.3945312500
164944706.0644069910 6633180.3984375000
158630635.1205660701 6362881.2343750000
163075504.2508964539 6597399.4218750000
187684198.5972747505 6766258.3867187500
188561506.9645148814 6777961.2734375000
187694918.2121693194 6767462.8867187500
165521675.8593119085 6646005.1445312500
167239449.1270980239 6648750.9492187500
163875300.2620805204 6611416.1484375000
169558674.7341465652 6671764.2656250000
180840340.0216729939 6739866.5390625000
189818370.7151756585 6780841.5234375000
189555528.2662957311 6780629.9218750000
187896121.0847336948 6772098.6171875000
184257572.1980465353 6740708.5312500000
186149617.8368856609 6756014.2773437500
189097596.5973995626 6779554.7968750000
188309777.3733718097 6777354.7656250000
189272754.6728419363 6780278.9296875000
178344693.2693613768 6708693.8007812500
188715906.2439232171 6779020.5312500000
176978692.5032159090 6699892.3281250000
188071366.5666564703 6772771.2578125000
179601321.6324894130 6726822.4453125000
185259128.2577947378 6749925.9765625000
179548506.2216194868 6720978.4140625000
180029916.8852607608 6732295.6875000000
173875752.7361957133 6673383.2539062500
175803549.1836409271 6679128.0703125000
186498872.1694594920 6756114.7929687500
187260344.4522928596 6759580.7695312500
163628598.6742886901 6607924.6093750000
178426528.2728763521 6715711.4218750000
178560908.7390486300 6717317.4765625000
186872012.1468248963 6759436.0429687500
176520341.3620485961 6687649.6406250000
