44634971.8829585388 14633.8169097900
45033657.6177827939 15499.0553588867
44139392.5392175242 12529.7510277331
43891654.0903035998 10097.3328284323
43910892.8877994940 10403.9359673560
44247034.3804577813 13108.2106653638
45206576.1503730640 15853.6849060059
44033863.0834305063 11842.0796347558
43907349.1268957108 10399.6971824467
44165925.7747060582 12678.0009608865
44384500.6977001652 13797.1415499598
43992514.3014900163 11477.2402617931
44373770.9784267917 13753.1041125364
44563019.9572590888 14397.4143295288
44424099.3106638938 13916.1814732552
44591446.8563142493 14531.6355866194
44590841.8388636038 14531.2834007740
44527362.2442931384 14366.1622161865
43896686.6423679516 10399.1213678420
44493488.4479604289 14214.2426004410
44352180.6421775892 13643.5869138039
44088737.3070206493 12252.7812999785
44436003.4955096170 13953.5803194046
44156704.3827527240 12677.3214333951
44250833.7940573618 13115.9359353930
44519016.5393557176 14324.6333122253
44480410.6680039912 14214.2311524153
44145733.6655749455 12545.9180763066
43924318.7087745145 10435.7625872493
44259513.0718003660 13116.9049595743
44373422.2107697427 13744.3489911705
44289563.2818067372 13374.0159542561
44462861.9403245822 14159.8305191914
44767647.4106577560 14970.3529052734
44311569.8846314326 13479.7371157557
45042480.8313249871 15536.2804718018
44239809.3790812641 13063.0455669351
44221116.0937401950 13008.7780453957
44504778.6452850550 14223.8026838303
44409600.1812189370 13900.7862346172
43917422.6862937436 10435.5270918906
44383604.3393412530 13758.7391309738
44448835.3908367902 14003.3300600052
44432140.6747081652 13950.5359752178
44730767.4723694921 14901.4716033936
44406791.4542164281 13895.3633567244
44027626.5400252491 11838.1808167398
44504821.7508039325 14316.4124755859
44596599.7068038732 14584.0671691895
44098649.8274578899 12253.1173286140
44227483.3708975613 13017.5849928856
44208701.6175983921 12918.3959467209
44474710.2338538170 14168.4409282207
44273696.5532095283 13165.3601231373
44472423.1721383706 14160.3362083584
44366488.2977207750 13699.0556468077
44342830.6147046834 13551.7051951885
44865835.7366943881 15218.8760375977
44457204.2148712799 14070.5086497373
45102221.8409035280 15597.5606307983
44716452.3773382306 14849.0400208235
44369160.2385091260 13708.5982178766
44573261.5345475525 14415.9119567871
44269503.3229769841 13162.3326815516
44107446.4058801308 12305.8684304655
44398866.9914831072 13851.0364940166
44298903.9041311964 13426.8401920367
44060952.3610737473 11943.0361712873
44664208.0085540786 14733.3163909912
44056537.9535112828 11934.4154275358
44451840.8879152238 14004.7702598572
44103790.1175314784 12264.4464923143
44325936.1784143746 13533.6320598125
44585714.3234033957 14450.8671960831
44497250.7273430303 14218.1906688213
44143955.8709814847 12543.0335833132
44299497.9409931004 13470.9730820576
44227490.7055589482 13018.8166406155
44370839.7998128906 13744.2041568756
44315763.1148639917 13482.7645573414
43951778.3638123646 11088.4233906567
44445711.0157984868 13999.0080413818
44285494.5106023625 13328.8674441881
44396814.0534940138 13810.5232315212
44350489.4462135062 13583.3818004131
44004474.2372438014 11539.0202660561
44010424.0740638748 11582.0940997097
44724568.6117910892 14864.2464904785
44293840.2155397981 13381.6512126036
44061843.3637215793 11953.5469888151
44990248.0220331624 15329.9059371948
43960708.0163930058 11129.5077089369
44260023.4723878726 13118.6517724709
44267423.3914165646 13118.7073394044
44640576.9055780023 14683.5666503906
44126607.7286038697 12385.9414997101
44296814.5930548459 13390.2696435452
44945128.6776303276 15318.3755187988
43975232.7554301620 11168.9139146209
44083219.7804074287 12179.2324029505
44770880.6932379603 15000.9710845947
43963652.3522450328 11147.2908808589
44232811.9640524685 13049.6411597229
44080002.8094894812 12171.5805803835
43975383.7146045789 11470.9794582725
44759977.4039825276 14951.2213439941
44197016.8952976689 12744.6559254527
44121895.5053735524 12350.5210791061
44035659.1593734697 11880.3669726345
44297908.9867441580 13426.7997226715
43936285.7671058401 10796.9053717852
44441129.5479857773 13994.8628379256
44454181.0348144546 14015.8480597443
44244997.8019127697 13070.6919105053
43998204.2933653221 11512.5083622336
43967614.2695069537 11154.0994471610
44901229.6935866624 15268.6257781982
44388342.1730069146 13798.2527256012
44829299.5365874916 15032.2231979370
44008509.0173303932 11542.1193256507
44267538.2954019904 13120.4416511059
44180489.4770402387 12731.2960265577
44284147.8785432279 13317.2958533264
44015565.9310017005 11583.3385656774
44045308.2461989671 11928.2944189608
44369134.8837235495 13700.9630286396
44037812.6695730016 11881.7771998644
44118747.9477486312 12317.5882938802
43971897.1061039045 11168.3583747149
44062601.1112710163 11954.7915686071
44138754.9542013258 12395.1064960063
44017708.6077749208 11613.3282833397
44077243.2490991279 11993.4653560817
44064144.1991834044 11982.7765103579
43934128.5928200483 10792.3749543428
44078250.5276532322 11997.9738417099
44347134.4475386515 13574.8269583173
43925401.4783854857 10770.5743707716
45079596.5782392770 15586.0302124023
43960684.3851175308 11099.5264553428
44078678.4523972720 12022.8530310215
44940002.1860073581 15280.1561965942
