80642532.1040487289 12375.4366959408
80707513.9246327132 13978.5892099738
80932562.0082968622 16786.6416383274
81040931.5593401492 17917.6875883431
81128202.8908137679 18715.5797847100
80650843.0546193421 13087.7153709680
80702547.2252356261 13348.5009546243
81528717.5080674738 21540.9526831002
80781804.7231006771 15000.7289087996
81001068.4668776989 17698.4519938864
80748680.0627316833 14226.3218758069
80705556.8401300758 13356.5818567760
80656292.7358350009 13104.4038984940
81799956.0350198001 22648.7205352128
80934455.0308943540 16807.6973647512
80874430.6242853850 16017.9730130226
80849713.2517692745 15891.0264218077
80662265.9698513001 13176.9889878109
80834119.9964876622 15218.1104844920
83018167.3172269166 24464.3042678178
80629140.0973763466 12275.9112895895
81290230.5633234829 19893.2425909266
80626260.7392197400 12265.1073526740
80720285.4034903049 14088.7993433699
81175033.3891146630 18870.4122447930
80611841.4975162446 12175.9050154090
80645994.6050223112 13066.6596445441
81135386.1989287138 18807.5104072057
80830237.1020870060 15174.3392599933
80865336.9134927988 15998.4913175830
80897435.0531540960 16068.7927841283
81093628.5592976213 17982.9100660719
80797478.1580173969 15089.5454095155
81224301.7259228230 19730.6521211394
80915487.4175202250 16095.2994798534
80886778.3903506100 16068.6735742576
80943667.2910099626 16913.4690196716
80984278.7914540470 17007.2189078853
81266136.2331081033 19802.5346718412
80740475.1736641973 14225.2940075621
81498665.2398983091 21500.8768760860
80687160.7431212813 13314.3923103772
81021542.8299047947 17825.3985851013
80757773.7735242695 14245.8035712466
80740609.4286070317 14226.2739455141
80970159.4521239847 17001.9563016854
80918949.9184938222 16786.5224284567
81007123.5882013291 17736.1962478363
81250817.5104337931 19800.9535876848
80737478.8471926749 14225.2460772693
80968877.9133078754 16972.6959762275
80803703.1698991060 15138.2035109438
81162667.9823291451 18870.3643145002
80825162.2874772251 15157.7331366763
81374171.2078883052 20668.9429932886
81038689.5341017693 17895.5808417760
80900946.4087963700 16088.2744795680
80961196.6688006520 16965.1107784621
81551876.0629477948 21611.2541496456
82278736.8566998690 24440.7749411520
81104443.0991248786 18626.9508769714
80667893.0518207550 13204.0150368176
81032965.7451367676 17825.4698646792
81004328.9735222608 17715.0925911196
80935221.2833227962 16896.8517717235
82182769.4159214199 24369.5221518815
82267738.8276795447 24432.3846491873
80639071.4733149409 12360.9167314619
80855162.9329849035 15907.7149493337
80767038.7747426480 14959.6151609384
80812796.8806917071 15157.6852063835
81771444.1472011507 22531.4504231752
81944548.5538542271 23450.2728270830
80587054.4962198883 10650.7940165177
80684164.4166497588 13314.3443800844
80754777.4470527470 14245.7556409538
82147147.0840680748 23454.9551432987
80518474.5979206413 7762.1030113585
80719317.4719163477 14085.5490593293
91842182.9454992563 35617.6923122406
80733736.7136198282 14174.7513965943
85931745.1055949479 27609.2328021095
80500087.0557290167 6285.4997793316
80791756.1472588032 15086.5617521533
80515046.0713854879 7676.3011634331
86901756.4735733122 28745.7089199461
80950554.3233851045 16929.9025784523
88206355.6563486308 31454.5948274918
86129926.3079802841 27614.2127235718
81749630.9594260454 22438.6502210774
86523514.6293493360 28597.3852703199
89140118.1309043020 32040.5441149063
81129594.4877745956 18802.1053077616
90912738.1935147494 34023.3374742114
80783310.1395716220 15069.9445042051
82168908.8185215592 24144.8201820531
80713867.7907007337 14068.8605318032
80709019.3411036581 14047.8048053794
81200590.2704977840 19502.6503232140
80855212.4444501549 15909.2889803179
80916558.6486690193 16102.8860733711
80777336.9055553228 14997.3594148883
80788213.6974730790 15070.0637140758
81200811.7838803977 19586.2492792048
80533579.4009211510 8664.0351160709
81206261.4650960267 19602.9378067308
80679564.5697114021 13276.9952619914
80763576.2737690657 14268.3922123350
80840994.9145391434 15888.1140440234
80858816.4932612777 15984.9222062938
80725290.7059326619 14158.1341486461
84461637.3345355093 27128.7703733568
84027330.4435675293 26391.9659962884
80536557.1473093778 8676.3329539876
87542372.5499689132 31003.1727369614
80534667.4077168256 8674.0427141860
80507214.9485168457 6934.3427945391
81233275.9171928465 19755.1274381407
85277048.1016917974 27444.4610049293
83565355.1450392604 25495.8362463281
80511346.7051328123 7113.2599961510
80600069.9162118286 11449.1063759029
80582771.3163517565 10645.2829425537
88484856.7358615100 31779.7734966278
80657422.7787434608 13157.0501762442
80637688.9129408896 12355.4978843741
80683751.3632653356 13279.2374289259
80634223.0237178952 12339.8610050380
80525241.9668381661 8025.1895615807
80671842.0204469413 13246.2525135092
87077490.1961825788 29139.6696045399
86209137.8879677951 28157.8291421936
89328533.8750291765 32665.8385524750
83795096.9459844530 26158.6483144741
80503515.5822641701 6371.3016272570
80516301.8388398737 7744.2507312093
80521813.4403030127 7939.3877136552
80506945.8079938293 6391.4621692775
80512604.1717817038 7115.5682580223
80538384.8310295343 8709.2116309848
90895730.5280849338 33213.1409206390
80549733.6676557809 9458.4584925845
92114572.7943028361 35833.1775577590
80886712.4520322680 16029.2819963579
80645804.0542220771 12427.7403341883
92796018.4188394845 37123.5126428604
80655917.3622724861 13087.8345808387
94062922.6377177984 38249.1601867676
80561637.0354998261 9738.7187211266
80533765.5163403749 8672.7394768965
80556537.7020230740 9582.3607804549
80541955.0538883060 9452.1843941528
80571062.4763784856 10387.5718737319
80514371.5244534314 7656.1406214125
92424837.6456793249 36682.4324682951
80564727.2395709902 10342.9390232880
81435943.4000102729 20753.5571957395
93384098.5664190501 37918.5358963013
81349456.9578073621 20502.0765264556
92876969.8135292381 37129.9979248047
92184268.4193379134 36477.8196086884
93026328.3766351342 37569.8714275360
81500756.9770189673 21540.9047528074
95598398.2354381233 40168.8781738281
81371434.9397745430 20589.6391166300
95461277.5819731951 40048.7158813477
82571303.4539822638 24461.7247244777
95427408.5697868168 40041.5821533203
90209813.7440855205 33158.4568915367
81396152.3122906983 20711.5514158215
85518339.9547175169 27445.1335567111
95175458.6815168858 39367.3258819580
95184501.3528181911 39528.6114196777
83267533.6883883625 24661.3944427253
95242375.4071544707 39919.0566406250
81359755.0886200070 20539.8207804055
81544290.4895822555 21592.5944418907
95407692.4304856956 40015.1643066406
80578080.9820269346 10622.8329284372
91395484.0942965299 34156.2637666054
80582364.1618950665 10628.3440024012
87483589.6986304969 29207.8379315013
81634562.8930037022 21839.1859544721
80574491.0029136389 10473.3737216573
80532494.6486360729 8656.1904340368
80587506.4229055792 11271.6860810425
94378329.9280217439 38357.7493762970
94467747.9804473966 38477.9116687775
81570502.4102451503 21707.5586438195
81485699.2447789609 20848.6838404030
94397724.7870969474 38442.1976795197
80551838.3077836186 9480.0098896697
80510643.4750519991 7020.1446424645
80519852.7435733080 7821.7622586504
80555266.8343187720 9565.8117375951
80568282.2543107122 10364.1240969803
80553601.5591716021 9561.4340188298
80553109.1754879057 9498.8484046254
81086820.4936409444 17931.4816368014
80523069.2077574283 8007.3372814314
94582910.6440919787 38875.4884796143
94861986.9621540755 39254.3643951416
80528939.6338963509 8653.8720347676
80595379.5818870217 11426.6563617864
80629532.6893930733 12317.4109909215
80609798.8235905021 11515.8586990514
80558856.8134320825 9715.2709443750
80576155.4132921547 10519.0943777242
80566616.9791635424 10359.7463782150
80548283.2930438966 9455.4896509536
80525511.1073611975 8568.0701868422
80521138.8933709413 7919.2271716347
80513982.3174343854 7197.4293447612
80550173.0326364487 9475.6321709044
87026084.5168059021 28759.2506885529
