29831897.7839274667 1028971.3564453125
29895844.7122702114 1035895.8720703125
29544564.9855230264 949308.8857421875
30412057.6271301545 1064261.9101562500
29587740.2548297085 980822.1308593750
30111074.3112808093 1053421.6767578125
29622185.7220352851 992392.5605468750
29919038.6757652499 1036535.5615234375
29681876.0203949735 1002656.5136718750
29613106.4430295788 986726.6689453125
29636823.8188613914 992555.6513671875
30552430.5153443515 1070928.3876953125
29530555.1548238806 922216.5146484375
29739465.0583751239 1016408.9082031250
29561808.2574687414 960415.5273437500
29831154.8834112659 1027146.1679687500
30121977.9180882722 1053488.7353515625
30414587.3789881356 1064272.9716796875
30345317.3336258009 1063131.0390625000
29784587.2111263871 1020621.7294921875
29927177.5112427846 1037341.4511718750
30376813.3825982809 1063822.0214843750
30056645.3409938328 1048661.2314453125
29702909.2490753680 1005557.5390625000
30481408.8261519335 1070000.7714843750
30076178.7033619694 1048910.9726562500
29651231.3484747596 995875.0302734375
29678464.8724872470 1002365.0751953125
30145922.6740451641 1055018.1894531250
29552254.0730883218 953667.8896484375
30236076.8411040120 1056689.2558593750
29668483.0963650569 998378.3935546875
29701661.9267374426 1004955.9794921875
29922310.3301194869 1036972.1298828125
29889550.2497979812 1031454.7792968750
30381942.6142471954 1063833.0830078125
29707863.4129474945 1008060.9023437500
29647068.6802250408 992682.5664062500
30305099.5534021109 1062940.8916015625
29612991.3375357725 985631.1357421875
29966736.9936996512 1039735.9785156250
30245851.1217210628 1056963.3505859375
29538629.4047090672 944014.5361328125
29587233.7310156673 973391.7265625000
29597443.5022789501 982873.1425781250
30238606.5929619931 1056700.3173828125
29991872.9353159331 1040475.0253906250
29727626.9144980647 1010125.1308593750
29932447.3843704686 1038653.8652343750
29631743.8882951327 992524.2207031250
29790804.7992870733 1022912.0537109375
30286115.6449110955 1062150.9550781250
29537166.2582678907 939250.0659179688
29746418.4131118432 1019166.9013671875
29664537.9743012823 996098.0000000000
29533988.2602242902 926802.0869140625
29664472.1612342000 996011.1606445312
29793564.9705018923 1026576.8291015625
29664900.7753327042 996280.9990234375
29847197.8490368016 1029418.7490234375
29990146.5007398464 1040236.2490234375
30106757.4058028869 1053129.5000000000
30284700.4151779637 1061941.1386718750
30255593.9305072576 1060831.6044921875
30299139.0863263756 1062453.9130859375
30034660.8567681871 1047341.8808593750
30362916.8336880729 1063335.0429687500
29689965.5795828998 1004475.7734375000
30277648.3588109687 1061663.9765625000
29669132.3715793900 998670.5703125000
30290319.7610709928 1062204.1718750000
30432268.0327098519 1069073.9042968750
29717966.6870486774 1008885.8281250000
29721388.0843501538 1009675.0644531250
30580677.4797883369 1075943.6367187500
30458835.5412187241 1069560.8828125000
30137279.1202067249 1054448.8505859375
29894485.2670194246 1033346.1289062500
30129408.4739134014 1054254.0488281250
30259910.8359851800 1061123.7812500000
30026740.8599025942 1047105.9814453125
29732805.7826117501 1012412.1889648438
30139197.5749037936 1054503.7900390625
30392197.8620827012 1064047.4970703125
29776079.8039020412 1019807.6396484375
30129181.2992392555 1053961.8720703125
30367665.4909069873 1063346.1044921875
30046721.2922359072 1047828.8593750000
30010212.7775457911 1044710.6337890625
30222437.2481665686 1056423.1552734375
30053449.0962905101 1047952.2744140625
29917615.2619205676 1036022.0488281250
29708512.6881618276 1008353.0791015625
30511791.9025446922 1070398.9833984375
29998006.3278880157 1043097.2988281250
30415958.7566980347 1068533.7089843750
30104907.9655746073 1050799.4033203125
29999702.2877949178 1043154.8144531250
30226572.2004562691 1056511.0478515625
29888245.8111847006 1030340.6562500000
30461549.0611044839 1069786.3583984375
30172151.1112952530 1056071.1591796875
30153622.9299225025 1055530.9638671875
29667203.5639801510 998037.8593750000
30012315.5048838854 1046078.8076171875
30175113.6574379094 1056320.9003906250
30368098.2851916589 1063584.7841796875
30276423.7672763579 1061400.9433593750
30437449.4842134453 1069323.6455078125
30431043.4411752447 1068810.8710937500
29569030.0832695812 961018.8090820312
29866028.4209896997 1029782.3251953125
29570552.7474671416 965430.1577148438
29585637.4319443479 967882.9858398438
30002824.2620684542 1044270.4628906250
29878507.8323905990 1029832.7431640625
