253932858.8092702329 576358.0023171753
252599936.0336410403 436058.4237843193
252584049.6106351912 435034.0958729424
252658288.9948425591 443815.9745655693
252961684.6142675877 490219.4391410165
254553589.0799566209 614854.0619460419
255549949.5481866300 661555.3128122762
252668905.2380540073 450037.2150135674
252868646.7070175111 477802.7452316694
253618506.4524791539 554743.9066342562
254843019.5206639469 631478.0777228773
252519119.7393143773 420503.0551856197
252729328.4731701612 456269.0995655693
252692060.1063648164 451232.2460499443
252930538.4347702265 488669.0260407738
254509900.4424989223 613826.6148747280
252633707.1451633275 443474.6952686943
253290628.5604929328 524245.2443503961
252816890.6442811489 471318.5313644819
252901081.5758298039 484291.5958649926
254644729.5044192374 621436.6418712214
252876283.4422425330 482421.4596345238
252824880.7250487208 475306.4060132541
252740689.7935000658 462333.3415127434
252755177.4894311130 463780.7018643059
252843848.5734302104 475932.6090012006
255241931.0487048924 648583.2773782909
252765487.9270873368 464203.4777432121
252733739.5494924486 461690.8443527631
252849678.8586359322 477176.5422437228
252930019.8549742401 484481.3925568871
252792092.5106939077 469448.3951340131
253068471.8404574692 500855.0936677493
252610552.2768525481 442279.6642323174
252740689.7935001254 462516.1862393059
253274645.7673909962 523734.5155906305
255626522.2815612257 663759.3714498952
254698108.9185565412 623400.3627824411
256281613.3053411841 687698.7704055384
265989341.1150736213 868748.0268567204
254071385.9019452035 585166.5372180790
254242052.4053280056 598262.0465978235
259004168.6185841858 768467.5115952119
264247770.4279436469 859580.2801454291
266931151.8751886487 885440.0635632500
257701398.2028104067 736738.7250984386
258130301.0861358047 748399.0024421886
252513158.4948966503 412465.1326479949
254791977.6152468920 627912.2045497596
256281613.3053411841 687818.9789016321
265521266.5052480102 863737.1002911329
252498351.8224562705 406898.1136518754
252993146.7129172087 492134.5002229027
259609675.7623350620 781826.3728603348
254570532.5672997832 617242.2749390677
259951109.8931900561 794168.3103986233
254380795.5033632815 606179.9057670087
254596207.0193575621 620537.5644344389
252542942.2398959100 420733.9866987504
254661402.7412818372 622174.8714198545
262106019.6973302066 835377.1204684824
253109477.4298737049 505302.6832358651
253049609.6057977676 499742.6830375008
252462370.2988596261 397867.1038394012
254150911.9808652997 591679.4666726440
266902874.7770715654 879771.4742765427
262285908.8162035644 840560.3735507578
261927942.8950411975 832549.7980807871
253180779.6884937584 513519.1281227320
253190016.8806573451 515386.2939722948
260958478.7583939433 808518.4293809384
260530476.8839573264 807335.5688351244
258239989.3925727010 751023.1110847667
253756531.2007429600 562863.8263730258
266755900.1165768802 875770.6831936240
256258941.1031042337 687025.0724864081
256479252.0123873353 694231.5892531946
298066374.6438441873 1023959.1137695312
255814020.5713543892 671064.8375153244
262202890.6957956254 835933.1928678006
259885916.1055999100 793776.1379914731
261965582.4428156912 834424.2203954589
256693750.5864165425 702479.0818894953
254001993.1694039702 582464.9598353356
254949257.0848203599 638122.5789014995
254350528.6955242455 605340.9493173212
260175564.5661209524 800584.1383465379
253865365.2800804377 572416.2734358758
252455955.7213584483 391656.7858796753
261518835.3268191814 822947.4221142381
261607030.6559016705 826947.9324902147
252959476.7139146030 488858.8227326684
253161917.4538340867 512406.7174924836
252486655.8286792040 405852.2888979949
297476127.2838841677 1022008.9926757812
278320813.6381459236 927431.8797085509
254447263.4587654173 607907.4976721257
297805734.0179534554 1023574.7670898438
252548058.0184587836 420815.1712134518
259994641.5211928189 794913.7766689286
252574560.6846761107 427938.4202368893
260395582.4458150864 802432.1400912851
287907667.3629879951 996628.8390502930
254479331.7152352333 610708.4358605221
254071385.9019452035 585242.8643665165
252476337.2036162019 399522.3600984253
258856867.6470631957 766185.0108739361
254622057.3021823466 620787.0293006971
253134238.4925314486 508090.9046558365
252466274.3464215100 397986.7146792449
255507279.9781215787 659996.4561397731
263585552.5873832107 848234.0031907186
261302034.2164353728 815585.9726914018
260998378.7670180798 813103.5910020322
253240975.7683883905 520295.3273582086
253865365.2800804079 572414.8085921258
253854505.4915660322 569651.4356555790
259874537.1598155797 792199.2864289731
261373033.0597503483 822355.1282909960
252476337.2036161423 399009.2463288940
259658084.2895743251 786013.7217205614
254089441.7229024768 587603.4910577387
264111821.6070966125 852680.4838020429
255429020.4966648817 655155.5593511313
263993910.6878714561 851853.9333169088
261074951.5003925860 815187.4411435574
253916308.1465189457 576030.1286218986
253879951.2142421305 575004.1687586755
255874011.4189826548 674871.4051048458
261654318.4911598563 828056.2659863085
252506596.4627734125 411171.2713198699
253865365.2800804675 572418.0668929070
253895934.0073441565 575456.6604578942
261361174.1805191040 819204.4374950975
276368648.6692366600 908347.5905727744
275647750.9973711967 908291.7097744346
253128667.9203521013 507631.2929032259
253015939.6067951918 496467.0055472665
253059928.2308608890 500731.4394333772
266383401.8822629452 871495.0284184813
254937009.6455759108 638083.8708197773
281646080.9541569948 953832.8388061523
253701090.2715697885 560237.0104974955
254192960.7671976686 593015.1301568598
255496526.6993551850 656911.4249948934
253153466.0539393723 509501.4291336946
254285741.0427856147 599289.4936691374
292432626.8424901366 1007514.5913085938
297385693.1357382536 1020317.5615234375
266888298.9695512652 876624.0082579255
253356319.8861537874 530492.8285599202
266446817.1342631578 874486.2697514892
297165542.9593707919 1016170.8449707031
297358918.9847432375 1018611.7949218750
253219968.8177801073 517584.2438026890
256708040.0816119313 703327.3027453497
257383460.5192655921 729190.8452267721
254012887.2326014638 583607.0129983276
257713532.4903855324 737660.5716560557
254134929.1877632737 591222.0374734253
256197757.3318758905 684868.5007538870
257544673.5605852008 735248.9860272482
253977332.8566995561 580064.5002862662
297290415.9461425543 1017066.3895263672
253049609.6057977974 499808.3710257821
273309048.2467991114 889382.8385052085
275191141.8622597456 900946.3154415488
274809690.3102517724 900660.8286251426
283968352.5672972798 975214.3914437294
283631553.3926290870 974734.0208382607
253655431.2544051409 555451.6112865061
253701090.2715697885 560240.1545404643
254012887.2326014936 583800.6502053589
254104027.6570641696 590264.2408727258
253879951.2142421305 574924.5833094567
253754607.2016493082 562503.5579302758
276455534.1410769224 911010.5683957338
253370905.8203154504 533016.1444149464
297313351.0810984373 1018244.4370117188
255526973.7588315308 660535.9049524739
255310252.8705142736 653957.8953292668
256650218.9584138393 702438.4769473150
253260059.8332292140 521136.6391887292
252506596.4627733529 411106.9788394012
254783601.2119475603 627316.4531289637
256399950.5513769984 693382.9646964148
273810191.7834362984 890822.0698003173
253794834.0610063970 568166.5593850464
259724833.0957667828 790066.2567547411
253299599.4220893085 524957.5423791856
253865365.2800804079 572338.4814436883
259042204.3525357842 769558.1620621309
253227060.3095922470 517808.0268732533
253533389.2992433310 548103.6146434397
259423805.6894614100 781665.7407746762
259157895.0533685684 774684.6889633760
259366226.1914544106 777837.5065716356
261332356.9436411858 816565.6233395189
256364635.8322573006 690934.5106693208
253356319.8861538172 530494.4994583577
256963423.8508189321 714559.1045804098
256740825.4322215319 706433.5837502554
253510176.7288807929 544404.2162080854
253429326.8847436607 539058.6174654812
256515307.3539357781 700201.0614199713
289730476.4910305142 1002326.0476074219
290175973.6561934948 1006281.9241943359
253831833.2893291414 568996.9759170860
260072914.0727757812 796607.7064703777
295350265.2948879600 1011149.7182617188
295202713.3425788879 1008130.6053466797
256429235.4494934082 693777.5428652838
257893039.2290571332 742876.4820731729
260138316.3866218925 797817.9586749962
252486655.8286792040 405219.5642886199
256491188.0947393179 697313.2913651764
256370905.9865625501 693311.4139151648
295207873.2029591203 1010946.6494140625
253414841.1622817218 536987.0976434201
253686504.3374080956 557769.8978895396
257624700.5288180113 736290.0546908677
253854505.4915660322 569723.0879993290
253356319.8861537576 530418.2680130452
257713532.4903855324 737589.0208748057
297104992.8899771571 1011519.0609130859
256811505.8590416312 708166.7717088312
253111573.9941209853 505708.7599146590
257462753.2750480175 733186.8573117331
256818772.7419711947 708292.3037991598
256860929.7935988307 709262.9001620859
266581150.5700871944 875675.9961308837
252516439.5736784935 412975.3045698442
252567998.6525529325 426580.2664282955
259768364.7237694860 790811.7230250463
252563944.4414645731 421717.1797888912
285621021.8070166707 978215.4519157410
252724317.2155637443 455762.8914943971
252724317.2155636549 455643.1844631471
252724317.2155636549 455645.7347561158
256084687.9474183917 683347.7088071778
256818772.7419711947 708220.7530179098
252711275.1114430428 454828.7251187004
256963423.8508189619 714635.2627835348
253518803.3650816679 545389.5898040384
255271970.9999671578 652251.4049400985
259062138.0631893575 769645.0765181780
256745620.3584629297 706923.8727994040
259230471.2461857498 775430.1552336812
257142257.7639460862 721160.8159298971
255918555.2012594342 676107.6428892091
253780248.1268447042 565699.4467770904
255150201.6885900497 646218.7096275985
257431057.3041108549 730019.6741280630
257836356.8741706014 742330.4992300719
259215924.6036628485 775138.8025668263
290122823.9329515696 1005134.0632324219
255072366.6393676698 644581.6745855510
255918555.2012593448 675590.1580259278
257315953.4376083910 727499.1674923971
254851355.4948884547 631969.5417224839
253518803.3650816083 545382.1728118509
254890057.9981389642 633965.9596466720
253603920.5183174014 552329.5971268862
254660045.8661479652 621504.7095770314
257917499.8564409018 744550.3149344176
256938877.1033484042 711129.4200156778
256015548.8654388785 678692.2117788419
256847936.2128271759 708300.1036038473
253330643.9992693961 527562.9714949578
254405512.2352260053 606934.8812419400
253508484.7400186062 544390.2899511307
255565147.1031734645 662004.6293466166
279757949.1599875093 931030.9409432411
255741242.3210716844 670041.3129293397
255449536.0517820418 655360.1281679943
254314371.8107633591 600165.7446761355
255463199.2623571754 655468.3971515372
253594742.1233014762 551140.8012305498
256924116.3124262989 710700.3473850340
253940200.6347359717 576668.8590408787
254806392.8871568441 629273.9577891901
297009433.1436403990 1011309.3195800781
253962872.8369729221 577281.1752246842
259273453.9576409459 775790.2326554917
255408605.0024862587 654549.6871809438
258394780.5909997523 752475.2532216534
255156058.1608291864 646793.5979358628
255230820.5662666857 647967.1595164016
258469139.7855422199 756996.4529342651
283431991.4342469573 959587.9725899696
258302794.4013276994 752194.8323232159
259478796.1990749538 781695.4432917899
258627935.1256909370 761990.0461959839
255204200.9735485613 647707.4100875333
258627935.1256909370 762428.1804733276
258441142.0331485569 756213.6228561401
258441142.0331485868 756318.4910202026
258893986.8979493976 768209.2314200401
258747275.1470797956 764728.9248014688
258422898.7627048492 755024.1487350464
