155996752.9557991922 320608.7608535290
157180890.3793235719 395313.3644971848
156061054.6770459414 330834.2065312862
156945623.7463243902 382660.2975330949
157546346.4705610871 411268.3324172497
155614792.3971632123 286962.5302100778
155744611.6915528476 297413.3588368893
156034367.0290331841 325810.9111168385
158488265.4980386198 446179.9331995249
155515224.8979730606 272035.8616833757
155913529.9507067502 314128.9258923531
157011954.6583981216 386872.4342711744
159207507.3979738951 471080.1295683223
158767835.6175064743 457875.4134325981
155524048.2366227508 272928.2965846430
156194389.2046081722 338676.7819173336
156443908.8414310217 353292.8020506501
156596129.6902734637 363067.1646642685
156707000.5118007064 367639.8034585118
155536473.1840988100 279360.8290553461
155903352.7583483458 312668.3628865480
155978193.3437457681 320306.2436188459
155958801.4913156927 319100.8953572512
155941782.2532312274 314176.2283828259
158380949.7774560452 445311.4532648325
156111150.0760755539 332244.2494466305
158396167.2523193061 445503.4918390512
155992886.0333592594 320523.7362487316
156503458.9904610515 356505.2512925267
155695374.5951194167 290783.6376805902
155893754.4928393066 312486.2482116222
166444829.0045490265 608773.8915224075
193917729.7526232302 709561.8149414062
157915146.1523675025 422856.8881564140
157259527.5679563880 397211.9839028195
157490146.6731213033 410264.7067707020
158560508.7126726508 450817.7357095182
155504362.2903751731 265880.9602809321
157862841.8695363700 422421.7970719337
155540362.1671524346 280654.7034732103
156530554.7705617249 358723.4353745580
155686208.0206219852 290754.1756902337
156586698.1189936399 362937.7837632298
158800482.5205944777 457989.1490209103
181645906.6429438591 661112.0601043701
155591905.8485225141 281929.4011670719
159325466.8865742385 476771.6437170655
155646844.7144691646 289429.1573796868
157619663.8519626260 416668.5529859380
158108779.9261066914 433750.2051187754
166167404.6760710776 601758.0759096146
156292421.4228864312 346980.7598752975
155517162.8011202216 272681.8700709711
155863519.6140442491 306371.3751111031
156213880.7429975271 339403.5679197907
158900337.8657710552 464184.9916157722
156894052.5307605565 380632.3306191564
155846452.3251654208 305200.3716084957
156158270.3201417327 333066.0622398853
157968578.3602478206 428458.9391818047
191522051.5440565944 705724.9179687500
155720656.1607069075 296456.8083196282
157704818.9990556538 419025.8831984997
156689028.2445847392 366817.1848061681
156299446.2018015981 347599.8224768639
157927603.5132286251 426311.3022189140
156181539.6899752617 338675.9760582447
157756696.2708317935 420701.3884005547
157743840.1861369610 420291.3570284843
158501336.0241444409 450517.2024866343
156249578.7100628912 345108.5085289478
156372620.8564312458 347807.6206696630
194537681.3614319563 709906.5498046875
160273612.6023239195 500985.8848576546
155826256.1185264289 303790.4184529781
155946171.9287918508 317563.2113986015
158625496.1138817966 453930.8575617075
155606853.5344917774 282996.6249089837
156091421.5497973859 332243.4435875416
156727995.1251667142 369514.0860656080
155823804.8744513988 303598.6815307140
158273574.9842277765 439756.7956949472
166526482.8044141531 608931.1041030884
155814326.6035200059 302243.1122469902
155744518.1906947792 297162.8835713863
156772267.3731172979 373249.7172768712
157576529.4725418687 413005.9380080700
158429532.4712520838 446173.3067804575
158212758.6616667509 437955.5461832285
164959369.7810554504 573165.0292192101
156461514.9058933556 354358.9442194104
182352451.7796089053 661461.3936004639
156546901.4054910541 359059.6340249181
156437599.8230901062 351302.0832436681
157091488.5496545136 390007.8177132917
159686987.3137940466 485592.7477574348
155580687.5904699564 281675.9693789482
157148745.4510944188 391059.0684366226
157552151.2300613821 411710.1862254280
156810982.5039862990 374867.6528187394
159747161.0308887064 491163.4267125130
158287051.1264894009 444244.0452591777
157589385.5572367311 413415.9693801403
175191522.3500864804 618335.2131567001
155833427.9297052920 304698.1464571953
156500622.1831673384 355516.4316323400
156732017.4135114253 372437.4791028500
165597620.3192778528 594182.0343732834
163763959.9517940283 557047.5383787155
156944442.0364969373 381914.0675106645
156813132.9573190212 375168.5646358132
156823838.5886811614 375277.6841908097
159755905.2246812582 491979.8583531380
156878495.1258875132 379826.0195792494
159902084.4025312960 492299.5859820023
166836526.0770900249 612884.4114503860
157474683.1758354008 405555.8576025963
159074524.9647827446 466880.2590322495
155891201.2262238860 311130.6789278984
190080968.4171963930 704571.2612304688
156939010.8455221057 380632.3430802338
158607611.9036614597 452051.1453774869
157361322.9564048350 402334.3774836499
163577589.8022333384 546361.7165098190
158069143.8481805921 430889.4734930992
158834345.7118393481 459925.2547411919
158814938.8084952831 459108.8231005669
166309299.8519388437 602607.5421571732
158796986.8897157609 457876.8834699392
158837942.7908680737 459970.6766161919
157948266.3008565903 426697.5072274916
158233645.6501793563 438480.2842281843
163557423.6826240420 544113.7482481003
159563409.2119747102 484690.4511785507
158137031.8491793871 436510.8028237708
178140070.4873107076 651698.5076208115
158189754.6792940795 437093.6926676035
156653080.1413153112 365299.7376769361
163587566.7421036363 546401.5963926315
166122501.7249120474 599655.4555273056
155861374.4261815846 306298.7392430902
157312960.0781663060 400166.4479785466
156703959.8337551057 367169.4396472871
159403835.5404796600 477011.8677265372
156427178.1750380397 350671.4476284981
157248056.0506580174 396662.0105956101
163721811.2818783522 551945.9376287460
159397887.0534217656 477010.7055473055
156585567.5194141269 360341.3709164262
157445594.1914948225 405487.9445617199
160253798.7946537137 500361.6914281845
156653356.3438338339 365492.1664956212
157267899.9854893386 397377.5793876713
158060645.5188792348 430196.5253646374
155680155.7350193262 289433.5201601982
166003584.1880851388 594484.3497133255
159141168.8171853721 469207.7328910555
155784216.4850905836 298487.9018819332
155788679.0286467969 298767.8391377926
159743828.8390002549 489930.1792950332
155856357.9533594251 306053.7157409191
163645899.3505219221 550954.5379209518
159913082.7311323583 497390.5274205208
155834772.6447558701 304920.4343526363
166367082.7622553110 607637.1448793411
166171001.7550998032 601803.4977846146
155828052.6699820161 304674.0078389645
161553431.2769362926 519309.9773924351
190129709.0843948424 704953.3842773438
178111709.4637229145 650406.1239097118
155770279.3734633625 298241.4753682613
166340420.2487576306 603503.7709474564
158045213.6281092763 429334.9797071218
164108436.6842558086 557445.7979435921
160174312.4939765632 499338.5065660477
159266293.5886600316 476562.0246921852
156437550.8061442673 350965.8845933080
166147997.7727270424 600941.6442689896
155785550.1726597548 298537.8437862396
156642883.0280330181 364448.8713271618
157210489.9806798100 395365.7598064011
157137912.3588508964 390160.3225502807
158037641.5365064442 429334.6718490124
156493694.1545761526 355180.2329819798
160651334.4471233785 513359.1485185325
155805274.1835263968 299374.7567565441
155856146.0864315629 305776.7382540703
157423010.7569419742 402544.3981738591
156405763.8679598570 349308.7072036266
157927148.4700398147 423239.6250626248
163157556.7604271472 540548.5429563522
156558783.2079948187 359426.3839779496
160025449.4895275831 499220.5938171148
157390411.9407452047 402346.5770593125
159421190.3268786073 477192.6587922412
165103921.9280838072 576267.7866497040
156410390.7580297589 349640.8662827611
155716660.2253209054 296446.8991516829
156507211.9924310148 357398.4170640111
160429283.1671850383 507168.9976506233
160574962.4929743111 513358.8780651465
155637733.4311542511 287225.9625061750
157811301.6437749565 422331.6403281158
157064751.3059658706 387905.5013585526
160399032.0952576697 505776.8843693733
159700057.8398998380 489930.0170445442
159068106.3067562580 466830.5443875629
189290948.2588484287 702387.4052734375
159051942.2529071867 466313.0516747672
157280756.0701842010 397787.6107597416
156399073.5506642163 348138.6141202450
163567400.6224943399 544153.6281309128
165393846.2714867890 577029.3003263772
165059279.3275592923 573247.6979203820
191971964.3614445925 706755.2890625000
178031864.2273989618 646664.6621103287
156704750.4184717536 367183.9347591996
159249934.6680392921 474402.4320458609
159663983.3314213157 484730.8942418098
159933339.6948550940 497692.0458832081
156672571.0553379953 366361.3161068559
158996798.4995548129 464442.5723664600
160230794.8122809827 499499.8379125595
166061336.9240752459 594500.1718568802
159174967.1832046509 469503.6644074756
160687942.6250738800 514891.8340667486
159453518.2797890007 480268.5251531601
159144765.8962140977 469253.1547660555
184826406.4985091686 674583.2423095703
160355397.9248626828 505601.2572941780
156875307.8965036273 375341.3241726697
159540405.2296019793 483828.5976629257
159459430.4764145613 480485.1101140976
161954243.2011756897 530070.8192541599
161998577.7251005173 539446.5969154835
161506944.0967553258 518829.1946926117
159082139.3605150878 468804.4739109352
159027821.8866254091 465458.8630158741
159202567.5904377699 470734.9777001578
164720458.7115888000 572444.1790096760
164263013.8727701306 565038.0335018635
185177780.5230188370 676412.4791259766
176822660.8322863877 637729.3334605694
190246686.7833007574 705627.6748046875
193367384.3937896192 708092.4311523438
183795227.9594035149 669340.7081298828
166065043.1205832958 596403.9121387005
188881728.1108893454 701687.0527343750
189293362.8290698528 702805.5849609375
164154173.5689493716 557564.7100505829
164170006.7895212173 563584.6552410126
161888451.7710807621 529937.3243087605
177550698.3580543101 646524.3554697037
160323111.6536050141 503626.6777043343
161763376.3839741945 527954.5436134338
161447730.4594664574 518447.6795582771
188585189.1922193468 700944.5532226562
159175627.0065408945 470386.0848176319
161812446.9479069710 528605.2147121429
175779121.2496009171 628028.6779543757
187895720.8123775423 697764.4116210938
161708702.8896856010 527632.8802394867
161803704.1154487729 528603.5594265461
165580688.4136106074 578479.8228597641
161645563.1077602208 522172.6822414398
161615528.2236037552 521702.1565401256
161668567.0901329517 523034.5357570648
161812880.0701467395 528801.3946869373
185832667.3842315674 681676.1530761719
174591744.0769801438 613521.8736424446
161591098.3389149308 521634.8209743500
176055818.0441202223 634889.9735031128
186214810.7671725452 691220.4233398438
185897831.6491824687 689208.5251464844
187763875.9150819182 696846.5256347656
178462524.7823852599 653433.4792556763
175605713.2358124554 625387.1776571274
186896277.9405472875 694294.7049560547
175276523.8456757367 619562.1999435425
175641586.5527550280 626065.5318527222
185245097.8304034173 678768.2714843750
185219932.8925431669 678639.2247314453
