9840402.6416593846 903718.7724609375
9833931.4927615952 898256.3496093750
9840829.6726711933 904089.3535156250
9830892.6331486870 896206.0332031250
9868553.0001289137 918660.5527343750
9828289.1951169465 890601.3173828125
9953145.0088797305 928139.1875000000
9977705.7311700396 928349.9648437500
9865940.5613957718 915108.2060546875
10068516.1903025694 928505.8710937500
9912794.0931109041 928082.8828125000
9868980.0311407223 921221.7949218750
9827503.5114183240 890297.0527343750
9836481.5673710443 900356.5566406250
9850370.7951853871 911848.5156250000
9844794.6345872525 908216.8115234375
9830481.6779226642 893072.7353515625
9847972.2794445492 911398.4863281250
9849036.4920370169 911402.6523437500
9852667.6609568875 913721.0878906250
9842105.5954048634 907233.0966796875
9845921.0399158988 909128.0810546875
9838121.9202126805 900707.8066406250
9843303.3909829780 907729.7441406250
9826636.6876138877 887133.3676757812
9839702.0172754377 902357.4355468750
9827151.6764501352 888937.8642578125
9860116.0838970114 914503.7011718750
9899203.2827225532 922538.3593750000
9836908.5983828530 900481.4648437500
9827930.5424301326 890512.8964843750
9897678.8204894811 922295.9580078125
9875726.6938124355 921721.4306640625
9856772.7878612857 914262.7031250000
9834083.0516302045 899812.8632812500
9891001.3670064248 921761.8408203125
9863190.6675377339 914859.8476562500
9846128.9377356246 909962.0136718750
9860455.1465876549 914712.4658203125
9843730.4219947867 908147.5957031250
9849251.5399451479 911717.2207031250
9893370.9938054513 921987.6201171875
9851650.0556859858 912128.1552734375
