84561750.9819277227 53019.1936135218
84756173.7556470931 60503.6376782097
84640805.7525443435 56567.0580437817
84631247.8452496976 56450.0580829717
84937753.3453516364 66011.6956840046
85005376.3532465100 67905.0054356754
84683512.4898838401 58475.0512519516
84928181.6805079430 65932.3283317424
84764738.6033164710 60823.0893030018
85987785.6256459653 83445.8780965805
84514470.1068732291 49206.9867522232
85262893.3508985788 73425.9962282032
85158848.6165431142 71392.8543825001
84823714.7234703749 62681.3086173870
85867387.7928718179 82443.0007936656
84567333.5818935335 53111.4401650354
84762136.2232419550 60775.9469230510
85240353.2085151076 73152.7757770913
84781098.9264438599 61129.4447911121
85327620.2656282187 74729.2515234947
84648334.9246644676 56782.2650555223
84742793.6524110436 60242.8787933029
84795805.8766316473 62053.4783978313
84515230.9518678337 49224.4386064522
84564622.6033668369 53022.7348431125
84679762.1637577415 58252.0758186020
84689095.0898496807 58567.7902351059
86118882.5566942245 85081.4934425550
85483703.0725266039 77395.8152467906
84592180.3008827120 54768.6195791103
84601652.8799961358 54887.0609185249
84775516.3264780045 61036.7058079578
86490738.5934827626 88735.3170414167
84818636.1324563920 62534.5152368397
84653454.4722333848 56888.6670452394
84634572.5680443197 56513.7951484360
85854632.7973971814 81420.9649085999
84679331.9427032769 57230.9407055713
84651751.0771744102 56841.5191414990
85497051.4955012351 77610.6803486049
85771510.1261794418 81180.8581376271
85607277.4248885363 79130.4939882457
86167483.6277178079 85334.6489315229
84813150.5503079444 62350.4901256608
84705719.1168675423 58913.6602142192
85648215.8549738526 79543.7624621587
86301450.2436668426 86949.8710270124
84566799.2364140600 53075.6405697092
85685780.1453698426 80456.8220827281
86252398.7662362605 85629.5231956691
85579260.5710751414 78779.6629335582
86158017.7328050435 85120.8857364850
84543801.1385520697 51272.9884687029
86894209.4480189830 89927.1686649518
87246259.2851151973 91970.1248707026
84809185.9798676968 62336.3266382068
84597762.9008485228 54860.8661306240
85348823.8927621841 75355.9783527553
85958134.9001990110 83187.9769020276
85376207.8488493860 75595.3415119350
85842297.2175836116 81227.5949640470
85975450.0458323807 83252.5081520276
85409269.0843869448 75938.2259523571
84602811.1553348750 54917.3130868115
88942188.2977119833 93249.3311405377
87034871.9965969473 91659.5707947619
84549787.6658223122 51399.3165962063
95792150.3453926891 111073.5264358521
85276116.2561381757 73913.3127643764
85389316.2425431758 75602.2565509975
85363856.3396192491 75428.6004490554
85605552.2364619672 79026.6996223629
85994900.7185084522 84502.8563103871
85474124.5966397524 77105.5808002651
85509360.6770981550 77620.2546999156
85158215.7188168615 71392.4150514454
84772572.8478723317 60994.7196362354
97070663.0962095708 111428.7064514160
85552280.2055822462 77908.3590700328
84506403.9344795644 47424.8878099238
86325982.4944034517 87204.8163800435
85509690.0600419790 77626.9028649628
85614667.4675569683 79191.7218534648
85266786.2458216697 73666.7221655846
85388683.3448169380 75601.8172199428
85723955.2820100188 80702.7615968883
85770362.1404223889 80998.4323637187
86294396.0426644832 86589.3313083844
86078772.9521691948 84574.2587046819
84509017.8662662059 48980.1015516333
85473491.6989135146 77105.1415912807
84512938.0374653488 49205.8530389629
85071980.3076939434 69382.0988237560
84620538.0823952556 55199.9464813517
85477658.8736462146 77167.0868206024
85375574.9511231482 75594.9021808803
86747455.3709380180 88830.5324039655
84582307.9234101623 54526.3444599248
84708321.4969420731 58960.7978334278
85855052.2130582333 82249.6308491128
85163374.4091924280 71634.0196509361
85252055.8906023949 73345.7063905895
84504460.8642076850 47380.8628198421
85262260.4531723410 73425.5568971485
84510994.9671934694 49161.8280488811
84521575.6948734075 50505.2301749066
85066600.0136597604 69166.9961127453
84576671.6138865799 53317.9156888947
84520045.6435788274 49272.0048261248
85275483.3584119380 73912.8734333217
85508727.7793719172 77619.8153688610
85004990.1975253224 67489.2722263820
85267419.1435479075 73667.1614966393
85606644.5271622837 79130.0547792614
85252688.7883286625 73346.1457216442
84989039.4351505786 66970.8297476768
85171438.6240564585 71879.7315876186
84964989.2515534461 66759.2474234439
85408636.1866607070 75937.7866213024
84507074.7959943265 48936.0765615515
84517174.0221396983 49268.4635965340
84526180.0392100662 50731.9098616764
84842606.0003824532 62999.1640599109
85457958.3319038153 76448.4505407708
84528123.1094819158 50775.0372687504
85711619.7021964490 80509.3916523354
84817020.2244235724 62509.6631481983
84576390.6489844322 53276.6550366320
84780677.7203320563 61079.7760327198
84551878.6044551581 52776.9184943363
86986991.6066056639 91659.5696659284
84610990.9119891822 55093.5364423841
87108943.1946869344 91677.6946434975
84554750.2258942872 52780.4597239271
84530994.7309210449 50778.5784983411
84557461.2044209987 52869.1650458500
85521432.3499778807 77661.7984748185
84647952.6712803692 56774.5492726006
85399682.8032105863 75632.5717909234
84837094.8267064244 62942.0675022937
84587890.5233760029 54618.5910114385
85534282.7590444684 77731.5034077065
84506794.3170056641 47426.3552224888
84657429.7795621902 56912.9280228950
85172071.5217826962 71880.1709186733
84668375.1041922718 57187.3891206123
84661715.0279005170 57043.0191796869
85152608.6244134307 71327.1673633950
84582254.2138524204 53410.1622404084
84597228.5553690344 54825.0665352978
84616573.5119550228 55185.7829938978
98581133.7324954867 113597.8574218750
84612683.5328074247 55159.5882059969
84607100.9328415841 55067.3416544832
85175204.1658224165 71901.6831257045
90039739.9885666668 100271.9925231934
89757350.7801791131 98248.8299331665
97424035.4783786833 112365.2023925781
85563259.3309243917 77917.0917904275
93327138.7945914865 107688.1583862305
85148644.0539731830 71313.0038759410
84579543.2353257090 53321.4569184855
84994785.6349553913 67409.4217198230
85436469.0262551308 76199.3653395073
84836555.3753258586 62753.0278599598
94157243.8791227788 109277.9198608398
85299841.5720406026 73943.2545101540
87292325.2267543525 92003.4428638667
85325284.9950989783 74057.0135700405
85189855.5098440349 72101.3034031093
86856625.2687375247 89626.4278202252
97464499.3213479817 113053.7318115234
84505793.9086718857 47424.8442361606
84532098.4168107361 50799.2982464060
84503850.8384000063 47380.8192460788
85085937.9858051836 69859.7194292247
84605592.2012209445 55023.0632833876
98369594.1525636166 113566.0373535156
84998117.3076694310 67423.1458762223
85075311.9804079533 69395.8229801552
85148011.1562469304 71312.5645448864
85167505.8019740433 71640.2719321251
85080712.1331619024 69700.8474428356
85071347.4099677056 69381.6594927013
87109807.0090053380 91781.8137779431
85019271.8604463339 68246.5565263927
84957941.4065530151 66572.2420399524
85113447.5178174078 70367.7980368035
84994152.7372291535 67408.9823887683
85142851.3517984450 70595.7699673073
97945277.5159395337 113222.7520751953
85105432.6315322965 70186.0243506432
86920409.3595467806 90258.5253544049
89257907.7024937123 94994.4304220872
85209517.4771572948 72216.6047451394
84910683.3179590851 64991.4170062877
85029338.1190517843 68259.9851505654
85309858.6712701023 73984.6937801735
84911844.7624120265 64998.1526437439
85017340.7328885496 67965.2207269082
98779032.7260643393 113609.9674072266
85229012.1228844076 72542.9096665578
84989405.3409211636 67194.3190088123
94152206.8877948672 107917.7608032227
86915962.9582076222 89981.1754436688
84869730.8905449659 64248.4444589466
84533122.6817914248 50815.3008782677
85141662.9388388991 70525.1235632896
87533669.4910105467 92147.1115650386
84657825.0487529188 57016.8243917860
84942077.1877077818 66273.8794224598
85213147.9040392041 72236.8751740651
84816657.9546011388 62420.8998803943
86100673.4665713906 84961.4675178723
84696259.6953936368 58735.3220997490
84904617.2542715222 64837.1810401017
85038251.1022096723 68492.4648718834
85125261.4208177477 70506.2223305898
86963601.2784173936 90639.8451808095
84696892.5931198895 58735.8053761162
84727889.3590406626 59205.9972546436
84700857.1635601372 58749.9688635701
84521149.3294685036 49292.7245741896
85037618.2044834197 68491.9817175865
84954497.7967840582 66508.4191120006
84896574.9558121562 64747.9385960437
84565726.2892564982 53043.4545911774
84666664.7301400900 57134.3226159662
84915809.3328522593 65012.3161311978
84887065.2823556513 64527.3379538590
84794714.9725794941 61271.1510899402
84535009.5271988064 51107.8744040392
84719099.2201035917 59174.4143383838
84715546.5986730605 59099.0821874477
84961905.9769932330 66586.4055274064
84723063.7905438244 59188.5778258378
84526286.4899120629 50740.7527141795
84795359.7757277638 61284.9212668473
84856800.8852594644 63099.7454808094
84791395.2052875161 61270.7577793933
84508095.8226660043 48973.5067473315
84759229.8060019612 60651.4783774056
84667297.6278663427 57135.2657312006
84586283.2307389528 54550.6054375805
85039100.6497317851 68559.0826313393
85939320.1373624355 82700.6630106168
84924585.7782887071 65056.0575945079
85100386.4810564220 69964.8146981606
85056880.9428855777 68645.0826966465
85102674.0812067688 69974.8564076284
84555853.9117839634 52801.1794719920
84575162.8822659701 53273.6373177990
93162494.1445357651 106552.3698120117
84701842.2953594774 58828.0610829033
84730406.6827160716 59280.8575678291
84702475.1930857301 58828.5443592705
86832309.2307020426 88872.9965458112
84981811.9270100743 66809.8581440346
84883100.7119154185 64513.1744664051
84568469.0775342435 53237.5542184338
84940928.8860177547 66192.9996922351
84623640.3713184297 55203.1397909559
84941561.7837439924 66193.4828465320
84851355.6759903878 63097.5439780289
84789132.3726136684 61178.4121067859
84877720.4178812057 64298.0717553943
85018756.4564825445 68166.1599504650
84839286.2330904305 62998.7141087390
85018123.5587563068 68165.6767961681
84936181.4897097647 65978.3801355213
84883733.6096416712 64513.6576207019
84847391.1055501550 63083.3804905750
84843250.8035306782 63012.8775961930
85013376.1624483317 67951.0572394542
85012743.2647220790 67950.5740851574
85016707.8351623118 67964.7375726113
98267640.4308600426 113561.5062255859
95366585.7480156571 110401.9157714844
91759724.2906753570 102934.5972518921
84935548.5919835269 65977.8969812244
92189719.7002129108 105673.5270385742
84580745.4822317809 53365.8838693127
98150055.5345164239 113426.7324218750
84516913.3447941393 49230.1140166186
91289882.7676690221 101271.9886150360
84833579.7491648942 62691.5436070301
97225630.7784786373 111699.1528320312
84561436.5117497891 52893.4260235056
84663407.6487187445 57109.0709432997
84662774.7509924918 57108.1278280653
84829627.0841466784 62690.6671421863
84591865.8307047933 54642.8519890942
84712957.5963659436 59070.8422384895
84757404.9729171842 60582.8293295540
84580464.5173296183 53324.6232170500
84652902.3735199422 56865.8527088799
84785179.7075954378 61177.5355198719
84774883.4287517816 61036.2225315906
84789144.2780356854 61191.6990073258
84611174.8011867851 55115.3098349012
