134523559.6648972332 343809.5706821531
133105986.1963417530 213171.2254430963
135052049.1935968995 374839.7738071531
136065793.8635891676 416320.9142912626
133723839.5394225419 293874.0045066756
133995980.5713700950 310805.2639071626
133907588.2035402060 307936.7222659272
135803108.6987740099 408232.0245084763
134334425.2430953085 332998.6288757771
139371172.7877485454 492340.6688081920
133250744.2788819075 240758.0088313534
133826746.9167709798 300699.0868345184
133594969.2265351266 280071.4388471526
133956254.0129079968 309610.4321286363
135774574.0768010020 407577.6948060989
136606830.1208617687 431906.7654494643
133438219.7047203630 264984.4010240152
133758479.6094242632 295290.1623446626
135022688.7087277174 373078.6946992725
138364138.6926435530 476718.8656474948
133444583.0218736976 265652.4992906167
133234069.4388652444 239434.8096126034
133105986.1963417530 213171.2254430964
133133159.9117367566 216599.0129550411
133156633.0560262501 223051.0910433247
136103115.2032484114 417508.0783456564
133205448.4986335039 232633.7216609432
133801844.8696880043 300308.3560691756
134034642.7624265105 315504.6501376313
133117851.9047582150 214963.1769681885
133091417.5451646447 205662.2848250582
133302775.4976950735 248671.9621820166
133465909.0966987312 269977.9870107728
134072886.6512421370 317239.6154696626
136233281.9331454337 423530.6637948751
136458909.8715493083 429797.0181487799
133087269.2991020828 205659.2697076513
135561052.3686015010 400164.5610089302
133702641.0277582705 292261.9769198579
133154686.9491245747 222918.3990114643
133635005.8396265507 285827.6253573579
134344770.9676135182 333237.8629539460
133719031.4320345372 293555.1970126313
141651192.9224158823 524030.6416778564
136020059.0998969674 415342.1320565939
135842095.3847876787 408907.7804940939
138288122.4503791630 476715.4943309724
135269867.2028247714 386731.5810777396
133117851.9047582150 214963.1769681885
133210527.7054979652 237065.9878862812
133940411.2682474405 309482.0646884126
133283482.1237099618 247216.8512147381
137051500.4901075959 448423.5471813083
135987036.4715504646 414505.5230564550
133091641.9616055489 205696.8633291437
133309138.8148484230 249340.0604486181
136439655.4335766435 425948.9406927824
135206441.0932312608 382275.2706057280
133521406.8282804489 272622.6287742538
133368278.8727027476 257097.6112298681
136617384.3193565011 433364.7238234878
141417000.9015204310 521583.1682929993
140767907.1611616611 515842.4250679016
133169994.9561031014 224481.9413569882
137175917.4365798533 450177.7273570895
133455895.8590548038 269265.5082368567
133708031.6659637541 292307.9566790742
133460449.7273025513 269298.2160882666
133103507.6700220108 207488.8148542358
133077974.7757524252 196841.2906483127
133319721.7552683353 253353.6609781696
133819298.0933330357 300508.6467806977
133099135.0075185448 207451.2212327434
133531839.9254331887 273153.7179185464
136349622.6887560487 425116.8467620611
133174230.1315269917 229312.1023488953
133395263.9133104980 262863.8645257666
133257966.9485404193 240782.4996522381
153963119.6339100003 619455.4633789062
133336123.8554561883 255106.3137445166
133434150.1957107037 264822.4541597082
133749160.1368634105 294187.3823057098
133832086.4788779914 301914.9539609832
136178798.1637558341 421402.8331891969
133082347.4382559061 196878.8842698051
133390710.0450627804 262831.1566743567
133181906.7652662247 230264.8999346211
133354999.3988976777 255747.2484546020
133354999.3988976628 255747.2484546019
133078199.1921933591 196875.8691523983
133073826.5296898633 196838.2755309059
133353619.5993948430 255137.4356431677
133637948.1173439771 285903.5842425508
137397811.5745961964 458016.0300642401
137976076.1465892196 469994.5625433922
133154686.9491245598 222918.3990114643
135502261.8721529245 398204.6477250904
133412759.6572491825 262894.9864244177
133384202.0980757177 261351.5548861935
133712538.2116842419 292422.4378477019
141858661.6586819291 531478.3756103516
153823820.9322030842 618196.8701171875
139302476.3537998497 487119.4395601451
134036372.0674840808 315694.2730471772
142318884.8842349946 539457.2030029297
154153234.6133016944 622322.4057617188
133123097.5980627388 215110.4138530208
143417933.3208436668 553805.1004295349
154057155.3494258225 622142.1669921875
136420697.3890595436 425130.6791915968
139327199.0952497423 489255.3619081676
136049829.3238689899 415418.8954470828
138512690.3078891933 480615.5819627941
139625177.0882815421 500113.1660003294
141845782.6241352260 528041.9817504883
133488711.8899024427 270645.9061279013
135158554.8287760913 380297.2295152396
134285365.7824400365 330253.6727900339
135670600.9054135084 401150.5759442523
135913168.7724225819 409832.2710288242
147837898.5057814419 579733.5332641602
142235201.5816946626 538609.1981201172
134297099.9485476315 331094.6662914437
135409983.6748010814 391959.5335978717
135422381.8964080811 392149.9736516923
137395913.1360798180 457622.8159391284
137365433.3746003211 457131.6721202731
141687126.4634439647 525705.6802978516
135386890.6291639805 390463.8023440093
135011640.1595783830 371312.0589536428
141806120.5033428371 526257.1463623047
135328874.7896885574 388709.6221682280
135748140.9053637683 403316.5222333148
139811274.2596673667 500308.4678346813
142135211.8269873559 538279.4635620117
141965488.8302027881 531832.0255126953
135900480.4608345628 409339.1076825336
134820590.7811946571 361313.6018849462
140728641.8838661611 507196.2535304502
140313943.7192483842 505389.3082179502
142451391.3470076025 540153.3463134766
139613691.0448179841 500099.8844788074
135556216.2574885190 398704.0264579854
142018587.7580056489 537296.5001220703
135259814.2527311742 382711.7226840854
133886891.8235384673 303727.8229203671
134978970.2432261109 368311.0994579047
133159212.5573016703 223234.7010234310
136517960.7985174954 431610.5436477065
133123097.5980627388 215110.4138530209
135706886.9272485971 402134.3780911639
136454363.8653939366 427078.1844358644
135602394.3736533225 400191.3423628807
134453164.0287604034 338660.2263180894
135101580.9171319902 375736.3592006415
134337177.8646668792 333188.2517853230
134512384.9757840335 342491.1449890584
135485089.5831883550 397962.9042033404
153862022.3076190054 618526.2963867188
133200320.5373069495 232195.1786693051
135546403.1657646298 398235.8135888577
133718409.3186661303 292452.4169736785
134455916.6503319442 338849.8492276353
139356279.6956439614 489466.1328535080
136762737.6308763921 439799.0753859878
134961797.9542615116 368069.3559361547
135084408.6281674206 375494.6156788915
133240431.5817169696 239478.0606463864
143005828.0046065748 545866.8186302185
139929147.5542377830 500421.4657785594
135148256.4700756073 377248.7958546728
136891703.6542738676 445902.2326244377
136670931.0879935026 438044.8952102065
138960252.9957627654 484965.7246527672
135984814.1649022102 413465.3675558567
136827353.4817024171 441127.8697642684
136660119.1566255093 433950.4779560938
135185122.2032311559 380399.8037047237
137646640.2199331522 462079.1241969466
135386025.0139188468 389413.6372203082
135196342.2594747543 381517.2011281103
143694692.6420183778 556461.4648704529
139525470.1934212148 498364.6166231334
137807439.1939081848 466817.8792347908
133248108.2154561877 240358.5645907833
139362153.8750569820 491563.5286714733
137406287.1493240893 460880.4841930270
133165682.8769835830 224146.8503840878
133178378.3775895536 229363.8644312336
133189538.1385055184 230947.9383357479
135434976.4185631275 394732.2076174468
137229464.2052168846 454857.8987438083
135753892.9923291206 405127.7518113176
134202773.1954350322 324933.3696133775
134530447.7736908793 343813.2359260172
133197214.7722447366 231828.4422801449
133185012.5303284228 230631.6363237812
134372669.1319109201 334733.5942078084
133781021.4993032068 295588.9025768489
137321270.7480997443 456612.0789195895
139255065.9075941145 486824.3135199547
133963020.7440209389 309780.8049205989
138274954.9395392835 476693.8110501468
133614842.9789844751 280580.4702670259
133872327.6156843007 303206.0596921128
137910077.4767400622 468884.7197699547
138030145.4923741519 470608.7741100192
134295370.6434900761 330905.0433818978
134116098.7253852487 319242.9244828671
142375833.9808854759 539927.5439453125
138414672.9947333932 479209.8839158118
133900291.6414978802 306057.1637484712
134780204.8258146346 359324.6722446531
133784671.7063455433 295781.9642759246
133247552.5457519293 239585.9930613949
145287290.4873664379 562714.3931274414
133784169.3651964068 295591.5242221040
134569701.4590580165 345874.4592076391
134897360.7425598502 365534.5127583593
148422454.9641146958 581614.1488037109
134608931.3157427311 349836.9296570271
134685601.2276352346 351841.6283124685
138044850.2384163737 473866.4423639178
133600682.0978995711 280251.8121152801
138135961.9323605597 475549.6210548180
141993091.7730501592 533768.6237909198
134094105.8189456016 318721.1612546128
134999360.6542007327 369616.0004983378
134633096.1377599835 351564.7536183447
134693475.8648557663 352554.2543736547
134222896.1616375148 326205.6571514291
140734393.1360406578 510157.3086703047
133693194.3553277254 287861.3309215754
141349803.5784980655 518939.3971416354
143349333.3285755217 552103.1654396057
137742788.2168205678 463163.6855279803
137892515.3270929158 467432.0908014178
134741960.9369990230 357589.7069126219
137786275.6428959966 463807.5961290300
137786220.4514890611 463764.9681452513
134113696.0552528203 319036.6490215510
133859570.1330627203 302365.0661907030
133619697.8326480240 284264.0830118341
134004146.7889977992 311675.8137554377
145313086.4607023299 569848.5357055664
134113967.7609994560 319160.3096522540
133658366.4210530072 286346.7235629243
133669733.5336856544 286709.5812663866
134894608.1209883094 365344.8898488134
134771655.3434445560 357851.7975553274
134689167.6239480376 352541.8381672949
133670517.4091086835 287422.2073275727
135018382.5267860591 372024.6850148290
133507773.3135799617 271635.7230136079
133693877.9905351549 287941.3055331392
134349319.1893253326 334484.9711609334
134734431.5708405674 356877.0808514357
134324405.7537193298 332750.0058289021
134565393.2181502879 345800.8681675047
134082469.9400664121 317607.1128687692
137218555.4379903674 450653.3986198306
135021135.1483576298 372214.3079243749
146316737.3465342820 579622.2630615234
134204330.1177165210 325182.8951014727
134185589.7794050276 324470.6918193978
134539884.3248413503 344065.9028354734
134503263.9450091720 342107.3171077818
134542636.9464129508 344255.5257450193
134416217.8205212057 336266.0631789565
152184272.1375612020 597162.6545410156
145383916.1705159545 571758.1289672852
133895081.7025448531 303959.6481609178
134457968.5895774364 339376.3350098580
150219760.6137070656 585192.9305419922
134417007.7318903804 336313.1255798787
152759610.5739420652 613483.0478515625
144072407.6939504147 556828.3559837341
134400683.0719461739 336056.7934265584
153864278.2501970530 619175.0556640625
134438252.1156122386 337031.5101304501
153793026.5167825818 617609.0947265625
153665435.5056112707 616765.8413085938
134122563.8028790951 319408.3963622302
134436533.9619145095 336471.4951206297
153644729.2938900590 616634.3774414062
144470657.9519260526 558606.8342933655
152261903.9759441316 598048.3884277344
153103363.9582041502 615213.1430664062
152475678.2005261183 605573.1823730469
152905031.2093622684 613983.9521484375
145634586.1905938983 572821.1128540039
153371543.9253622890 615344.7392578125
152921081.5705014169 614658.3315429688
152753044.8954170346 608901.2207031250
153410324.7338090837 615832.2788085938
152143806.4743894041 596426.8117065430
152060306.2782205343 591456.7894897461
152266742.7302888632 604358.1035156250
152708969.4649339914 605912.1811523438
151880110.5887852907 590889.3737792969
