84923902.3459364027 235564.7127344310
84914879.6732196510 235532.3759424388
84647753.1631567329 197120.8523323834
85443313.1143985987 285814.8805087749
100307372.6230068207 399892.8156738281
85544186.8281760067 295841.0054350551
84665410.4393717945 202986.5448932350
86281000.0006700754 342585.7472246885
87083610.2898617983 368545.7929687500
84658364.8187895566 197534.7320855856
84783323.3743208796 220388.7036173344
85037337.2858702838 246117.4703668952
85544186.8281760216 296108.5474710595
84623903.4893599302 193525.0979912281
85933404.9221406281 324113.1664180756
86857285.6166908443 363082.6292591095
84597493.7932729274 187096.3311505914
84804501.8936447948 221191.7223267555
84684658.3337015212 204920.9153232276
84999936.1441094130 243960.0143258274
86141467.9596159756 334735.8728694916
85075129.9105836302 251220.0064942539
84705742.3348983079 206509.6371110678
85523991.2591061592 293574.0429773461
85523991.2591061890 293610.7387781274
90187506.8212169707 384794.8301391602
87175623.9042604268 375972.7092895508
84534715.6828075200 167918.8514328897
85544186.8281759918 295762.7866296899
84699918.9742058814 206145.2657700479
84833836.8060624748 226104.8763600290
84840620.2417895049 226291.5419904590
85544186.8281759918 295813.2656335961
85600232.1275817454 300237.1228723656
85841391.3077419698 316940.6240348816
84997411.7243361324 243482.9665300548
84937495.9884342402 236851.9800874889
84550721.8007725030 174031.3854571581
85104536.1735083163 253646.2688198090
85319435.2336344272 274647.9217297863
85378783.6274396926 281679.9975049328
84534715.6828075200 167980.5561142862
85217505.6933829337 266306.0816275775
85134478.3043889254 258033.6428162754
85212038.6698225886 265124.5897112023
85301325.8130195141 273681.7409875225
84573623.5426428169 180862.5698710680
86651013.5598208010 355960.1051502228
84550721.8007725030 173948.2828513384
84543468.1026794463 168536.7495825347
84775565.0788001418 219529.1487075686
86281000.0006700456 342585.7233618498
86038737.6680169702 330154.5826740265
84679986.2199361622 203919.0207816958
86847720.3378812671 362887.4760608673
84780353.3737405390 219599.2406722903
85217505.6933829337 266288.5338427722
84543468.1026794463 168619.4336605966
84595529.0773592144 184166.9175711870
86038737.6680170298 330211.7872638702
84543468.1026794463 168619.8491100967
84557617.4246778339 174789.0696061961
85835849.4124808162 316894.3564376831
84543468.1026794463 168628.8870804608
85127280.0535961539 257369.6375100315
91027511.5779862106 387352.6192016602
86038737.6680170298 330193.4708576202
84565797.9158967286 176272.8878145032
84550721.8007725030 174055.4609164596
84543468.1026794463 168568.7262650430
84588804.8900017738 182531.7924431264
84769741.7181077152 219161.1218776405
84752288.4563920051 213680.9868118167
84543468.1026794165 168536.3310547769
84543468.1026794463 168598.0357361734
85158157.2995776236 259498.9134871662
84813524.5663615465 221263.0324578285
87207212.5527168512 376036.7947387695
84653576.5238491744 197411.6095575094
84734806.2997967005 213585.4121410251
86476230.4999473691 349563.7062206268
86228067.6116356254 341994.0578136444
85291892.1585378647 273084.0894954037
85199246.6327042878 264998.5977687538
85223193.9082510024 266411.6563708484
86038737.6680170298 330154.6068363190
85295756.2384457141 273518.4143209159
85378783.6274397224 281775.7989322506
84804501.8936448097 221249.9351258278
85037337.2858702838 246187.3980707526
84588804.8900018036 182586.8191010058
85212038.6698225886 265186.2557268273
86717924.0650403500 360099.7022075653
86717924.0650403202 360016.6270122528
85295756.2384456843 273429.4972026180
84674162.8592437208 203604.0245151222
84565797.9158966988 176197.2821706645
85030569.3333132118 245089.9843251407
85275560.6693758368 271240.7535502743
87108713.3990409374 371374.6459960938
85747617.1149417907 310614.4325084686
86036840.0218030661 329305.0712871552
85030569.3333132118 245163.7443616092
85355866.1112539768 278674.3822686542
86651013.5598208308 356112.6959705353
86997838.7579033822 365218.0996704102
85446048.8421965092 286980.5568750743
85443313.1143985689 285814.8417972270
85140166.5192569941 258156.7653443515
85636265.4659557641 302955.3184378035
84762855.3200830966 214075.4790317416
85816511.3778934032 316239.3716312386
85135378.2243166119 258065.3027894199
84789146.7350133061 220735.8876538277
85288557.9876529276 272727.9982638899
84687312.6025128961 205551.8583163917
84652234.5799880475 197233.3337545097
85377931.3273293376 281015.4450700022
87232117.3690587878 377923.3587036133
85030569.3333132416 245215.4011094272
85987384.1528086662 327975.3820304871
85336555.7049475312 275540.1568942610
84728982.9391042441 213241.4932384193
84697924.2581457347 206016.7139007449
99942631.1903434843 399644.7409667969
84595525.7057839185 183532.5643354654
85062448.3330094963 250366.6242105663
85047934.7119444013 249548.9689592719
85377931.3273293376 280969.1573032886
84693135.9632053375 205903.6286308169
85508286.8977218568 289470.8948374595
85377931.3273293078 280888.9365034271
84612675.1406318843 188855.7262175381
85183853.6675135940 260822.2524048984
84747500.1614516228 213636.5497009158
85693967.7094147801 306780.3444076516
86228067.6116355956 341993.9570293427
84721656.5565275103 211651.9418517947
84595529.0773592144 184265.2975997329
84721656.5565275103 211573.2564346194
84760897.1789940745 213989.1134572029
84927770.6623094976 236149.3617357612
85456139.0853716582 288865.1980563123
84760897.1789940745 213988.6695914268
85015214.1746817380 244646.1296136081
84605674.2844917923 188618.3625024557
85636265.4659557343 302849.7280846536
84645809.0240762979 196975.7430469990
86105648.1732365191 334306.6560802460
84581804.0338617116 182325.0698356032
84605674.2844917923 188504.5437150598
85377931.3273293376 281013.8472929168
84619399.3279893249 190558.5902665854
84605674.2844917923 188504.5076146722
85445897.3505150676 286420.1328276210
84595525.7057839185 183502.6167784929
84581804.0338616818 182226.6898070574
84632083.9805787951 194987.7158977985
84616745.0591779202 189867.2269330621
84595525.7057839185 183495.7567538619
84645809.0240762979 196833.0990116596
84645809.0240762979 196927.9436619282
85030569.3333132118 245124.7838551700
85068027.6249067038 250863.1672403514
85445897.3505150676 286453.1994093470
84619399.3279892951 190534.9439740777
84951612.9619126171 237403.7977873981
85030569.3333132118 245139.1041066349
85374976.4149298966 280731.5741393398
84605674.2844917923 188594.7162099481
84907917.2656087726 234102.4797992706
85068027.6249067038 250920.3726503551
86347279.4456841648 343075.2035176754
85015214.1746817231 244621.4893586338
85030569.3333132267 245193.5753934085
85030569.3333132267 245183.3103139102
85015214.1746817380 244634.0355927646
85194986.6549444497 262853.0002962053
85636265.4659557641 302916.0054450966
85030569.3333132118 245151.6503407657
100061414.0232824087 399705.7683105469
87101348.6868005395 368859.1772460938
85681223.6841794103 304277.3836047649
85927863.0268794745 324044.8440475464
85191676.8882558048 262792.4838090837
85724497.7634947449 309136.8317752816
85337455.6248752326 275653.6969104353
85480848.2558193207 288904.0785036888
85008015.9238889664 243966.4464299381
85111294.1711426079 255111.7563512027
84527315.0172989517 154491.4920046721
87416373.5647951066 383055.3452148438
86105648.1732365489 334634.0339183807
85111294.1711426079 255141.4874512851
84572623.9639135748 176550.3703223467
84572623.9639135897 176550.8089514971
84572623.9639135897 176612.0750037432
86178277.3207806051 335416.2121906281
86171927.6182506382 335098.0881977081
86420526.9014722109 346362.6714118384
85579223.2907307446 296491.4525271263
85043226.2311520278 248158.3712060153
85911261.9430254847 323277.0363769531
84550676.4950091392 168771.5303154886
85758809.1344343573 311935.5890995003
85398360.4312894642 281921.7813479584
86902486.5219686031 364814.0509033203
87175623.9042604268 375707.4568481445
85758809.1344343573 311890.5746570565
85758809.1344343573 311938.4992557503
86379441.5892471671 344379.7945693396
85758809.1344343573 311947.7562848032
85927863.0268795043 324054.1008834839
86902486.5219686329 364814.6010742188
86759898.2464435101 362536.2721710205
85253351.3448913097 267992.7325229645
84992901.8647671491 243291.1961862743
85927863.0268795192 324064.9285202026
86633194.6640221775 355081.0961456299
84942284.2833746225 236975.1026155651
84942284.2833746225 236967.0169870555
86105648.1732365191 334532.8143482208
85927863.0268794447 323996.8962936401
86637478.8080444336 355191.9203643799
86490793.2382332385 352220.3985366821
84993021.4890218675 243438.7357065380
86527479.2678666711 353942.5051727295
86105648.1732364893 334264.0428638458
84974270.9207978249 240822.6687564850
84992901.8647671491 243278.6499521434
86490793.2382332236 352137.3365249634
86211248.4308226854 336015.8828411102
85647904.2042390704 303146.8410087563
86105648.1732365191 334314.4276294708
85111294.1711426079 255128.9105164707
85043226.2311520129 248114.8368928134
86503208.5337029994 352498.1179145239
85065931.9475706518 250390.6129700840
87345849.7737335861 379320.5015258789
86420526.9014721811 346304.5356696509
85194986.6549444348 262847.7677579820
86637478.8080444336 355110.7216339111
97218087.3630078286 396479.0773925781
86738774.2132108212 360601.6322833896
85758809.1344343573 311890.5515018441
85816511.3778934330 316283.7243381478
85816511.3778934330 316285.0358868539
86997838.7579034418 365397.6665649414
86347279.4456841648 342806.4320333004
85711956.7671360523 307328.2329975106
85738808.1233766526 309648.7702518441
85636265.4659557343 302804.0638290383
85724497.7634947747 309182.4960308969
84905283.3882517368 233211.1758024096
85816511.3778934628 316351.3132472970
84835831.9468491077 226202.1084310412
99904156.0011020899 399544.8771972656
86143798.3282026350 335076.0601177216
84880753.8420213759 229496.3565809429
84923902.3459364176 235622.7028619945
84865398.6833899021 229073.4323389232
84865398.6833899021 229074.5027067363
84827436.6121228337 221760.2072641551
84880753.8420213759 229592.1174547374
84865398.6833899021 228979.0090448558
84880753.8420213759 229496.4854108989
99692662.7358934134 399485.3645019531
85508286.8977218270 289461.8733953461
86379441.5892471671 344768.2037490271
99567014.5754896104 399442.2561035156
86623938.7253895998 354592.9422397614
85398360.4312894344 281833.0660809092
85799910.2940394580 315519.5117145516
99669881.6377691180 399455.9885253906
86872150.1948651075 363461.5023460388
99376621.1238043755 399390.2023925781
85496419.5874101967 289431.5607119408
99276502.3284672648 399269.1042480469
98953541.5998387337 399141.1276855469
99182259.8803130537 399206.5773925781
94151358.1632877141 390781.6470336914
85822861.0804234296 316380.7619851772
85978628.9182282537 324518.3159580231
85978628.9182282537 324511.3142890930
85806259.9965694249 315565.7578083016
98502274.0600697398 398829.7272949219
85898502.5827349275 319958.3214393593
94438639.3596939445 394561.3391113281
93839473.6458085775 390696.6304321289
95847570.4618903100 395464.4367675781
98120050.1313019842 398518.7546386719
98882150.2059264332 398930.9323730469
97959325.0254171193 396794.1906738281
97027969.9672095031 396213.8249511719
97017628.0651373714 395717.3703613281
96897363.4649801105 395532.3928222656
93368242.5821250975 388744.5861816406
93831433.0243038088 388967.6179199219
91705651.8201340586 388076.8146972656
92304263.3926980346 388520.9802246094
