29826765.6721130461 1653072.7714843750
30119423.3128696084 1678838.0566406250
29604747.8284273446 1608871.4287109375
29540908.6345688924 1577702.7714843750
30057426.2450996973 1674329.0371093750
30209109.2079969198 1682313.1308593750
29490306.5638053119 1514660.8154296875
29517391.9752985127 1555433.7792968750
29522678.5797318257 1558746.2705078125
29777975.2720181420 1644943.1269531250
32020398.4248779863 1715246.6992187500
29502011.4676112942 1536422.6787109375
29954869.8044298999 1664707.6640625000
29527972.0748002380 1566285.3984375000
29490438.5360168815 1518682.7167968750
29495470.6293837018 1523848.2353515625
29487998.5679362230 1511506.2001953125
29616489.8512895890 1616257.7021484375
31122752.4841657989 1713556.8945312500
29912897.7683173232 1663066.3925781250
29774226.1507156864 1642723.1308593750
29542688.9976523817 1582035.5878906250
29509246.6654496118 1549426.4638671875
29815614.5515043549 1651924.5390625000
29684599.3112535216 1629257.4531250000
30541725.7290289849 1699236.7851562500
30448983.5016128905 1693573.3710937500
30243564.1533799842 1685628.2363281250
29631318.8792362213 1621800.0146484375
29576017.4829189368 1603124.6259765625
30307736.2501645386 1688909.0878906250
29656852.0850615613 1627341.4550781250
29739854.2625885978 1640717.9921875000
29602982.2378823496 1606928.4052734375
29539633.0046269447 1577317.3085937500
29693537.1831899993 1631651.8222656250
30113076.3959221132 1677840.4218750000
29535263.9766663015 1575507.7275390625
29719783.7490961738 1638555.4804687500
29601258.4796648696 1606664.9121093750
29533490.4353398643 1569476.2333984375
29535943.9146949463 1577209.4726562500
29654813.6184062548 1624089.0996093750
29841405.4798090346 1654137.2988281250
29511581.9059350006 1550310.5400390625
29495359.9067205563 1521466.1826171875
29992955.6063215137 1667677.8183593750
29641245.7493249550 1624054.0156250000
29619075.7434468865 1618119.3964843750
29609236.1625243463 1613892.3183593750
29568451.3069231585 1589678.5507812500
30311785.4074767418 1689000.8222656250
30428142.1892067753 1693439.1054687500
29507351.5189260952 1548761.6035156250
30080010.8628146388 1675729.3027343750
30061443.4973743781 1675036.4023437500
29527282.0466059111 1563721.8662109375
29523849.6203359440 1559431.8994140625
30249429.1197682843 1686351.2402343750
29529709.2965124175 1568708.7792968750
29711100.0052417964 1637941.8007812500
30766985.5444721505 1706458.9160156250
29795763.4257423207 1647861.9062500000
29683014.7824653089 1628003.0566406250
29505228.1094391122 1539460.3525390625
29534355.0118616633 1574094.8144531250
30533357.4150973335 1699100.3320312500
29797332.7262515984 1649803.2558593750
29946429.8097781539 1664231.5683593750
30100558.8431341797 1677053.2304687500
29495906.4997997060 1524806.3642578125
29630498.5776239187 1620582.3457031250
29633084.4697812125 1623877.4492187500
29825274.7027459368 1652535.5351562500
31250087.5364357084 1714294.8613281250
29511359.1371138319 1549959.9091796875
29501914.7515627444 1529568.8828125000
29741280.1608457528 1640851.2460937500
29566786.3778206781 1588544.0966796875
29500889.1247662343 1528246.0068359375
29802911.5171770528 1650747.2714843750
29515557.5736919492 1550642.4794921875
29786025.1490152329 1646930.6894531250
30355507.0824634656 1691878.2011718750
30496381.4787346125 1697604.0273437500
29514767.5505056940 1550564.1162109375
29851091.6520628780 1654246.7656250000
29861047.1522239484 1656000.6113281250
29823177.9261403270 1651967.4394531250
30666708.9472428858 1704652.8378906250
29856537.8584281094 1654868.1621093750
30464161.9993040040 1697554.8593750000
30453314.6476465538 1693616.5898437500
30631158.2638322115 1699585.9199218750
30652292.8594966009 1701533.5957031250
30173005.6589265801 1681642.2382812500
30879779.2836217806 1707196.8828125000
32425569.0071943291 1717154.7695312500
30911218.3451913148 1712387.9531250000
30079851.4606987424 1675728.9277343750
30318531.1461007446 1690381.8964843750
30124004.8373298049 1678992.6562500000
30131790.2452328615 1679328.0546875000
30134219.2275416628 1679407.3535156250
29563637.5467444174 1587188.9697265625
30135561.6960010715 1679531.1191406250
29873468.6000639834 1656357.4980468750
29515622.7885807902 1551924.1767578125
29706935.6578758918 1635274.7421875000
30712783.0190935805 1705165.8222656250
29500213.7556185946 1527910.7099609375
29505672.6531464569 1541945.0947265625
30011522.9717617780 1668370.7187500000
29524415.8014440052 1560036.2167968750
29530564.5345875174 1569023.0488281250
29571142.1207494624 1589855.2949218750
29985375.0670386776 1666916.0214843750
29773156.3386118598 1641494.1640625000
30274262.9092735574 1686765.9375000000
29759015.0024297312 1641484.4277343750
29813566.5001105182 1651129.3593750000
30314759.6953325383 1690196.2753906250
29882669.1378476284 1656716.8593750000
29552552.2714543231 1583299.5000000000
29513034.8940155804 1550538.0917968750
30293884.9163984582 1687232.6054687500
30048966.9346872866 1670481.8378906250
30012412.9980073422 1668475.3320312500
29859440.2953935973 1655716.2812500000
29597366.7019401453 1603774.2099609375
29987051.8567873575 1667293.8769531250
29572298.2602969036 1591465.9472656250
29777785.9412007742 1644768.7929687500
29554114.9541346580 1585852.2646484375
29798926.6924145333 1650421.9941406250
29497258.5228015520 1527802.8662109375
29542590.2832505032 1577946.7783203125
29526301.1559477337 1562391.5820312500
30007751.5209935680 1668167.6542968750
29854405.5596621633 1654687.2851562500
29874080.1030895822 1656423.6464843750
29969509.6121258885 1665738.3925781250
30207059.3076964840 1681967.0664062500
30237918.1205307394 1682617.6855468750
30157347.3980694674 1681229.8945312500
30169234.2081583738 1681430.2324218750
30045195.4839190803 1670269.8320312500
29730758.4383460470 1638770.2832031250
29533890.6130583137 1571130.6689453125
30033308.6738301739 1670069.4941406250
32951351.3211210743 1719485.9316406250
29971641.9108918346 1665919.2695312500
29884750.9091963917 1657725.0527343750
29989184.1555533074 1667474.7539062500
32648829.3077637069 1717703.5722656250
