30450630.2856004052 599763.0257568359
38124501.7817633897 658987.2358398438
30976275.2110035494 630246.1845703125
37996864.9770380631 658691.8833007812
36309171.7743305340 657852.1948242188
31017122.1132243387 633929.5625000000
36861111.5661504567 658275.9184570312
36871958.5386750624 658471.9741210938
37552747.0887422860 658573.7485351562
30695496.5185638033 615812.1999511719
30526765.6724263094 603104.7412109375
38047736.0743496045 658818.9272460938
38370021.0560649931 659043.6752929688
30357615.5284890458 591151.0961914062
31077057.3745198250 634719.2734375000
31211938.4921523258 639344.5385742188
30991829.3713921644 630502.3857421875
30996987.3164441213 630530.8215332031
30422362.4208535701 596993.7681274414
30964333.0910416991 630235.3994140625
30256447.9668734781 581805.6652832031
31362737.3070710599 644140.8090820312
30348355.2004139386 590811.0299072266
30038669.3991823383 558000.2863159180
30605150.2766626589 610942.5610351562
31790149.5512502082 651076.1259765625
30595672.1683167592 607623.9788818359
30066590.5686302371 565609.3206176758
30405020.8647584170 593625.5205078125
30091464.5272161178 566413.5077514648
30332500.7148672342 589017.4285888672
30380500.0839523785 593613.2490234375
30533304.9376247823 604174.2961425781
30215309.5136513002 578429.5708618164
30553135.8564943597 604198.5510253906
36438473.0644566417 657938.6762695312
30725874.3378461711 616895.4511718750
31309574.6637169123 643798.2387695312
30763412.0398617387 620349.2561035156
30524639.7828507796 602631.0690917969
29989147.7174184881 542134.6375732422
30816201.0620443784 623656.5847167969
30504045.2553888410 602598.4284667969
30683894.2680504993 613196.6572265625
31874648.5692202486 651197.1708984375
30114177.6913270392 568787.4772338867
30327358.2606196664 588600.5418090820
31065115.2545579821 634708.4882812500
36177333.2062418386 657686.3657226562
30320087.3356671035 588041.7722778320
33721773.7756720260 657135.3989257812
33212388.4878993779 657033.6782226562
30286422.3042197749 582823.4046020508
30328797.4280000739 588609.4705200195
30337764.7129882686 589041.2264404297
30512697.6628889218 602620.2839355469
30862059.6355210170 625813.6203613281
31252507.5215989314 642440.9462890625
36172993.0883367360 657673.1967773438
30289264.5460399501 585749.9161987305
30484214.3365192637 602574.1735839844
31301347.5705133565 643753.6889648438
31699480.2762938850 651008.5703125000
30147761.7422458902 570917.3862915039
34175062.5351738781 657260.8676757812
30055793.8758654483 558641.4202270508
36788757.1535352990 657986.9116210938
30038077.9723256454 556366.0818481445
30713534.3929459155 615814.3015136719
30181725.4627324454 576299.6618041992
36815736.5169132054 657993.2426757812
30592990.0367145054 607423.6728515625
30295213.3770812266 586479.5614624023
31853071.0867891721 651107.2460937500
30173887.5606045425 573076.3922729492
30267497.1766751669 582053.0912475586
30363563.6309449524 591272.1652221680
30436929.3416021280 596994.2251586914
30381939.2513327897 593622.1777343750
30025198.6375318766 555576.6685180664
30796941.4092861637 621551.5749511719
30010674.0356913023 554290.6309204102
30938017.9972926453 627068.2490234375
29999271.1144003309 548768.9976806641
30141812.9112046137 569906.4104614258
30676005.4691427648 613183.1875000000
30346916.0330335274 590802.1011962891
30745192.8271171227 617970.3947753906
30949960.1172544882 627079.0341796875
30108589.0038992241 568501.8093872070
30674880.0974508822 613159.8447265625
30100174.6195490882 567739.2296752930
31181633.2026520185 635702.3747558594
30928482.2187396437 626393.5012207031
30288538.9467310086 583203.0870361328
30405158.5795814283 593644.4902343750
31618940.7308268584 650779.4355468750
30142173.0548180752 570631.7184448242
30358299.6328239217 591248.3673706055
30874001.7554828674 625824.4055175781
30606262.6557424292 611004.5815429688
30654418.2196801901 611991.6538085938
30343091.2022929080 590787.2320556641
30775354.1598235890 620360.0412597656
30618204.7757042758 611015.3666992188
30901505.1071258113 626352.9807128906
30843704.4136873186 624571.9943847656
29978250.4122168384 538198.5572509766
30583306.3999568969 607331.1269531250
30737816.4578080177 616906.2363281250
30662950.9701011479 613110.3818359375
30722768.4735439196 616203.6069335938
30645708.1273472160 611423.9555664062
31499532.2603836358 648694.1630859375
30859589.5020620413 625269.2272949219
30554150.5066710413 604474.5065917969
30440039.7981747389 597993.2222900391
31185144.2633914202 636278.7524414062
30417100.6995432749 593655.2753906250
31273079.9933041297 642442.7451171875
30202198.6199698560 577867.6318969727
30289949.3789601922 586455.7636108398
30052066.2424341030 558629.3868408203
30662518.1750927567 612471.6529541016
30476341.3482969180 602001.0788574219
31225807.4360073544 642255.1953125000
30096825.9389947914 566443.4933471680
31533042.3070189133 648734.7851562500
31037551.2831271067 634491.2998046875
31537762.1030842662 650578.2167968750
30687392.1336786300 615802.5739746094
30249526.2094394080 580955.7667236328
31483355.8957266659 644236.7104492188
30323533.4298790395 588585.6726684570
31148000.7315583713 635608.4938964844
33157270.2254426032 655301.1977539062
31374679.4270329066 644151.5942382812
30314823.3375460729 588017.9744262695
31331172.9419360459 643934.7055664062
30207787.3073976710 578082.2199096680
30276137.5612614043 582180.8137817383
30241371.3583165221 580212.1289672852
30587726.0385934748 607399.8750000000
30376675.2532117590 593598.3798828125
30235782.9465331398 579940.1677856445
30187674.2937737219 577503.7677612305
31194731.7527015358 637377.5922851562
30221258.3446925730 579633.6768188477
30025198.3618874438 554339.9663696289
30162286.3440864570 571678.0501098633
29978250.6878612675 540044.1088256836
30034856.8598207012 555977.0281372070
29974109.6646760702 538148.5677490234
30561350.6134771816 604602.8170166016
30874227.6861561127 626327.2431640625
30128702.2931676134 569548.1410522461
30108228.8602857664 567776.5014038086
30061382.5632932670 558927.0880737305
29962312.7813718319 530587.9561767578
29972436.1783536710 531097.1776733398
29993322.0077146180 545984.1472778320
30004725.2046500258 553489.3161010742
29983198.8863772079 541195.3387451172
29993322.2833590470 547829.6988525391
30066230.4250167795 563521.4519653320
