165125122.8711933792 1105376.1806640625
160115889.9700578153 847202.2816085815
161382617.6024310887 932687.6660156250
165308253.1294832826 1110032.7382812500
165194790.5471425653 1107585.7763671875
161486442.9823375642 939910.0932617188
165415885.0679204464 1116023.0766601562
159548236.7754517496 805364.3933029175
158853129.9291330576 696910.4815979004
160811964.4670124948 898967.1979751587
164841462.2732375860 1094507.2631835938
163368555.5144812167 1038482.7231445312
164909600.7465201020 1095410.4946289062
162934623.8026803434 1020565.9365234375
158922609.6922046244 708816.1698760986
160015494.0605469644 840480.0613937378
159354519.8775344789 765534.8252944946
161203425.6018877327 920515.4687500000
164732418.8060317636 1093419.4458007812
159035968.7605999410 726899.2636260986
158712161.8495215476 674007.2290496826
160411523.7843910456 869418.1977310181
161406372.1856106818 933379.2778320312
161862325.1317718625 961358.2805175781
158991657.4961921871 726191.5053253174
163058820.4820348620 1028339.6721191406
160508134.6028324366 874344.2751770020
159585030.5381307006 809488.4075851440
163841506.6860213280 1061993.3442382812
161657477.4234884083 951080.5860595703
159125693.9584872723 736797.1232986450
168032023.6334378421 1134414.3554687500
159130921.8522191942 739299.9912643433
168052348.7462219000 1134998.9565429688
165300535.2192187905 1110005.7788085938
161267228.1572552025 926556.8901367188
162116438.2587296367 975028.6662597656
159175520.4037936330 746117.3319549561
167237179.7307321131 1132402.0312500000
164504190.0067565739 1085622.0400390625
161697475.8367979527 951577.3159179688
161534358.3331026435 944358.3658447266
161119583.2945170701 916865.7898559570
161875622.1660617888 967175.7125244141
161478725.0720729828 939883.1337890625
161166832.2477443516 919834.6699218750
163452386.0573791862 1045204.9433593750
163035574.0872718096 1028312.7126464844
161515813.9909679592 941124.9663085938
159315055.3585591018 755848.9862518311
159723046.3793289065 818671.5970382690
159857643.2171290517 832698.0013351440
161420091.1313867867 933539.0336914062
163833788.7757568657 1061966.3847656250
159207516.6019150019 753065.4974822998
161386047.0728266239 933187.8730468750
160405279.8062233031 868049.5883255005
161769828.7232602537 958081.1718750000
161259510.2469907105 926529.9306640625
160019280.2157631218 844121.5364913940
159090480.8998066485 735609.4181060791
161654377.3054609001 949938.8945312500
159223333.3133421540 753666.0819549561
159311961.5103082061 755325.8671112061
160747822.2008482516 892484.3733825684
161846891.6790455580 960490.5544433594
159740158.3479250371 822740.2481613159
167041361.4632463455 1130812.4282226562
161826115.0363294482 960410.3400878906
159327659.6465558708 764083.5934677124
160984967.1916680336 906502.3030700684
164436051.5334739983 1084718.8085937500
159462040.4962375164 799163.0110855103
159835221.7300141156 831053.2361984253
159259926.6674854159 755011.4803924561
159632087.2217409611 810965.4134445190
164230241.6570190191 1076422.0625000000
159682916.3894402385 817117.5872726440
158921420.7896730006 701971.2941741943
159042667.9902581275 728060.6681060791
160271164.4877984226 859990.6744308472
164043262.0554194748 1070371.3251953125
162877218.1037990749 1017562.1586914062
159974925.5054742098 838306.4439620972
160736381.3579553068 891934.2268981934
164611618.0524583161 1088036.7626953125
163995223.9034682810 1068941.5097656250
160070829.0604755282 845636.9329757690
159977272.1753810644 838855.5997238159
159200350.1405141056 747100.9888458252
160728663.4476908147 891907.2674255371
159781611.8036846519 825975.7811203003
160278882.3980629146 860017.6339035034
164235441.7947750390 1077743.6835937500
162979752.2388136089 1024875.7819824219
159091210.5701852441 735636.3775787354
158851539.0817996860 688286.4547424316
160162669.7771249712 852694.8292160034
159795974.0176270306 826167.1859054565
160690919.6007257104 889344.2807693481
164535761.6689113975 1087106.5717773438
161724154.4656263292 953200.7575683594
159365525.8770138025 791614.2610855103
160439669.9655071497 871924.3302688599
159632837.6477813721 811705.5485763550
163302203.7435364723 1037668.1145019531
159053887.5456633866 734264.0196685791
160157395.0851960182 852530.1844406128
161102772.3137337565 912594.2817382812
162946389.2971056998 1021752.1828613281
159678391.1953824759 814774.4810714722
164543479.5791758597 1087133.5312500000
161608432.9050187171 946831.2993164062
159813341.9331776500 826326.9417648315
160568697.4446226656 882948.8244323730
159763481.1631903350 825375.1966476440
162438618.2222631872 994591.2604980469
159050385.9005226195 728087.6275787354
163113414.1848464012 1028949.3227539062
158786127.3671737313 687372.8932189941
160028968.4711391330 845234.3392257690
160553763.6679040790 880886.8591308594
163309921.6538009644 1037695.0739746094
160933313.9958461225 904131.2159423828
158699480.0946966410 672035.8638000488
160214395.6693887115 857639.7170410156
158963787.4604531527 714831.8488922119
159006074.6361148655 726715.2696685791
160143401.7512723207 850190.2282714844
162471138.8506899476 994720.9672851562
161726107.8585223854 956731.3208007812
160336788.6513465941 864962.5217285156
161616150.8152832091 946858.2587890625
167236038.6603882313 1131699.5698242188
162377990.9624884427 993076.2021484375
162539426.0901998878 1000051.3271484375
160445268.9572305977 873591.0139160156
158975593.0906171501 718058.0312957764
162385708.8727530241 993103.1616210938
164869032.4065178931 1094563.6596679688
160329070.7410821021 864935.5622558594
160348708.1304917932 865583.4675292969
162972034.3285491168 1024848.8225097656
160316902.3277133107 864930.8107910156
162840680.4312712550 1016411.5222167969
160561481.5781686008 880913.8186035156
161104595.5887498856 912863.0258789062
161108766.3115773797 915353.9206542969
164876750.3167823851 1094590.6191406250
162815278.1136939824 1012356.6643066406
162769032.2528506219 1012316.9394531250
162615315.0354036987 1005368.7739257812
162943644.7432112694 1021016.8674316406
158751445.9158763289 684104.5294799805
165031514.9865343273 1103408.6621093750
161976357.7501927912 968806.3593750000
162051512.7830653787 974150.9318847656
164933915.7487863600 1101538.7846679688
162848398.3415357172 1016438.4816894531
158880875.2189938724 699542.6669616699
164208637.7341768742 1076281.5083007812
160941031.9061106145 904158.1754150391
160297486.2082352340 861356.4251632690
168193353.9235017002 1135065.7739257812
164245288.1931199729 1078296.9116210938
164297816.9138831198 1079786.0463867188
160212541.7221662700 854795.8953781128
159359640.2372543812 778329.1046371460
159956899.6104377806 836798.7318038940
164290136.2238136530 1078688.7446289062
160403812.3507783115 867814.6772155762
168741204.4053851068 1135473.5454101562
160774090.9799009562 893576.3898620605
162820596.2884500921 1013603.8327636719
162697020.6021957695 1008290.7248535156
161009413.6382413208 906784.1427917480
161025230.3496684730 907384.7272644043
160121556.7303673923 847824.2079849243
161246936.4953308702 923016.7658691406
167319413.3751057088 1132584.8100585938
167280349.9247959852 1132407.3281250000
163512562.1765813231 1046633.1982421875
161635211.2363727689 948644.6972656250
159150406.1482158601 740757.2921295166
162833087.1844190359 1015061.1398925781
169614574.6396577060 1135656.8676757812
160903980.8601653576 901583.9362487793
161951143.9587292671 967634.9594726562
162586750.4284674525 1000967.9201660156
164599760.7094592452 1087219.4018554688
162726820.7755801678 1010125.7805175781
159939625.4684105217 835180.9261398315
159677583.1059265435 812539.9909591675
162856033.5893312395 1017073.9460449219
160523828.3220864832 876862.8595886230
165804001.2544045150 1122405.9155273438
162552424.5827272236 1000375.0546875000
161506045.6057842374 940636.1943359375
162655847.3068028986 1005966.6337890625
164432592.4122465253 1082755.2036132812
161045967.5029169023 910807.5468444824
162533326.1362022758 999195.0224609375
162485359.0755344927 998807.3867187500
161231119.7839037180 922416.1813964844
161347332.4048417211 929738.9860839844
166337054.6831358373 1128364.5546875000
161595918.2385544479 945861.0720214844
166585810.7698227465 1129857.3828125000
161078020.8331583142 911190.1376953125
160873694.6532556713 900136.9196472168
167550846.7749344707 1133212.5776367188
166499054.6047819257 1129185.5058593750
166575575.7606511116 1129374.1250000000
166637015.8250284791 1130380.4018554688
162185480.9970104396 981139.5544433594
160872810.0653100908 899707.1657409668
164359882.9895938933 1082566.7529296875
166056224.2450350225 1124772.7358398438
164170644.8944618106 1074129.4526367188
160547485.6769733131 876970.0334167480
165905271.0852757394 1123873.9643554688
164121990.6157363057 1072187.4531250000
164062636.3637013733 1071495.6191406250
160387353.5193909407 866139.6321716309
164116098.5786684155 1072043.8642578125
160676697.1591067910 887460.6884765625
160619387.0335035622 883585.0798034668
164212380.9467878938 1076372.3647460938
163592482.0344074368 1050510.3315429688
166270499.7200349569 1128050.0815429688
166214514.0106590390 1127610.3681640625
162359322.8582181334 990951.1838378906
165870787.1840581596 1123766.4589843750
160792909.7800447643 894783.4931640625
162126911.3373908103 978394.8750000000
162369785.3223770559 991713.4587402344
165920880.8563661873 1124062.5834960938
162026515.4278799891 971672.6547851562
165816621.4052801132 1123625.7421875000
166862203.0541657805 1130713.1450195312
164169458.6262087822 1072942.6357421875
162658174.7395063043 1006935.5844726562
161935829.9013270736 967439.6110839844
165896984.9673015177 1123852.9321289062
162430539.5030583739 993974.5048828125
163930408.3972280324 1066646.0756835938
162722812.8085396588 1008382.6010742188
163847797.0423544645 1062392.3378906250
161819617.2803890705 960116.8063964844
163723492.9256360829 1056639.0683593750
164933777.1438329816 1095750.8305664062
163877210.1430830359 1063587.2338867188
165714902.4393044710 1121211.0195312500
162306235.3863399923 988221.2353515625
165787323.6958700120 1122217.2963867188
163751220.0698957443 1058517.8779296875
161799072.0490972698 958117.9775390625
163597502.8524488509 1051569.7124023438
161993048.0812291503 970894.3198242188
163388501.8538498282 1042054.8125000000
165649281.4235543907 1117470.0932617188
162287136.9398151040 987041.2031250000
162130610.0640434623 979561.0322265625
163570013.6254528761 1049857.6748046875
162133419.7223681509 980093.0375976562
163572409.5214340985 1050239.0268554688
163542219.0712967515 1049002.9780273438
163512805.9705682099 1047808.0820312500
161718448.1765650213 952326.2192382812
165634778.2170436680 1116275.1972656250
162338260.7190308869 989611.3269042969
165332738.7026662529 1110748.6606445312
162927424.9560223818 1018395.9218750000
166082130.5387712419 1125072.7587890625
162740900.8027065098 1010306.8483886719
163774760.3932265639 1059709.2724609375
164794140.3874066770 1093776.4658203125
163426294.8217812479 1043501.8291015625
165356313.4806469679 1111000.7812500000
162214859.9270282090 982873.0466308594
163279664.7597111762 1035493.4252929688
167797820.8604630530 1134183.1132812500
164671942.2879019678 1089433.3405761719
162594034.9637679160 1001869.5480957031
162423336.9499611855 993544.0407714844
162577054.1674081087 1000492.2062988281
163176814.8278144598 1031395.9545898438
167692039.1447368562 1133733.2675781250
167876369.8982532024 1134183.3076171875
167952165.0253203809 1134371.7324218750
165278551.8351290822 1108445.3417968750
163333851.0420034528 1038344.1201171875
167437931.3520697653 1133056.3002929688
165674370.0615263879 1118437.7993164062
167577678.4916529953 1133241.8964843750
167342138.3902080953 1132654.2656250000
167222003.3758387268 1131498.6806640625
167105829.1875440776 1131196.4501953125
167083734.0334640443 1130847.5390625000
166116354.8320177197 1126206.6831054688
