9828165.1719106287 40315.4520793557
9905815.1848864798 42862.2785034180
9828599.3273560032 40379.8314367734
9837513.0397582911 41203.0393091440
9819425.1783598121 39379.3402347565
9829866.6048154440 40387.0201187134
9823913.8143920396 40262.3420197964
9834701.5609147195 41194.4530658722
9818957.6250154749 39372.5562617779
9827363.3794125058 40305.5619139075
9824897.0511078853 40292.9642878867
9820373.1625079140 39385.7040728927
9822035.5893804580 39400.1851128340
9818962.8992956597 39379.0933801234
9894531.7178435400 42121.6318588257
9898093.9139900859 42176.6339263916
9914200.4971272256 42863.2869262695
9822830.2047353182 39506.1191282279
9838901.3107395992 41281.2410964966
9820764.2629301660 39390.7480866909
9820770.8724468872 39392.2021369934
9868602.1742351558 42078.4671249390
9820679.1462172940 39386.0662995805
9833417.5934592113 41174.3696482182
9854546.8647715114 42054.0924682617
9832847.0966928937 40412.9649276733
10400800.8879954945 42955.1699218750
9940883.8952485193 42885.4675903320
9849337.6241620928 41330.3509063721
9838087.6061635949 41261.3805389404
9882257.6026649307 42095.9096679688
9818248.9151455685 39350.5608239770
9829675.7390946709 40380.8108253479
9833885.5807104260 41184.7016105652
9826953.8936075196 40305.1924070716
9822670.5377355870 39500.1172075455
9822400.1828000601 39485.8069574833
9818672.1749727428 39371.2005845904
9899901.8174351919 42177.6715240479
9821185.8090993296 39400.0757646561
9824044.5784360487 40280.9941341877
9818002.3576706350 39348.8569470644
9839660.0223137289 41291.1239242554
9846804.0200371407 41319.0192947388
9818613.3591612875 39371.1075059772
9833008.1076542269 41174.0001413822
9872095.7264941093 42082.0794296265
9857517.6985617671 42055.0579223633
9833476.0949054398 41184.3321037292
9824818.3785649110 40292.6106560230
10056503.3075302579 42918.8056640625
9822360.2593407370 39402.1769886017
10108989.0280396193 42929.2844238281
9823604.0048641823 39515.6034126349
9926630.9756743573 42878.0261840820
