9823722.1379552744 1094270.5820312500
9868850.6105439831 1140376.4980468750
9918583.3170908317 1149431.4472656250
9833384.9273651652 1115904.6191406250
9831352.4104188215 1112473.7050781250
9918090.5850064848 1142420.5722656250
10080258.0457422659 1150135.1464843750
9846469.1054227278 1131737.8964843750
9847734.8582467325 1131745.3769531250
9885634.8949225135 1141416.4824218750
9825295.7609272674 1097445.1875000000
9920294.9381526504 1149441.9042968750
9843048.3655099012 1130985.3144531250
10327874.3950710557 1150652.4902343750
9889074.5907186996 1141791.9316406250
9821233.7143757660 1093339.7968750000
9823983.3749824185 1094711.4726562500
9867561.9044592623 1140099.3417968750
9872373.2335333377 1140817.9550781250
9838558.5922099054 1118915.5410156250
9849384.1559693031 1132031.4980468750
9824523.9326444808 1097201.8535156250
9820849.7458261251 1093154.0488281250
9834089.0171939153 1118239.9765625000
9908897.6774180569 1142401.3574218750
9831540.6017359924 1114409.5390625000
9866681.2631654385 1133408.1191406250
9918480.9459592458 1149407.6660156250
9904618.0801026188 1141799.0097656250
9826758.2639374919 1100761.9042968750
9826802.5114911795 1101781.8261718750
9828698.9518644977 1111403.6953125000
9835612.9249819405 1118435.7734375000
9826844.1800554171 1110865.7695312500
9823384.0838089511 1094215.5585937500
9856164.6437246706 1132683.3457031250
9841154.0811008923 1124764.1464843750
9969181.5548747145 1149540.1464843750
9943657.5706200749 1149458.5878906250
9829966.2005415726 1112211.9218750000
9940169.9533983395 1149445.5332031250
9839815.1517098490 1123720.0351562500
10006105.2476631682 1150070.5449218750
9978237.9903010949 1150051.3300781250
9914602.9677847493 1142407.5175781250
9822513.5689018685 1094004.4570312500
9822599.9079269227 1094009.8242187500
9859529.0342234764 1132910.4785156250
9826652.4510481004 1099121.4628906250
9863662.4279293474 1132989.2480468750
9850519.9759638682 1132381.1660156250
9821940.1046360023 1093597.2031250000
9993240.7743333392 1150057.4902343750
10127454.3279106580 1150151.7011718750
10757397.3907862958 1151020.2324218750
