29887857.8888372853 170178.3964283466
31134759.2324413769 201313.1607666016
30572866.3930528760 188091.5278930664
30969610.4066334851 198123.4395141602
29870992.9306786023 166133.3970791101
30170310.2992289811 178587.7677288055
31091196.6429889053 200625.1871337891
30708576.8827687316 194096.8283386230
29889640.1018169001 170801.5217945576
30057262.4818071052 175079.6851009130
31353445.8906772472 201974.6502685547
30580047.7810009494 191098.9589538574
30393231.0316421911 183618.8628082275
30768500.9622337334 195204.7189941406
29905360.8531587236 170962.1377613544
30894134.4450068958 197325.1486968994
30249836.7409037501 179547.1918060780
30340773.6596154980 182679.8588989973
30473883.8827037513 186362.3557415009
29882763.5058264285 166311.2539176941
30302556.7495029122 182667.0380058289
30906807.6045302600 198013.1223297119
30299419.1703108884 180095.1392059326
30025488.2798619643 174757.6995865107
30375460.0378365181 183437.2330513000
31091029.1712349281 200525.6868896484
30446216.9992485121 184572.4586162567
30177356.2533752769 178870.1459316015
30760870.9684512392 194432.9123077393
30037047.1156767532 175074.5841064453
30341946.2031182609 182891.4895050526
29798392.5470058657 155304.7833955362
30518723.2041473463 187570.6322002411
30492226.3587035909 186771.4695281982
31087311.9159722142 199289.6456298828
30489017.6435624585 186637.0635375977
30533537.8934016377 187766.5812358856
30390274.7270908058 183494.0208892822
30032197.6233334951 174978.4015365839
29803417.5507687405 162572.2597965077
30161604.8288897872 178558.6115585566
30014533.3884455971 174466.1682598591
30863003.3698552735 196564.1589508057
30566040.2284705378 187787.8300323486
30176679.6072518490 178784.7014504075
30210494.0756957866 179311.2794830799
30488095.0576989427 186364.6157417893
30701628.4298853837 191670.2002563477
30507669.8158068582 187080.7811889648
30430096.5588416904 184033.3976593018
30064325.6546438225 175191.8211104870
30159361.2280760780 178413.1538085938
29987753.2920409516 171091.4309666157
30065908.7494437918 175233.3207390308
30499403.9358744770 186797.7295398712
30016801.1263444424 174597.0836197138
30274654.2148890793 179769.5092487335
30562131.2912004627 187774.7445373535
30007493.2545627654 174300.7074635029
30152566.8133129813 177993.9928963184
29857233.5150667466 163060.0440997183
30301526.6029060818 180109.1419959068
30268838.3598356284 179733.9877178669
30566988.9729788192 187948.4459991455
30500889.6350216120 186886.2414550781
30251855.0081202425 179573.8335640430
30425441.9537094235 183882.2289447784
30078732.3540062197 175235.0618042946
30356833.1911552511 183306.0314331055
30254023.6705813408 179692.6151287556
30122793.7934235595 175925.6091949940
30421409.4053241685 183837.4486236572
30006544.5100544877 173876.1222554445
30005464.2753615193 173874.1272754669
30421109.4595402703 183803.6890869141
30409800.5813647248 183791.1204254627
30274661.7669368722 180014.9613678455
30344593.8435220979 182917.8579120636
30205380.4920671582 179131.1787223816
30445697.9436036050 184144.8729705811
30238735.2302263305 179505.8192169666
30231657.8143154345 179417.6280403137
30080413.3656009957 175580.1687836647
30114403.8100564927 175771.7164521217
30004596.2676081806 173665.4645481110
30257932.6078514121 179701.7682526112
30272747.2971056998 179743.1408417225
