30182464.3055526391 201907.4531917572
30084407.6177465245 197998.9714107513
30277450.6876764148 205184.8074493408
30815971.4862866178 220248.1723632812
30081778.2246894576 197883.7474727631
30123420.3550381288 198128.6761531830
29989147.7174184844 189999.8725852966
30196959.3891786821 201974.3645172119
30265622.8507738188 205133.9674282074
30234292.2810717449 204133.7815151215
30282820.9395545870 205362.6115417480
30022816.4373464659 193908.3543663025
30014173.1734631471 193585.8316612244
29977864.8647264242 189064.8423881531
30400669.4805833921 209765.1644134521
30240241.3877574541 205129.1795654297
30170677.3537700847 201161.1017303467
29962312.7813718319 189004.4745349884
30137116.9140849188 201094.1904048920
30210732.1702994779 202040.6744995117
30637056.8745989352 216339.6905822754
30162755.3857746907 201148.7713317871
29995981.5012998134 192979.8676414490
30036430.8332217373 197003.5733604431
30700624.6738404222 217152.9533691406
30922001.8347277939 221737.7819824219
30530810.7655722424 213244.4715881348
30414328.5283599868 210844.4877624512
30233906.7335813306 202208.3244628906
30220842.0964779221 202152.1686096191
30822998.9779914692 220763.1066894531
30540739.2931330055 213661.2125091553
30399561.9570124932 209752.7307281494
30075443.5705133416 197561.2247676849
30555505.8644804955 214752.9695434570
30326425.7738237046 209037.6613464355
30299590.8377770521 208224.3985595703
30541846.8167039081 213673.6461944580
30938345.7904376760 223858.3256835938
30134487.5210278518 200978.9664669037
30397486.1753187925 209093.2892303467
30133417.7591672428 198240.0422420502
30710553.4770456105 217581.1023559570
30711661.0006165206 217582.1279754639
30725320.0483931080 218661.4513244629
30753842.4913221672 219949.8439025879
30054943.2886428088 197070.4846858978
30176129.6513765231 201584.9304866791
30637417.2938568220 216854.6249084473
30419626.3254194297 212132.8803405762
30574945.4257059991 216041.3621215820
30467603.1099442169 212946.1431274414
