156431886.1363122165 60503.8505087346
156661279.8706381917 64861.7836716208
156699437.8432519138 65201.2710526022
157703611.9416842163 77114.3062990256
156382491.2479146719 60259.5548031800
156498587.1784745753 61298.9278023131
156600698.6226779521 63028.6731406518
156590578.4361094236 63017.7452412911
157343651.5639714897 74745.3600170296
156533706.9128038883 61909.9738511317
195373066.4147392213 177787.0963439941
156522509.8918373585 61739.1482805781
156800263.7186250985 67090.8472130331
195073766.8327166140 177654.9094543457
157661326.6059620976 77034.9922608525
156359497.6599301994 59332.9503366523
156774631.5345236957 66684.9901219674
156966968.5753431916 69246.5371354220
158117081.5518795848 81219.8227603563
157273406.1460180283 74098.9872818445
157062339.9493226111 71154.0992615816
156895635.0926045477 69025.3682014975
159069459.8564925492 89642.6549206413
157170953.3512421846 72671.6234546886
157237318.2330874205 72919.3251969077
159705564.9510776699 93469.6770913978
158271378.8248360455 82988.4063212999
156886671.8993079960 68815.7070666023
157125120.2531705797 72117.0611810752
156988798.6340078413 70289.8023920127
157908889.0748721361 79288.1308755071
159550428.1484804749 92053.2242611423
156824933.6580758691 67151.4917584725
159307596.1731926501 91843.3201313652
159175817.6231716275 90472.3181858696
158226342.0584004521 81490.9861552843
156387956.4674191475 60401.8825071178
156290955.7885724902 58145.9890158795
158404421.2326936722 83516.2995097765
157504409.4940661490 76901.6589348768
156453115.5748561621 60946.1545762293
157747275.8638933897 77929.9923062727
162295301.1981514990 108924.7634428935
158805332.5416469574 88059.6053906120
159253333.7515453696 91317.1515598930
156549972.9997295737 62402.1968639195
156979992.5738357306 70006.2786805416
157049329.9195481837 70988.4227130995
158659815.8148660958 86052.0977180132
156368853.2494992316 59339.2067689173
156855408.7042401731 67606.8994188972
158110717.9569804072 80835.1982859761
158547270.6792440414 85167.7783056029
159246296.0549535155 91139.0574169792
156953958.5455687344 69080.8605869398
157312645.8753454089 74164.3840103601
158314987.2896112502 83460.4027202257
156455373.5447137952 61020.8475977250
157260809.2815060318 73086.3749937730
158930531.9490690827 88253.6987733543
158227744.4228224754 82818.3475304839
156791300.5253285468 66881.1860781380
158001355.2269474268 80666.7471747657
156876758.2692235112 68159.6132909127
157492439.6735783219 76763.4156012793
156660158.3077125251 64552.9537450143
157854652.3013723493 79222.4786856917
156690474.6499553621 64991.6099177070
157454143.5338849127 75369.3882954587
194510341.5594933033 177451.0503234863
158119375.6169471443 81296.6561992296
157827963.4788530469 79003.9038282164
156760477.7865056098 65423.9299611964
156954520.9096495807 69090.0120960542
157100111.0665666461 71155.0127317179
191608051.1093297005 171250.8545837402
193209129.2256819904 176264.8280334473
156758323.6602968872 65292.6687313386
156956675.0358582437 69221.2733259120
193904000.5633597970 177229.0246887207
158629788.4031799734 85386.4892375597
158120872.8498108685 81483.1576640733
157755338.9078808129 78624.7606951126
187858792.1819610596 162724.6053543091
156729562.2840963602 65243.7245541879
160342075.1803880930 98440.2963541187
193764699.9503425360 176887.0038146973
157456391.5802467763 76117.8561632891
157811320.8553726971 78873.2110768554
160173797.9448545575 97665.3733499683
156580683.6740782261 62721.1261568815
160437226.8765459955 99463.1250064820
156764083.8524354696 65832.2881397754
157744650.2026955187 77764.3986788262
159140408.5011462867 89860.0327282585
158766378.6372542977 87085.6623051183
156649197.1120304763 64348.0799581856
191284230.3464339375 168629.0125770569
191422632.3474169672 168861.3863563538
156615762.1324512959 63095.1335974999
163167527.7169074714 115126.1881297170
156628736.4087231755 63354.1483937569
159452986.3776307106 92003.6818905510
162143481.4302705526 108193.1970328726
161731130.7810671926 107853.9237327017
163058649.5278852284 115121.2411512863
162522030.5759274065 112936.2027678024
160361454.1320231557 98998.4459493309
165934323.6617234051 117604.8614897262
165592677.2869503498 117316.2955717575
189671056.9425544143 166160.3256759644
162395112.6764746606 111586.0556730758
162884012.0548141599 114577.9466887116
160322912.5818056166 98050.2844886929
162333573.8673316538 109582.8053144943
191511920.5648455620 169111.4891815186
189354811.8449005187 165074.6436928660
189558361.3137841225 165971.5979164988
160182753.9926034808 97910.8804168925
159840483.0244879127 95687.6002293266
160857963.7818235457 101145.1131364740
160009956.4544032812 97523.0142097622
158655741.5465243757 85628.4691525139
160618457.0403604805 99920.9922828823
171626291.7829112709 129816.6247038376
160531050.0323478878 99628.3350486904
158606255.1573532224 85295.7475280911
162783580.5548158586 114552.1305937301
159779300.0765829384 95421.5642185844
162701093.3128215373 113742.7954267990
159014855.4210867286 88960.1591816582
161037398.1485781670 104084.5662710667
188613463.6449123323 163621.1039589792
188536147.8764450550 163497.2554482371
163556527.9459512532 115153.6831248342
159877616.7635229528 95725.3979588188
159052113.5958674252 89181.8524189629
159586424.5751519799 93458.1505254726
183806932.8871287704 159284.4094991684
161622048.6205237508 104922.5181535184
159240222.2582879364 90559.5532536390
189768113.1551723480 167656.4402770996
189887213.5739973783 167821.1175231934
185031628.7378436625 159631.7143105417
183475133.1739220917 159108.7830190659
186001613.4022382498 162703.2731933594
180851991.4497821331 152200.7907028198
181724698.0112191737 154148.2662200928
181748464.1264624000 155711.2331542969
182382733.1594896615 156889.7527008057
166870424.6770974398 119356.5774993896
167639406.4794378579 125217.8764801025
167431829.2513388693 123319.4821319580
167723707.9978327155 125420.4277114868
167314744.6567414403 122855.3907928467
166885012.0711063445 121846.1311187744
166552373.8721583486 119274.5998725891
166474947.0141759813 118464.5287628174
166203810.9393098056 117845.4526844025
167250600.1913927495 122314.0374813080
170048051.4736050963 127486.7405319214
169675114.8392213881 126835.2686691284
169405120.2458397150 125798.6671371460
170637152.6056781709 127545.7613677979
170709485.7312417030 129386.9419403076
171304435.6467789114 129471.7774810791
173118500.0030340254 135588.7551345825
173088734.1826421022 135056.4542312622
171528954.1972235441 129502.3489532471
171651787.1368284822 130114.5484008789
171799180.1889905930 130144.6545715332
173360499.5166230202 136242.8741073608
173040446.7867578268 134478.8073806763
171882925.6822684109 132448.7142791748
173004185.1818779111 134368.4428176880
173490451.6093475819 136367.1101531982
173644973.0792896152 136575.3043670654
173872344.9499720931 136985.8520202637
171974165.4327324331 132978.7302703857
173002181.9760197997 134170.7341842651
174268187.0800073445 137240.7304992676
174551290.8936307430 139190.0997314453
174958324.0427517295 139582.7304077148
174417965.4592627287 138823.2839965820
174370682.0328768492 138585.3048706055
172301435.9335563481 133422.2350158691
172339005.2571634054 133842.3161621094
174312471.1004189253 138050.4773559570
177691050.1937912405 144622.5339603424
177217375.8835248053 143318.4736576080
175207808.7073763907 139680.7737121582
178020611.7004986703 144714.2783889771
178872242.6935260892 147482.7106323242
179627129.6778060794 149692.8527526855
175687779.7251431644 141172.5985107422
175891788.4484728873 142854.8285675049
178881495.6930964291 147964.7722778320
178788300.5389617682 147069.1974182129
179344899.5902560353 149628.2180213928
178631387.7410699129 145984.4799041748
178616093.9047355652 145947.8088836670
179707610.7955143154 151147.2471771240
179980475.9537504315 152147.4250946045
179696697.0296184123 150867.7637481689
