29890488.8657486588 1497082.3671875000
30409576.3771272302 1554682.1230468750
30744007.0554964319 1578409.5117187500
30119784.9770415872 1526439.7958984375
30986005.1735022515 1593688.4980468750
30498439.2715929374 1564419.1562500000
30159423.3814539164 1533052.5068359375
30840802.8371782266 1585473.9658203125
30258250.3365491927 1544087.6777343750
30192682.2584358416 1538122.7275390625
30809234.3871268928 1584735.1435546875
30180735.8913858794 1538086.7558593750
31033640.7948055826 1593751.3193359375
30029285.1984459795 1517979.2900390625
31185244.5071856342 1601998.3701171875
30059991.9704309516 1522529.8779296875
30669284.7723010033 1576415.6738281250
30009077.6125890091 1512541.9150390625
30523416.1402856112 1565464.2822265625
30384882.1239893846 1553154.2626953125
30220797.8643013723 1542904.4345703125
30132653.7886101976 1529240.5722656250
30647128.0657022595 1573441.4765625000
30161850.1209390163 1533931.7177734375
30681428.4807253554 1576484.6396484375
30173393.5228731371 1534958.3466796875
30605130.9642425738 1569682.8476562500
30895510.6707570590 1585928.6425781250
30466369.2695708834 1561312.6113281250
30010227.8720521629 1515206.0429687500
30208851.4972514100 1539377.6865234375
30514972.9454292990 1565141.7666015625
29859210.3665840663 1485904.0097656250
30426090.8424284458 1556891.2626953125
30338619.8444399051 1553026.1357421875
30392313.1036803201 1553190.2343750000
30152466.8676722273 1530582.4912109375
30741755.3390896916 1578373.5400390625
30703871.9551312402 1577243.2216796875
30000937.2610931210 1511381.7294921875
30277616.6821248271 1544882.1298828125
30077408.6092181467 1524463.9394531250
30022904.1863026358 1517843.8037109375
30520748.6172836944 1565177.7382812500
29882944.5144463070 1492236.9628906250
30305239.3760222383 1552374.0517578125
30596809.1013172232 1566962.6777343750
30220702.9046386965 1540970.6289062500
29795591.1734639592 1470918.5878906250
30475708.7553445399 1561432.3437500000
30454825.8676367514 1560660.5273437500
30100418.6314659454 1525645.3437500000
31175518.5087603070 1601993.6474609375
31011281.6296810396 1593724.4697265625
30425829.4718940333 1554966.1601562500
29858261.6220757850 1484796.3144531250
30803261.3738981038 1584666.1777343750
30292527.6596098170 1544918.1015625000
30413883.1048440747 1554930.1884765625
31655452.9564986862 1602157.6132812500
30634130.4957658164 1573321.7441406250
29828708.5194433890 1470936.9814453125
30117525.4642626867 1526071.0166015625
29939701.1139592752 1501429.1923828125
30504072.8729575425 1565035.2685546875
29877729.4884547219 1492116.1640625000
31260042.3962202482 1602046.8779296875
29969051.5381520391 1509183.0175781250
30071938.3374809101 1522561.8339843750
29957258.5279106386 1502198.7333984375
31221099.4897027314 1602041.1386718750
30407759.4629111663 1553213.5908203125
30486358.7758278549 1564383.1845703125
30627460.8048964851 1572657.0449218750
29927754.7469093129 1501393.2207031250
30105579.0972127281 1526035.0449218750
31122468.0308494344 1595958.9619140625
30628354.8239114173 1573285.7724609375
30616811.4219772927 1572633.6884765625
30721489.1128444560 1577509.3867187500
31081122.5499568023 1594800.2431640625
29884378.4849974662 1493725.3242187500
30446843.0061006360 1560624.5556640625
30352221.5193264075 1553062.1074218750
31064461.0368592404 1594549.2167968750
29955429.4567309022 1501975.8281250000
30973681.9898982868 1587708.4580078125
30924681.3355628438 1587419.2167968750
30143316.8798118830 1529288.7500000000
30883262.8830574341 1585494.9384765625
30034919.8968175687 1518765.2109375000
30602879.2478358410 1569646.8759765625
29970000.2826603130 1511092.8164062500
29965689.4374583960 1502361.7441406250
30936627.7026128061 1587455.1884765625
29981946.6497102752 1511128.7880859375
29902435.2327986173 1497118.3388671875
29849373.9762325734 1481203.4482421875
30562767.3762793355 1566400.3789062500
29869348.1365167461 1491243.5498046875
31656999.5705682300 1602292.6503906250
30900157.7610092014 1586196.5761718750
30046866.2638675272 1518801.1826171875
29968324.5682891421 1502648.6738281250
30022174.2391021252 1515242.0146484375
29939831.6524212547 1501626.2666015625
31614292.6756385639 1602153.8310546875
30913082.2871770188 1586232.5478515625
31540038.8616256230 1602151.6015625000
32014987.3881997392 1602392.7324218750
31434989.5675326027 1602126.2324218750
31426365.1320072822 1602061.6064453125
