9912267.5507476665 1404519.4121093750
9954699.4949114192 1416101.7714843750
9978549.4295395240 1418852.1210937500
9935653.1821884699 1411629.0996093750
9918213.5039130934 1404732.0781250000
9894363.5692849904 1401981.7285156250
9931297.5951800998 1409422.5000000000
9959503.1168165747 1418113.9843750000
9954440.9622060023 1412531.5351562500
10014843.2002314944 1425174.0058593750
10050002.7226484530 1425287.2929687500
10069202.2618063446 1425328.0214843750
10009781.0456209220 1419591.5566406250
10167223.8728380874 1425890.3632812500
10148024.3336801957 1425849.6347656250
10182644.6124814749 1426357.4257812500
10079668.9274285063 1425795.0839843750
