289981534.5579006672 966738.2435607910
261341685.9517062902 798804.9201689959
253848061.5950315595 491392.4809263945
253826813.6663617492 486870.0756529570
253854111.8964827657 494120.5859068632
253876856.8473079801 498900.5362242460
253903882.1344125569 501393.0397337675
253895352.1757222414 501276.0962828398
254056464.7287730277 528702.5896574855
254033719.7779478729 523480.9381682277
253995349.5521677732 522169.3308140635
254056464.7287729084 528179.8474699855
254247725.1012668312 544102.7834157795
254301828.0570662320 550984.3040168881
254594176.6385665238 572461.1229393724
255222833.2153297961 607579.7138012592
255688619.6431124508 637754.1148884539
257587530.9045646489 718005.8703338727
257369918.6183639169 711008.4452805147
253860763.7723375559 494598.4210814238
253911445.2506926060 505579.1436461210
254045986.7104747593 524437.6295744777
254073616.8122805059 528869.3498479128
254144765.8331291974 536503.5897008181
254197206.6311543584 542397.9554128498
254498490.5030167103 569807.4020287246
254799771.2648554444 591390.8024835829
254879094.6944941878 596561.5664911512
255669835.3720525503 635310.9990995172
255468642.5568525791 628339.4180855993
257302741.9878878593 710205.6188644990
263350892.4062487781 804294.1220517159
283533083.0286582708 940523.6498298645
254045986.7104747593 524036.3160979152
254283421.2278849781 549620.4399201125
254427532.2760289907 563679.9045922011
254341280.3655408323 556683.6193138808
254427532.2760289907 563688.1692406386
254404787.3252038658 558653.7823998183
254594176.6385665238 572390.8382714037
254727331.9138204157 584379.4332819227
254799771.2648555040 591586.5661554579
254651379.0822021365 578633.0754999369
254879094.6944941878 596556.9068231825
255227849.9054919183 618068.0396051649
255468642.5568525195 628263.2925973181
256263344.1972085536 660794.2744455803
266905696.5803512335 827374.7347726822
260736253.6178115308 789410.2659975514
260319979.1167072356 787195.2187410817
260307683.7921765149 784859.5034090504
260286481.5919920802 784707.1899324879
254132498.9006024301 535988.5994664431
254292004.4900421202 550118.0087677687
254270470.0520920455 549192.7400808185
254857772.4468483627 596554.0552606825
255344426.1191239655 619504.4489165638
255369793.8319091201 622503.2685016487
255586414.3460107148 633431.9985784255
255904727.4648046792 650244.9752232991
255982904.6477502286 654154.2334477864
260788366.2531788349 791004.0675078630
290431471.1752972007 978143.8823547363
253888700.2998675108 500799.1933287382
253888700.2998675108 500880.2343443632
253911445.2506926656 505649.4283140898
253888700.2998675108 500869.4779967070
253922547.0333527923 520594.0465911031
254127613.7496217489 535814.0873228908
254670123.6345134377 579590.9863732103
255021038.6209113896 600995.1249774788
256267693.5644269288 661909.6367726289
257894701.8973573744 722674.6986903995
253831968.5200612247 487089.4335631132
254161473.1907787025 537302.2618093342
254341280.3655408919 556753.9039818496
254610381.9514928758 577583.4619440287
254771630.7251515388 586688.9959862474
254783332.7743933797 591290.6491632704
254999716.3732654452 600918.9994891975
255145573.3491503894 607287.2142956499
255497699.6014268100 632881.9765290469
255421169.8686450720 623834.4566407446
254290733.2012937069 549960.4557790607
254670123.6345134377 579706.9565880541
254995670.9081260264 597205.9845916126
255119887.3458547294 606679.0235848669
255745960.7679565847 637904.9950163607
290024252.6354430318 972175.5971984863
253842906.7413322330 491173.1230162382
254401783.4281179905 557524.9047776908
254404787.3252038062 558583.4977318496
254427532.2760289311 563484.1409203261
254706009.6661744714 584263.4630670790
254727331.9138203859 584339.5885553602
254571194.2392097712 571535.0658868998
254979232.4176639318 597105.8312713001
268224116.2184196413 844789.9947977066
257062967.1020132899 696763.0405826420
254402924.7771252692 557570.1895539016
256293735.5771999955 662892.9557683431
253911445.2506926656 505660.1846617460
254184218.1416038871 542283.9460134357
257872361.8913978040 718933.8962154239
257291790.5933979452 708191.3119754642
267747737.0185355246 837867.9252481461
290230907.1974215508 977392.2353820801
254378256.4005302489 556918.5303742141
255688619.6431124210 637712.6085407976
255080487.3791781962 602405.5428719763
255119887.3458547592 606755.1490731481
255762451.1498151124 640006.3134472612
256086666.2435402572 659323.2586099356
254270470.0520920157 549084.4676198810
255855456.2240625620 645806.6174471620
283270514.8485698700 933832.6312866211
283287826.3194528818 934762.9359283447
255809923.8380225599 644511.2748921160
256316436.3847955167 666727.2983666621
257036075.8089503646 695253.1379077286
260255565.6924465299 782290.5446688160
256276700.0289498568 662691.2780339681
258262976.1731215417 732783.8807457737
259305991.2494497001 760357.6690900549
257092096.8314834237 697130.9192409366
256914995.4875527918 694446.9902896732
258074677.2431598604 726280.9158660993
268169165.9257486761 840562.1878213882
263151098.8941829801 799623.8766947016
257093316.1299904287 702106.3370113224
254574345.7270113528 571890.4122003764
255021038.6209113896 601034.9697040413
255766863.4249860048 641001.6879780535
256573727.4181455374 681183.8661746830
254616921.5893916786 577814.2236473802
254687879.8163793683 583614.7425682787
255080487.3791782856 602477.1185555700
255831126.0382070839 644587.4003803972
255369793.8319092095 623026.0106891487
256267693.5644269288 662100.6182179414
286101575.6854608059 947247.4710083008
286638455.5719923377 951818.3501586914
281324918.0500064492 916326.6763238907
260241392.5346650183 782102.5377108082
254085439.0189493895 530016.2520003766
254234611.4502052069 543202.3748972863
254228804.2873488665 542465.7409851998
254531742.1417688727 570886.3453880996
256452423.2232353389 674385.1998233646
257186186.2811972201 703250.1179301590
256793404.0817373395 687268.8411388248
258051321.0794601142 726104.2104517072
256682796.5921229422 682254.1853355989
257178582.2040450871 702196.5527942032
259190844.5680570602 758610.2492876500
258967632.1777838767 752051.2553911656
256867522.7993452847 689720.9107608646
256324172.7171573639 667341.2320744954
258514806.4313878715 740883.1625989503
279343709.6190270185 915041.7924232483
254033719.7779479027 523922.6393401027
254079526.3137512803 529533.8700490594
254085439.0189493299 529563.7944808453
254996750.5558912456 597259.4601775501
255833322.9965499938 645539.4409905635
257178582.2040451169 702200.7319934219
255166895.5967963338 607363.3397839312
254234611.4502051175 543085.8744090050
254996750.5558912456 597264.0099822376
256316436.3847954571 666657.7456322871
256594929.6183300018 681258.3300418705
260098886.1395703852 776033.1018282399
266781092.5464899838 827324.0316934586
256004106.8479346335 654228.6973149739
267747972.7545242608 838864.4378824234
254402924.7771252692 557577.7007843703
256312087.0175771415 664883.2976497281
256629844.5219344497 681266.6434993595
255688619.6431124508 637714.2701618914
256423767.6610131264 672510.2572366446
259259998.0305782259 759493.5000843033
254179332.9906232059 542224.1565261334
254460783.9147811532 564644.1252953261
254571194.2392099202 571608.2021173686
256837314.1346378028 688939.2694995254
265603411.7651915848 822060.7577219009
265452379.5116837919 821900.3337259293
256995613.1487709880 694926.2741756290
256914995.4875527024 694370.8648013920
256004106.8479346335 654345.2148930989
278544225.1737627387 901437.5706117153
254487094.9313860834 564747.0842797011
255943350.0125032067 651821.0203936342
256267693.5644269288 661981.2124562226
254139880.6821485758 536329.0775572658
254179332.9906232059 542232.4211745709
254249971.1228692830 548828.9144607037
255739661.4399615526 637874.6333167795
256530569.3884207904 675686.0396270603
259678897.7245151103 769262.7643054947
260041898.9337408543 775595.5819879994
256316436.3847955167 666732.2094994746
254108183.9697744846 534464.4376693219
257493441.4548508227 711841.8235001191
257040244.8383139968 696367.7617740482
256594929.6183300018 681255.4418582767
255688619.6431124508 637839.8224079851
254108183.9697744250 534394.1530013531
258597680.4858152270 744963.6935017332
254234611.4502052069 543159.0106394738
257963393.7417382896 725353.7641778216
268010310.1508069932 840445.9565629959
256645066.0339500010 681455.1626273841
254108183.9697745144 534510.1232161969
254108183.9697744846 534475.1940169781
254179332.9906231761 542028.3928542584
255688619.6431123614 637638.1446736101
259118446.2143967748 758397.6344716772
253842906.7413322628 491243.4076842070
256523761.8390398324 674582.0324088782
259932423.0515765846 773976.3544849381
259317128.1614162624 765874.4427722916
258115355.5396159291 730504.4502411336
259780291.4862112105 773939.7661060318
254270470.0520919263 549003.4266042560
256239483.5892217159 659814.4424096309
256452423.2232352495 674310.7359561771
257505235.0111859143 714046.9632358402
256566820.8157264292 676700.7224025577
259932423.0515766442 774034.0859302506
256758293.5182286501 687136.3524761051
253875474.8062318861 498738.0343229771
255861600.4528398812 647281.1032292806
259086500.1033344865 757781.4436339587
267733683.9214204550 836567.7996988297
257290468.5094498396 704244.2026772127
254108183.9697745144 534916.8951888531
256914995.4875527918 694444.0010318607
259086500.1033344865 757795.8640441149
259599696.5362704992 767675.5312732682
258367052.4277333617 736810.6553009003
258904472.9395484328 749946.7173957080
259317128.1614162922 765875.6053699479
256452423.2232353389 674426.7061710209
253875474.8062319160 498853.6025907993
259245319.1391966641 759168.7926007956
267748327.6581130028 840267.5658731461
253875474.8062319160 498851.3155729771
259742202.9313650727 773666.9695972428
258367052.4277332127 736753.5615509003
253841524.7002561688 491007.1605741978
253841524.7002561688 491010.0121366978
253875474.8062319160 498789.4332182407
256239483.5892216563 659738.3169213496
256239483.5892217159 659812.7807885371
259627041.5271629095 767895.3893866763
259742202.9313651919 773724.7010425553
253875474.8062318563 498737.4253447056
253841524.7002561986 491059.2412779331
253875474.8062319160 498745.3301298618
253875474.8062317967 498664.2891142368
257145368.8564402163 702190.1261925325
253841524.7002561986 491062.0200102329
253841524.7002561986 491017.9169218540
253841524.7002561092 490936.8759062290
256239483.5892217457 660261.0591088496
266504579.2191317379 827178.3768527508
256795014.2763517201 687319.7390079349
283052025.5462155938 923769.2779386044
265293158.6594101787 815676.6153303385
265060216.2953279912 814977.9595648050
265004902.8910379708 809481.7396863699
259367442.9829048514 766527.8283924088
260148608.7559186518 779149.0611006245
289956753.7393497825 965961.6404724121
258423680.1279975474 738799.6376007050
259086500.1033344269 757665.4734191149
260137429.1712484658 777400.3409687504
266918383.1258911192 833776.1983804703
258664328.6772870421 746368.5351765379
267677824.1055320501 835219.7681131363
258495913.4962918758 739205.6841345280
258538834.2334761322 742349.2235382050
258248184.5021828711 731823.8482613415
258147609.4769270122 730725.6388084143
289169379.4763368964 961121.9651794434
287529287.1864137053 958039.9588317871
270440111.2751939893 856430.6517111063
272976743.7538890839 879254.6098104715
289807585.0406298637 964559.0462341309
276405285.9334834218 900215.6409301758
277225594.8168771863 900358.4263483286
282596138.3979148865 916998.9653726816
272322958.9085447192 865134.6097240448
274297385.1275197268 889807.7281422615
282758336.7325893044 919362.4684921466
264858330.2856763005 808442.1561042927
279301869.1735122204 909260.4928842783
275842372.2428077459 891835.0303131305
