12624492.3205505013 44.9113629758
12445501.7427007221 44.9110137224
9918213.5039130934 37.2644143403
12324614.3170913402 44.9034959376
9912267.5507476684 36.9656288624
12328503.4488950241 44.9036847651
11680099.8200837243 44.8970411420
11775142.6728932206 44.9033336937
9960559.7337708026 40.0822715759
9941513.4210478552 39.7828900516
9894363.5692849904 36.9650907218
9984393.4001083914 40.0857591629
10016849.9212473296 42.3137019873
9931297.5951800998 39.7816653848
10028552.9041060060 42.6112545431
9950343.9079030491 40.0810701847
10064085.4873162359 42.6152397096
10016209.6660441887 42.3129229844
9990993.2656033896 40.3584758341
10010039.5783263389 40.5991518795
11577787.6425460819 44.8797556460
10030300.1603662446 42.6113471091
10788029.6243681051 44.8601513505
10185612.2078105826 44.8490063250
10032141.8236193806 42.6120551229
10364752.1426034905 44.8493233919
10147086.4165456891 44.8448540568
10378849.5238064509 44.8500787318
10091837.4940426704 43.1301368177
10689414.6412684210 44.8513810039
10469716.0195559561 44.8509900868
11156301.6867710222 44.8671074212
