29762919.9840515368 1650419.5664062500
29712050.8318674862 1636724.1601562500
38612480.8731356189 1683607.3320312500
29709706.1202202700 1635745.5068359375
38630627.5260253325 1683612.6269531250
29650148.7326377928 1607483.7578125000
29546147.5496539138 1543164.2851562500
29703179.9251511656 1621539.4091796875
29536706.0341607071 1538670.1777343750
29856316.6682451852 1667384.1992187500
29631979.5479145981 1601166.0478515625
29999685.5855656452 1679746.9179687500
29708879.6106510945 1635534.6269531250
29530807.9839922227 1514833.1162109375
30044888.7518465146 1680059.7441406250
29561569.2331920378 1554752.9472656250
29568033.1307307519 1570659.4414062500
29566506.9169239812 1556065.5439453125
29553757.3504234590 1549680.2626953125
29532795.6540071443 1523051.8232421875
29904441.7730833702 1679654.8066406250
29635987.2689277343 1602403.9726562500
29567061.3889912628 1557584.7109375000
29636806.7924671806 1602507.8369140625
29546855.7233601548 1546480.0146484375
29766091.2052679323 1651851.7011718750
30289214.7351199947 1680061.9179687500
29624310.4460894018 1590071.9287109375
29946234.0836086422 1679698.0488281250
29881419.7575100027 1669538.1699218750
29822607.1290963329 1659685.4140625000
29614575.6005986407 1579326.0195312500
29627435.1218722202 1595713.9902343750
29626661.8531628102 1591407.8466796875
29662637.7849759832 1610056.6015625000
29565628.9457553774 1555659.5820312500
37677300.8052581251 1683495.1250000000
29644836.8725717068 1604745.9892578125
30438114.9690296985 1680100.1894531250
29665510.1132409126 1620779.1308593750
30470839.0333323702 1680100.2109375000
30327551.5281606466 1680099.9316406250
29816368.7796452306 1653036.2421875000
29640787.6801867113 1604407.0156250000
37116793.6351075023 1683177.4941406250
29828838.2927293964 1667384.1933593750
29809128.2232914716 1652749.1640625000
36641201.7124889940 1683135.9355468750
29658205.6460359246 1608998.7285156250
29654156.4536509328 1608463.7558593750
37236093.3784627914 1683493.9589843750
29612976.7192327827 1577197.9482421875
29570684.1104987338 1571638.2607421875
29561391.2925920226 1550428.3916015625
35212649.3090520203 1682623.7011718750
30560620.3495748788 1680215.4140625000
29755087.8498910293 1637621.6230468750
29629725.5284837745 1600290.5693359375
29592457.1766608730 1572635.6855468750
29618381.7045636177 1585856.1289062500
34166463.2869649678 1682215.5585937500
34033051.8849032596 1682136.9843750000
36635154.2530563995 1683035.1367187500
33962534.8717368990 1681281.9453125000
33891511.4847434685 1681254.7070312500
33405694.5519921519 1680995.6367187500
33573202.2878309786 1681208.7812500000
32940220.2013217732 1680783.0761718750
32230059.2299684770 1680608.2226562500
