31268086.4639663920 1679726.9765625000
30832521.8119941950 1673802.2656250000
36906231.2573743537 1682171.1582031250
29632532.8488482684 1566017.6162109375
30217835.9016184919 1645036.5292968750
29960297.4988035820 1617039.1503906250
29624402.7000233680 1552359.3447265625
29568508.8090189621 1527932.3066406250
30497411.9589757659 1659242.7792968750
30464361.8043200262 1659082.0351562500
29617027.4886056557 1551771.5791015625
30392434.8739239648 1654839.2636718750
30065214.6189210080 1624823.8867187500
29602896.0971381478 1541544.5498046875
29999024.3158803135 1622245.0390625000
30120633.1103945412 1632540.8007812500
30113199.9376748241 1628686.6875000000
30134543.9023791216 1634265.8945312500
29868314.8622262441 1590336.9746093750
29683254.6578160413 1569505.7500000000
29685191.1456109695 1573100.3916015625
36302872.4043992236 1682099.9667968750
29884863.3647428304 1597101.7568359375
29843059.5775786117 1589571.2978515625
29887122.4030144699 1602699.8027343750
29728440.6553576738 1574365.9814453125
29784250.2411007322 1587665.3408203125
30338123.4809421226 1650404.8320312500
31675126.9033775814 1680149.4121093750
29594102.7237046473 1528656.6640625000
29594536.1678718962 1533993.2861328125
29978663.2742290199 1620397.1542968750
29599029.7673724256 1534081.0527343750
29616111.4433398657 1548967.2998046875
29628955.4852097929 1554802.3984375000
30739044.8094992526 1670190.1679687500
29739381.2618320622 1577362.0400390625
30200494.9700194225 1639334.6855468750
29616097.7367445864 1547984.3017578125
29613774.7369044609 1546145.6835937500
30441917.9473193549 1658813.6347656250
29599643.3454369530 1535918.6542968750
29600278.4388090596 1536821.1083984375
29613161.1588399298 1544308.0820312500
29941552.1843274385 1607197.2109375000
29958482.2751733474 1615804.6953125000
30051611.4269021302 1622336.3339843750
30605756.2176789269 1669842.4648437500
29614409.8302765638 1547048.1376953125
29885276.8533589244 1599702.6435546875
31010004.9374995567 1679562.9160156250
29872896.8985397071 1592288.8183593750
29960327.8248288892 1617727.4589843750
30110295.6277380921 1625596.9609375000
29627729.4380500764 1553479.4521484375
29936162.9961014949 1607035.8281250000
35767615.4320064113 1682003.6992187500
29759126.7565567456 1582061.1044921875
30533829.2872828655 1665599.6933593750
30349681.3502193317 1652774.7753906250
30532875.8581683934 1664486.4941406250
29732952.0325809531 1576526.0458984375
30445543.8431199566 1658828.5546875000
30302012.2615093216 1648645.6933593750
30364292.1083638035 1654725.9863281250
30283938.8911667839 1648085.0117187500
30519218.5291383900 1663648.4824218750
29674969.6586620919 1567185.0117187500
30449709.9141603708 1658874.8457031250
30388668.7179984897 1654755.3906250000
30056639.4527780116 1622464.7968750000
29929771.2397419624 1605768.3173828125
30208286.9368604347 1640059.3046875000
30160617.8481504247 1636313.8164062500
29943205.5944351144 1608910.0058593750
29874055.5871339627 1593804.7275390625
30132728.6787488870 1634180.5625000000
35429035.2079139501 1681917.9570312500
29926341.7796148434 1604063.2802734375
34500303.6758405864 1681522.1816406250
34781863.3627295867 1681707.7128906250
33962534.8717368990 1681281.9453125000
33891511.4847434685 1681254.7070312500
32036544.1348112524 1680157.2148437500
33405694.5519921519 1680995.6367187500
32033747.4389560260 1680150.9531250000
33573202.2878309786 1681208.7812500000
32940220.2013217732 1680783.0761718750
29922253.2453970686 1603597.5693359375
32230059.2299684770 1680608.2226562500
32166624.7776083164 1680182.2207031250
31640603.4925554208 1679803.5683593750
30111719.9090209901 1627103.5781250000
