30120299.5731025077 563815.1223144531
29925006.7821415327 546556.0446777344
29804883.3269619010 526508.7182312012
29719969.7845478170 511060.9440307617
29887813.1487217471 538479.4080505371
30371552.6676028296 578425.5252685547
30319190.6795472354 575400.7311401367
29733022.1457306743 512526.6874389648
30597578.3959559724 593199.0412597656
29829511.2351915985 532675.0766906738
31214209.4080974795 615452.3281250000
30093547.2378236987 559940.5491943359
29626262.6237415895 487385.2923946381
29804102.7012502775 526238.9417724609
30215187.4425889850 568541.1147460938
30017844.5703989156 553842.1557617188
29873686.5657265745 536450.9216918945
30279049.2329515405 574533.4707031250
29866297.2720641010 535760.5819396973
30403812.8383333310 583825.2474365234
29762555.5115477778 519883.3052978516
29819702.4390740953 527112.3511657715
30953684.8297733404 606476.3740234375
29787773.2334361114 524141.6863098145
31253691.4462936930 617872.7578125000
29818573.5859677792 526999.2473564148
30170940.7526643351 564913.4141845703
30402598.6705988646 583072.1748046875
30327588.6194576919 576988.8934936523
30255978.5765485168 572402.0173950195
30451138.0571050122 585527.5975952148
29816762.2149976119 526533.2990722656
29672158.6456460729 499855.3928527832
29650922.6764785647 491089.3626022339
29637811.5366673358 488937.1325683594
30214072.3345760703 566608.7384643555
30381546.2814123295 581841.8911132812
30379528.0141958334 580940.7214965820
29701646.4027580731 504066.9993591309
30223397.8188550621 570835.1300048828
30935668.0091402940 606365.5002441406
30038813.7784930132 554982.7282104492
29771958.8655535989 522433.7001342773
29801643.0047170967 525894.4973144531
29694776.3428261280 503173.0018615723
29990718.3425578251 551254.4667968750
31075434.9236205705 609279.6081542969
29660519.1129940934 492046.2386016846
30175619.1403939053 565796.5695800781
29780774.6763575114 523242.4887695312
29646209.4765777923 490430.2965393066
29853034.6265473887 535651.0552673340
29676251.3395561129 499992.0386314392
29701425.3393688761 503829.2939147949
29721745.4614689052 511221.7280120850
30257996.8437650092 573303.1870117188
30100327.4186089449 560840.8884887695
30725329.0479238443 596724.7509765625
29763161.4830416106 520675.5754089355
29907896.6886157431 544513.3483581543
30763977.3209294081 601098.9436035156
29691429.4602518156 502497.8077621460
29728744.0185475051 512142.1850280762
29682391.6338435188 500476.1572837830
30038727.2205003239 553908.4098815918
29650523.2338770293 490845.6613235474
30971274.8021614812 607991.0507812500
29657741.7469721958 491458.6482505798
29706768.0511630997 504544.0815734863
30222846.5685757510 569379.5925903320
29625770.5627638288 480660.1090507507
30886953.2024429254 604416.6181640625
30491050.2458630204 587642.7851562500
29733073.7833188027 512896.6888427734
29746362.9552104957 513873.7365570068
30556759.4998664558 592560.2395019531
30337507.9982657135 577556.1166992188
29655946.7629050910 491332.6770858765
30064698.1060184762 558372.8314819336
30100928.6159007028 561023.7289428711
29662503.0003428906 499087.9764709473
29723059.5542307161 511582.5035095215
29657962.8103613891 491737.3672561646
29621216.5430732034 478485.3956108093
30061265.2543107532 555400.6411132812
29982320.4026473649 550866.2140502930
29679545.2447456941 500144.3637390137
30548549.1236003824 590308.7215576172
29961237.2920237519 549627.5411376953
29879113.3347344138 537817.8072052002
29628256.6769560315 487666.7906455994
29942178.9560516663 549279.7595825195
30766600.7689020000 603489.6884765625
29685806.1992674172 501262.3805541992
30632061.9336361662 593929.9713134766
29635817.4834528975 488770.0734596252
30747126.0164125264 598404.6047363281
29698869.0367361717 503389.5136947632
29634430.8862474412 488035.6275863647
29795638.0716689453 524393.5250549316
29643985.7459587455 489139.8270263672
30212258.8738738187 566059.4445190430
33815293.4475164711 620567.0966796875
30004586.9595683627 551893.1624755859
30086964.6629394814 559512.9403076172
29641904.2305773795 489050.6019954681
30312737.1888817027 574547.7719726562
29753217.1059297062 515488.8056640625
30554741.2326499633 592053.0109252930
30162405.8069543652 564684.9555053711
30762038.7138820328 598543.8316650391
29698768.2511442900 503238.2443847656
30619908.7290073708 593607.9814453125
29719701.7301904261 510693.9206771851
31085559.0215739757 612028.3925781250
29707743.7896990366 510432.6570053101
30672278.4901859239 596181.4892578125
29689213.3914329857 501899.2666244507
29660298.0496049002 491808.5331573486
29852441.1297770552 533310.4646530151
33520953.1498665065 617987.6093750000
