44158637.2445424721 249791.8453557491
45161128.4932851270 301768.6339111328
44066199.8527130187 241003.3517458439
44014453.7111298516 233656.8523016125
44493746.0535799116 273098.9057869911
45637614.6805907562 315668.4423828125
44132471.9432602674 247463.1468316593
44138984.3393357545 248861.1134834290
44172687.4735907465 252604.5927314758
45308115.0067810789 307669.5581970215
43962831.9464312717 224971.5956423283
44408107.2437286377 267794.3190917969
44099874.4814367890 245547.3568701297
44713501.8582696095 282526.0079574585
44192426.1084540114 255092.8517034054
44000879.9470975474 232937.7349092960
43863827.3849679679 200020.5365371257
44244961.2812234759 257825.1877019405
43927898.8717823774 220808.1825227290
44875486.6064152420 290178.7844238281
44094560.9881700799 244770.0136291534
43971123.5103355944 230716.7511262447
44038686.7073618174 237880.8111848384
43941065.4308416471 222852.1498453617
44198190.5048503578 255119.9194526672
43880386.4438102618 208199.1841540635
43987123.9195231423 231526.6649172306
43931400.7465809956 221147.8793973923
44020062.4261311442 233974.9623415470
44286863.2534994334 261919.6706123352
45113315.5811110362 300278.9904479980
44416256.2003372163 268459.5182075500
44144310.2850916833 248953.9209118485
44319627.5329548344 264074.4563241005
43908692.3832113519 215383.4874880314
44648857.8858111277 281171.6148872375
44207803.2207928300 255167.6828155518
43883378.0618479624 208719.4838214219
43878814.8868378624 207500.9976392686
44172773.2032472789 254162.1198310852
44045570.3056732267 238544.2678682804
44594066.2112464756 279058.0219726562
44794838.3447674885 287827.0143051147
48095684.6595817134 327452.3447265625
44270167.4362317622 260362.1435127258
45451993.9438618198 310061.9094238281
44064102.9762809947 240676.6450123787
43867556.1162261516 200771.3571276963
43951738.7623406202 223560.9315187931
45121816.7528536618 301469.5345153809
44951343.6328486279 294051.8340072632
43950050.0962380096 223334.6685602963
44434633.3769373149 270524.3528995514
45495858.3449205309 310339.5612792969
45560321.7965144366 310553.1896972656
44425811.0140440688 270081.1907639503
44315210.2344808355 264066.7270760536
44635414.7643802464 279316.1810555458
44047362.9300614744 239940.8239111453
44747142.1196933016 286491.6457519531
45487132.5436650962 310275.5378417969
43925692.5955989361 216526.6947481632
44314120.1324581206 263480.9656014442
43891028.7751451731 213882.2058773041
44128284.7348055616 247030.6994175795
44005879.7223791927 233240.1827852726
44022974.3737068400 236323.2840852290
44224182.2781752720 256988.0609929562
45343269.7400328591 308756.4890136719
43882543.6180960312 208501.6320300400
44006109.7722425014 233245.8009645939
44332286.7808308005 265938.1797482967
43871027.9582893476 200970.6160016358
44009391.6953255832 233463.6527559757
44369361.6881963238 266181.8185086250
44253013.9574493244 258052.6630208492
43914376.5552350134 215863.2380647212
43931992.7736257836 222063.2617463619
43999541.9353968352 232640.4553072453
44509536.1616234854 273500.5931854248
44974931.3263172358 295270.8669433594
43979360.6822883710 230787.0022561848
44487969.9715985060 272813.7094979286
44110952.9394093752 246681.7142216712
44069502.8629815280 241196.5512914807
44259922.2365219444 258611.3987464905
44116380.6515592113 246738.9787551910
43955291.6650294960 223563.7007281780
44000183.8965258971 232656.3857602626
43989856.8419329450 231536.3340914249
44611445.0492333323 279066.8750000000
43928495.6345430091 220917.2995433807
44443643.7049168274 272183.4173583984
44297147.4699901640 262560.8339786530
44714300.5353631228 283137.5032234192
43984203.4622807428 231414.2205769569
44020340.8081723228 234182.7701482922
44041939.4846533313 238003.3000268489
44560548.9324088991 276850.0265946388
44302484.5363345742 263127.5596756935
43856985.0887303725 199802.1883688569
43871972.5906002522 207262.3759048666
43921644.6147330031 216308.8429567814
44188896.9317172989 255069.9600830078
43942500.9101547003 223331.6141817570
43908354.2136119604 214854.7144066840
43912740.3640772849 215601.3392794132
44637134.5362767130 279894.0321655273
43879838.5751010031 207777.5909414887
44584249.5286115482 278086.1582832336
45177830.1840128452 303518.2998046875
43862736.5035884753 200020.2513679713
44675824.5294361264 281992.8606567383
44163468.4215207025 252345.5117141753
44073085.0444936752 241414.4030828625
43855626.3138262033 199725.7579763532
44995897.4039485455 295479.7907714844
43882401.6353903413 208418.7164120972
44290789.5787987337 261967.4339752197
44722436.7860250026 283285.5745086670
43888295.0329541489 208728.1667828858
43856505.5785875097 199792.3547988236
43912622.1040674970 215574.0634005070
43877133.3294853270 207480.2276962484
44384676.8218199983 266657.2652878761
43899167.7713650167 214826.0106324703
44126752.3839573488 246920.5321352482
44613338.6953407079 279271.6503906250
44772841.1076807678 286788.9253540039
43877724.0054583699 207500.7124701142
44585340.4099910334 278993.9985351562
44042637.5526271611 238029.1374654301
43888638.1787955984 208746.7597003281
43898008.6284361929 214525.0620622635
47210691.9961057082 321766.2556152344
43996670.9684866220 232191.1100365669
44383414.1020874232 266437.8265991211
45367206.3656326905 309124.8327636719
44213788.7822199762 256347.9309270382
44295708.0436686948 262541.7982010841
44219887.7801277861 256950.6849553585
44395157.3045314103 266872.6395516396
45144642.6238557696 301683.1629333496
44803938.7844255194 287889.2504577637
44209524.6679564193 255697.4378850460
43859000.2803104371 200020.0401602387
44648626.6365648955 280265.3436508179
44956014.6472375542 294265.4624252319
44133642.9178066403 247697.7333061248
44704776.0570141673 282461.9845199585
44782820.2863667607 286894.2121582031
44783856.3719284981 287762.9908676147
44853245.8954443708 289569.9592895508
43982973.8325883746 230898.5890505314
43935696.6854802892 222666.0157746822
44542433.7621930316 275528.6697030067
43903776.3998059258 214853.2865113765
44530352.7158867493 274491.1027221680
43959971.0347664654 224962.3323366642
45320170.5688585863 307883.1866149902
44848758.9616146013 289248.9989109039
44129679.5576091632 247044.5053665191
44370030.4982528761 266415.9358825684
45093280.9256615415 295578.6300964355
44044152.7361822948 238326.4160768986
44505549.8977308646 273316.8588027954
44824128.6767691895 288621.8987104893
44530514.5634070262 275106.0698225498
44031886.1097010300 236805.6709539443
43996662.3668944314 232126.3923952579
43893857.9125950933 214305.7109651119
44406633.4851006269 267760.5136971474
44055146.1184468716 240477.4338991642
43918314.6130176261 216021.2325289249
44413747.1307922006 268175.7083687782
43955973.5031190813 223778.7833101749
44399449.5228305832 267209.8615876436
44693035.8348470628 282419.9204390049
43990031.3836334050 231971.8303498775
44137171.6162280589 247698.3746923953
44000222.6752000228 232719.8831179142
44835859.8183367103 288924.3465864658
44699668.9838867188 282421.8750288486
43966497.0036883578 228571.9167427570
44387432.1241197810 266670.5741982460
44972472.7982372567 294365.4878845215
48164045.0231543034 327665.9731445312
45671621.6390383467 316797.7753906250
47834010.7390127555 327388.3212890625
44971303.3578673303 294305.8338241577
44480176.7585079893 272769.5295052528
44948879.3529846817 293181.4338874817
44520423.3486472219 274047.0154724121
46797379.4212448299 319614.9864501953
46943016.8915709183 319699.0152587891
47133530.1031401977 320002.6553955078
47601538.8230402768 322248.2622070312
47547409.1181757301 322175.3989257812
47697463.7664251849 325776.8125000000
