9821167.5846378244 148488.2588748932
9823856.7077829875 149322.6530570984
9827176.1096592471 149407.4638824463
9829261.7155807372 153042.1021575928
9821673.7638414670 148789.1371431351
9821804.6507402044 149221.0349121094
9834630.4472690895 153449.7005004883
9842133.0528543312 157024.0806274414
9843081.5732764285 157139.4452819824
9823273.8104113396 149281.5914611816
9835281.0659850687 153498.2927856445
9849515.4403551668 157222.3496093750
9826528.4885988962 149360.9152526855
9823166.3466587570 149258.7931213379
9827170.0795433149 149385.4271736145
9822639.4031782188 149258.7678222656
9831840.1774752494 153390.1326599121
9870631.9832969513 160751.5399169922
9830177.9617415648 153056.9572753906
9831649.7948078886 153358.9161987305
9821146.0368865170 145262.1726918221
9834344.8884637840 153425.9377746582
9827349.7401548196 149453.8526000977
9837260.4960984737 153541.6333312988
9828330.6332298238 152965.6111259460
9839604.0697981063 156743.9785537720
9836705.9910403769 153534.0241088867
9838270.4845013432 153577.3899536133
9828903.0930110123 153026.3106079102
9842521.5194214731 157070.8236389160
9833074.7198631987 153394.6475219727
