30228919.6385166273 1504301.1953125000
29878885.3475613035 1453111.2480468750
30080035.9004311040 1484787.6191406250
29836489.1927339137 1442345.2109375000
29719844.8843679130 1418330.3613281250
37062770.6959509850 1592197.6386718750
35136626.4927958474 1591704.2207031250
30080903.9081844389 1485913.4160156250
36437844.8344442695 1592075.3300781250
30250005.8843486123 1508423.5898437500
30569821.5857561789 1537839.0722656250
37098188.8208890557 1592222.8261718750
30906385.2513272837 1560747.2402343750
30997152.0495952703 1564737.0175781250
29791301.4673538655 1433713.6640625000
31098868.1748077795 1571228.2167968750
32368717.3670154326 1590246.8105468750
31055746.8318293691 1568790.1230468750
29821576.4952643998 1440514.7519531250
29810305.6062040068 1437530.5664062500
30197494.7235787362 1500877.4492187500
29837341.9129544534 1442638.2773437500
32427798.5440564752 1590254.1855468750
30131666.2544033453 1493344.7675781250
30893587.5087101497 1560511.4199218750
30688509.2952925153 1546251.0605468750
30796701.5729122981 1553720.1933593750
30221084.8175611719 1503869.2558593750
29851869.9160397947 1446659.6425781250
29749951.0666242540 1423940.2421875000
29679717.0875020996 1404032.2929687500
34824150.3066771179 1591523.8300781250
30051009.9919983298 1482353.9453125000
31114828.0088704042 1572004.6816406250
31135474.6294462681 1572845.1464843750
29767887.0541431494 1427695.1035156250
31083103.2776750997 1571058.9589843750
30936708.8516885713 1562949.5136718750
30097233.3759986013 1489480.4316406250
29848070.8266558424 1446208.6230468750
29875335.2711254247 1452776.3222656250
37019739.9249282926 1592196.2832031250
29766572.1090022884 1426906.0644531250
29786565.9764046706 1433382.6875000000
30221728.2273123413 1503882.1582031250
31142904.9065362066 1572994.0839843750
30568790.6776330918 1536069.2792968750
29786532.8283947855 1430375.6503906250
29750035.5679578446 1425084.0761718750
31354648.7004803531 1580309.3730468750
29654751.1963048428 1392196.2773437500
29734880.5624008775 1422294.4433593750
31339250.2086951025 1580180.0292968750
31148407.5135821663 1573555.9667968750
30090958.2039055601 1486169.5859375000
29948049.6556264758 1466380.1601562500
30133214.1989912093 1493364.9707031250
30035613.9304121733 1481420.4082031250
32239598.9247593135 1589966.1347656250
29975382.4939079732 1473696.8222656250
29974166.5185481608 1471142.9570312500
29886299.2191013098 1454686.1640625000
30025958.2851089910 1478911.0429687500
30142749.9704663865 1495970.5410156250
30577837.0026917942 1538812.9863281250
29721760.9159135260 1419084.9824218750
31932683.6789988652 1589724.9316406250
30170542.6483385563 1500340.3085937500
36899911.8299582154 1592192.3183593750
29802328.7679853700 1436177.1582031250
34083009.9762810245 1591186.3378906250
29694967.0038304962 1413767.4667968750
30130513.1965622716 1492212.8203125000
29659318.8258784115 1395760.7734375000
36980937.5244086832 1592195.6191406250
30349479.3680678420 1519575.8652343750
31764847.1043708175 1589515.6035156250
29769169.9144640602 1428320.2675781250
29941101.9067169726 1463766.0312500000
29992000.5264559872 1473738.2382812500
30401250.6861918941 1524391.6523437500
29995073.9758100510 1475003.2148437500
31646359.6203360520 1589387.4042968750
30856564.6814011931 1556639.8535156250
30483345.1147147641 1530755.1191406250
30989080.2034597397 1564735.7011718750
30891660.0091217980 1559492.2675781250
30092174.1792653687 1488755.4414062500
31799896.6012137085 1589524.0175781250
30531265.3867328316 1534068.1757812500
30929999.0264186971 1561521.1425781250
30002762.0558067709 1475040.9199218750
31286295.4829441980 1578491.9511718750
37424671.9046815038 1592301.4707031250
30069443.6630169712 1482690.9511718750
30641075.0130487680 1542866.5996093750
31555755.7199345008 1589165.4003906250
30303478.6625042222 1513364.7480468750
31547614.3973900266 1587564.7636718750
31613452.1381513476 1589359.2128906250
29855619.6232149117 1447842.6542968750
31580526.8902906105 1589179.4238281250
31816349.6813740470 1589601.7558593750
37515174.2005341426 1592323.3613281250
31140600.3983731903 1572905.4394531250
30414039.5175375007 1524395.4570312500
30249101.3495119177 1508416.2890625000
29712502.5158551708 1417435.2500000000
31166373.2874376513 1573792.9589843750
29723465.8814541921 1420006.3027343750
36273552.8304759860 1592058.5957031250
30838572.4446733147 1556106.5214843750
29775037.7059841417 1429713.9160156250
30608160.6030530781 1541015.2597656250
30761195.4215681478 1552061.9199218750
30683742.0804486722 1545939.4902343750
31359143.6401478909 1581221.8066406250
30745803.7007088475 1550028.2128906250
31554801.5633865632 1589067.8574218750
31355622.2015297115 1581016.6152343750
30707018.8878764398 1547597.6855468750
36116083.7494733781 1591956.0566406250
31419943.0639532134 1583792.4042968750
30151942.4081688114 1497955.4062500000
29912895.2988163829 1458451.6816406250
29828046.5408805721 1441370.5742187500
35551710.0802217275 1591737.6621093750
30396023.5089767054 1524375.3945312500
31497731.8387210146 1585305.3300781250
29846632.5239134878 1444275.2578125000
30470102.5205639638 1529764.9472656250
31396793.8861588985 1582990.4707031250
30539497.9853948951 1535562.8496093750
30241200.4894339591 1506660.5371093750
30240580.3456150219 1506314.0800781250
30347551.8684794903 1519106.2851562500
29895218.6064554974 1455720.4628906250
30383058.0198236406 1520764.5585937500
29933323.5392848812 1463716.2500000000
30283347.6728987731 1511942.1816406250
30857394.3082317933 1557057.0332031250
34795385.6253794357 1591518.6816406250
30857912.3606365025 1557162.0878906250
29663700.0845223144 1398681.1191406250
31605747.6413061209 1589251.3144531250
30204788.9717254117 1503866.2011718750
32007348.0088282228 1589783.1113281250
29951318.5645840839 1466852.1210937500
32000539.4155832045 1589760.1386718750
30872919.5536520481 1558741.1933593750
31071040.1872381754 1569002.1542968750
30924464.8322193064 1560831.5722656250
29941635.8951620236 1465593.2460937500
30238735.6132676825 1506247.2441406250
30231405.6441788711 1506038.6875000000
31489659.9925854839 1585304.0136718750
29891906.4002706781 1455375.3652343750
29873903.2132479660 1449579.6914062500
34820683.0605488196 1591520.2402343750
30018068.4872381985 1475380.2578125000
30383962.5546603352 1520771.8593750000
32045828.4489271417 1589842.7949218750
30117926.7112002969 1490570.4804687500
31489141.9401807748 1585198.9589843750
31155734.1592318974 1573683.9941406250
30328340.7314433940 1516322.3046875000
29897486.3443543389 1456632.4628906250
29967388.1193652824 1469263.0507812500
30165667.7979957387 1498165.3378906250
31851296.2390356511 1589612.9355468750
29915489.5313770510 1461833.0761718750
30318440.3063457459 1516320.6250000000
31365952.2333929017 1581244.7792968750
31366470.2857976109 1581349.8339843750
31213448.5555768758 1575635.2949218750
31468912.1720701642 1584782.9394531250
31310901.7062711716 1579120.3339843750
30384247.7772057913 1521561.4648437500
30411763.9507998526 1524393.3750000000
30340851.2692057453 1517159.0761718750
30290958.6397756487 1512196.8554687500
30414160.5415456966 1524725.7382812500
29874755.8281059414 1450820.8574218750
31220804.4129081294 1576650.3027343750
34106680.3304426968 1591212.1230468750
34422144.2246648744 1591393.6933593750
29821653.9552958012 1440624.8242187500
30432435.0266852565 1527169.7304687500
30506514.0382725112 1532768.0683593750
30072025.4481207207 1484214.7441406250
37223495.9778358191 1592273.8925781250
30835781.9447268508 1555353.9980468750
30784001.9900421053 1552468.7402343750
30759267.9219797961 1551042.7675781250
29899345.9767550379 1456980.7460937500
30606233.1034647264 1540842.1933593750
30624370.1360337138 1541192.5371093750
30724920.8130010627 1549254.1816406250
30256872.6458366662 1509102.9316406250
36886644.1338846982 1592185.7792968750
30653458.9890124612 1543051.5214843750
30159272.3772576265 1498163.9628906250
29777983.8689292148 1429982.1738281250
33699158.8277409598 1591037.9355468750
29905741.3974931464 1456982.1210937500
30534567.4280892983 1534365.4316406250
30022908.3267427236 1477472.3144531250
30348456.4033161849 1519113.5859375000
30501255.7822725177 1530758.4160156250
30521875.9347138740 1533935.9804687500
30989010.6416912675 1564357.6425781250
30200175.7668642327 1501206.1562500000
31664654.3764065951 1589407.3457031250
37356306.8169631958 1592297.0292968750
34359908.3470628560 1591370.4355468750
31080028.2967373803 1569320.4550781250
30986689.8720678017 1564337.4316406250
30575909.5031034425 1538478.6699218750
35136279.4324338064 1591594.2480468750
34103816.0791408569 1591210.3496093750
35640656.6648510695 1591814.9433593750
34849716.6762393191 1591553.8574218750
34782344.0432519168 1591516.1269531250
30676198.9301453233 1544707.7871093750
34535481.1308161989 1591394.1933593750
35205262.9538377672 1591713.5722656250
32611388.6795687042 1590359.9238281250
30858906.4495108724 1557378.8496093750
34130819.3698470891 1591220.1386718750
32857393.7463089377 1590549.8496093750
33795348.7886567712 1591041.9511718750
33032758.8995816410 1590646.2519531250
33068180.1732901856 1590661.2636718750
33674387.6573848575 1591023.9121093750
32958435.0888858140 1590637.0410156250
35005574.3169452101 1591565.3925781250
37443713.6408071816 1592305.0527343750
36763940.9664505050 1592108.1347656250
33348767.3429345600 1590836.2832031250
35906399.0354427323 1591925.4355468750
35108470.1006305516 1591584.2949218750
35522008.6019826159 1591732.6269531250
33355269.1518838704 1590838.3652343750
31910005.8752947673 1589652.5957031250
36812452.1670241207 1592115.5488281250
32473772.5223858729 1590296.0527343750
35387119.8510201722 1591719.5058593750
35705647.1113166362 1591907.2324218750
32631624.9057976082 1590413.6308593750
32176077.4107559696 1589965.9003906250
35191798.7325668111 1591709.2871093750
36203093.5753705949 1591987.3652343750
32636120.6674554236 1590444.2324218750
32365143.3800073266 1590179.8808593750
35624452.7011290789 1591746.9277343750
33957652.0656101406 1591134.1933593750
32281983.3747284822 1590110.9941406250
34636290.0639629215 1591401.9707031250
32793886.1515113898 1590472.0566406250
33554076.3952215537 1590936.7480468750
32525364.5711740740 1590359.2714843750
37283773.5730943978 1592286.6660156250
36822277.5041531324 1592120.6503906250
32834927.9107931145 1590542.6152343750
33541107.3272807039 1590921.4355468750
35637593.7081895620 1591786.3769531250
32522310.0955756009 1590328.6699218750
34941589.2741470933 1591560.2832031250
33955931.9215699807 1591100.0605468750
32890962.0622361638 1590568.6503906250
32797393.9755299762 1590485.0058593750
34732854.1655535623 1591475.3222656250
33469296.6952987574 1590902.2519531250
33924571.1717863530 1591090.5410156250
31913829.1565025635 1589657.4160156250
34313873.6242737845 1591292.8691406250
35392521.8104974031 1591719.9980468750
35437900.5691369176 1591720.3613281250
34268494.8656342626 1591292.5058593750
33036865.2515208684 1590650.6386718750
34719427.4019845724 1591452.2207031250
33167503.9761302136 1590731.9199218750
33903037.5916333944 1591051.4746093750
33168284.6018418334 1590733.4472656250
34700407.3712205440 1591443.0644531250
33179881.2547206357 1590751.8769531250
33004225.9298540577 1590644.0292968750
33599074.4955013320 1590949.3222656250
33241132.7927975357 1590756.5136718750
32172487.0327261761 1589948.3535156250
33870074.9608858675 1591045.6621093750
33462532.6089546457 1590862.3183593750
33954761.8641575798 1591095.0605468750
32267615.6018765606 1590033.3144531250
32272111.3635343760 1590063.9160156250
33104590.9062508345 1590669.5097656250
33599855.1212129518 1590950.8496093750
33828213.9137984738 1591045.6347656250
32248748.5440687463 1589973.1074218750
33241913.4185091443 1590758.0410156250
