124756.5150319753 125557.7501838308
120165.3382653596 122195.0093683823
120777.4951675750 121889.3056578870
121695.7305208982 121583.6019473917
122001.8089720059 121583.6019473917
122920.0443253290 121583.6019473917
123838.2796786522 120972.1945264010
123226.1227764367 121583.6019473917
117104.5537542825 115469.5277374854
122307.8874231136 121889.3056578870
122001.8089720059 121889.3056578870
121695.7305208982 121889.3056578870
121389.6520697904 121889.3056578870
121083.5736186827 121889.3056578870
121695.7305208982 122195.0093683823

120165.3382653596 122195.0093683823
120777.4951675750 121889.3056578870
121695.7305208982 121583.6019473917
122001.8089720059 121583.6019473917
122920.0443253290 121583.6019473917
123226.1227764367 121583.6019473917
121389.6520697904 121583.6019473917
122307.8874231136 121889.3056578870
122001.8089720059 121889.3056578870
121695.7305208982 121889.3056578870
121389.6520697904 121889.3056578870
121083.5736186827 121889.3056578870
121695.7305208982 122195.0093683823
121389.6520697904 122195.0093683823
132408.4763096681 117915.1574214479

120165.3382653596 122195.0093683823
120777.4951675750 121889.3056578870
121695.7305208982 121583.6019473917
122001.8089720059 121583.6019473917
122920.0443253290 121583.6019473917
123226.1227764367 121583.6019473917
121389.6520697904 121583.6019473917
122307.8874231136 121889.3056578870
122001.8089720059 121889.3056578870
121695.7305208982 121889.3056578870
121389.6520697904 121889.3056578870
121083.5736186827 121889.3056578870
121695.7305208982 122195.0093683823
121389.6520697904 122195.0093683823
121083.5736186827 122195.0093683823

122001.8089720059 122500.7130788776
120471.4167164673 121889.3056578870
121389.6520697904 122195.0093683823
121695.7305208982 122195.0093683823
120777.4951675750 121889.3056578870
121083.5736186827 121889.3056578870
121389.6520697904 121889.3056578870
121695.7305208982 121889.3056578870
122001.8089720059 121889.3056578870
122307.8874231136 121889.3056578870
121083.5736186827 121583.6019473917
121389.6520697904 121583.6019473917
121695.7305208982 121583.6019473917
122001.8089720059 121583.6019473917
122920.0443253290 121583.6019473917

122001.8089720059 122500.7130788776
121083.5736186827 122195.0093683823
121389.6520697904 122195.0093683823
121695.7305208982 122195.0093683823
120777.4951675750 121889.3056578870
121083.5736186827 121889.3056578870
121389.6520697904 121889.3056578870
120471.4167164673 121889.3056578870
122001.8089720059 121889.3056578870
122307.8874231136 121889.3056578870
121389.6520697904 121583.6019473917
121695.7305208982 121583.6019473917
122001.8089720059 121583.6019473917
122920.0443253290 121583.6019473917
123226.1227764367 121583.6019473917

120777.4951675750 122195.0093683823
121083.5736186827 122195.0093683823
121389.6520697904 122195.0093683823
121695.7305208982 122195.0093683823
120777.4951675750 121889.3056578870
121083.5736186827 121889.3056578870
121389.6520697904 121889.3056578870
121695.7305208982 121889.3056578870
122001.8089720059 121889.3056578870
122307.8874231136 121889.3056578870
115268.0830476362 115469.5277374854
120777.4951675750 115775.2314479807
116492.3968520671 115775.2314479807
119247.1029120365 116080.9351584760
118941.0244609287 116080.9351584760

124756.5150319753 125557.7501838308
122001.8089720059 121583.6019473917
122920.0443253290 121583.6019473917
122307.8874231136 117303.7500004573
124144.3581297599 121277.8982368963
121389.6520697904 120360.7871054104
126592.9857386216 119749.3796844198
130572.0056030218 119749.3796844198
124756.5150319753 119137.9722634291
121695.7305208982 121583.6019473917
121389.6520697904 121583.6019473917
121083.5736186827 121583.6019473917
122307.8874231136 121889.3056578870
122001.8089720059 121889.3056578870
121695.7305208982 121889.3056578870

124756.5150319753 125557.7501838308
122001.8089720059 121583.6019473917
122920.0443253290 121583.6019473917
122613.9658742213 121277.8982368963
124144.3581297599 121277.8982368963
121389.6520697904 120360.7871054104
126592.9857386216 119749.3796844198
130572.0056030218 119749.3796844198
124756.5150319753 119137.9722634291
121695.7305208982 121583.6019473917
121389.6520697904 121583.6019473917
121083.5736186827 121583.6019473917
122307.8874231136 121889.3056578870
122001.8089720059 121889.3056578870
121695.7305208982 121889.3056578870

120777.4951675750 122195.0093683823
121695.7305208982 121583.6019473917
122001.8089720059 121583.6019473917
122920.0443253290 121583.6019473917
123226.1227764367 121583.6019473917
122613.9658742213 121277.8982368963
119859.2598142519 120666.4908159057
120471.4167164673 120666.4908159057
121389.6520697904 121583.6019473917
122307.8874231136 121889.3056578870
122001.8089720059 121889.3056578870
121695.7305208982 121889.3056578870
121389.6520697904 121889.3056578870
121083.5736186827 121889.3056578870
120777.4951675750 121889.3056578870

122920.0443253290 121583.6019473917
122001.8089720059 121583.6019473917
121695.7305208982 121583.6019473917
121389.6520697904 121583.6019473917
121083.5736186827 121583.6019473917
122307.8874231136 121889.3056578870
122001.8089720059 121889.3056578870
121695.7305208982 121889.3056578870
121389.6520697904 121889.3056578870
121083.5736186827 121889.3056578870
120777.4951675750 121889.3056578870
121695.7305208982 122195.0093683823
121389.6520697904 122195.0093683823
121083.5736186827 122195.0093683823
120471.4167164673 121889.3056578870

123838.2796786522 124946.3427628401
122307.8874231136 121889.3056578870
121695.7305208982 121583.6019473917
122001.8089720059 121583.6019473917
122920.0443253290 121583.6019473917
124756.5150319753 119749.3796844198
125980.8288364061 119443.6759739245
129653.7702496987 119443.6759739245
123226.1227764367 121583.6019473917
116492.3968520671 116386.6388689713
122001.8089720059 121889.3056578870
121695.7305208982 121889.3056578870
121389.6520697904 121889.3056578870
121083.5736186827 121889.3056578870
120777.4951675750 121889.3056578870

122307.8874231136 121889.3056578870
121389.6520697904 121583.6019473917
122001.8089720059 121583.6019473917
122920.0443253290 121583.6019473917
123226.1227764367 121583.6019473917
124450.4365808676 120972.1945264010
131184.1625052372 119137.9722634291
124756.5150319753 119749.3796844198
125980.8288364061 119443.6759739245
121695.7305208982 121583.6019473917
122001.8089720059 121889.3056578870
121695.7305208982 121889.3056578870
121389.6520697904 121889.3056578870
121083.5736186827 121889.3056578870
120777.4951675750 121889.3056578870

122307.8874231136 121889.3056578870
121389.6520697904 121583.6019473917
122001.8089720059 121583.6019473917
122920.0443253290 121583.6019473917
123226.1227764367 121583.6019473917
124450.4365808676 120972.1945264010
121695.7305208982 120360.7871054104
124756.5150319753 119749.3796844198
125980.8288364061 119443.6759739245
121695.7305208982 121583.6019473917
122001.8089720059 121889.3056578870
121695.7305208982 121889.3056578870
121389.6520697904 121889.3056578870
121083.5736186827 121889.3056578870
120777.4951675750 121889.3056578870

121389.6520697904 121583.6019473917
122001.8089720059 121583.6019473917
123226.1227764367 121583.6019473917
119553.1813631442 120972.1945264010
124450.4365808676 120972.1945264010
121695.7305208982 120360.7871054104
125980.8288364061 119443.6759739245
134857.1039185298 118526.5648424385
133326.7116629912 118220.8611319432
118022.7891076056 117303.7500004573
130878.0840541295 116692.3425794666
120165.3382653596 116386.6388689713
122920.0443253290 121583.6019473917
121695.7305208982 121583.6019473917
122307.8874231136 121889.3056578870

121389.6520697904 121583.6019473917
122001.8089720059 121583.6019473917
123226.1227764367 121583.6019473917
122613.9658742213 121277.8982368963
119553.1813631442 120972.1945264010
124450.4365808676 120972.1945264010
121695.7305208982 120360.7871054104
125980.8288364061 119443.6759739245
121083.5736186827 116998.0462899619
134857.1039185298 118526.5648424385
118941.0244609287 116692.3425794666
122920.0443253290 121583.6019473917
121695.7305208982 121583.6019473917
122307.8874231136 121889.3056578870
122001.8089720059 121889.3056578870

121389.6520697904 121583.6019473917
121695.7305208982 121583.6019473917
122001.8089720059 121583.6019473917
123226.1227764367 121583.6019473917
122613.9658742213 121277.8982368963
119553.1813631442 120972.1945264010
124450.4365808676 120972.1945264010
121695.7305208982 120360.7871054104
125980.8288364061 119443.6759739245
127511.2210919447 119137.9722634291
122920.0443253290 121583.6019473917
121083.5736186827 121583.6019473917
122307.8874231136 121889.3056578870
122001.8089720059 121889.3056578870
121695.7305208982 121889.3056578870

125062.5934830830 126474.8613153167
122613.9658742213 123417.8242103636
122307.8874231136 121889.3056578870
121083.5736186827 121583.6019473917
121389.6520697904 121583.6019473917
121695.7305208982 121583.6019473917
122001.8089720059 121583.6019473917
122920.0443253290 121583.6019473917
123226.1227764367 121583.6019473917
122001.8089720059 119137.9722634291
125980.8288364061 118526.5648424385
122001.8089720059 121889.3056578870
121695.7305208982 121889.3056578870
121389.6520697904 121889.3056578870
121083.5736186827 121889.3056578870

120165.3382653596 122195.0093683823
122307.8874231136 121889.3056578870
121083.5736186827 121583.6019473917
121389.6520697904 121583.6019473917
121695.7305208982 121583.6019473917
122001.8089720059 121583.6019473917
122920.0443253290 121583.6019473917
124756.5150319753 121277.8982368963
125062.5934830830 120055.0833949151
123226.1227764367 121583.6019473917
112819.4554387745 114552.4166059994
121695.7305208982 121889.3056578870
121389.6520697904 121889.3056578870
121083.5736186827 121889.3056578870
120777.4951675750 121889.3056578870

120165.3382653596 122195.0093683823
122307.8874231136 121889.3056578870
121083.5736186827 121583.6019473917
121389.6520697904 121583.6019473917
121695.7305208982 121583.6019473917
122001.8089720059 121583.6019473917
122920.0443253290 121583.6019473917
124756.5150319753 121277.8982368963
125062.5934830830 120055.0833949151
123226.1227764367 121583.6019473917
122001.8089720059 121889.3056578870
121695.7305208982 121889.3056578870
121389.6520697904 121889.3056578870
121083.5736186827 121889.3056578870
120777.4951675750 121889.3056578870

122001.8089720059 122500.7130788776
123226.1227764367 121583.6019473917
122920.0443253290 121583.6019473917
122001.8089720059 121583.6019473917
121695.7305208982 121583.6019473917
122307.8874231136 121889.3056578870
122001.8089720059 121889.3056578870
121695.7305208982 121889.3056578870
121389.6520697904 121889.3056578870
121083.5736186827 121889.3056578870
120777.4951675750 121889.3056578870
121695.7305208982 122195.0093683823
121389.6520697904 122195.0093683823
121083.5736186827 122195.0093683823
120471.4167164673 121889.3056578870

122001.8089720059 122500.7130788776
123226.1227764367 121583.6019473917
122920.0443253290 121583.6019473917
122001.8089720059 121583.6019473917
121695.7305208982 121583.6019473917
122307.8874231136 121889.3056578870
122001.8089720059 121889.3056578870
121695.7305208982 121889.3056578870
121389.6520697904 121889.3056578870
121083.5736186827 121889.3056578870
120777.4951675750 121889.3056578870
121695.7305208982 122195.0093683823
121389.6520697904 122195.0093683823
121083.5736186827 122195.0093683823
120777.4951675750 122195.0093683823

120777.4951675750 122195.0093683823
121083.5736186827 122195.0093683823
121389.6520697904 122195.0093683823
121695.7305208982 122195.0093683823
120471.4167164673 121889.3056578870
120777.4951675750 121889.3056578870
121083.5736186827 121889.3056578870
121389.6520697904 121889.3056578870
121695.7305208982 121889.3056578870
123226.1227764367 121583.6019473917
122920.0443253290 121583.6019473917
122001.8089720059 121583.6019473917
121695.7305208982 121583.6019473917
122307.8874231136 121889.3056578870
122001.8089720059 121889.3056578870

122001.8089720059 122500.7130788776
120165.3382653596 122195.0093683823
121389.6520697904 122195.0093683823
121695.7305208982 122195.0093683823
123226.1227764367 121583.6019473917
122920.0443253290 121583.6019473917
122001.8089720059 121583.6019473917
121695.7305208982 121583.6019473917
122307.8874231136 121889.3056578870
122001.8089720059 121889.3056578870
121695.7305208982 121889.3056578870
121389.6520697904 121889.3056578870
121083.5736186827 121889.3056578870
120777.4951675750 121889.3056578870
120777.4951675750 122195.0093683823

121695.7305208982 122195.0093683823
122920.0443253290 121583.6019473917
122001.8089720059 121583.6019473917
121695.7305208982 121583.6019473917
121389.6520697904 121583.6019473917
122307.8874231136 121889.3056578870
122001.8089720059 121889.3056578870
121695.7305208982 121889.3056578870
121389.6520697904 121889.3056578870
121083.5736186827 121889.3056578870
120777.4951675750 121889.3056578870
120471.4167164673 121889.3056578870
121389.6520697904 122195.0093683823
121083.5736186827 122195.0093683823
120777.4951675750 122195.0093683823

121695.7305208982 122195.0093683823
122920.0443253290 121583.6019473917
122001.8089720059 121583.6019473917
121695.7305208982 121583.6019473917
121389.6520697904 121583.6019473917
122307.8874231136 121889.3056578870
122001.8089720059 121889.3056578870
121695.7305208982 121889.3056578870
121389.6520697904 121889.3056578870
121083.5736186827 121889.3056578870
120777.4951675750 121889.3056578870
121389.6520697904 122195.0093683823
121083.5736186827 122195.0093683823
120777.4951675750 122195.0093683823
120471.4167164673 122195.0093683823

122001.8089720059 122500.7130788776
120777.4951675750 122195.0093683823
121083.5736186827 122195.0093683823
121389.6520697904 122195.0093683823
121695.7305208982 122195.0093683823
120777.4951675750 121889.3056578870
121083.5736186827 121889.3056578870
121389.6520697904 121889.3056578870
118022.7891076056 115775.2314479807
122001.8089720059 121889.3056578870
122307.8874231136 121889.3056578870
121695.7305208982 121583.6019473917
122001.8089720059 121583.6019473917
122920.0443253290 121583.6019473917
123226.1227764367 121583.6019473917

121389.6520697904 121583.6019473917
121695.7305208982 121583.6019473917
122001.8089720059 121583.6019473917
122920.0443253290 121583.6019473917
123838.2796786522 121277.8982368963
123226.1227764367 121583.6019473917
122307.8874231136 121889.3056578870
122001.8089720059 121889.3056578870
121695.7305208982 121889.3056578870
121389.6520697904 121889.3056578870
121083.5736186827 121889.3056578870
120777.4951675750 121889.3056578870
122001.8089720059 117915.1574214479
121389.6520697904 122195.0093683823
121083.5736186827 122195.0093683823

125368.6719341907 126780.5650258120
121389.6520697904 121583.6019473917
121695.7305208982 121583.6019473917
122001.8089720059 121583.6019473917
122920.0443253290 121583.6019473917
122613.9658742213 121277.8982368963
123838.2796786522 121277.8982368963
121083.5736186827 121583.6019473917
122307.8874231136 121889.3056578870
122001.8089720059 121889.3056578870
121695.7305208982 121889.3056578870
121389.6520697904 121889.3056578870
121083.5736186827 121889.3056578870
120777.4951675750 121889.3056578870
118022.7891076056 115469.5277374854

125368.6719341907 126780.5650258120
121389.6520697904 121583.6019473917
121695.7305208982 121583.6019473917
122001.8089720059 121583.6019473917
122920.0443253290 121583.6019473917
122613.9658742213 121277.8982368963
123838.2796786522 121277.8982368963
122307.8874231136 121889.3056578870
122001.8089720059 121889.3056578870
121695.7305208982 121889.3056578870
121389.6520697904 121889.3056578870
121083.5736186827 121889.3056578870
120777.4951675750 121889.3056578870
120471.4167164673 121889.3056578870
121695.7305208982 122195.0093683823

122920.0443253290 121583.6019473917
122001.8089720059 121583.6019473917
121695.7305208982 121583.6019473917
121389.6520697904 121583.6019473917
121083.5736186827 121583.6019473917
122307.8874231136 121889.3056578870
122001.8089720059 121889.3056578870
121695.7305208982 121889.3056578870
121389.6520697904 121889.3056578870
121083.5736186827 121889.3056578870
120777.4951675750 121889.3056578870
121695.7305208982 122195.0093683823
121389.6520697904 122195.0093683823
121083.5736186827 122195.0093683823
122001.8089720059 122500.7130788776

122920.0443253290 121583.6019473917
122001.8089720059 121583.6019473917
121695.7305208982 121583.6019473917
121389.6520697904 121583.6019473917
121083.5736186827 121583.6019473917
122307.8874231136 121889.3056578870
122001.8089720059 121889.3056578870
121695.7305208982 121889.3056578870
121389.6520697904 121889.3056578870
121083.5736186827 121889.3056578870
120777.4951675750 121889.3056578870
121695.7305208982 122195.0093683823
121389.6520697904 122195.0093683823
121083.5736186827 122195.0093683823
120777.4951675750 122195.0093683823

122613.9658742213 121277.8982368963
121083.5736186827 122195.0093683823
121389.6520697904 122195.0093683823
121695.7305208982 122195.0093683823
120471.4167164673 121889.3056578870
120777.4951675750 121889.3056578870
121083.5736186827 121889.3056578870
121389.6520697904 121889.3056578870
121695.7305208982 121889.3056578870
122001.8089720059 121889.3056578870
122307.8874231136 121889.3056578870
121389.6520697904 121583.6019473917
121695.7305208982 121583.6019473917
122001.8089720059 121583.6019473917
122920.0443253290 121583.6019473917

122001.8089720059 122500.7130788776
121083.5736186827 122195.0093683823
121389.6520697904 122195.0093683823
121695.7305208982 122195.0093683823
120471.4167164673 121889.3056578870
120777.4951675750 121889.3056578870
121083.5736186827 121889.3056578870
121389.6520697904 121889.3056578870
121695.7305208982 121889.3056578870
122001.8089720059 121889.3056578870
122307.8874231136 121889.3056578870
121389.6520697904 121583.6019473917
121695.7305208982 121583.6019473917
122001.8089720059 121583.6019473917
122920.0443253290 121583.6019473917

122613.9658742213 121277.8982368963
122920.0443253290 121583.6019473917
122001.8089720059 121583.6019473917
121695.7305208982 121583.6019473917
121389.6520697904 121583.6019473917
122307.8874231136 121889.3056578870
122001.8089720059 121889.3056578870
121695.7305208982 121889.3056578870
121389.6520697904 121889.3056578870
121083.5736186827 121889.3056578870
120777.4951675750 121889.3056578870
121695.7305208982 122195.0093683823
121389.6520697904 122195.0093683823
121083.5736186827 122195.0093683823
120777.4951675750 122195.0093683823

122001.8089720059 122500.7130788776
122920.0443253290 121583.6019473917
122001.8089720059 121583.6019473917
121695.7305208982 121583.6019473917
121389.6520697904 121583.6019473917
122307.8874231136 121889.3056578870
122001.8089720059 121889.3056578870
121695.7305208982 121889.3056578870
121389.6520697904 121889.3056578870
121083.5736186827 121889.3056578870
120777.4951675750 121889.3056578870
121695.7305208982 122195.0093683823
121389.6520697904 122195.0093683823
121083.5736186827 122195.0093683823
120777.4951675750 122195.0093683823

119247.1029120365 115469.5277374854
123226.1227764367 121583.6019473917
122920.0443253290 121583.6019473917
122001.8089720059 121583.6019473917
121695.7305208982 121583.6019473917
121389.6520697904 121583.6019473917
122307.8874231136 121889.3056578870
122001.8089720059 121889.3056578870
121695.7305208982 121889.3056578870
121389.6520697904 121889.3056578870
121083.5736186827 121889.3056578870
120777.4951675750 121889.3056578870
121083.5736186827 122195.0093683823
120471.4167164673 122195.0093683823
122001.8089720059 122500.7130788776

122001.8089720059 122500.7130788776
120471.4167164673 122195.0093683823
121083.5736186827 122195.0093683823
120777.4951675750 121889.3056578870
121083.5736186827 121889.3056578870
121389.6520697904 121889.3056578870
121695.7305208982 121889.3056578870
122001.8089720059 121889.3056578870
122307.8874231136 121889.3056578870
115268.0830476362 114858.1203164948
115574.1614987439 115469.5277374854
117104.5537542825 115775.2314479807
119859.2598142519 116386.6388689713
120777.4951675750 116692.3425794666
120471.4167164673 116692.3425794666

122920.0443253290 120972.1945264010
123226.1227764367 121583.6019473917
122920.0443253290 121583.6019473917
122001.8089720059 121583.6019473917
121695.7305208982 121583.6019473917
120471.4167164673 121277.8982368963
122307.8874231136 121889.3056578870
122001.8089720059 121889.3056578870
121695.7305208982 121889.3056578870
121389.6520697904 121889.3056578870
121083.5736186827 121889.3056578870
120777.4951675750 121889.3056578870
121083.5736186827 122195.0093683823
120471.4167164673 122195.0093683823
122001.8089720059 122500.7130788776

122920.0443253290 120972.1945264010
123226.1227764367 121583.6019473917
122920.0443253290 121583.6019473917
122001.8089720059 121583.6019473917
121695.7305208982 121583.6019473917
121389.6520697904 121583.6019473917
122307.8874231136 121889.3056578870
122001.8089720059 121889.3056578870
121695.7305208982 121889.3056578870
121389.6520697904 121889.3056578870
121083.5736186827 121889.3056578870
120777.4951675750 121889.3056578870
122001.8089720059 115775.2314479807
120471.4167164673 122195.0093683823
122001.8089720059 122500.7130788776

120777.4951675750 122500.7130788776
120471.4167164673 122195.0093683823
121083.5736186827 122195.0093683823
120777.4951675750 121889.3056578870
121083.5736186827 121889.3056578870
121389.6520697904 121889.3056578870
121695.7305208982 121889.3056578870
122001.8089720059 121889.3056578870
122307.8874231136 121889.3056578870
121695.7305208982 121583.6019473917
122001.8089720059 121583.6019473917
122920.0443253290 121583.6019473917
123226.1227764367 121583.6019473917
120165.3382653596 121583.6019473917
122920.0443253290 120972.1945264010

122001.8089720059 122500.7130788776
120165.3382653596 122195.0093683823
120471.4167164673 122195.0093683823
121083.5736186827 122195.0093683823
121083.5736186827 121889.3056578870
121695.7305208982 121889.3056578870
122001.8089720059 121889.3056578870
122307.8874231136 121889.3056578870
121389.6520697904 121583.6019473917
121695.7305208982 121583.6019473917
122001.8089720059 121583.6019473917
122920.0443253290 121583.6019473917
121389.6520697904 120972.1945264010
121083.5736186827 120972.1945264010
123226.1227764367 121583.6019473917

120777.4951675750 122500.7130788776
121695.7305208982 122500.7130788776
122001.8089720059 122500.7130788776
120471.4167164673 122195.0093683823
121389.6520697904 115775.2314479807
120777.4951675750 121889.3056578870
121695.7305208982 121889.3056578870
121695.7305208982 121583.6019473917
122920.0443253290 121583.6019473917
123226.1227764367 121583.6019473917
121083.5736186827 120972.1945264010
121389.6520697904 120972.1945264010
123226.1227764367 118832.2685529338
124756.5150319753 118220.8611319432
122307.8874231136 115775.2314479807

121695.7305208982 122500.7130788776
120471.4167164673 122195.0093683823
121083.5736186827 122195.0093683823
120777.4951675750 121889.3056578870
121695.7305208982 121889.3056578870
120471.4167164673 121583.6019473917
121695.7305208982 121583.6019473917
123226.1227764367 121583.6019473917
121083.5736186827 121277.8982368963
121389.6520697904 121277.8982368963
119247.1029120365 115469.5277374854
122613.9658742213 120972.1945264010
123838.2796786522 119443.6759739245
122307.8874231136 115775.2314479807
121389.6520697904 116386.6388689713

121695.7305208982 122500.7130788776
120471.4167164673 122195.0093683823
121083.5736186827 122195.0093683823
120777.4951675750 121889.3056578870
121695.7305208982 121889.3056578870
121695.7305208982 121583.6019473917
123226.1227764367 121583.6019473917
119859.2598142519 121583.6019473917
121389.6520697904 120972.1945264010
123532.2012275444 118526.5648424385
122613.9658742213 117609.4537109526
134244.9470163144 116998.0462899619
120471.4167164673 116386.6388689713
118328.8675587133 115163.8240269901
122613.9658742213 115775.2314479807

121083.5736186827 122195.0093683823
121695.7305208982 122500.7130788776
120471.4167164673 122195.0093683823
120777.4951675750 121889.3056578870
121695.7305208982 121889.3056578870
122920.0443253290 121277.8982368963
121083.5736186827 121277.8982368963
121389.6520697904 120972.1945264010
123226.1227764367 121583.6019473917
123532.2012275444 118526.5648424385
122613.9658742213 115775.2314479807
120471.4167164673 116386.6388689713
119859.2598142519 116386.6388689713
134244.9470163144 116998.0462899619
122613.9658742213 117609.4537109526

122001.8089720059 122500.7130788776
120471.4167164673 122195.0093683823
120777.4951675750 121889.3056578870
121695.7305208982 121583.6019473917
123226.1227764367 120972.1945264010
122307.8874231136 115775.2314479807
118022.7891076056 116080.9351584760
117716.7106564979 116080.9351584760
119859.2598142519 116386.6388689713
119247.1029120365 116386.6388689713
126899.0641897293 117915.1574214479
123532.2012275444 118220.8611319432
123226.1227764367 118220.8611319432
123838.2796786522 118526.5648424385
125980.8288364061 118832.2685529338

122001.8089720059 122806.4167893729
121083.5736186827 122500.7130788776
120165.3382653596 122195.0093683823
123226.1227764367 121583.6019473917
123838.2796786522 118526.5648424385
123226.1227764367 118220.8611319432
129347.6917985910 117915.1574214479
126899.0641897293 117915.1574214479
122307.8874231136 115775.2314479807
118022.7891076056 116080.9351584760
117716.7106564979 116080.9351584760
122920.0443253290 116386.6388689713
119859.2598142519 116386.6388689713
119553.1813631442 116386.6388689713
119247.1029120365 116386.6388689713

122001.8089720059 122806.4167893729
123226.1227764367 121583.6019473917
123838.2796786522 118526.5648424385
123226.1227764367 118220.8611319432
133938.8685652066 118526.5648424385
118022.7891076056 116080.9351584760
117716.7106564979 116080.9351584760
122920.0443253290 116386.6388689713
121695.7305208982 116386.6388689713
119553.1813631442 116386.6388689713
119247.1029120365 116386.6388689713
120777.4951675750 116692.3425794666
134244.9470163144 116998.0462899619
125062.5934830830 118220.8611319432
123532.2012275444 118220.8611319432

122307.8874231136 115775.2314479807
121389.6520697904 116080.9351584760
118022.7891076056 116080.9351584760
117716.7106564979 116080.9351584760
122920.0443253290 116386.6388689713
119859.2598142519 116386.6388689713
126899.0641897293 117915.1574214479
123532.2012275444 118220.8611319432
123226.1227764367 118220.8611319432
123838.2796786522 118526.5648424385
120165.3382653596 121277.8982368963
123226.1227764367 121583.6019473917
120165.3382653596 122195.0093683823
121083.5736186827 122500.7130788776
122001.8089720059 122806.4167893729

122001.8089720059 122806.4167893729
121083.5736186827 122500.7130788776
120165.3382653596 122195.0093683823
122307.8874231136 115775.2314479807
118022.7891076056 116080.9351584760
117716.7106564979 116080.9351584760
120165.3382653596 121277.8982368963
119859.2598142519 116386.6388689713
119553.1813631442 116386.6388689713
119247.1029120365 116386.6388689713
126899.0641897293 117915.1574214479
123532.2012275444 118220.8611319432
123226.1227764367 118220.8611319432
123838.2796786522 118526.5648424385
123226.1227764367 121583.6019473917

