32768872.9730750546 200905.4130859375
29747069.2733204104 186780.3837127686
30002485.3169707954 195261.1615600586
31345402.8913335204 199832.5983886719
31585212.5255656727 200091.7695312500
30294363.7559729293 198764.6323242188
32293344.2536406331 200575.8063964844
29707877.8905669153 183526.9184570312
30538362.4592879340 199035.8933105469
30842403.1452831626 199325.3542480469
31755303.2077691928 200284.9748535156
30683026.9214758314 199221.5346679688
29750663.0725281462 186975.7155303955
29669444.3051071875 183204.8484649658
30647569.3328269012 199063.5290527344
29544781.3464321755 175223.8389129639
32854721.6796113253 200908.1123046875
31124264.5726334453 199593.4711914062
32836054.6530541889 200906.0581054688
29958561.7684092671 194576.4755096436
30048790.1656832919 198421.7639160156
29878867.5815309361 194496.8810272217
30194640.7214086466 198507.7695312500
30306408.1273567826 198764.6354980469
30017736.1268969104 198229.0832519531
30960741.0097428299 199507.4624023438
30128484.3525616154 198501.3583984375
31212216.8645780943 199659.4360351562
29735024.9019365571 186780.3805389404
30386359.2245329469 198949.8854980469
30671548.4860433601 199209.0556640625
31025011.8337173946 199509.3220214844
34310305.6060068309 201640.9033203125
33030517.0073900931 201064.3593750000
29813546.7069629952 190838.8585968018
29804099.3972131312 190643.8394885361
29491888.0906104334 151777.8856000900
29801369.0977638513 190641.4304504395
30021152.3435279280 198232.4047851562
33133536.6420198567 201104.0871582031
30198074.1318959817 198690.7175292969
29536765.6114547811 168086.8359375000
30579421.7066587694 199062.6508789062
30503286.1954341531 198983.6325683594
31895799.5023458712 200299.8613281250
29795601.5698894262 187036.2969970703
30712607.7334141955 199235.8132324219
34817849.3478995562 201792.9357910156
30433571.1509334184 198976.6452636719
31470074.4639605172 199918.6071777344
29979744.9192863107 194890.3782348633
33304694.0720007010 201177.0659179688
29612916.1919443943 179353.5452423096
30665242.3399921693 199063.5322265625
33283853.5314593613 201166.4279785156
33071956.5560252815 201089.3103027344
29525641.7111859992 152433.2811079025
32900587.6797780879 200930.9248046875
29859696.2771446295 194299.4528808594
31124061.7303910218 199581.6335449219
29593874.3830055892 175800.6376953125
32674284.7720590308 200832.5312500000
29854403.1120914072 192009.8591308594
32549773.0314984806 200817.6574707031
29506542.6138863079 152034.5051984787
31905044.2988433838 200310.4887695312
33516802.4937011339 201339.5903320312
31370601.8438802361 199852.6413574219
29652649.4696674943 179663.7785644531
30801720.2225788832 199255.2817382812
30947504.4011448547 199391.3200683594
33648517.2004041746 201365.1020507812
29876137.2820816562 194494.7878723145
34032362.0175165981 201611.2431640625
29595709.8820303977 175803.1809082031
33584187.0159227028 201352.0729980469
31065842.2656045258 199573.4282226562
33736190.2506776825 201438.0808105469
33524005.4598436244 201350.2282714844
32107855.4107220508 200556.6298828125
29608013.2100295089 178771.0141601562
29688111.3316643238 183206.9026641846
33064487.3552619293 201067.9353027344
31218598.6091252528 199766.6335449219
32434634.9698933288 200644.4951171875
29534035.3120055012 168074.9809570312
29497726.9451778382 151901.1194868088
31975456.3300804794 200311.6914062500
29543521.0706782378 168855.3303222656
32427453.5845299549 200633.8549804688
35017854.4276408479 201814.0656738281
33493173.5561779290 201184.6770019531
33495744.7711318396 201185.9172363281
35416219.8124757335 201844.0869140625
31284146.4162031747 199773.6401367188
30978414.0169080980 199507.4655761719
32083661.7319855615 200380.9924316406
31837621.9968940280 200286.8344726562
29607628.2784390673 176571.6752929688
31352867.0261397474 199835.1416015625
31440823.7207159288 199865.6713867188
30860076.1524484232 199325.3574218750
31284764.2926315367 199782.2058105469
31218395.7668828294 199754.7958984375
31983472.5526193827 200372.8400878906
29666799.7975918688 180408.5107421875
31722887.8122122362 200113.5593261719
31107820.2523813881 199576.3352050781
30743322.6639713570 199236.4577636719
31484105.7180796489 200028.3469238281
31640165.1461640373 200111.8125000000
31372437.3429050483 199855.1845703125
31536375.3798041865 200032.8112792969
31574009.7474713549 200038.8337402344
32423325.0037180409 200583.8894042969
29533107.4137716889 163871.8663330078
31874374.4657471627 200288.8300781250
32505106.3616373241 200656.8671875000
29490192.7621150091 148063.6295344830
29725148.3650152832 186493.6267089844
30776251.8436937220 199248.3044433594
31751937.1460683569 200124.2963867188
31738738.5617890880 200121.3129882812
31201303.6508888230 199594.8439941406
