30335915.6301859729 1511564.4707031250
30780084.4512304291 1555238.3906250000
36562530.7204034179 1592235.3115234375
30886355.7130072489 1561387.0107421875
37665437.3931028247 1592324.7812500000
31063962.5417372137 1571704.6689453125
31557396.4225343168 1589711.8447265625
31363950.0058752671 1583584.0771484375
29809449.4516402148 1432095.8525390625
29822594.8853657544 1434373.8388671875
37206980.4747802913 1592302.2470703125
29714390.9594756849 1410250.1826171875
29774236.6795102991 1423425.7324218750
31123264.0074432418 1574703.3730468750
31840537.4979217127 1591849.9453125000
31124685.3062886819 1574741.7050781250
29977846.1727887914 1465730.3232421875
30759007.0961419120 1552737.7109375000
29734619.8669720218 1414555.6152343750
31317885.1531515121 1581299.8642578125
29984956.8125608936 1469726.5800781250
30827478.2777388431 1556749.7363281250
30080801.0001165718 1477651.3251953125
31268238.2354147658 1580521.0429687500
31613692.5043937340 1591801.7158203125
29902729.7234492265 1452515.0888671875
31587033.2607455403 1591690.2910156250
30146979.7376237772 1489702.1357421875
35633063.7632929385 1592191.1640625000
31200942.3186507151 1578088.7968750000
30233961.1989724785 1500713.0751953125
30934523.3438142911 1564370.4023437500
30950902.2379794270 1565517.8017578125
30914518.5091518871 1562668.4345703125
30933102.0449688509 1564332.0703125000
37275196.1850190759 1592303.8857421875
30303984.1991719529 1508891.2431640625
30458554.5948328786 1526307.8056640625
30094122.9845899902 1485008.2431640625
30379119.7722813264 1517772.2773437500
33618838.6042431816 1592140.4335937500
30108422.5270396993 1486708.4082031250
31920029.8827652372 1591850.7773437500
29728682.2156296633 1412961.9921875000
37557190.6370124668 1592318.2568359375
36554110.2638684064 1592227.9091796875
30031164.2950835451 1474264.9589843750
31433725.8924975172 1586028.6328125000
31182358.7828337550 1576425.2333984375
29700701.8290501162 1402693.7314453125
36196844.6795357764 1592219.6718750000
30921216.9467724711 1562761.9394531250
30121306.2453079559 1487864.6845703125
34873570.3448796719 1592172.5966796875
31513409.0547652543 1587819.9912109375
30949445.9397701845 1565464.2431640625
29780288.5807731934 1424437.6181640625
29915442.1413022131 1452754.2558593750
30958559.0411782190 1565518.8564453125
29801967.2539636791 1429290.6181640625
30950087.1748791561 1565515.6503906250
30939552.7746256813 1565422.8046875000
31248233.4007523619 1578819.1406250000
31249136.6471930966 1578833.0537109375
37365855.2854209989 1592309.0712890625
30022955.0707009956 1472222.9316406250
30692848.7935368940 1546695.4970703125
29923378.8575243764 1452832.7490234375
31418270.2656142041 1586027.6552734375
30647537.7727294862 1543592.7744140625
29685878.3976305798 1389744.6816406250
31249654.6995978020 1578857.4726562500
32500901.9114657976 1592009.0937500000
31253017.9832289219 1579886.0351562500
30929194.9062363803 1563531.1787109375
32663835.5410898700 1592033.8291015625
30192162.3666231781 1496292.6337890625
30884647.7168705426 1560477.0058593750
29846372.6978734285 1437751.8359375000
30083218.4896737486 1480724.5273437500
30159303.3515645340 1489827.3623046875
32656178.7378910743 1592032.7744140625
30019877.1710089482 1471052.3935546875
30771612.5849313624 1555235.2841796875
30634218.5624867417 1543548.0214843750
30705692.6112176068 1548079.1933593750
31013123.0949728116 1569513.8535156250
30174351.3713722080 1492670.6162109375
30571172.9616890699 1537306.2216796875
31184595.1457907856 1576590.9697265625
30267297.9397325478 1505850.7265625000
30597744.7062159702 1539162.6816406250
30514261.5396526530 1532017.5976562500
30735568.0790336654 1548734.8925781250
30642690.4287858047 1543551.3623046875
30534838.8795256615 1533042.9697265625
30307443.4297216088 1509350.5703125000
36674629.8282694444 1592242.2900390625
30738058.0951332487 1548737.3027343750
29875267.2173907831 1444460.8251953125
29953226.6634578146 1459464.5957031250
29946040.2190172970 1458597.1005859375
29785832.4643611275 1426547.4414062500
29862056.7915907353 1440462.6669921875
29887872.7061802261 1447830.5849609375
30869599.9046064094 1558709.9033203125
30841388.4715536237 1558609.5839843750
32556371.2814268768 1592032.1757812500
29795442.3027490936 1427659.2861328125
30480260.3126079887 1529077.5664062500
30921466.2578995377 1562831.7304687500
30680608.4125278518 1545562.5712890625
30084418.6309656091 1481354.7529296875
29914966.4973533489 1452633.3437500000
30067917.2818483151 1477236.0595703125
29881498.7590606362 1446864.5468750000
33392148.6189784072 1592124.3437500000
29899832.7364946418 1452510.5830078125
31245244.7831581309 1578166.7763671875
30672136.5462287888 1545559.1855468750
30582722.6630023345 1537310.6025390625
31439282.5482726172 1587045.7187500000
31130512.5359779000 1574803.9326171875
29821948.1702311859 1433109.2773437500
30964965.5862003565 1567198.7675781250
30814171.0664428174 1556596.9765625000
29822119.2414168939 1433446.5078125000
30835044.1177362390 1558326.2714843750
30834404.7109693661 1557333.7314453125
30101552.4671077505 1486091.5576171875
30822642.9327418804 1556600.0830078125
31157729.9410887063 1575237.3906250000
30262784.0902567580 1505286.5097656250
31039957.8661299944 1569664.5244140625
33425654.7507512644 1592129.0634765625
30948024.6409247443 1565425.9111328125
30738367.9431914948 1549044.1914062500
30176252.5482426360 1493232.6640625000
30708764.1468526684 1548276.3281250000
31201748.8453207240 1578112.4052734375
30114956.9974831641 1487219.0693359375
31087680.0651521161 1572998.5878906250
33441732.0756633282 1592129.3007812500
33795164.8978907168 1592145.3515625000
33863706.3667327017 1592147.3447265625
30038211.1484429538 1476898.1416015625
30298520.8141787350 1506910.4804687500
29694527.6197586991 1401978.5585937500
34401786.7735783681 1592171.3105468750
30746578.3194575720 1552480.9667968750
34352335.0702883899 1592169.3583984375
33819078.6236453801 1592146.5419921875
29758984.1752575263 1420705.7304687500
30234208.3125497028 1500826.4716796875
30755050.1857566349 1552484.0380859375
29933490.8271541223 1456665.7148437500
29894010.7243139930 1448453.7773437500
33416697.8101895377 1592127.6503906250
37771377.7862372994 1592326.7988281250
30598180.1981904581 1540903.8427734375
29792006.6736525409 1427121.7324218750
36955071.1321582198 1592264.1650390625
36732986.5993980765 1592255.9814453125
30441116.3574950211 1524451.4677734375
30262695.6176994517 1504944.5175781250
30609723.6001245826 1541104.0585937500
30122386.4800009243 1488302.3476562500
37494785.1548097134 1592318.1250000000
30728711.0160307027 1548279.9589843750
33014647.7250995189 1592100.5341796875
31074872.0698013119 1571714.8476562500
30562139.0237501897 1534779.2724609375
33400620.4852774739 1592127.4150390625
36708672.7536198944 1592245.9882812500
36610075.8328658715 1592237.4101562500
29807482.3130773157 1429839.5244140625
29744332.4560543299 1417663.5937500000
29872277.3912143260 1441516.1611328125
33842545.5915513709 1592147.0400390625
33960662.7172645107 1592157.1582031250
30579644.8279881328 1537309.5625000000
30656108.5121623762 1544449.7050781250
31152805.5798710883 1575122.6933593750
30586730.3418538347 1537332.1708984375
33466440.3382966816 1592131.0390625000
30654818.4315639213 1543705.6328125000
32034511.7549909204 1591859.3193359375
37669877.2068408132 1592324.9492187500
30487689.7951257490 1530160.7998046875
31248685.3893153705 1578821.3164062500
29848366.7510878704 1440457.5527343750
30570899.7730261162 1535839.5361328125
31084113.2630708218 1571719.0302734375
31151609.7434797920 1575119.2978515625
32844941.3755656183 1592055.6005859375
30625280.9802893549 1541130.1835937500
33383597.4651450664 1592113.1865234375
30507993.9463358112 1531421.2949218750
31333200.9665213078 1582277.6337890625
35931173.8921220899 1592196.7656250000
31592615.6398924701 1591694.8105468750
37030982.8827432096 1592291.0966796875
36985482.5100790560 1592266.6396484375
35066267.4590832815 1592174.9785156250
35355824.8245354295 1592186.6230468750
31335853.1011218429 1582279.7666015625
30507221.4057698250 1530444.7060546875
29782613.2863245383 1425261.5458984375
30717236.0131517313 1548279.3994140625
35614358.3480707332 1592187.4160156250
36114193.3502883166 1592210.9130859375
30213857.3264645673 1497758.5527343750
30664580.3784614354 1544452.6445312500
30525804.9415867776 1532347.8828125000
30093563.5887166411 1481771.1640625000
30428123.6318097673 1522649.3486328125
30890947.4300501421 1562340.4726562500
30286796.8143445402 1506563.5312500000
29958084.0847769752 1459911.1220703125
30997399.3846185431 1568302.8574218750
30390008.4853487387 1519100.7041015625
30217095.6769919433 1498658.2285156250
30451355.7129623406 1525897.9501953125
31828747.4279878698 1591843.7412109375
29873058.0169259384 1444193.4619140625
29701349.3773481734 1406292.2656250000
31341245.5068359971 1582307.6220703125
30539152.7139248177 1533467.2851562500
30419362.8825338371 1521589.0107421875
30407819.4805997089 1521258.7236328125
30341215.8667129986 1513501.6445312500
30312669.0877675228 1510565.2841796875
33326689.4442238845 1592108.5761718750
31594904.3684353642 1591756.2285156250
32475846.4045897573 1591995.3876953125
31032917.3066012561 1569516.3828125000
36277134.4818215370 1592224.4414062500
29984008.0680526122 1465955.2675781250
31311050.1893690005 1581295.2412109375
30223144.1942647807 1498839.4804687500
30595009.6085735932 1537500.0527343750
29845763.1433475241 1436100.0878906250
30670444.3028564341 1544478.9169921875
31331715.4874469861 1581732.3964843750
30185089.4967082702 1495825.6416015625
30912313.7933128849 1562341.8320312500
29823147.1401704438 1436084.6132812500
29925187.3819895424 1455732.7724609375
32466536.8832637891 1591945.8857421875
32273985.7356130332 1591934.7246093750
30741496.0065638907 1549555.5888671875
30163749.8203757368 1490579.7080078125
32156561.1283515729 1591904.1972656250
30408724.0154364035 1521259.3583984375
30251967.0855490603 1504099.8701171875
30807998.0620525926 1556359.8486328125
30618195.4664236456 1541106.9980468750
31765730.8459432945 1591826.3818359375
29968931.6360705644 1461301.8251953125
30480214.1692684367 1526847.2626953125
31754255.8430643268 1591825.8232421875
32442986.2287704870 1591943.0957031250
30424348.4764609523 1522300.4628906250
30233587.3064101934 1499419.1162109375
30171179.3028934970 1491663.0283203125
30316995.2974618189 1510566.6064453125
30476047.3392098285 1526754.0585937500
30167757.6280358955 1491662.3281250000
30338043.5939774550 1513193.9169921875
29771339.6925557144 1422673.9248046875
30531717.2995810099 1532348.2822265625
30344913.6539094001 1515139.0839843750
31598601.9497259669 1591781.9277343750
30335926.6241451763 1511959.3457031250
30181667.8218506649 1495824.9423828125
30331003.4600946270 1511518.5400390625
30457268.0709565729 1525898.3505859375
30338948.1288141534 1513194.5507812500
30401683.8815535754 1519686.4648437500
30683923.2498507127 1545669.0009765625
30331907.9949313216 1511519.1738281250
30782189.7954904623 1555699.5224609375
31401177.4201446325 1585239.5410156250
30374971.0801547579 1516685.5927734375
30302614.0466507450 1507597.3466796875
30372389.9332729951 1516319.5097656250
30400779.3467168808 1519685.8310546875
32117638.0936820358 1591878.8105468750
32072730.6859831288 1591871.0097656250
30301709.5118140467 1507596.7128906250
31503129.1434341893 1587092.5283203125
29968600.4315076992 1459952.8652343750
30200002.1941777766 1496858.8203125000
30340311.3318763040 1513501.0107421875
30081603.5584022366 1478325.9804687500
31752410.6940942593 1591802.7460937500
31403981.3546464741 1585240.5917968750
35332815.8097740933 1592184.0517578125
36013179.7898701653 1592202.8007812500
35871224.7585346401 1592192.7548828125
