133165590.7473223805 58081.8106855419
155890411.3550956845 161489.9212646484
133072610.5504695326 48095.2976731332
133636086.5426764935 74410.9154167217
151969716.8704751134 150059.6793060303
133700303.9853205681 75114.1427940987
135320687.5782783031 93870.4666028544
133101110.8472837508 52809.6439151471
148756556.3916091919 145387.4206695557
148601463.4563998878 144708.6607818604
133215896.3711846918 61863.7619952601
135240586.9144116938 93780.0166213736
133066585.5910010338 47576.4940061695
138077642.4346948862 113691.1717213690
134144022.4796398282 82798.3392916620
149894996.5816774666 146122.8173980713
133335004.4074979722 66425.7355992533
142957250.6122730076 128443.2974734306
133777214.5572618991 76956.4492973946
134802387.7957993448 89877.4672897086
133442299.5430004895 68999.0828076117
134501482.7895807624 87179.5251529738
133073796.1872594655 49215.8785349140
133253295.2218855619 63582.8631839198
133082054.9077050835 49940.3090561600
133117851.7072598934 55251.7339071301
135164408.8552880585 93133.3003285751
138125460.6051479578 113820.2257848978
133404467.3327705413 68484.0141234440
133396483.6672734320 68305.5301725604
133277486.0403493792 64392.5937535502
134123488.0888414234 82715.9068270624
134558025.6637094617 87674.5844486281
137921578.3160794377 112245.5128950179
138176705.1967542768 113980.3457807600
133062257.5070368499 46111.2430237802
133065098.8280670345 47575.8504672176
137819132.5565418005 111420.0669368804
137868296.3961077929 111724.0804055631
134650707.5726797283 88933.2150166854
133873273.4369302839 78835.5521568917
133986848.8489787728 80929.5518160760
134021173.8402418196 81004.8906795830
135569664.5886059105 96679.7745717391
133059029.8416578472 45750.7743321555
133136792.5726563185 55982.4208845166
147509067.7425141931 139167.0399780273
133079270.6979494393 49573.5336461817
147661331.2271345854 141413.1591644287
133071272.5089036077 48088.4293969097
133088320.7019458711 51419.0133277480
135179816.0576299429 93174.6279385909
137817013.7229541242 110762.0473417342
133079623.3427534699 49778.9852600517
141890540.9746622145 121647.0203109980
135071470.5706463754 92999.4987080917
133350524.3592247963 66605.0446338695
133360703.2890751809 66772.6857607700
134772141.6291084588 89481.8438155875
134911535.7228406370 91315.3696137555
134671056.0147778392 89167.0655155778
134638773.9899167717 88932.4640568225
137407811.0826932192 107841.4117154479
133361728.2142891884 67274.9708716911
133508006.7501246631 70849.3712909557
137920875.2636287212 111923.3932374418
133211070.9605917335 61841.1227371437
133070573.3387570679 47933.5055784853
137932765.8253564537 112306.1509183943
133057570.5891342759 45599.4765997059
133560406.0370736867 72568.6089134258
137871930.6388437450 111882.7016996443
133201774.2615948617 61513.0739514572
133237585.5092049539 62343.2647323054
133090053.0967508852 51425.4133054321
133245924.9732644856 63552.0295123500
137624183.4174658358 109290.9721978605
133359841.3109361380 66758.0575985573
133120402.5964866728 55300.8211034802
133063491.4459511936 47190.0953339641
133204430.9896055758 61518.8876666469
134576499.1908032000 87825.6138675734
134434051.2886799276 86878.1928819194
133064781.1853926778 47238.8611284504
133588424.3502385765 72903.4092700817
133225193.0701815486 62191.8107809466
133193052.8502085805 60152.8552200538
133077538.3031444550 49567.1336684977
133068840.9439520240 47927.1056008013
136154977.3369082510 100858.0480583608
138234484.1288995743 114095.3194264472
138001871.8383115828 113093.2135965228
133151821.6604768485 57670.6884016064
133550552.8324762285 72184.6607227367
133056083.8262002766 45598.8330607540
133466022.9923532158 70151.5188770336
133117503.2612509429 55239.9245847729
135723657.8643893003 97091.9985791296
143452684.2252441943 131919.3652291298
133879148.7922427803 78896.4099703729
134360449.4322168529 86339.2286959589
133555470.4760293216 72352.3018496372
136806468.4863512516 104040.3340759799
133097467.0751438439 51744.7895836541
133094916.1859170794 51695.7023873040
133971206.1704872400 80584.6774874628
135220845.9401798546 93576.2621510848
133831109.5859214962 77978.2857933086
133200905.7548554838 60310.1228866023
133732145.4223448783 76290.0182762188
133176300.9685514569 59548.3125588638
133489202.5641513020 70671.3283252758
133450300.9757252038 69976.5837574047
133092192.8544275761 51551.4557119096
133170133.1869716793 58272.6460279492
133195709.5782192796 60158.6689352435
137569647.5963162482 108548.1998659819
136758009.5842647851 102778.6940775514
147552394.8871949911 139590.9496154785
134289313.3912066221 85072.5980730951
137732492.2609807551 110471.0485624373
134069629.3958384693 82272.9450045526
133105526.1424558014 53452.4225675100
134481532.5872433484 86982.7362442538
133776803.5287158191 76863.2681246698
155834445.4697829783 161166.0939941406
134349418.9325034022 85210.5811527297
153168528.0531873405 151613.9068841934
133094743.7436543703 51600.5429082597
133981613.0151724666 80660.0163509697
135198562.8276170194 93575.0376499221
135444986.9277518988 95573.7631264254
137869984.8957009912 111767.9503926337
155506628.6427642107 160513.7757568359
134943339.7157622278 91750.0606613457
136111317.9748866856 99767.8276832998
155601099.8775504231 160843.0721435547
133381488.3968845159 68097.4808979076
137073159.7674938440 106425.6535010859
133096402.9488510489 51696.3459262559
134529509.7009316981 87600.4396916032
133102880.2337812185 53157.6955427197
137693452.7665894330 110382.4798443764
134448383.0960800350 86898.8486698195
134820551.0410602391 90911.7969711050
138241359.3113514483 114347.0237144530
136717073.7663098276 102401.9794643819
136959054.2252488434 104146.2148284763
135935617.0865798891 98216.7972171828
134399066.9778588712 86669.9853425473
138351701.2998524308 115123.0877446234
137775088.5471753180 110747.4098042548
135959598.2419705391 98798.4184371680
133474326.8111520261 70326.4539966625
134837140.6574220359 91170.1113326773
134632098.5723533928 88931.9905155227
136692125.9222057462 101615.3300327361
133531503.8929174393 71087.2020802237
135322648.7015482485 94046.0169671960
136369161.0684631169 101496.3826054633
137943147.0163061917 112528.7738865912
135390759.7973822951 95127.1453597769
134600052.5599443614 88673.6761539504
141489653.6850639284 121190.3536396734
141989438.2873412073 121735.1127921343
142013140.8235511780 123618.0562506914
144376799.5622156858 135346.9253768921
143778684.6659222543 133545.1064834595
134608876.7437100410 88778.1170767695
133114952.3720241636 55190.8373884228
134403360.1205252409 86759.4418880790
133499381.4940016717 70838.9694521762
138044731.8691294789 113307.1863545477
137332217.8902644813 107524.1667068899
140864221.8319110870 119620.7309068404
140893250.7287716866 121180.2143357955
133244490.6445497870 63253.4450707478
143136273.0600678623 131281.3248062134
137676789.5101679564 110126.8707417548
137849998.4777683020 111560.1989277899
133876570.1587964147 78896.3263130598
133296059.7247258127 64572.2378310603
133686958.8233937472 74958.0101846009
133968086.5988154709 80584.5938301496
134256762.1822514832 84726.3000423759
133790305.8967936784 77017.2234535627
137308456.5768395662 106890.1994791441
133792884.5302400440 77017.3071108758
133567783.6105726510 72722.6478996319
133784445.1169647574 77014.1738036089
133803832.3131506890 77092.6459743828
133131831.7511539906 55650.6036256817
133156032.4038138390 57676.5021167961
136159120.9057518244 101298.7760475576
145655843.3075661659 136906.7931556702
135897980.2923671305 97621.2692116201
135885101.0882114470 97249.3808754385
135936668.2785202861 98222.9164197966
146225532.4196881354 137129.9978485107
134772033.8888754845 89223.5295572853
135463441.4716393948 95944.8482883275
133108380.0676461756 53483.8479435188
143121651.2831387520 129802.8694000244
145705311.6212981045 136910.5153236389
140044823.3390373886 118263.5288381577
134146850.2357642204 82962.6936617792
134243235.7658944726 84650.8775215559
134245814.3993408382 84650.9611788690
135349374.7020530403 94701.6136596357
137815272.8469069898 110753.8822773993
135316906.6643315554 93805.1436726931
136691086.9220239222 101579.6943701208
135856898.2442410588 97190.9434626698
137436792.4519619644 108504.4238251150
134598914.4803078175 88194.3021147661
133587084.6672057062 72890.1656059884
136704147.7689319849 102217.1340359747
133905060.6148394793 79068.2117827348
155581906.9307396710 160704.2734375000
142737309.2799837291 128398.9025049210
155725347.9233604670 160960.4415283203
134213514.9606266171 84447.9760573320
133431987.4113189578 68901.0472698328
140293132.5749511123 119573.5086278915
146455021.9882772565 137944.1060485840
133960167.1035766900 80357.3522346594
135906053.9609539211 98107.8348615691
133861202.9400000721 78669.0847175695
142256914.6155838072 126756.1484308243
142053070.4084731936 124724.8882532120
133640628.9823258072 74601.7507591289
133629556.5062751323 74235.9802970928
155451199.3995378017 160377.3630371094
133671217.9184620231 74944.2035851143
133692873.8943517208 75002.2759564854
148561023.2158585489 142629.8161010742
133749063.0588074476 76635.9428718664
133359037.7272713780 66737.1614651345
134076827.7219465524 82340.0385658336
133808060.9388553798 77093.1423084028
133608418.2133774757 72945.4088062979
136133126.7145858705 100065.8041084707
133651064.9993654042 74616.2555007976
136337159.6408880055 101381.3010472357
134204052.0198828876 83426.1593554430
135985314.9024925530 99393.1844948232
133659679.5245667994 74769.2684654854
133706944.7624390274 75308.7799226530
133696413.2435692549 75036.2751582153
153489092.0711543262 152153.1710405350
133768193.0860282034 76806.5562136583
133821289.7522690743 77341.9217683561
149919560.6596360803 146320.6999359131
146255535.2943578064 137676.9198608398
147101759.0619170666 138074.3965682983
150184688.5010509789 148452.9180145264
149868586.8371484876 145793.1619720459
133289545.6804007441 64545.1929395539
133626721.8171868920 73275.6380769499
133608660.9157883525 73122.6251122621
152973882.0216315389 150403.3255394697
133124425.0228109807 55569.1661027935
136552197.0934662521 101551.4372904431
133146533.3940408826 57325.6506965426
133170945.4497231692 59203.9183927518
133183141.4839557707 59807.9808914405
133481630.3357905746 70496.3932056469
133172358.0220249295 59479.5970628601
133181654.7210217863 59807.6458485466
133144794.7538309693 57254.4716270235
133291582.3517529070 64551.0066547436
133344228.8565018475 66449.2864856762
133112244.1851703823 53551.8745936421
153284110.0642278194 151977.1498336792
133173844.7849588990 59479.9321057540
155176958.2641936839 159596.4897460938
148467765.7924635112 141956.9494628906
155312527.3245052993 160167.9320068359
151731712.1691014469 149057.7119445801
155259088.0869501829 159606.3638916016
154859244.8910579383 159571.1154785156
153244150.1024123728 151907.5067138672
152965567.5045890212 150186.2505416870
153020631.8180972338 150993.1206588745
133286386.1751167029 64416.1446399731
154651508.3263506293 159147.4233398438
153647147.0383515060 152842.9452209473
154287828.5196972787 157538.4994506836
133135454.4351014197 55839.9131450397
133147852.6567084640 57446.4552171570
154410232.1884561777 157738.6739501953
154444342.0039342046 158617.4265136719
153970703.9965432882 155990.4503784180
154220325.6705580950 156138.3953247070
153594673.5716373622 152454.8431091309
153855569.1414259374 155425.0463867188
153791205.8079023063 153993.0450134277
153757131.3499228358 153577.2222290039
153797658.4483026266 154714.4431152344
153830747.0364075005 154879.5625305176
