94131571.8367452770 331957.7375794426
96446319.1788382530 384942.6630859375
95286637.1575159281 363357.9674682617
94063415.7642863840 331861.9224548340
92470596.9915676564 289350.9836821556
93507903.3303139210 317958.7399859428
89852318.2796496749 197169.1436948776
91598923.8763885647 265548.2710826397
90149849.4994614869 222334.8226881027
91388256.7453785837 258921.8357799053
91926206.6467019320 274570.7788829803
94505775.9697132856 343219.4957505241
91153146.0906838030 251086.9194919169
94754325.1463620365 348329.8876562119
93639151.5455106795 321455.3123707548
97010636.0405867547 393980.4794921875
89666977.0778510422 193721.2147950004
94271558.6101258099 338900.3069705963
95615799.4956221282 371335.6237792969
95174407.5625634640 360472.7078247070
95231687.3750137389 363220.2626342773
91811199.0888976008 272605.4727427959
93560656.4719991684 320307.4916715475
94546258.8512336016 344753.6736755371
91476794.1595633030 262680.5428752899
92075734.6698836982 279154.6509721279
97474393.6888870001 397936.4736328125
91327332.8368471712 258844.4702731669
93675903.4675914347 323358.2886630520
92307141.5837966055 284955.7646994591
93821644.7517889589 326755.1907081604
91194372.4847513586 253894.6395289898
89976245.5510774255 215839.9217796326
90104238.7330961972 217200.6222486496
94385591.5195525736 340947.4690856934
92469187.9059271365 289248.3971121311
94491440.9950727671 341628.0316991806
92958816.2381326556 303591.5487814546
96792598.5780092478 393524.3913574219
97119188.1363221854 397786.6840820312
91058208.3023666739 248968.6546472311
93989042.8685764670 331153.1086034775
92286042.8605055511 284241.3291301727
92152257.3615104109 281593.4329009056
90972487.9518604577 246546.2726006508
91259954.6527300030 255171.2331047058
91438175.8402648419 259470.0855650902
92990495.8467642069 304650.1985617280
92911795.7315863073 302341.5570197105
94145838.0275624990 335910.9020595551
95287856.2873743474 364278.9124145508
94036345.9016667157 331720.4048157707
93036435.7520351708 307046.3882305846
90359778.0792182982 225953.8385591507
90651084.9954306185 238574.4254426956
91002929.9593652487 247264.9115545750
91298013.6778455675 257556.4229936600
93169715.1837011576 309029.2593905851
91738689.9712060839 267430.4761445694
92927402.9417868108 302826.3804772496
91825017.0125730336 273870.4297618866
92242837.7344096601 282191.1954519749
93903488.8328043073 328109.6702606678
98734183.3793247342 398624.7380371094
93657859.2253688574 322838.5212788284
93070218.4053399861 307202.8337872252
94144897.9974021465 335526.6094056144
90750270.6528809667 240108.2396526337
91444676.9641959667 259474.0618541241
96684046.4822738171 389718.1867675781
92124591.3702531010 280326.7830920171
95838316.9650813639 376709.4838867188
94551553.0495522767 345564.8199815750
93790588.9489995837 325236.8069510460
90546738.9653331637 235483.2526959181
94365176.0227906555 339068.8372440338
93322387.7340337932 313697.6524915695
93776185.0917853415 324415.8974895477
94296462.6581237465 338919.0476932526
90832020.0959903151 243303.9713039398
93321787.6136359423 313633.1176338196
93498561.1584644020 317894.0755496025
93469356.0782120228 317781.1533825994
96558219.0571844280 388877.6936035156
91202333.4150247276 254360.6913423538
93382103.2271551490 314930.1758098602
91403218.4798710495 259055.6773204803
93172013.3548598737 310024.0586691499
92285391.0053764284 283630.7238059044
96238569.9085956961 382870.0864257812
95092860.8846847713 356682.9616088867
92051132.3102580160 277198.2139182091
93534740.5873038918 319942.5463575455
93805177.9005038142 325301.4713873863
96191023.6401960701 382729.1757812500
94522970.7856189460 343306.1719870567
90916991.8650353700 246120.1029634476
93429887.4761479795 316658.3467082977
91788415.9928055555 268717.6179323196
93605420.0186060369 320795.7335140660
94989277.5791061372 355221.1824951172
92366722.3786957860 288151.4963507652
91509962.5531890690 264847.9219615459
95356103.8884186596 364416.6172485352
90646774.6966153532 238362.5521821976
96970781.2480445653 393533.2702636719
92823790.5018501431 298833.0873923302
91587197.5289953500 265313.9737749100
93633376.9636777788 320925.2774188519
92251608.3520716131 283474.2782492638
93762157.4017289281 323503.7979403958
92667958.9144042879 295909.0471320152
96132357.1337563246 382720.2968750000
92702435.6627883166 297348.8715299517
93219084.6424109787 311445.8742103577
93155593.6266043186 307639.6696205139
94600918.6097196937 346762.2321386337
93926583.5109171867 329168.3200409412
92526515.9316602349 291490.3559908867
90702853.5707012713 238845.5897798538
93640560.6311511844 322733.8831598610
92878013.0782815069 302185.1114630699
90812660.8099373132 242816.5748195648
92586678.6006941050 295248.2356962115
91006263.5940108895 247865.7904338837
93339350.2131963223 314179.8726514908
91656466.7038854212 266576.6236476898
93311568.6517695785 313164.3628799870
93567789.1968980581 320404.5290778875
92501413.0406575352 291231.8290305138
92702275.1783601344 296659.6705334783
93583833.1375734657 320425.1328639984
92994804.8402927071 305406.8120987370
94928007.1488436162 354357.9529027939
94877125.5018758178 352341.3496799469
89885844.9729014933 202303.3441343307
90289520.0429550111 224705.1550798416
90076161.5288907588 216849.8061800003
93657493.3779704273 322752.6238825172
93251025.3854212016 312646.9782966375
90336679.1284039915 224740.0109539032
92481574.9084710181 291215.3574652672
92564298.3351625204 294427.5606818199
96450702.4162549525 388739.9887695312
93569784.6289715171 320406.3921413422
92691447.0349937230 296290.2217496783
91290186.7296283692 255323.8148097992
95779924.6217794716 376287.7869873047
94841213.7148629874 349228.8490066528
89889056.9218411148 212161.5434842110
95199139.2021254450 362167.3217735291
96449666.9614489824 385071.4890136719
94853099.5511543006 351414.9779052734
91072048.9738627076 251061.5220851898
94654199.6650715917 346873.1912832260
95509778.4075601399 369864.1560058594
93514378.4347013086 318038.5005159751
94842264.9410508275 351396.2371826172
90210889.5098219961 224105.7416057587
90743166.0257023573 239271.7594170570
91665685.7662045509 266813.2281017303
96341224.8016080707 383605.7883300781
92424295.1256181151 288664.8869757652
93956972.9045208842 330697.0434526755
90445705.9944998175 232865.5930218697
98020763.2464158833 398141.7004394531
94874674.9660260379 352318.7179391384
94906629.8210199326 352731.5359323025
95970764.2831638753 377586.0964355469
92556171.6594984531 291891.2724337578
93867810.7881432921 327024.5955162421
95996179.1058044583 378914.0922851562
97722182.8281124532 397962.1418457031
90230248.7958750278 224593.1380901337
93192963.2669597566 310280.2297707573
98599300.8985532373 398150.5793457031
92037526.0210245252 277041.7683615685
90404488.7445631027 231088.0389986038
95933705.1874412596 376838.3098144531
94504069.8249172419 342053.8233251572
92311356.1487335414 285798.7606105804
93318548.6066916138 313522.2233524090
92835243.5458145142 301154.8977870941
94724831.7508312315 347318.5324096680
95775879.3858597279 373032.1052246094
95046109.7081877738 356376.2623291016
94807228.6310480535 349225.6291046143
95699031.3135242611 372903.2792968750
94759553.7622562647 349087.9242706299
92646434.5565292388 295536.8638591766
94332410.8405172527 339056.7525272369
92684375.0643364191 296058.5994905382
95460371.4191328138 367238.9359741211
95154899.4967178255 359414.0580444336
93001784.7952147424 305764.6725711590
92441227.8724373579 288683.6276984215
92028158.4537343085 275716.7274680138
94708398.3619884700 347262.1543388367
98845122.7229898572 398633.6169433594
96268661.4216368794 383176.3850097656
93882962.9256417453 327024.8443418741
96366639.6242486537 384933.7841796875
93350048.1667779088 314832.8369054794
95392938.3817656785 364897.9633941650
92761732.4807637185 297794.9874140620
92459704.3485931307 288810.3962531090
95570822.0684485584 370276.9739990234
95695861.8297731280 372481.5823974609
93951896.9027795047 330113.1995458603
94979700.8313800246 354363.1963720322
92775623.9118750989 297899.2446434452
94643169.2566742748 346780.9728612900
94987700.0541823953 355213.8156127930
92787381.0104809254 298315.8481363058
94087084.2912874967 331909.5040493011
95193270.1686494201 360595.0426025391
95501490.4775010943 368704.1679840088
92761740.2334137410 297880.5039207890
92113953.2214072645 279227.6779882908
94502937.5523073375 341916.1184911728
94986955.1567359567 354516.7176513672
96355264.9722601920 383698.4948730469
95143358.3292335421 358831.6491699219
94492525.5673684627 341897.3777685165
94135926.7274706513 332063.2367081642
95108824.2571199387 358589.7496337891
95425715.6155538410 366057.9514160156
94683276.8510382026 346918.6776952744
94868303.7610053122 351717.2238121033
95957709.0465133339 377346.4367675781
94251345.7335424423 336154.6733092815
93407598.6589901298 314989.2824621201
95003440.1535063982 356163.5512695312
94597605.9695814103 345703.5823583603
94263223.8347110450 337659.9158075079
96105192.0601016134 379051.7971191406
93527439.0571352243 318271.6547386601
97470238.7248165011 397881.2114257812
94881417.0217527449 352357.3466796875
97519292.6290879250 397939.6892089844
