29727680.8762668371 1042128.2612304688
30567194.3015656732 1119229.7148437500
29804352.1002509557 1058638.5864257812
30061141.2032475248 1090466.5244140625
30628643.4493652359 1123454.1132812500
29656634.5264453404 1014451.0209960938
30063627.3174397200 1091709.7656250000
30195604.6706912257 1100685.3964843750
30284049.3705828153 1103674.2978515625
30099743.0233097747 1092790.3496093750
29720365.9198483638 1038599.5615234375
30056538.8812144212 1088825.6650390625
30350829.0360863693 1109661.0273437500
30165898.5372858681 1095722.2080078125
29777108.9920643345 1054991.2695312500
29802993.3195898049 1057026.4941406250
29838731.5756585039 1063841.7607421875
30170500.8593189642 1097363.0673828125
30791777.3783773072 1130350.6562500000
30460188.6921578087 1116557.5703125000
29690832.5474897251 1031217.6328125000
30154730.8729166649 1094710.7578125000
29774503.1615442485 1050813.5620117188
30033921.1840343736 1086746.5771484375
29851552.2116983421 1066668.9570312500
30021905.4735194407 1085965.2441406250
29844314.6159803122 1064221.2363281250
30237234.3291315958 1101607.3007812500
29682026.9025514610 1027827.5537109375
29657200.0049065687 1020837.0971679688
29926300.0638912357 1075941.5634765625
30139358.9742403887 1094698.6669921875
29713665.1134695858 1035760.6494140625
29774544.7383484729 1052361.5048828125
30006796.0076032095 1083569.9814453125
29666230.9629608728 1023876.4433593750
29872126.2660858259 1069631.1621093750
29733438.9056977443 1046583.8281250000
30313102.4321900047 1106098.4912109375
29946874.1182787083 1079850.0341796875
29816680.6753130443 1059519.0551757812
30653561.5155002661 1124363.9267578125
30401746.7851306126 1110997.0996093750
29790340.6779390611 1056312.6152343750
30266150.7796352468 1102764.4843750000
29744761.2442426756 1046795.6191406250
29855016.1725600362 1067208.9697265625
29980365.6712917499 1082024.2949218750
29717450.2915828787 1036378.8403320312
30764214.5316798985 1125799.7724609375
30760167.2852621526 1125216.7802734375
29758946.2605931051 1050243.4125976562
29876728.5881189108 1070332.8828125000
29747402.8586589769 1049024.8041992188
29897426.0213294402 1072534.7661132812
29860110.5555708930 1068172.3466796875
29695554.1918343790 1035074.9707031250
29697920.9837150276 1035736.1748046875
29859618.4945931323 1067388.5283203125
30346593.9852030464 1108503.8437500000
29847289.9195310473 1065638.2231445312
29817172.7362908013 1061887.8125000000
30399910.4490676522 1110208.1650390625
29816440.4692043103 1059299.2036132812
29812078.3532799445 1059206.0561523438
29951476.4403118044 1081490.8935546875
29830404.4221655354 1063209.1582031250
29931805.4967369810 1077737.9404296875
30258900.1697779261 1102021.4687500000
30696467.3677152283 1124790.1855468750
30507059.1947843134 1117104.7080078125
29934858.4077637866 1079068.7011718750
30511106.4412020594 1117893.6425781250
30052688.0667374991 1088585.5937500000
29933642.4324039742 1077813.5859375000
30455359.8222067766 1112606.4599609375
30009282.1217954047 1084813.2226562500
29891920.5884836949 1072069.0644531250
30401385.5762295872 1110570.8408203125
30121460.3832928203 1093788.8535156250
29931648.3791895323 1076749.4062500000
29910246.6573692858 1075068.8896484375
29909754.5963915251 1074285.0712890625
30041037.0046291575 1088387.4365234375
30181346.1423276849 1098606.3085937500
30312173.2361160330 1104457.7675781250
29905152.2743584290 1074105.5126953125
30313323.4955791906 1107581.9394531250
