30425892.6261537932 1101857.0898437500
30829998.3914157040 1119450.3671875000
30404991.1716308556 1100985.2021484375
30534070.6829223670 1108129.0771484375
30133837.5951397978 1082949.6230468750
30546816.3353917189 1109661.0273437500
30148960.3919355161 1083227.4638671875
30871241.6880828589 1124001.2509765625
30053059.8263288401 1077465.2451171875
30093520.0127761215 1080015.1005859375
30645228.9436827414 1112880.3095703125
30034028.0140212923 1074124.4111328125
30025630.5390379131 1071576.0556640625
30305330.8927977495 1095819.8359375000
30174671.6784922779 1084074.3437500000
30533511.6715427451 1107843.8193359375
30983856.6563924998 1125799.7724609375
30208781.7175813541 1089470.4306640625
30870682.6767032370 1121942.8134765625
30326541.3031522073 1096246.0947265625
30487269.9951900318 1105983.7666015625
30284678.9536185712 1092972.4638671875
30176575.8403889015 1085208.6250000000
30371342.1036637090 1097572.9130859375
29994270.3997992724 1067518.6855468750
30195018.2417811155 1086798.1093750000
30360891.2442749552 1097572.1562500000
30686783.2102154680 1113745.3222656250
30381543.1834541261 1097998.4150390625
30045066.0955962539 1077068.4746093750
30075761.2941398025 1079037.7802734375
30475394.2866511606 1105194.8320312500
30785075.2413616665 1118987.7431640625
30644280.1991744600 1112333.1718750000
30829750.0878154226 1119230.0507812500
30583721.8895888887 1111117.9785156250
30389977.7812626436 1099453.2519531250
29927883.8494595923 1063785.2314453125
30267492.4940088019 1091270.7607421875
31096588.4225440621 1130350.6562500000
30190154.7583426721 1086364.5058593750
30410070.7090622000 1101806.5654296875
30266844.9457107410 1089759.4609375000
30382251.7410029098 1098361.0908203125
30776167.5315815099 1118440.7802734375
30706884.9560221434 1115046.2705078125
30712672.3850193061 1116557.5703125000
30735592.0620973296 1117893.6425781250
30389418.7698830217 1098959.1933593750
30476102.8441999443 1105557.5078125000
30276179.6475263238 1091817.8984375000
30201192.8399176300 1087834.4843750000
30817653.4836538620 1119229.7148437500
30633357.4868552610 1111906.9130859375
30532676.9136029221 1105984.1025390625
30605061.9850009680 1111601.0048828125
30011818.7369434014 1067833.6445312500
30435227.3279693760 1103915.5273437500
30179060.2510707937 1085445.2626953125
29897917.9705682397 1056588.8144531250
30465110.8403273001 1105010.3701171875
30294013.6554341540 1095030.9013671875
30766115.1580778249 1118014.5214843750
30120685.9972652234 1080804.0351562500
30341376.2247723415 1096719.1103515625
30456587.8246973343 1104704.4619140625
30163660.2436856031 1083540.1113281250
30581733.7971205339 1110997.0996093750
30936634.1398053616 1124790.1855468750
