29866113.5317793675 593715.9111328125
29863121.9661080986 592519.8957519531
29514742.5687168948 527827.2763385773
30689872.5150047019 639274.2819824219
29689015.2382333018 570412.1908950806
29520030.2928826809 534425.2029909542
29790313.2691837102 584217.3007202148
29687959.2172668315 570057.6383819580
29529674.0304889008 538912.9007434845
30693488.8773730099 639657.1938476562
29842049.5052331127 587830.3604736328
30487567.0633834973 631492.8771972656
29664516.4812421687 566499.7328186035
29527989.7180502564 535121.4906139374
30222480.3166506365 618738.1580810547
30082574.3878675774 608839.5690917969
29635624.9988124967 561057.4640808105
29528282.5274649635 535172.9299783707
29729327.1812232994 574998.7062501907
29612526.5473906323 556741.3139553070
29560715.3609196432 545163.9113693237
29519403.4788934998 534094.8687376976
30204301.0806150176 616666.6949462891
29513660.4609651379 527469.6651813402
29708616.1452359557 573181.0800170898
30866664.7653979696 647571.2465820312
29584304.0572927408 553239.2842493057
29519050.6235541888 530462.0707246675
30274997.3394065388 620431.4273681641
29621300.8424730860 557893.6892776489
29542918.6782512739 543528.3489437103
29998056.6399293207 605124.8400878906
29570023.6040884666 545333.7931060791
30419659.4679087475 629992.1630859375
29639959.5434592664 563513.2857666016
29507750.4984659068 524561.0902060866
29831343.1903653294 586082.5854492188
29799708.6784882732 585912.5034179688
29613689.5030773543 557106.3134002686
29710888.5702851340 573786.7567138672
30319626.8585195206 623875.4412841797
29797334.5856694877 585474.5520019531
31123446.1619321369 650672.7114257812
29919128.8137700073 597456.8265380859
29883757.4872903451 594071.2097167969
30509453.1333826333 635198.8601074219
30253248.2135120928 620142.5753173828
29760369.0322663635 579692.5990295410
30101438.0649337918 609472.3752441406
33754223.9718807638 662595.0463867188
30165856.5695239380 616377.1665039062
29509828.9302391484 526835.3423705101
29653727.3239687085 566320.5592346191
29506493.4818142429 524429.7131493688
29769793.5484280549 581668.7052612305
30364004.8032106012 629029.8608398438
30460677.1873710714 630720.4387207031
29671782.4397963956 568168.2530822754
30034867.5234673247 606479.0765380859
29542281.4535529353 541434.3051373959
29860429.5155363418 589459.6258926392
29508571.9135874845 526686.3051366806
29674690.9758303985 569837.8483581543
30760554.9539345875 646385.5256347656
29700120.0937112346 572935.1557922363
29819252.9702310003 585964.7004394531
29551770.2187801488 543546.5746707916
30012073.5451849364 605536.6247558594
29669604.9701007977 567139.1414718628
30353859.9089046866 628561.9052734375
30069476.5446565598 607662.8398437500
29771336.0690691583 582531.5631103516
29696330.1257016025 570668.5755996704
29552093.0508647822 543851.1276683807
30847037.5889901742 646825.2834472656
29653081.2693156376 564610.7807374001
30743476.1635004245 642971.3959960938
30346091.5316455886 628372.5134277344
29555287.4085647501 543975.6514518727
30756177.7276602834 644228.1938476562
29608495.0939959474 556373.6814975739
29722941.2112100087 574343.9747314453
30333457.9050107338 624106.3483886719
29600353.7257886901 555258.5852794647
30739260.6155852675 642765.5815429688
29900830.5852448829 596689.7432861328
30535292.1594425067 639093.5046386719
30124804.3755624592 611257.8935852051
29515892.0162464343 529500.4763740301
29697251.2953633070 571822.7366638184
29908457.6723483615 596832.2762451172
30509980.9802428111 635207.7985839844
29515240.0256616361 528670.2848253250
29516347.8691256046 529688.6729815602
30478412.5053218529 631389.9051513672
30697359.2515902519 641976.5742187500
30303770.7274293527 622383.9344482422
31016770.0257604308 648241.4970703125
30489073.1752649248 634831.2508544922
30524100.0026276931 637790.2448730469
29591981.1815703325 554546.7149448395
30335277.3212909475 627539.2298583984
29914847.4905004948 597101.5279541016
29634296.4819762185 558426.2363433838
29666659.3702310659 567036.3488540649
29738938.9121158794 579246.3641462326
29538733.3645267673 540489.6768449545
29897036.1883845627 594937.2216796875
29978176.8403605223 599453.3924942017
29570045.9268569648 551198.0376355127
29671177.3811563849 568130.2067451477
29987087.8620947041 603467.5293579102
31145358.4385761768 656009.7084960938
29663913.6271994822 566477.9755616188
30117499.1516113393 610931.6870727539
31061582.9381831028 648531.3867187500
30968377.6390475184 647608.1005859375
31490033.6588778310 659508.6557617188
