29486887.8992316127 523038.4355659485
29830321.5908795930 598195.3594970703
29939000.2184784636 609318.5438232422
29638296.6806020178 571817.6412963867
29900509.4022534229 604517.0945434570
29569948.3951684237 558573.9900970459
30002696.8570919447 615757.4523925781
29959895.8868979476 609909.2318115234
29829528.4044034816 597519.3565673828
29659445.4355472177 574165.8012695312
29914259.7735808492 607292.9537353516
29486044.1644514985 523029.1507473290
30180324.8049358688 619767.7872314453
29797735.1117746122 596032.8015136719
29796351.2955936529 595771.0097656250
30227508.3016371168 621792.2990722656
29900538.4834224060 605020.4910888672
29489801.4816770814 525833.9245442100
29550623.1964881197 555756.9536418915
29624575.3904435672 569671.6531372070
29653875.2414830327 573710.3123168945
29776195.1845038794 590187.1925048828
29863640.2597826794 599197.9042968750
30072776.5893082768 617990.0854492188
29659770.7879410870 574200.7504272461
30302966.4961459339 628259.6574707031
29479520.3463380635 509702.5828401698
30297909.6863503456 627430.2330322266
29640294.4759920985 572295.9349060059
29735913.0095722191 585985.7027587891
29921141.8263548091 608118.0162353516
29487175.2523093671 523396.4346165359
29517082.6507681794 539687.8643345833
29501310.3139517792 530164.9506862760
29738518.2307691313 586296.5507812500
29914711.4655804187 607906.9176025391
29847526.8550458960 598592.0983886719
29507212.7821349762 537337.6350145340
29849857.7071581669 599141.1463623047
29691386.4151534624 581876.0067749023
29641944.6647073589 572481.9798583984
30280893.9723239318 624610.8020019531
29497997.5531447455 529294.1294670105
29807631.2732705660 597365.7413330078
29512744.3771459758 539388.8880445957
30269091.6068148538 623986.1738281250
29508937.7140402868 538061.8044270225
29918780.9330194332 608034.7161865234
29894193.1966706552 603934.6031494141
30514200.2470427677 637762.8012695312
29485593.1934842244 513472.0016072989
29644538.2938790582 573131.2003784180
29481437.4701723307 509702.8954977691
30898712.4956650026 654863.2675781250
29637605.1937559433 571209.9456787109
29656963.2406710982 573779.3129272461
29913656.8667131774 606851.0366210938
30626736.3492613211 641873.8432617188
29717532.6521039493 584670.1074829102
29664115.7208718099 574218.1619262695
30127126.1703596339 618164.2845458984
29510512.2373945452 539128.2582381964
29670272.3948342018 575492.7261924744
31029981.4039285332 656897.6430664062
29844676.0993710496 598369.7301025391
30519722.4069234505 637824.8891601562
29559352.5844951011 556577.8000259399
29494758.2922093607 526561.3637942150
29777387.5946881175 590408.6930694580
30324592.8925123625 630418.8261718750
30601668.4656977877 640688.1223144531
29530415.1846726798 543784.6772331297
29756905.1122826189 586959.2604980469
29770330.4505502768 588606.1671142578
30082451.6661027782 618138.3210449219
29487502.3523612991 524500.7636807263
29732870.5290724561 585764.3767089844
29807553.7656380758 597230.7864990234
29567488.5101713203 557702.0071029663
29628713.4066527784 570047.8609313965
29871866.3799706697 599797.1085205078
29477571.0777605884 508043.2181251645
29639981.5831040926 572184.3090820312
29804621.9943958595 596977.3192138672
29886330.5773917064 600027.5224609375
30616542.7821094282 641547.7285156250
29496635.9157780856 528246.2035467625
29548797.9626598135 555140.8626539707
29557293.7354147844 556274.1763362885
29724423.7630707286 585008.6575927734
29495210.1525366306 526603.6118539199
29542378.4394641742 552923.0820770264
29631809.2861382626 570617.5959711075
29538009.9058939479 550796.6465343918
29532217.4605470039 549100.0167196018
29785117.0998439230 595044.6591796875
29522202.4146547131 542443.4661540985
29479208.6312947311 509479.2972738743
30669349.3486990444 646385.5256347656
29702204.4157853052 583512.5347900391
29729371.5490786023 585162.1163940430
29738440.7231366336 586165.3411865234
29722941.1883042157 584951.0177612305
29479076.8010384180 508127.5428564951
29540532.7324111536 552656.4578819275
29482527.5105965659 509703.8928670883
29682939.3202912770 579863.1420135498
29524360.5644917637 542493.6013924927
29577770.0582054146 561505.7202193737
29605703.1662972271 568847.2127532959
29495871.8921955451 528147.8260853291
29564557.4893716872 557143.1669940948
29830244.0832471028 598060.4046630859
29484892.6419899166 511533.8219837546
29503809.5552887209 530204.2169594765
29552898.5354132280 556059.5450997353
29707708.6942421980 583881.4677124023
30282546.0940053277 627127.8934326172
29544414.8540957980 554362.6850838661
29627727.9546024129 569935.9815063477
29627216.6638270281 569783.5325622559
29534539.6227649637 550531.0407836658
29780531.0388315134 594232.0740966797
29541705.3154719472 552689.3431022423
30602497.3327885196 641066.5732421875
30732604.0591374375 647571.2465820312
30406652.7058909722 631096.0251464844
29871546.1697010249 599343.5357666016
29517857.6231545582 541912.6756013371
29505849.3896889724 530442.6327589154
29598458.9318395108 568420.7353286743
29493098.2187316529 525986.6709781885
29518712.8147662506 541912.9791956879
30257614.6673295610 622298.9683837891
29526944.9015436992 543513.6766324975
29502954.3636770286 530203.9133651257
30641768.0350408033 645344.3720703125
30138925.3882651664 619662.6085205078
29531047.6667657793 544888.3981187793
29531210.5599339716 546544.8373022079
30803034.0839135386 649165.8642578125
29597227.0002916902 567214.9463350773
30514065.5131033808 637579.3479003906
29494498.4098160118 526218.6457214355
29519885.3978270330 541924.3485074975
29592063.7696182653 565573.7195858078
30881679.1938206330 650779.7270507812
29739007.2138637640 586717.0159912109
30459088.2765303291 634316.6857910156
29700579.8168500438 582010.5411987305
30189664.0720355809 620396.3305664062
30466070.6393404938 635937.1989746094
29551626.0073626563 555775.1263514310
29622339.4040364809 569238.8673095703
29484758.0270651206 511366.4305735826
29483937.6362789534 509834.0351969600
30521557.3071246147 637933.3117675781
29590464.2921704650 561534.5308122635
29623717.2055426203 569256.3861083984
29633303.9587366693 570852.3545722961
30531238.4409216940 639093.5046386719
32851759.3464164995 662595.0463867188
30436522.1168642454 631117.5544433594
31490033.6588778310 659508.6557617188
