37026357.4325144738 221859.9516601562
31269149.6187858395 214057.5399780273
30558610.8177487180 199069.4616603851
33308964.0527319461 217813.1195678711
37340065.1762502566 222020.2585449219
37385673.3264014125 222029.3132324219
29983198.8863772079 175874.5646455288
30681747.4608332068 202795.3729095459
37160490.4941696078 222016.2866210938
37633406.3027543798 222124.2922363281
37769673.9097072333 222133.0900878906
36390633.4150228426 221711.6860351562
36885826.6455627456 221842.2187500000
30638385.1219104081 201430.0991573334
29972436.1783536710 172020.5665861070
30354385.4940736666 194859.2531509399
35919606.6928747222 221589.7431640625
30577823.1595760584 201162.5751209259
37403899.4551472440 222056.2131347656
35628639.7554046959 221537.8977050781
30392374.6593237855 197210.3196029663
31655264.5963372476 214129.8510131836
30427823.7759898268 197226.5254135132
30497280.1584631093 198343.6348190308
31152915.5334258340 210976.6575012207
30418882.2869940288 197224.2168197632
30503315.8015473038 198441.0290889740
30117458.1265286170 186905.2931613922
35004735.4174356461 221387.1586914062
30241924.0749817640 191592.2045078278
33476006.1960735098 220992.1767578125
33979854.8458558619 221102.6787109375
37137311.0568466410 221963.1701660156
31096392.7719607167 210252.9110412598
30483648.6014710292 198244.1045131683
30551025.0481980294 198887.5222320557
36878725.9691820368 221784.9079589844
30087732.4171083719 186087.7983295918
30880043.4548837617 206284.1866455078
36305354.1181951314 221666.6284179688
34349835.7392668352 221326.8444824219
34023287.6370602474 221223.1733398438
35952226.0148876831 221620.0009765625
37342058.7544771507 222024.1672363281
37622042.4463747889 222058.0463867188
30211166.9620712474 190485.9582767487
30739407.0289253965 202865.7881622314
31619854.2696095146 214097.6257934570
30039173.1770206057 182870.4986073971
30575086.6332147829 201099.7940692902
30642023.5824296549 202332.5147857666
30428294.5464499108 197404.1250991821
30179035.2330404967 189469.4074413776
30171513.5553545393 188004.1449222565
31707966.8393096812 216963.6975097656
29993322.2833590545 178742.9052236080
29974109.3890316337 174759.9086237848
37143697.2835432589 221976.5883789062
33139559.6589275748 217657.5223999023
33859933.8436356857 221070.2424316406
30292122.1996581964 191762.8292255402
30383433.1703279838 197208.0110092163
36654631.4883558825 221772.9252929688
30355824.6614540815 194864.1303482056
30411830.7538271658 197211.2519760132
30035217.0034341626 182733.1001775265
30902701.2353235483 207030.7499389648
30780734.5638331324 205364.7411499023
36771076.2946928516 221778.0075683594
30452968.7850853428 198152.6763935089
30874514.7056287713 206116.3665924072
30976713.8690039366 209416.7348175049
35678557.8333796039 221540.7028808594
30848786.5335358530 205868.2618560791
31075010.0240129679 210027.8309631348
31111091.1355884857 210295.7860412598
30142332.0851145014 187146.5441226959
30032489.2848978266 182711.0224492550
30972486.3817412592 208941.2285919189
30774195.2986346483 205315.8119049072
30444027.2960895449 198150.3677997589
30610939.4192470349 201427.2698116302
31184660.6597502083 211280.8269042969
30506016.0467884652 198697.8168029785
31256351.6999229044 213250.5318603516
33318325.2484491989 220954.6877441406
32816708.1953972839 217546.6586303711
33434851.9830166548 220966.2260742188
30970690.0555004105 208444.6924133301
30514957.5357842632 198700.1253967285
30994857.0502284765 209623.5852355957
30739852.9032540023 202912.1343383789
30664956.9193704948 202566.3919067383
30773748.3391463533 204682.3249664307
30652077.4505052082 202368.6942291260
29962312.7813718319 172004.5274992883
30066590.5686302371 185952.2604558468
30815668.2865203731 205493.0322418213
30798743.1019686423 205490.6140289307
30490645.4627852961 198251.7160854340
30601997.9302512407 201424.9612178802
30317713.3304171078 194150.4973545074
30819749.3311313018 205502.1628570557
29998723.8450986743 179076.4554067552
29993322.0077146180 178299.3945348263
29989147.7174184844 176042.1570336819
30299200.8749960363 194143.9856109619
30330745.8348155692 194255.5031967163
30525846.9656580538 198711.0614318848
30335390.7077382728 194506.9879322052
30707010.9726964496 202861.6219024658
30601473.4466372617 201231.9094848633
30379043.9897027090 194876.3241958618
30218884.3394425698 190888.2610874176
30061935.2799585052 183150.2593479156
30577215.5002371408 201154.8317127228
30468354.1479090825 198160.2064228058
30322420.2032446675 194156.1794586182
30326589.3602654487 194240.1528549194
30351668.1869039536 194848.7800064087
30284475.4108888097 191624.9723834991
30185300.2885237224 190481.2314701080
30627864.6037987694 201429.6880245209
30148314.4589111358 187786.8809757233
30026227.1967416182 182280.1686451435
30005085.3482634835 182144.6307713985
30125274.7233719416 187082.9375553131
30091690.6724530943 186675.9079380035
30334225.2348086983 194493.7433032990
30055952.9061618634 183097.6634769440
30331234.2331881374 194491.6375904083
29974109.6646760702 175203.4193125665
30640683.0274805836 202162.2435302734
29976837.1075679660 175215.1800833642
30599544.9962224141 201220.8191127777
30664012.8341417685 202402.6035232544
30767343.7170369029 204337.5335693359
30533752.8035574332 198719.8503265381
29978250.6878612675 175698.2104345262
30578347.7746470645 201195.1623744965
30279072.8704672754 191603.9042148590
30595545.8634278290 201204.3381958008
30237049.2247560397 190949.5124301910
29976837.3832123987 175672.7470770776
30295044.4004459046 194128.6352691650
30121822.3276237659 186999.5588016510
30003672.0436146148 179252.8096177578
30763844.1351408139 203115.3609008789
30100400.7647860609 186729.2519168854
30267790.7485292964 191596.9313144684
30556457.6972370073 199015.5516262054
30024813.8920927532 182224.5805675983
30208017.4920879081 190482.3054447174
29982786.2142536752 175757.6023589075
