29458731.4643717334 4876.0686765108
29674903.0390305109 5314.1414172649
29464645.0244339593 4973.1355566904
29530316.5559278913 5188.8915920258
29523292.0252726898 5177.4505413771
29456893.1015003324 4865.5756289605
29468081.2127437517 4975.0319488673
29460106.7172967382 4876.9009496914
29552009.8449113555 5201.7393226624
29485624.6886295937 5092.3348217010
29560831.9367078133 5204.6812732220
29661025.2694913968 5313.0849243999
35827147.5002309978 6394.9227752686
29616749.2895377912 5298.5894104838
29482898.6284739599 5082.3634060621
29502236.5351422615 5095.2211291790
29460808.9286763594 4876.9421599060
29476339.0535560474 4986.4023039490
29496293.4038038515 5092.5841470957
29521979.3749638051 5171.0211410671
29464155.0716364309 4965.2296360321
29623724.7297040038 5299.9661042094
29580246.9578628615 5215.9980659485
29457263.7081623971 4866.7446491551
29475135.1368883215 4982.9436392859
29474135.5395440012 4982.1628065109
29460093.4889777005 4876.4031400047
29656930.9907436259 5301.0893341899
29462536.2539908178 4877.9333451390
29470248.1420082897 4977.6733594332
29481818.8864683323 4987.2770591453
29529547.1629705913 5180.1282803416
29469083.3335893750 4975.3471412137
29607596.3802482188 5276.8103667209
35622924.2507883087 6359.1024398804
35310125.6915831119 6358.9949569702
29821801.2924358957 5323.3330156297
29868477.7239168026 5330.6293520443
29885579.9436494298 5337.0166275753
29857840.6915175989 5323.6158744358
29908308.8749538697 5337.3721976541
29950138.8507120796 5345.2546643317
29958004.1923375316 5348.2246680520
30012520.2119149305 5422.3077788614
29947053.2426503338 5338.5693068504
34333800.4179613665 6315.2275085449
29985444.2222003229 5389.7411075318
30171216.8688761070 5525.4643122256
30017630.3999805599 5441.8574301302
30427171.4744162820 5552.6081762929
30464954.2661750428 5591.5614495277
30686724.7909972891 5692.2649654746
30806909.0895713717 5789.8781332970
30719383.7032654881 5769.6157503128
30748414.7706333473 5770.1378395557
30608541.7691253573 5677.6009781361
30695016.2665846162 5695.1343774796
30661977.5371473208 5684.9480772018
30800442.5410775468 5787.8905153275
31124858.4795911685 5891.3863797188
30908712.4964253902 5791.7836370468
30759739.5122422427 5778.1177563667
31816745.0822549313 6069.4137992859
30928047.8083108887 5797.0136418343
31221871.1890354455 5968.9716310501
31903833.4106720462 6118.4437017441
31435130.3416237459 6028.2125635147
31863962.7720165476 6096.4898014069
30932740.4357895702 5885.2201485634
31200488.0677862912 5968.2132420540
32014259.1219155677 6139.0173130035
32086127.8059976995 6214.7325057983
31904991.0543479025 6124.7466621399
33705175.1361663863 6277.6162033081
31492771.3500206694 6050.8665781021
31472134.8981985748 6038.8149528503
31323832.2098637149 6019.3040733337
32120219.2327198461 6233.0792121887
31795099.2076277919 6052.0160913467
