122227.9244277617 121670.9458646760
121879.7601896267 121787.0946908521
121879.7601896267 121833.5542213225
122042.2368340897 121856.7839865577
121972.6039864627 121856.7839865577
121879.7601896267 121856.7839865577
122042.2368340897 121880.0137517929
121995.8149356717 121903.2435170281
121972.6039864627 121903.2435170281
122019.0258848807 121926.4732822633
121949.3930372537 121926.4732822633
121833.3382912087 121949.7030474985
121578.0178499097 121949.7030474985
121856.5492404177 121972.9328127337
121694.0725959547 122089.0816389098

121810.1273419997 121996.1625779689
121879.7601896267 121949.7030474985
121926.1820880447 121949.7030474985
121879.7601896267 121926.4732822633
121902.9711388357 121926.4732822633
121949.3930372537 121926.4732822633
121972.6039864627 121903.2435170281
121995.8149356717 121903.2435170281
121902.9711388357 121880.0137517929
121926.1820880447 121880.0137517929
121972.6039864627 121880.0137517929
122042.2368340897 121880.0137517929
121949.3930372537 121856.7839865577
121972.6039864627 121856.7839865577
121902.9711388357 121810.3244560873

121694.0725959547 121996.1625779689
121578.0178499097 121949.7030474985
122227.9244277617 121670.9458646760
121879.7601896267 121787.0946908521
121972.6039864627 121856.7839865577
121879.7601896267 121856.7839865577
121995.8149356717 121903.2435170281
121972.6039864627 121903.2435170281
121902.9711388357 121903.2435170281
121879.7601896267 121903.2435170281
122019.0258848807 121926.4732822633
121949.3930372537 121926.4732822633
121902.9711388357 121926.4732822633
121879.7601896267 121926.4732822633
121972.6039864627 121949.7030474985

121694.0725959547 121996.1625779689
121670.8616467457 121949.7030474985
121972.6039864627 121949.7030474985
122227.9244277617 121670.9458646760
121879.7601896267 121787.0946908521
121972.6039864627 121856.7839865577
121879.7601896267 121856.7839865577
121995.8149356717 121903.2435170281
121972.6039864627 121903.2435170281
121902.9711388357 121903.2435170281
121879.7601896267 121903.2435170281
122019.0258848807 121926.4732822633
121949.3930372537 121926.4732822633
121902.9711388357 121926.4732822633
121879.7601896267 121926.4732822633

121833.3382912087 121949.7030474985
121879.7601896267 121949.7030474985
121926.1820880447 121949.7030474985
121879.7601896267 121926.4732822633
121902.9711388357 121926.4732822633
121949.3930372537 121926.4732822633
121879.7601896267 121903.2435170281
121972.6039864627 121903.2435170281
121995.8149356717 121903.2435170281
121879.7601896267 121833.5542213225
121926.1820880447 121880.0137517929
121995.8149356717 121880.0137517929
122042.2368340897 121880.0137517929
121902.9711388357 121856.7839865577
121949.3930372537 121856.7839865577

121833.3382912087 121949.7030474985
121879.7601896267 121949.7030474985
121879.7601896267 121926.4732822633
121902.9711388357 121926.4732822633
121949.3930372537 121926.4732822633
121926.1820880447 121833.5542213225
121949.3930372537 121856.7839865577
121902.9711388357 121856.7839865577
122042.2368340897 121880.0137517929
121995.8149356717 121880.0137517929
121926.1820880447 121880.0137517929
121902.9711388357 121880.0137517929
121995.8149356717 121903.2435170281
121972.6039864627 121903.2435170281
121879.7601896267 121903.2435170281

121694.0725959547 121996.1625779689
121902.9711388357 121763.8649256169
121879.7601896267 121787.0946908521
121972.6039864627 121856.7839865577
121949.3930372537 121856.7839865577
121926.1820880447 121880.0137517929
121902.9711388357 121880.0137517929
121995.8149356717 121903.2435170281
121972.6039864627 121903.2435170281
121879.7601896267 121903.2435170281
121949.3930372537 121926.4732822633
121902.9711388357 121926.4732822633
121879.7601896267 121926.4732822633
121670.8616467457 121949.7030474985
121856.5492404177 121972.9328127337

121995.8149356717 123297.0294311405
122227.9244277617 121670.9458646760
122367.1901230157 120974.0529076199
118676.6491987845 116653.3165738715
124456.1755518258 118627.8466188640
127055.8018632340 118604.6168536288
125663.1449106939 118465.2382622176
122529.6667674787 118395.5489665120
133113.8596067834 118349.0894360415
124200.8551105268 118186.4810793951
126150.5748440830 117745.1155399262
136734.7676833876 117443.1285918685
122506.4558182697 121392.1886818536
122111.8696817167 121554.7970385000
121926.1820880447 121763.8649256169

121786.9163927907 121972.9328127337
121879.7601896267 121949.7030474985
121926.1820880447 121949.7030474985
121902.9711388357 121926.4732822633
121949.3930372537 121926.4732822633
122019.0258848807 121926.4732822633
121879.7601896267 121903.2435170281
121972.6039864627 121903.2435170281
121995.8149356717 121903.2435170281
122227.9244277617 121670.9458646760
121879.7601896267 121787.0946908521
121972.6039864627 121856.7839865577
121879.7601896267 121856.7839865577
121902.9711388357 121903.2435170281
121879.7601896267 121926.4732822633

121694.0725959547 121972.9328127337
121879.7601896267 121949.7030474985
121926.1820880447 121949.7030474985
121879.7601896267 121926.4732822633
121902.9711388357 121926.4732822633
121949.3930372537 121926.4732822633
121879.7601896267 121903.2435170281
121972.6039864627 121903.2435170281
121995.8149356717 121903.2435170281
121902.9711388357 121880.0137517929
121926.1820880447 121880.0137517929
122042.2368340897 121880.0137517929
121949.3930372537 121856.7839865577
121972.6039864627 121856.7839865577
121902.9711388357 121810.3244560873

121995.8149356717 123297.0294311405
121972.6039864627 121856.7839865577
122227.9244277617 121670.9458646760
122367.1901230157 120974.0529076199
121694.0725959547 119533.8074630371
132371.1092320954 118906.6038016865
124456.1755518258 118627.8466188640
127055.8018632340 118604.6168536288
125663.1449106939 118465.2382622176
122529.6667674787 118395.5489665120
133113.8596067834 118349.0894360415
124200.8551105268 118186.4810793951
126150.5748440830 117745.1155399262
136734.7676833876 117443.1285918685
121879.7601896267 121787.0946908521

121694.0725959547 121996.1625779689
121670.8616467457 121949.7030474985
121972.6039864627 121949.7030474985
121879.7601896267 121787.0946908521
121972.6039864627 121856.7839865577
121949.3930372537 121856.7839865577
122042.2368340897 121880.0137517929
121926.1820880447 121880.0137517929
121902.9711388357 121880.0137517929
121995.8149356717 121903.2435170281
121972.6039864627 121903.2435170281
121879.7601896267 121903.2435170281
121949.3930372537 121926.4732822633
121902.9711388357 121926.4732822633
121879.7601896267 121926.4732822633

122367.1901230157 120974.0529076199
122227.9244277617 121670.9458646760
121694.0725959547 119533.8074630371
123179.5733453308 119371.1991063906
132371.1092320954 118906.6038016865
125663.1449106939 118465.2382622176
122529.6667674787 118395.5489665120
120858.4784244306 121531.5672732648
135690.2749689826 118116.7917836895
134622.5713053685 118163.2513141599
126150.5748440830 117745.1155399262
122460.0339198517 117443.1285918685
123458.1047358388 116723.0058695771
115752.0695984503 116583.6272781659
119790.7747608165 115515.0580773464

121578.0178499097 121972.9328127337
121856.5492404177 121972.9328127337
121670.8616467457 121949.7030474985
121879.7601896267 121926.4732822633
121902.9711388357 121926.4732822633
121949.3930372537 121926.4732822633
121879.7601896267 121903.2435170281
121972.6039864627 121903.2435170281
121995.8149356717 121903.2435170281
121902.9711388357 121880.0137517929
121926.1820880447 121880.0137517929
122042.2368340897 121880.0137517929
122227.9244277617 121670.9458646760
121879.7601896267 121763.8649256169
121879.7601896267 121787.0946908521

121810.1273419997 121996.1625779689
121902.9711388357 121810.3244560873
121972.6039864627 121856.7839865577
121949.3930372537 121856.7839865577
122042.2368340897 121880.0137517929
121926.1820880447 121880.0137517929
121902.9711388357 121880.0137517929
121995.8149356717 121903.2435170281
121972.6039864627 121903.2435170281
121902.9711388357 121903.2435170281
121879.7601896267 121903.2435170281
121949.3930372537 121926.4732822633
121879.7601896267 121926.4732822633
121926.1820880447 121949.7030474985
121879.7601896267 121949.7030474985

122227.9244277617 121670.9458646760
121879.7601896267 121787.0946908521
121972.6039864627 121856.7839865577
122042.2368340897 121880.0137517929
121926.1820880447 121880.0137517929
121902.9711388357 121880.0137517929
121995.8149356717 121903.2435170281
121972.6039864627 121903.2435170281
121879.7601896267 121903.2435170281
122042.2368340897 121926.4732822633
122019.0258848807 121926.4732822633
121949.3930372537 121926.4732822633
121578.0178499097 121949.7030474985
121717.2835451637 122042.6221084393
121299.4864594016 122158.7709346154

121879.7601896267 121787.0946908521
122227.9244277617 121670.9458646760
121972.6039864627 121856.7839865577
121949.3930372537 121856.7839865577
122042.2368340897 121880.0137517929
121926.1820880447 121880.0137517929
121902.9711388357 121880.0137517929
121995.8149356717 121903.2435170281
121972.6039864627 121903.2435170281
121879.7601896267 121903.2435170281
121949.3930372537 121926.4732822633
121902.9711388357 121926.4732822633
121879.7601896267 121926.4732822633
121670.8616467457 121949.7030474985
121856.5492404177 121972.9328127337

122227.9244277617 121670.9458646760
121879.7601896267 121763.8649256169
121879.7601896267 121787.0946908521
121995.8149356717 121856.7839865577
121949.3930372537 121856.7839865577
121879.7601896267 121856.7839865577
120928.1112720576 121949.7030474985
121972.6039864627 121903.2435170281
121879.7601896267 121903.2435170281
122042.2368340897 121926.4732822633
122019.0258848807 121926.4732822633
121949.3930372537 121926.4732822633
121578.0178499097 121949.7030474985
121717.2835451637 122042.6221084393
121299.4864594016 122158.7709346154

122227.9244277617 121670.9458646760
121879.7601896267 121787.0946908521
121972.6039864627 121856.7839865577
122042.2368340897 121880.0137517929
121926.1820880447 121880.0137517929
121902.9711388357 121880.0137517929
121995.8149356717 121903.2435170281
121972.6039864627 121903.2435170281
121879.7601896267 121903.2435170281
122019.0258848807 121926.4732822633
121949.3930372537 121926.4732822633
121902.9711388357 121926.4732822633
121879.7601896267 121926.4732822633
121972.6039864627 121949.7030474985
121694.0725959547 121996.1625779689

121299.4864594016 122158.7709346154
121717.2835451637 122042.6221084393
121578.0178499097 121949.7030474985
121949.3930372537 121926.4732822633
122019.0258848807 121926.4732822633
122042.2368340897 121926.4732822633
121879.7601896267 121903.2435170281
121972.6039864627 121903.2435170281
121995.8149356717 121903.2435170281
121879.7601896267 121856.7839865577
121949.3930372537 121856.7839865577
121995.8149356717 121856.7839865577
121879.7601896267 121787.0946908521
122947.4638532407 121717.4053951465
122227.9244277617 121670.9458646760

121253.0645609837 123041.5020135532
121879.7601896267 121787.0946908521
122227.9244277617 121670.9458646760
123342.0499897938 120393.3087767397
123179.5733453308 119371.1991063906
132371.1092320954 118906.6038016865
122529.6667674787 118395.5489665120
133113.8596067834 118349.0894360415
117167.9375001994 117861.2643661022
134158.3523211885 117838.0346008670
125338.1916217679 117791.5750703966
126150.5748440830 117745.1155399262
122088.6587325077 117652.1964789854
115752.0695984503 116583.6272781659
122460.0339198517 117443.1285918685

121694.0725959547 121996.1625779689
121670.8616467457 121949.7030474985
121972.6039864627 121949.7030474985
121879.7601896267 121926.4732822633
121902.9711388357 121926.4732822633
121949.3930372537 121926.4732822633
122019.0258848807 121926.4732822633
121879.7601896267 121903.2435170281
121902.9711388357 121903.2435170281
121972.6039864627 121903.2435170281
121995.8149356717 121903.2435170281
122227.9244277617 121670.9458646760
121879.7601896267 121763.8649256169
121879.7601896267 121787.0946908521
121995.8149356717 121856.7839865577

121833.3382912087 121949.7030474985
121879.7601896267 121949.7030474985
121926.1820880447 121949.7030474985
121902.9711388357 121810.3244560873
121972.6039864627 121856.7839865577
121949.3930372537 121856.7839865577
122042.2368340897 121880.0137517929
121926.1820880447 121880.0137517929
121902.9711388357 121880.0137517929
121995.8149356717 121903.2435170281
121972.6039864627 121903.2435170281
121902.9711388357 121903.2435170281
121879.7601896267 121903.2435170281
121949.3930372537 121926.4732822633
121879.7601896267 121926.4732822633

121694.0725959547 121996.1625779689
121972.6039864627 121949.7030474985
121879.7601896267 121787.0946908521
121972.6039864627 121856.7839865577
121949.3930372537 121856.7839865577
122042.2368340897 121880.0137517929
121926.1820880447 121880.0137517929
121902.9711388357 121880.0137517929
121995.8149356717 121903.2435170281
121972.6039864627 121903.2435170281
121879.7601896267 121903.2435170281
121949.3930372537 121926.4732822633
121902.9711388357 121926.4732822633
121879.7601896267 121926.4732822633
121926.1820880447 121949.7030474985

121717.2835451637 122042.6221084393
121578.0178499097 121949.7030474985
121833.3382912087 121926.4732822633
121949.3930372537 121926.4732822633
122019.0258848807 121926.4732822633
122274.3463261797 121949.7030474985
121879.7601896267 121903.2435170281
121972.6039864627 121903.2435170281
121369.1193070286 122205.2304650858
121879.7601896267 121856.7839865577
121949.3930372537 121856.7839865577
121995.8149356717 121856.7839865577
121879.7601896267 121787.0946908521
121879.7601896267 121763.8649256169
122227.9244277617 121670.9458646760

121902.9711388357 121810.3244560873
121972.6039864627 121856.7839865577
121949.3930372537 121856.7839865577
121902.9711388357 121856.7839865577
122042.2368340897 121880.0137517929
121926.1820880447 121880.0137517929
121902.9711388357 121880.0137517929
121995.8149356717 121903.2435170281
121972.6039864627 121903.2435170281
121879.7601896267 121903.2435170281
121949.3930372537 121926.4732822633
121902.9711388357 121926.4732822633
121879.7601896267 121926.4732822633
121879.7601896267 121949.7030474985
121833.3382912087 121949.7030474985

121694.0725959547 122089.0816389098
121856.5492404177 121972.9328127337
121578.0178499097 121949.7030474985
121833.3382912087 121949.7030474985
121949.3930372537 121926.4732822633
122019.0258848807 121926.4732822633
121972.6039864627 121903.2435170281
121995.8149356717 121903.2435170281
120487.1032370866 122321.3792912618
122042.2368340897 121856.7839865577
121879.7601896267 121833.5542213225
121879.7601896267 121787.0946908521
121926.1820880447 121763.8649256169
122111.8696817167 121554.7970385000
122506.4558182697 121392.1886818536

121833.3382912087 121949.7030474985
121879.7601896267 121949.7030474985
121926.1820880447 121949.7030474985
121879.7601896267 121926.4732822633
121902.9711388357 121926.4732822633
121949.3930372537 121926.4732822633
122158.2915801347 121670.9458646760
121972.6039864627 121903.2435170281
121995.8149356717 121903.2435170281
121902.9711388357 121880.0137517929
121926.1820880447 121880.0137517929
121995.8149356717 121880.0137517929
122042.2368340897 121880.0137517929
121902.9711388357 121856.7839865577
121949.3930372537 121856.7839865577

121833.3382912087 121949.7030474985
121879.7601896267 121949.7030474985
121926.1820880447 121949.7030474985
121879.7601896267 121926.4732822633
121902.9711388357 121926.4732822633
121949.3930372537 121926.4732822633
121879.7601896267 121903.2435170281
121972.6039864627 121903.2435170281
122111.8696817167 121647.7160994408
121902.9711388357 121880.0137517929
121926.1820880447 121880.0137517929
122042.2368340897 121880.0137517929
121949.3930372537 121856.7839865577
121972.6039864627 121856.7839865577
121902.9711388357 121810.3244560873

121694.0725959547 121996.1625779689
121972.6039864627 121949.7030474985
121879.7601896267 121926.4732822633
121902.9711388357 121926.4732822633
121949.3930372537 121926.4732822633
122019.0258848807 121926.4732822633
121879.7601896267 121903.2435170281
121972.6039864627 121903.2435170281
121995.8149356717 121903.2435170281
121902.9711388357 121880.0137517929
121926.1820880447 121880.0137517929
122042.2368340897 121880.0137517929
121183.4317133566 122089.0816389098
121879.7601896267 121763.8649256169
122227.9244277617 121670.9458646760

121833.3382912087 121949.7030474985
121879.7601896267 121949.7030474985
121926.1820880447 121949.7030474985
121879.7601896267 121926.4732822633
121902.9711388357 121926.4732822633
121949.3930372537 121926.4732822633
121879.7601896267 121903.2435170281
121972.6039864627 121903.2435170281
121995.8149356717 121903.2435170281
121902.9711388357 121880.0137517929
121926.1820880447 121880.0137517929
122111.8696817167 121670.9458646760
122042.2368340897 121880.0137517929
121902.9711388357 121856.7839865577
121949.3930372537 121856.7839865577

121902.9711388357 121856.7839865577
121949.3930372537 121856.7839865577
122042.2368340897 121880.0137517929
121995.8149356717 121880.0137517929
121926.1820880447 121880.0137517929
121902.9711388357 121880.0137517929
121995.8149356717 121903.2435170281
121972.6039864627 121903.2435170281
121879.7601896267 121903.2435170281
121949.3930372537 121926.4732822633
121902.9711388357 121926.4732822633
121879.7601896267 121926.4732822633
121926.1820880447 121949.7030474985
121879.7601896267 121949.7030474985
121833.3382912087 121949.7030474985

121694.0725959547 121996.1625779689
122227.9244277617 121670.9458646760
121879.7601896267 121763.8649256169
121972.6039864627 121856.7839865577
122042.2368340897 121880.0137517929
121926.1820880447 121880.0137517929
121902.9711388357 121880.0137517929
121995.8149356717 121903.2435170281
121972.6039864627 121903.2435170281
121879.7601896267 121903.2435170281
122019.0258848807 121926.4732822633
121949.3930372537 121926.4732822633
121902.9711388357 121926.4732822633
121879.7601896267 121926.4732822633
121972.6039864627 121949.7030474985

121717.2835451637 122042.6221084393
121578.0178499097 121949.7030474985
121833.3382912087 121926.4732822633
121949.3930372537 121926.4732822633
122019.0258848807 121926.4732822633
122042.2368340897 121926.4732822633
121879.7601896267 121903.2435170281
121972.6039864627 121903.2435170281
121995.8149356717 121903.2435170281
121879.7601896267 121856.7839865577
122738.5653103597 121554.7970385000
121995.8149356717 121856.7839865577
121879.7601896267 121787.0946908521
121879.7601896267 121763.8649256169
122227.9244277617 121670.9458646760

121810.1273419997 121996.1625779689
121879.7601896267 121949.7030474985
121926.1820880447 121949.7030474985
121879.7601896267 121926.4732822633
121902.9711388357 121926.4732822633
121949.3930372537 121926.4732822633
121879.7601896267 121903.2435170281
121972.6039864627 121903.2435170281
121995.8149356717 121903.2435170281
121902.9711388357 121880.0137517929
121624.4397483277 121949.7030474985
122042.2368340897 121880.0137517929
121949.3930372537 121856.7839865577
121972.6039864627 121856.7839865577
121902.9711388357 121810.3244560873

121879.7601896267 121787.0946908521
121972.6039864627 121856.7839865577
121949.3930372537 121856.7839865577
122042.2368340897 121880.0137517929
121926.1820880447 121880.0137517929
121902.9711388357 121880.0137517929
121995.8149356717 121903.2435170281
121972.6039864627 121903.2435170281
121879.7601896267 121903.2435170281
121949.3930372537 121926.4732822633
121902.9711388357 121926.4732822633
121879.7601896267 121926.4732822633
121926.1820880447 121949.7030474985
121879.7601896267 121949.7030474985
121833.3382912087 121949.7030474985

122227.9244277617 121670.9458646760
121879.7601896267 121763.8649256169
121879.7601896267 121787.0946908521
121415.5412054466 121856.7839865577
121949.3930372537 121856.7839865577
121879.7601896267 121856.7839865577
121995.8149356717 121903.2435170281
121972.6039864627 121903.2435170281
121879.7601896267 121903.2435170281
122042.2368340897 121926.4732822633
122019.0258848807 121926.4732822633
121949.3930372537 121926.4732822633
121578.0178499097 121949.7030474985
121717.2835451637 122042.6221084393
121299.4864594016 122158.7709346154

121879.7601896267 121763.8649256169
122506.4558182697 121392.1886818536
122227.9244277617 121670.9458646760
121879.7601896267 121787.0946908521
121995.8149356717 121856.7839865577
121949.3930372537 121856.7839865577
121879.7601896267 121856.7839865577
121995.8149356717 121903.2435170281
121972.6039864627 121903.2435170281
121879.7601896267 121903.2435170281
122042.2368340897 121926.4732822633
122019.0258848807 121926.4732822633
121949.3930372537 121926.4732822633
121578.0178499097 121949.7030474985
121717.2835451637 122042.6221084393

122227.9244277617 121670.9458646760
121879.7601896267 121763.8649256169
121879.7601896267 121787.0946908521
122877.8310056138 121554.7970385000
121949.3930372537 121856.7839865577
121879.7601896267 121856.7839865577
121995.8149356717 121903.2435170281
121972.6039864627 121903.2435170281
121879.7601896267 121903.2435170281
122042.2368340897 121926.4732822633
122019.0258848807 121926.4732822633
121949.3930372537 121926.4732822633
121578.0178499097 121949.7030474985
121717.2835451637 122042.6221084393
121299.4864594016 122158.7709346154

121833.3382912087 121949.7030474985
121879.7601896267 121949.7030474985
121926.1820880447 121949.7030474985
121879.7601896267 121926.4732822633
121902.9711388357 121926.4732822633
121949.3930372537 121926.4732822633
121879.7601896267 121903.2435170281
121972.6039864627 121903.2435170281
121995.8149356717 121903.2435170281
121902.9711388357 121880.0137517929
121926.1820880447 121880.0137517929
121972.6039864627 121880.0137517929
121995.8149356717 121880.0137517929
122042.2368340897 121880.0137517929
121949.3930372537 121856.7839865577

122227.9244277617 121670.9458646760
121879.7601896267 121763.8649256169
121972.6039864627 121856.7839865577
122042.2368340897 121880.0137517929
121926.1820880447 121880.0137517929
121902.9711388357 121880.0137517929
121995.8149356717 121903.2435170281
121972.6039864627 121903.2435170281
121879.7601896267 121903.2435170281
122019.0258848807 121926.4732822633
121949.3930372537 121926.4732822633
121902.9711388357 121926.4732822633
121926.1820880447 121949.7030474985
121879.7601896267 121949.7030474985
121786.9163927907 121972.9328127337

121299.4864594016 122158.7709346154
121717.2835451637 122042.6221084393
121578.0178499097 121949.7030474985
121949.3930372537 121926.4732822633
122019.0258848807 121926.4732822633
122042.2368340897 121926.4732822633
121879.7601896267 121903.2435170281
121972.6039864627 121903.2435170281
121995.8149356717 121903.2435170281
121879.7601896267 121856.7839865577
121949.3930372537 121856.7839865577
121995.8149356717 121856.7839865577
121879.7601896267 121787.0946908521
121810.1273419997 121972.9328127337
122227.9244277617 121670.9458646760

121578.0178499097 121972.9328127337
121856.5492404177 121972.9328127337
121879.7601896267 121926.4732822633
121902.9711388357 121926.4732822633
122019.0258848807 121926.4732822633
121879.7601896267 121903.2435170281
121902.9711388357 121903.2435170281
121926.1820880447 121903.2435170281
121972.6039864627 121903.2435170281
121995.8149356717 121903.2435170281
122227.9244277617 121670.9458646760
121879.7601896267 121787.0946908521
121972.6039864627 121856.7839865577
122042.2368340897 121880.0137517929
121926.1820880447 121880.0137517929

122227.9244277617 121670.9458646760
121879.7601896267 121763.8649256169
122715.3543611507 121415.4184470888
121995.8149356717 121856.7839865577
121949.3930372537 121856.7839865577
121879.7601896267 121856.7839865577
121995.8149356717 121903.2435170281
121972.6039864627 121903.2435170281
121879.7601896267 121903.2435170281
122042.2368340897 121926.4732822633
122019.0258848807 121926.4732822633
121949.3930372537 121926.4732822633
121578.0178499097 121949.7030474985
121717.2835451637 122042.6221084393
121299.4864594016 122158.7709346154

122506.4558182697 121392.1886818536
122111.8696817167 121554.7970385000
121926.1820880447 121763.8649256169
121879.7601896267 121787.0946908521
121879.7601896267 121833.5542213225
122042.2368340897 121856.7839865577
121879.7601896267 121856.7839865577
121995.8149356717 121903.2435170281
121972.6039864627 121903.2435170281
122019.0258848807 121926.4732822633
121949.3930372537 121926.4732822633
121833.3382912087 121949.7030474985
121578.0178499097 121949.7030474985
121856.5492404177 121972.9328127337
121694.0725959547 122089.0816389098

121879.7601896267 121949.7030474985
121926.1820880447 121949.7030474985
121879.7601896267 121926.4732822633
121902.9711388357 121926.4732822633
121949.3930372537 121926.4732822633
121578.0178499097 121996.1625779689
121879.7601896267 121903.2435170281
121972.6039864627 121903.2435170281
121995.8149356717 121903.2435170281
121902.9711388357 121880.0137517929
121926.1820880447 121880.0137517929
122042.2368340897 121880.0137517929
121949.3930372537 121856.7839865577
121972.6039864627 121856.7839865577
121902.9711388357 121810.3244560873

121694.0725959547 121996.1625779689
122227.9244277617 121670.9458646760
121879.7601896267 121763.8649256169
121879.7601896267 121787.0946908521
121995.8149356717 121856.7839865577
121949.3930372537 121856.7839865577
121879.7601896267 121856.7839865577
121995.8149356717 121903.2435170281
121972.6039864627 121903.2435170281
121879.7601896267 121903.2435170281
122042.2368340897 121926.4732822633
122019.0258848807 121926.4732822633
121949.3930372537 121926.4732822633
121833.3382912087 121926.4732822633
121578.0178499097 121949.7030474985

122227.9244277617 121670.9458646760
121879.7601896267 121763.8649256169
121879.7601896267 121787.0946908521
121995.8149356717 121856.7839865577
121949.3930372537 121856.7839865577
121879.7601896267 121856.7839865577
121995.8149356717 121903.2435170281
121972.6039864627 121903.2435170281
121879.7601896267 121903.2435170281
122042.2368340897 121926.4732822633
122019.0258848807 121926.4732822633
121949.3930372537 121926.4732822633
121578.0178499097 121949.7030474985
121717.2835451637 122042.6221084393
121299.4864594016 122158.7709346154

121879.7601896267 121949.7030474985
121926.1820880447 121949.7030474985
121879.7601896267 121926.4732822633
121902.9711388357 121926.4732822633
121949.3930372537 121926.4732822633
122158.2915801347 121670.9458646760
121879.7601896267 121903.2435170281
121972.6039864627 121903.2435170281
121995.8149356717 121903.2435170281
121902.9711388357 121880.0137517929
121926.1820880447 121880.0137517929
122042.2368340897 121880.0137517929
121949.3930372537 121856.7839865577
121972.6039864627 121856.7839865577
121902.9711388357 121810.3244560873

121694.0725959547 122089.0816389098
121856.5492404177 121972.9328127337
121578.0178499097 121949.7030474985
121090.5879165206 122321.3792912618
122042.2368340897 121949.7030474985
121949.3930372537 121926.4732822633
122019.0258848807 121926.4732822633
121972.6039864627 121903.2435170281
121995.8149356717 121903.2435170281
121879.7601896267 121856.7839865577
121879.7601896267 121833.5542213225
121879.7601896267 121787.0946908521
121926.1820880447 121763.8649256169
122111.8696817167 121554.7970385000
122506.4558182697 121392.1886818536

121879.7601896267 121949.7030474985
121926.1820880447 121949.7030474985
121949.3930372537 121926.4732822633
121763.7054435817 121903.2435170281
121879.7601896267 121903.2435170281
121902.9711388357 121903.2435170281
121972.6039864627 121903.2435170281
121995.8149356717 121903.2435170281
121810.1273419997 121880.0137517929
121972.6039864627 121670.9458646760
121926.1820880447 121880.0137517929
121972.6039864627 121880.0137517929
121995.8149356717 121880.0137517929
121949.3930372537 121856.7839865577
121972.6039864627 121856.7839865577

121694.0725959547 121996.1625779689
121578.0178499097 121949.7030474985
122552.8777166877 121461.8779775592
121949.3930372537 121926.4732822633
122019.0258848807 121926.4732822633
122042.2368340897 121926.4732822633
121879.7601896267 121903.2435170281
121972.6039864627 121903.2435170281
121995.8149356717 121903.2435170281
121879.7601896267 121856.7839865577
121949.3930372537 121856.7839865577
121995.8149356717 121856.7839865577
121879.7601896267 121787.0946908521
121879.7601896267 121763.8649256169
122227.9244277617 121670.9458646760

121717.2835451637 122042.6221084393
121578.0178499097 121972.9328127337
121856.5492404177 121972.9328127337
121972.6039864627 121949.7030474985
121879.7601896267 121926.4732822633
121902.9711388357 121926.4732822633
122019.0258848807 121926.4732822633
121879.7601896267 121903.2435170281
121902.9711388357 121903.2435170281
121972.6039864627 121903.2435170281
121995.8149356717 121903.2435170281
121879.7601896267 121856.7839865577
121972.6039864627 121856.7839865577
122111.8696817167 121554.7970385000
121926.1820880447 121763.8649256169

122227.9244277617 121670.9458646760
121879.7601896267 121787.0946908521
121972.6039864627 121856.7839865577
122042.2368340897 121880.0137517929
121926.1820880447 121880.0137517929
121902.9711388357 121880.0137517929
121995.8149356717 121903.2435170281
121972.6039864627 121903.2435170281
121879.7601896267 121903.2435170281
122019.0258848807 121926.4732822633
121949.3930372537 121926.4732822633
121902.9711388357 121926.4732822633
121926.1820880447 121949.7030474985
121879.7601896267 121949.7030474985
121786.9163927907 121972.9328127337

121717.2835451637 122042.6221084393
121578.0178499097 121949.7030474985
121833.3382912087 121926.4732822633
121949.3930372537 121926.4732822633
122019.0258848807 121926.4732822633
122042.2368340897 121926.4732822633
121879.7601896267 121903.2435170281
121392.3302562376 122274.9197607914
121995.8149356717 121903.2435170281
121879.7601896267 121856.7839865577
121949.3930372537 121856.7839865577
121995.8149356717 121856.7839865577
121879.7601896267 121787.0946908521
121879.7601896267 121763.8649256169
122227.9244277617 121670.9458646760

121717.2835451637 122042.6221084393
122227.9244277617 121670.9458646760
121879.7601896267 121763.8649256169
121879.7601896267 121787.0946908521
121995.8149356717 121856.7839865577
121949.3930372537 121856.7839865577
121879.7601896267 121856.7839865577
121995.8149356717 121903.2435170281
121972.6039864627 121903.2435170281
121879.7601896267 121903.2435170281
122042.2368340897 121926.4732822633
122019.0258848807 121926.4732822633
121949.3930372537 121926.4732822633
121833.3382912087 121926.4732822633
121578.0178499097 121949.7030474985

121786.9163927907 121972.9328127337
121879.7601896267 121949.7030474985
121926.1820880447 121949.7030474985
121902.9711388357 121926.4732822633
121949.3930372537 121926.4732822633
122320.7682245977 121740.6351603817
121879.7601896267 121903.2435170281
121972.6039864627 121903.2435170281
121995.8149356717 121903.2435170281
121902.9711388357 121880.0137517929
121926.1820880447 121880.0137517929
122042.2368340897 121880.0137517929
121972.6039864627 121856.7839865577
121879.7601896267 121833.5542213225
121879.7601896267 121787.0946908521

121670.8616467457 121949.7030474985
121972.6039864627 121949.7030474985
121578.0178499097 121926.4732822633
121879.7601896267 121926.4732822633
121902.9711388357 121926.4732822633
121879.7601896267 121903.2435170281
121902.9711388357 121903.2435170281
121926.1820880447 121903.2435170281
121972.6039864627 121903.2435170281
121995.8149356717 121903.2435170281
122227.9244277617 121670.9458646760
121879.7601896267 121763.8649256169
121879.7601896267 121787.0946908521
121995.8149356717 121856.7839865577
121949.3930372537 121856.7839865577

121694.0725959547 122089.0816389098
121856.5492404177 121972.9328127337
121578.0178499097 121949.7030474985
121833.3382912087 121949.7030474985
122042.2368340897 121949.7030474985
121949.3930372537 121926.4732822633
122019.0258848807 121926.4732822633
121972.6039864627 121903.2435170281
121995.8149356717 121903.2435170281
120324.6265926236 122274.9197607914
121879.7601896267 121833.5542213225
121879.7601896267 121787.0946908521
121926.1820880447 121763.8649256169
122111.8696817167 121554.7970385000
122506.4558182697 121392.1886818536

121786.9163927907 121972.9328127337
121879.7601896267 121949.7030474985
121926.1820880447 121949.7030474985
121949.3930372537 121926.4732822633
121972.6039864627 121694.1756299112
121879.7601896267 121903.2435170281
121902.9711388357 121903.2435170281
121972.6039864627 121903.2435170281
121995.8149356717 121903.2435170281
121810.1273419997 121880.0137517929
121902.9711388357 121880.0137517929
121926.1820880447 121880.0137517929
121995.8149356717 121880.0137517929
121949.3930372537 121856.7839865577
121972.6039864627 121856.7839865577

121694.0725959547 122089.0816389098
121856.5492404177 121972.9328127337
121578.0178499097 121949.7030474985
121833.3382912087 121949.7030474985
122042.2368340897 121949.7030474985
121949.3930372537 121926.4732822633
120533.5251355046 122414.2983522026
121879.7601896267 121903.2435170281
121972.6039864627 121903.2435170281
121995.8149356717 121903.2435170281
121879.7601896267 121856.7839865577
121879.7601896267 121833.5542213225
121879.7601896267 121787.0946908521
122065.4477832987 121508.3375080296
122622.5105643147 121438.6482123240

122111.8696817167 121554.7970385000
121926.1820880447 121763.8649256169
121879.7601896267 121787.0946908521
121879.7601896267 121833.5542213225
121879.7601896267 121856.7839865577
121995.8149356717 121903.2435170281
121972.6039864627 121903.2435170281
121879.7601896267 121903.2435170281
122019.0258848807 121926.4732822633
121949.3930372537 121926.4732822633
122042.2368340897 121949.7030474985
121833.3382912087 121949.7030474985
121578.0178499097 121949.7030474985
121856.5492404177 121972.9328127337
121694.0725959547 122089.0816389098

121786.9163927907 122205.2304650858
121531.5959514916 122158.7709346154
120881.6893736396 122019.3923432041
121833.3382912087 121996.1625779689
122343.9791738067 121972.9328127337
121949.3930372537 121926.4732822633
121972.6039864627 121903.2435170281
122111.8696817167 121880.0137517929
122297.5572753887 121880.0137517929
120231.7827957876 122274.9197607914
122436.8229706427 121856.7839865577
121508.3850022827 121810.3244560873
122297.5572753887 121810.3244560873
121856.5492404177 121554.7970385000
122460.0339198517 121229.5803252071

121786.9163927907 122205.2304650858
121531.5959514916 122158.7709346154
120881.6893736396 122019.3923432041
121833.3382912087 121996.1625779689
122343.9791738067 121972.9328127337
121949.3930372537 121926.4732822633
121972.6039864627 121903.2435170281
123063.5185992857 121206.3505599719
122297.5572753887 121880.0137517929
121508.3850022827 121810.3244560873
122297.5572753887 121810.3244560873
121438.7521546556 121740.6351603817
121995.8149356717 121578.0268037352
121856.5492404177 121554.7970385000
122460.0339198517 121229.5803252071

121786.9163927907 122205.2304650858
121531.5959514916 122158.7709346154
120881.6893736396 122019.3923432041
121833.3382912087 121996.1625779689
122343.9791738067 121972.9328127337
121949.3930372537 121926.4732822633
121972.6039864627 121903.2435170281
122111.8696817167 121880.0137517929
122297.5572753887 121880.0137517929
123922.3237200188 118465.2382622176
122297.5572753887 121810.3244560873
121438.7521546556 121740.6351603817
121995.8149356717 121578.0268037352
121856.5492404177 121554.7970385000
122460.0339198517 121229.5803252071

121531.5959514916 122158.7709346154
120881.6893736396 122019.3923432041
121322.6974086106 121996.1625779689
122343.9791738067 121972.9328127337
121949.3930372537 121926.4732822633
121972.6039864627 121903.2435170281
122111.8696817167 121880.0137517929
120904.9003228486 122367.8388217322
121508.3850022827 121810.3244560873
122297.5572753887 121810.3244560873
121438.7521546556 121740.6351603817
121995.8149356717 121578.0268037352
121856.5492404177 121554.7970385000
121833.3382912087 121322.4993861479
122460.0339198517 121229.5803252071

120881.6893736396 122019.3923432041
121322.6974086106 121996.1625779689
121949.3930372537 121926.4732822633
121972.6039864627 121903.2435170281
122111.8696817167 121880.0137517929
122297.5572753887 121880.0137517929
122297.5572753887 121810.3244560873
121438.7521546556 121740.6351603817
121531.5959514916 121740.6351603817
121299.4864594016 121647.7160994408
122970.6748024498 121647.7160994408
121995.8149356717 121578.0268037352
121856.5492404177 121554.7970385000
120997.7441196846 122507.2174131435
122460.0339198517 121229.5803252071

121183.4317133566 122507.2174131435
120881.6893736396 122019.3923432041
121322.6974086106 121996.1625779689
120997.7441196846 121949.7030474985
121949.3930372537 121926.4732822633
121972.6039864627 121903.2435170281
122111.8696817167 121880.0137517929
122297.5572753887 121880.0137517929
122297.5572753887 121810.3244560873
121438.7521546556 121740.6351603817
122460.0339198517 121229.5803252071
121833.3382912087 121322.4993861479
121856.5492404177 121554.7970385000
121995.8149356717 121578.0268037352
122970.6748024498 121647.7160994408

120881.6893736396 122019.3923432041
121322.6974086106 121996.1625779689
121949.3930372537 121926.4732822633
121972.6039864627 121903.2435170281
122111.8696817167 121880.0137517929
122297.5572753887 121880.0137517929
122297.5572753887 121810.3244560873
121438.7521546556 121740.6351603817
121531.5959514916 121740.6351603817
121299.4864594016 121647.7160994408
122970.6748024498 121647.7160994408
121995.8149356717 121578.0268037352
121856.5492404177 121554.7970385000
120928.1112720576 122693.0555350251
122460.0339198517 121229.5803252071

121183.4317133566 122507.2174131435
120881.6893736396 122019.3923432041
121322.6974086106 121996.1625779689
121949.3930372537 121926.4732822633
121972.6039864627 121903.2435170281
122111.8696817167 121880.0137517929
122297.5572753887 121880.0137517929
122297.5572753887 121810.3244560873
121438.7521546556 121740.6351603817
121531.5959514916 121740.6351603817
121299.4864594016 121647.7160994408
122970.6748024498 121647.7160994408
121995.8149356717 121578.0268037352
121856.5492404177 121554.7970385000
123365.2609390028 118743.9954450401

121183.4317133566 122507.2174131435
120881.6893736396 122019.3923432041
121322.6974086106 121996.1625779689
121949.3930372537 121926.4732822633
121972.6039864627 121903.2435170281
122111.8696817167 121880.0137517929
122297.5572753887 121880.0137517929
120696.0017799676 122251.6899955562
121438.7521546556 121740.6351603817
121531.5959514916 121740.6351603817
121299.4864594016 121647.7160994408
122970.6748024498 121647.7160994408
121995.8149356717 121578.0268037352
121856.5492404177 121554.7970385000
121833.3382912087 121322.4993861479

121461.9631038647 122925.3531873772
120556.7360847136 121647.7160994408
133995.8756767255 118209.7108446303
121415.5412054466 121043.7422033255
123040.3076500767 120997.2826728551
124131.2222628998 120532.6873681509
123527.7375834658 120509.4576029157
122901.0419548228 120462.9980724453
124734.7069423339 119440.8884020962
127241.4894569060 119394.4288716258
123342.0499897938 119394.4288716258
122993.8857516587 118302.6299055711
126104.1529456649 118302.6299055711
119628.2981163535 119603.4967587427
118746.2820464115 115445.3687816407

121183.4317133566 122507.2174131435
121322.6974086106 122228.4602303210
120881.6893736396 122019.3923432041
121322.6974086106 121996.1625779689
120928.1112720576 121717.4053951465
121763.7054435817 121880.0137517929
122111.8696817167 121880.0137517929
122297.5572753887 121880.0137517929
121531.5959514916 121740.6351603817
121299.4864594016 121647.7160994408
122970.6748024498 121647.7160994408
121578.0178499097 121601.2565689704
121995.8149356717 121578.0268037352
121856.5492404177 121554.7970385000
121833.3382912087 121322.4993861479

121183.4317133566 122507.2174131435
121322.6974086106 122228.4602303210
120881.6893736396 122019.3923432041
121322.6974086106 121996.1625779689
121972.6039864627 121903.2435170281
122111.8696817167 121880.0137517929
122297.5572753887 121810.3244560873
121531.5959514916 121740.6351603817
121299.4864594016 121647.7160994408
122970.6748024498 121647.7160994408
123225.9952437488 120486.2278376805
121995.8149356717 121578.0268037352
121856.5492404177 121554.7970385000
121647.6506975367 121508.3375080296
121833.3382912087 121322.4993861479

121183.4317133566 122507.2174131435
121322.6974086106 122228.4602303210
120881.6893736396 122019.3923432041
121322.6974086106 121996.1625779689
121972.6039864627 121903.2435170281
122111.8696817167 121880.0137517929
122297.5572753887 121810.3244560873
121531.5959514916 121740.6351603817
121299.4864594016 121647.7160994408
122970.6748024498 121647.7160994408
120463.8922878776 122274.9197607914
121995.8149356717 121578.0268037352
121856.5492404177 121554.7970385000
121647.6506975367 121508.3375080296
121833.3382912087 121322.4993861479

121833.3382912087 121322.4993861479
121856.5492404177 121554.7970385000
121995.8149356717 121578.0268037352
121578.0178499097 121601.2565689704
122970.6748024498 121647.7160994408
121299.4864594016 121647.7160994408
119999.6733036975 121670.9458646760
121531.5959514916 121740.6351603817
122297.5572753887 121810.3244560873
121972.6039864627 121903.2435170281
121322.6974086106 121996.1625779689
118305.2740114404 115770.5854949336
121322.6974086106 122228.4602303210
121183.4317133566 122507.2174131435
120649.5798815496 122600.1364740843

121183.4317133566 122507.2174131435
120858.4784244306 122298.1495260266
121322.6974086106 122228.4602303210
120881.6893736396 122019.3923432041
121322.6974086106 121996.1625779689
121972.6039864627 121903.2435170281
122297.5572753887 121810.3244560873
121531.5959514916 121740.6351603817
119790.7747608165 115724.1259644632
121299.4864594016 121647.7160994408
122970.6748024498 121647.7160994408
121856.5492404177 121554.7970385000
121833.3382912087 121322.4993861479
123063.5185992857 121299.2696209127
122251.1353769707 120602.3766638566

121183.4317133566 122507.2174131435
120858.4784244306 122298.1495260266
121322.6974086106 122228.4602303210
120881.6893736396 122019.3923432041
121972.6039864627 121903.2435170281
121531.5959514916 121740.6351603817
121299.4864594016 121647.7160994408
122970.6748024498 121647.7160994408
121856.5492404177 121554.7970385000
121902.9711388357 121392.1886818536
120092.5171005336 121972.9328127337
123063.5185992857 121299.2696209127
121067.3769673116 121252.8100904423
122506.4558182697 120532.6873681509
123829.4799231828 117954.1834270430

121183.4317133566 122507.2174131435
120858.4784244306 122298.1495260266
121322.6974086106 122228.4602303210
120881.6893736396 122019.3923432041
121972.6039864627 121903.2435170281
121531.5959514916 121740.6351603817
121299.4864594016 121647.7160994408
122970.6748024498 121647.7160994408
122993.8857516587 118302.6299055711
121902.9711388357 121392.1886818536
121833.3382912087 121322.4993861479
123063.5185992857 121299.2696209127
121067.3769673116 121252.8100904423
122506.4558182697 120532.6873681509
123829.4799231828 117954.1834270430

121183.4317133566 122507.2174131435
120858.4784244306 122298.1495260266
121322.6974086106 122228.4602303210
120881.6893736396 122019.3923432041
121972.6039864627 121903.2435170281
121531.5959514916 121740.6351603817
121299.4864594016 121647.7160994408
122970.6748024498 121647.7160994408
121856.5492404177 121554.7970385000
121902.9711388357 121392.1886818536
121833.3382912087 121322.4993861479
123063.5185992857 121299.2696209127
122924.2529040317 118953.0633321569
122506.4558182697 120532.6873681509
123829.4799231828 117954.1834270430

121183.4317133566 122507.2174131435
120719.2127291766 115747.3557296984
121322.6974086106 122228.4602303210
120881.6893736396 122019.3923432041
123829.4799231828 117954.1834270430
122506.4558182697 120532.6873681509
121067.3769673116 121252.8100904423
123063.5185992857 121299.2696209127
121833.3382912087 121322.4993861479
121902.9711388357 121392.1886818536
121856.5492404177 121554.7970385000
122970.6748024498 121647.7160994408
121299.4864594016 121647.7160994408
121531.5959514916 121740.6351603817
121972.6039864627 121903.2435170281

121183.4317133566 122507.2174131435
120858.4784244306 122298.1495260266
121322.6974086106 122228.4602303210
120881.6893736396 122019.3923432041
123829.4799231828 117954.1834270430
122506.4558182697 120532.6873681509
121067.3769673116 121252.8100904423
123063.5185992857 121299.2696209127
121833.3382912087 121322.4993861479
121902.9711388357 121392.1886818536
121856.5492404177 121554.7970385000
122970.6748024498 121647.7160994408
121299.4864594016 121647.7160994408
121531.5959514916 121740.6351603817
121972.6039864627 121903.2435170281

121183.4317133566 122507.2174131435
120858.4784244306 122298.1495260266
121322.6974086106 122228.4602303210
123829.4799231828 117954.1834270430
124781.1288407519 118999.5228626273
122251.1353769707 120602.3766638566
123063.5185992857 121299.2696209127
121833.3382912087 121322.4993861479
121902.9711388357 121392.1886818536
121856.5492404177 121554.7970385000
122970.6748024498 121647.7160994408
121299.4864594016 121647.7160994408
121531.5959514916 121740.6351603817
121972.6039864627 121903.2435170281
120881.6893736396 122019.3923432041

121183.4317133566 122507.2174131435
121694.0725959547 122507.2174131435
120858.4784244306 122298.1495260266
121322.6974086106 122228.4602303210
120881.6893736396 122019.3923432041
121972.6039864627 121903.2435170281
121531.5959514916 121740.6351603817
121299.4864594016 121647.7160994408
122970.6748024498 121647.7160994408
121902.9711388357 121392.1886818536
121833.3382912087 121322.4993861479
123063.5185992857 121299.2696209127
121067.3769673116 121252.8100904423
120533.5251355046 115654.4366687576
123829.4799231828 117954.1834270430

121183.4317133566 122507.2174131435
123922.3237200188 118999.5228626273
120858.4784244306 122298.1495260266
121322.6974086106 122228.4602303210
120881.6893736396 122019.3923432041
121972.6039864627 121903.2435170281
121531.5959514916 121740.6351603817
121299.4864594016 121647.7160994408
122970.6748024498 121647.7160994408
121902.9711388357 121392.1886818536
121833.3382912087 121322.4993861479
123063.5185992857 121299.2696209127
123806.2689739738 118209.7108446303
123829.4799231828 117954.1834270430
120533.5251355046 115654.4366687576

121183.4317133566 122507.2174131435
121694.0725959547 122507.2174131435
120858.4784244306 122298.1495260266
121322.6974086106 122228.4602303210
120881.6893736396 122019.3923432041
121972.6039864627 121903.2435170281
124757.9178915429 119859.0241763300
121299.4864594016 121647.7160994408
122970.6748024498 121647.7160994408
121902.9711388357 121392.1886818536
121833.3382912087 121322.4993861479
123063.5185992857 121299.2696209127
124781.1288407519 118999.5228626273
123829.4799231828 117954.1834270430
120533.5251355046 115654.4366687576

121183.4317133566 122507.2174131435
121694.0725959547 122507.2174131435
120858.4784244306 122298.1495260266
121322.6974086106 122228.4602303210
120881.6893736396 122019.3923432041
121972.6039864627 121903.2435170281
121531.5959514916 121740.6351603817
118049.9535701414 115793.8152601689
122970.6748024498 121647.7160994408
120254.9937449966 121578.0268037352
121902.9711388357 121392.1886818536
121833.3382912087 121322.4993861479
123063.5185992857 121299.2696209127
123829.4799231828 117954.1834270430
120533.5251355046 115654.4366687576

121183.4317133566 122507.2174131435
121694.0725959547 122507.2174131435
120858.4784244306 122298.1495260266
121322.6974086106 122228.4602303210
120881.6893736396 122019.3923432041
121972.6039864627 121903.2435170281
121531.5959514916 121740.6351603817
121299.4864594016 121647.7160994408
122970.6748024498 121647.7160994408
121902.9711388357 121392.1886818536
121833.3382912087 121322.4993861479
123063.5185992857 121299.2696209127
124781.1288407519 118999.5228626273
123829.4799231828 117954.1834270430
120533.5251355046 115654.4366687576

120904.9003228486 122739.5150654955
120788.8455768036 122553.6769436139
121694.0725959547 122507.2174131435
121322.6974086106 122228.4602303210
121531.5959514916 121740.6351603817
122970.6748024498 121647.7160994408
123063.5185992857 121299.2696209127
121415.5412054466 121043.7422033255
123040.3076500767 120997.2826728551
123527.7375834658 120509.4576029157
122901.0419548228 120462.9980724453
124015.1675168548 118883.3740364513
119303.3448274275 115909.9640863449
123806.2689739738 117582.5071832797
122668.9324627327 117652.1964789854

121183.4317133566 122507.2174131435
121694.0725959547 122507.2174131435
120858.4784244306 122298.1495260266
121322.6974086106 122228.4602303210
122993.8857516587 120323.6194810341
121972.6039864627 121903.2435170281
121531.5959514916 121740.6351603817
121299.4864594016 121647.7160994408
122970.6748024498 121647.7160994408
120254.9937449966 121578.0268037352
121902.9711388357 121392.1886818536
121833.3382912087 121322.4993861479
123063.5185992857 121299.2696209127
121044.1660181026 115909.9640863449
123829.4799231828 117954.1834270430

122088.6587325077 122785.9745959659
120788.8455768036 122553.6769436139
121694.0725959547 122507.2174131435
120858.4784244306 122298.1495260266
121322.6974086106 122228.4602303210
121972.6039864627 121903.2435170281
121531.5959514916 121740.6351603817
122970.6748024498 121647.7160994408
121902.9711388357 121392.1886818536
121833.3382912087 121322.4993861479
123063.5185992857 121299.2696209127
122135.0806309257 115956.4236168153
121044.1660181026 115909.9640863449
122668.9324627327 117652.1964789854
123829.4799231828 117954.1834270430

120788.8455768036 122553.6769436139
121322.6974086106 122228.4602303210
121972.6039864627 121903.2435170281
124084.8003644818 116351.3296258138
119930.0404560706 121717.4053951465
122970.6748024498 121647.7160994408
121902.9711388357 121392.1886818536
121833.3382912087 121322.4993861479
123063.5185992857 121299.2696209127
124525.8083994529 118465.2382622176
124061.5894152728 118093.5620184543
121044.1660181026 115909.9640863449
119303.3448274275 115909.9640863449
118931.9696400835 116165.4915039322
122668.9324627327 120555.9171333861

120788.8455768036 122553.6769436139
121322.6974086106 122228.4602303210
121972.6039864627 121903.2435170281
121531.5959514916 121740.6351603817
119930.0404560706 121717.4053951465
122970.6748024498 121647.7160994408
121902.9711388357 121392.1886818536
121833.3382912087 121322.4993861479
123063.5185992857 121299.2696209127
124525.8083994529 118465.2382622176
124061.5894152728 118093.5620184543
121044.1660181026 115909.9640863449
119303.3448274275 115909.9640863449
118931.9696400835 116165.4915039322
122668.9324627327 120555.9171333861

122088.6587325077 122785.9745959659
120788.8455768036 122553.6769436139
123365.2609390028 116374.5593910490
121322.6974086106 122228.4602303210
121972.6039864627 121903.2435170281
121531.5959514916 121740.6351603817
119930.0404560706 121717.4053951465
122970.6748024498 121647.7160994408
121902.9711388357 121392.1886818536
123063.5185992857 121299.2696209127
121044.1660181026 115909.9640863449
119303.3448274275 115909.9640863449
118931.9696400835 116165.4915039322
122668.9324627327 117652.1964789854
124061.5894152728 118093.5620184543

121183.4317133566 122507.2174131435
121694.0725959547 122507.2174131435
120858.4784244306 122298.1495260266
121322.6974086106 122228.4602303210
120881.6893736396 122019.3923432041
121972.6039864627 121903.2435170281
121531.5959514916 121740.6351603817
123017.0967008678 120834.6743162086
122970.6748024498 121647.7160994408
121902.9711388357 121392.1886818536
121833.3382912087 121322.4993861479
123063.5185992857 121299.2696209127
124781.1288407519 118999.5228626273
121044.1660181026 115909.9640863449
123829.4799231828 117954.1834270430

122088.6587325077 122785.9745959659
120788.8455768036 122553.6769436139
121183.4317133566 122507.2174131435
124061.5894152728 121136.6612642663
120858.4784244306 122298.1495260266
121322.6974086106 122228.4602303210
121972.6039864627 121903.2435170281
121531.5959514916 121740.6351603817
122970.6748024498 121647.7160994408
121902.9711388357 121392.1886818536
121833.3382912087 121322.4993861479
123063.5185992857 121299.2696209127
121044.1660181026 115909.9640863449
123829.4799231828 117954.1834270430
124781.1288407519 118999.5228626273

120904.9003228486 122739.5150654955
123759.8470755558 121276.0398556775
121694.0725959547 122507.2174131435
121322.6974086106 122228.4602303210
121531.5959514916 121740.6351603817
122970.6748024498 121647.7160994408
123063.5185992857 121299.2696209127
121415.5412054466 121043.7422033255
123040.3076500767 120997.2826728551
123527.7375834658 120509.4576029157
122901.0419548228 120462.9980724453
122993.8857516587 118302.6299055711
126104.1529456649 118302.6299055711
119489.0324210995 115422.1390164056
118746.2820464115 115445.3687816407

119489.0324210995 115422.1390164056
118746.2820464115 115445.3687816407
126104.1529456649 118302.6299055711
122993.8857516587 118302.6299055711
122901.0419548228 120462.9980724453
123527.7375834658 120509.4576029157
123040.3076500767 120997.2826728551
121415.5412054466 121043.7422033255
123063.5185992857 121299.2696209127
122970.6748024498 121647.7160994408
121531.5959514916 121740.6351603817
121322.6974086106 122228.4602303210
122831.4091071957 119092.4419235681
120788.8455768036 122553.6769436139
120904.9003228486 122739.5150654955

119489.0324210995 115422.1390164056
118746.2820464115 115445.3687816407
126104.1529456649 118302.6299055711
122993.8857516587 118302.6299055711
122901.0419548228 120462.9980724453
123527.7375834658 120509.4576029157
123040.3076500767 120997.2826728551
121415.5412054466 121043.7422033255
123063.5185992857 121299.2696209127
122970.6748024498 121647.7160994408
121531.5959514916 121740.6351603817
121322.6974086106 122228.4602303210
121694.0725959547 122507.2174131435
120788.8455768036 122553.6769436139
120904.9003228486 122739.5150654955

120788.8455768036 122553.6769436139
121694.0725959547 122507.2174131435
120858.4784244306 122298.1495260266
121322.6974086106 122228.4602303210
121972.6039864627 121903.2435170281
121531.5959514916 121740.6351603817
122970.6748024498 121647.7160994408
117051.8827541544 115770.5854949336
121833.3382912087 121322.4993861479
123063.5185992857 121299.2696209127
123620.5813803018 118999.5228626273
122668.9324627327 117652.1964789854
120533.5251355046 115654.4366687576
121044.1660181026 115909.9640863449
119303.3448274275 115909.9640863449

120788.8455768036 122553.6769436139
121694.0725959547 122507.2174131435
120858.4784244306 122298.1495260266
121322.6974086106 122228.4602303210
121972.6039864627 121903.2435170281
121531.5959514916 121740.6351603817
122970.6748024498 121647.7160994408
121902.9711388357 121392.1886818536
121833.3382912087 121322.4993861479
123063.5185992857 121299.2696209127
123620.5813803018 118999.5228626273
116378.7652270933 115538.2878425816
121044.1660181026 115909.9640863449
119303.3448274275 115909.9640863449
122668.9324627327 117652.1964789854

123620.5813803018 118999.5228626273
120788.8455768036 122553.6769436139
121694.0725959547 122507.2174131435
120858.4784244306 122298.1495260266
121322.6974086106 122228.4602303210
121972.6039864627 121903.2435170281
121531.5959514916 121740.6351603817
122970.6748024498 121647.7160994408
121902.9711388357 121392.1886818536
121833.3382912087 121322.4993861479
123063.5185992857 121299.2696209127
122668.9324627327 117652.1964789854
119303.3448274275 115909.9640863449
125918.4653519930 118581.3870883936
120533.5251355046 115654.4366687576

122088.6587325077 122785.9745959659
117957.1097733054 116072.5724429913
121322.6974086106 122228.4602303210
121531.5959514916 121740.6351603817
122970.6748024498 121647.7160994408
123063.5185992857 121299.2696209127
121415.5412054466 121043.7422033255
123040.3076500767 120997.2826728551
119489.0324210995 115422.1390164056
118746.2820464115 115445.3687816407
123527.7375834658 120509.4576029157
126104.1529456649 118302.6299055711
122993.8857516587 118302.6299055711
122901.0419548228 120462.9980724453
120788.8455768036 122553.6769436139

120788.8455768036 122553.6769436139
119489.0324210995 117884.4941313374
120858.4784244306 122298.1495260266
121322.6974086106 122228.4602303210
121972.6039864627 121903.2435170281
121531.5959514916 121740.6351603817
122970.6748024498 121647.7160994408
121902.9711388357 121392.1886818536
121833.3382912087 121322.4993861479
123063.5185992857 121299.2696209127
120533.5251355046 115654.4366687576
121044.1660181026 115909.9640863449
119303.3448274275 115909.9640863449
122668.9324627327 117652.1964789854
123620.5813803018 118999.5228626273

