29939677.9193027951 174965.6575759649
29667502.8767882846 151157.9850559235
29804232.8876823336 166673.2747951746
29674784.4876091294 151536.8150482774
29765893.8703854345 165889.5334621668
29699776.2192715295 161767.2224270105
31085028.0295176357 201286.6766357422
29683938.7028767169 157644.9113918543
31121135.5703136325 201974.6502685547
29665508.8235738426 151113.6447281241
30268349.0053366385 184327.6183776855
29910183.5829260051 173514.5706269585
29847912.7273664400 170847.9480522871
29816573.5984268896 167267.7380303144
30725686.7011232562 195204.7189941406
29797868.1481095441 166478.3421337605
29738336.2999576256 162550.9637600183
29869428.6040240824 171224.4107140303
30400971.4980741851 188042.8896484375
30684692.8466690779 194814.2302246094
30417589.5306222066 188238.8386840820
29906607.8584145904 171551.1139129400
30877860.6697929390 197706.4666137695
30878311.9276706576 197757.9683227539
29677158.5220914707 154496.5547580719
30673128.8635381386 194126.2565917969
29808906.2296845168 167096.4451153278
30840220.3816470206 196257.5032348633
29869207.5406348854 171190.0073207617
31044952.1879018210 199837.7132568359
30220338.7972875461 183756.6159820557
29945930.2932886854 175079.1754369736
30074522.8027192280 179456.2775421143
30309086.6516647600 186190.2882499695
30190962.3178394549 183018.2121081352
30132244.1225797199 180370.9456939697
30119418.1743349954 180061.9200286865
30333207.5118248872 186900.8848571777
30667032.1215060428 193636.1141967773
29926415.2737860829 174800.0192245245
30291291.8030227683 184522.1581115723
30324220.4125234634 186757.9894847870
30092741.0623690970 179769.3661956787
31080553.9115219451 200676.6888427734
29847691.6639772430 170813.5446590185
30890709.9469306134 198394.4402465820
30255486.5300085507 184133.0786437988
30907327.9794786349 198588.9799804688
29958971.8754162006 175079.2635397688
30887812.9599760324 197990.1899261475
31085479.2873953581 201338.1783447266
30335763.8144575916 187277.3475189209
30242938.3155813143 183938.5389099121
30320630.0535988882 186709.6462841034
29909962.5195368081 173511.7348663807
29961193.7959604412 175342.1202377081
31079808.3565963395 200650.2047119141
30641855.0526422635 192536.2106628418
30659355.0483239293 193559.8065795898
29805124.6711727791 166854.8047955036
30074959.4999912120 179490.9176330566
29890080.5432032645 171418.9504479170
30596099.5519258901 192014.9977416992
30014308.9652236030 177975.4680614471
30855145.8952128217 197021.7844848633
30673580.1214158572 194177.7583007812
30175037.6572614275 182635.6784496307
30490826.4914660417 190696.9274268150
30491047.5548552386 190857.5575408936
30171447.2983368523 182587.3352489471
30160124.9597919211 182097.7790966034
29912451.3208248504 174056.6694664955
29931017.5958191790 174804.6207360029
30800831.3581806868 195595.2077636719
29785733.0484159328 165977.6879212700
31044129.5987358354 199227.7254638672
30514894.0269654877 191428.5599365234
30737854.1563804522 195399.2587280273
29921741.9317838997 174376.8489043713
30932784.7422010265 198784.9290161133
30597860.5457773730 192209.5374755859
30171668.3617260493 182617.1371307373
30079857.3441008367 179740.4648132324
29820465.0654993020 169931.5248444080
30701310.8792170994 195008.7699584961
30440532.3283083364 188433.3784179688
30850634.1053147987 196945.4768676758
30318073.7509661838 186595.0494350195
30959307.7383580059 198976.4766845703
29960972.7325712442 175312.3183559179
30871763.9277608432 197216.3242187500
30120286.1820883267 180176.4059600830
31049915.2356775664 199965.5225830078
29855302.0210289061 170872.2479232550
29754568.4777745940 165812.0473961830
30164217.6537019648 182474.3739421368
29980708.8154630437 175671.7894058228
30175761.0556360930 183014.8394130468
30018622.7225228436 178381.8647887707
31062313.2549375184 200601.9945068359
30238557.0569374152 183891.6772308350
30387518.7488102540 187848.3499145508
30475913.7939965352 190289.8563060760
30397340.2894440219 187907.8283996582
30681795.8597144932 194294.8721904755
30550857.8611093611 191819.0487060547
31057801.4650394954 200525.6868896484
30029945.0610677749 178892.5283778906
30025852.3671577312 178494.8260955811
29818888.4577255547 169392.2574181557
30847737.1183602177 196541.2265472412
31045403.4457795434 199889.2149658203
29820686.1288884990 169934.3606049858
29980487.7520738468 175455.7262015119
30571509.8002885394 192013.5884399414
29834650.0818497278 170677.7081893682
30030166.1244569719 178922.3302596807
30376688.3502648436 187713.2886657715
30097343.3844021931 179981.8662261963
29993592.5337313041 175681.5277862549
30415223.2957992367 188044.2989501953
30840671.6395247430 196309.0049438477
30006855.1792480163 176025.1935424805
30009332.1115637980 177636.8794884682
30546242.7427648455 191624.5089721680
30352381.8470056131 187471.8872528076
30045367.3866603337 179056.5311870575
30643005.3121054173 192845.9088115692
30313981.0570561402 186197.3471527100
30191183.3812286519 183320.6748352051
30650414.0889580213 193441.5744628906
30395034.9860405475 187862.3760223389
30207512.8490428180 183447.5903167725
30062564.8622278348 179261.7378082275
30015981.1081065461 178176.1469147205
29884386.5836372115 171385.4475539923
30208380.8567961529 183562.0762481689
30468835.8012608998 188840.8929271698
30369579.3225731142 187667.8362884521
30720656.6808129512 195203.3096923828
30075827.5077445470 179605.4035644531
29980533.0342174657 175477.9567073584
30503589.6037299074 191234.0202026367
30070333.0831387527 179446.5391616821
30645902.2990599982 193365.2668457031
30865237.1140418909 197140.0166015625
30049681.1439595744 179251.9994277954
30527767.3332099393 191623.0996704102
