87778643.0805479437 434419.8950195312
85598961.4657910168 321754.1833497286
87205558.4209885746 424647.3273925781
86392090.9956760854 392445.6688995361
86743246.4858929813 409712.1434936523
87030472.7400140464 421079.1491699219
85567312.1635515690 320390.1982898712
86967296.2958055735 418933.5129394531
85421685.5511751473 284597.8340060487
86891426.3418375999 416625.7680664062
86253579.9508925825 381350.5478382111
85565347.0799058080 319094.6265723482
86671095.8841271996 407722.2453002930
86671095.8841272295 408487.5499877930
85621540.5931404531 326572.7707222477
85965131.6886977851 363466.1954671144
87499467.0776489228 432496.1918945312
85520504.6080189198 306125.9130477905
85496485.6577132940 305053.1101029292
85864473.2825306505 353363.0374687687
86151060.9524957985 377232.9643421173
86086363.5962579250 373594.7467366457
85953667.6576984823 360893.2847005129
86747684.0580196381 409908.4161987305
85659657.5478520244 332512.3469208255
85562204.5264044106 314138.3780670166
87676689.4147884697 434084.0668945312
87265321.8251612782 428622.6157226562
85538725.2792751938 312811.5388343111
86637608.5606687367 405992.3253784180
87324157.0014681667 430179.9272460938
87551040.0319859982 432920.0664062500
86804824.9153033942 414496.9624023438
87536075.9526607245 432504.0175781250
86257365.9987615049 384255.9068450928
86289380.7508923858 385904.3924714327
85927590.7794333398 359458.8026448488
86590095.4824726731 401699.8862915039
86290853.3222199976 386316.6255950928
87097773.0709346682 423120.5290527344
87655650.0486113876 433709.5327148438
86507409.1288415194 400039.1226348877
86184777.1517332494 379502.0783234835
86270684.5370885134 384900.2277375460
86291147.3545088023 386517.0641633272
86295122.0573366135 386607.5521564484
85739307.0884203613 342744.3851555362
85669062.8255752772 332772.1609275118
86637608.5606687367 406781.7916870117
86540896.4522999823 400979.5762481689
87029581.5728469789 420509.8098144531
85705819.7649618834 340250.3050774112
86445830.6994310915 394487.0564651489
85416969.2033055574 283817.5427246094
86367459.8194142431 391288.3633117676
86042614.5195546597 369316.6114827394
86652342.5961637646 407010.1327514648
85756800.6480190903 344448.2886284366
87040565.1676176935 421820.3020019531
86483654.2202413827 396424.7099151611
85844545.2321207672 352205.8394096866
86555630.4877949953 401187.7986602783
86102663.7465117276 373793.4356251955
86102369.7142229229 373597.3697113991
87079757.7659890354 422355.2243652344
86821548.2996965945 414498.1753540039
87449066.5496953726 432050.0766601562
85958803.7073755711 362931.5740898624
85860845.3823745698 352389.8127766848
85771850.5081729293 344828.1052177921
85802663.9843031466 349262.3084114566
85646853.7587158978 329226.9934319034
85434069.9349640757 285575.0650260225
86874506.3124535829 416080.4414062500
87334843.3168862313 430487.4799804688
86888909.2279641330 416297.4741210938
86151354.9847846180 377424.0723439455
86623123.5689390749 403935.5703125000
86257660.0310503095 384447.0148469210
85609244.1194472611 323671.8672722355
85562204.5264044255 314276.5621490479
85636909.4109359980 328236.7068108097
86804824.9153033942 413707.4960937500
85968099.3897899091 363972.8182304874
87030990.9702176005 421299.2761230469
85535873.4258144498 307789.8491363525
86507409.1288415045 399249.6563262939
87588374.9574356079 433685.3710937500
87074052.4910761714 422272.1257324219
86474630.0861404687 395165.4396514893
87150640.6649685800 424458.2966308594
86078472.1054675579 372479.1358205080
85836151.3077616096 351617.8523567691
85896736.5497270226 357704.2105504274
85747429.6386826932 343513.8054131046
86891426.3418375999 417391.0727539062
86594010.5553757250 402400.4424591064
85475070.4182256460 299496.8624026552
85697899.4417548180 336801.3819588199
87342566.9299146831 431252.7846679688
86208968.7927774191 380816.3781281710
86426408.7271869928 394016.7636260986
87057288.5520108938 421821.5149536133
85736347.5168661773 342609.3720634952
86377235.4625581205 392126.7012023926
86261634.7338781506 384715.8534259796
85911290.6291795075 359264.7590263858
87248241.8903520256 427817.2392578125
86062171.9552137554 372286.0138264894
85877803.3057210296 356909.2150810733
87375397.3225121796 431260.6103515625
86439985.6251195222 394358.9189834595
86401427.1036023051 393630.4946594238
86908149.7262308151 417392.2857055664
86367939.7801438421 391738.7959289551
86531626.5354295373 400373.1637115479
85714919.4002014548 341366.2214973941
86498139.2119710594 398481.4649810791
85804824.1031107605 350182.0056084171
87207916.6817916930 425888.6606445312
85986641.2526363432 366263.6548177004
85640623.8006533384 328471.6468418613
86855001.1084454507 415315.1367187500
86052876.2727994472 371373.4762288332
85971875.8711449206 365351.1172200441
85930223.8731855303 359925.4810582399
86435107.8338997960 394337.3676300049
86359884.9971582890 388373.4903411865
87281729.2138105035 429066.6137695312
87298809.1486197412 429074.4394531250
86344577.9174800366 388315.0086212158
86159181.3190651387 378396.4187318087
87167364.0493617803 424459.5095825195
87004254.3555652499 420062.7268066406
86838312.2387618572 415204.9018554688
86492949.9026556909 397159.4428253174
86270930.4162924290 385103.7586994171
85804824.1031107605 350003.4147881046
85905130.4740862101 358282.3477498293
85748406.7236599326 343860.3015755191
86589898.8374818563 401382.0411376953
87063068.8963054419 422007.2155761719
85903141.6357801706 357760.9655693546
86168477.0014794320 379113.8957825899
86972176.4294773936 419354.7873535156
85871059.1232738942 355035.4871757999
86791749.3209443390 412440.2073364258
86002941.4028901458 366267.2831593752
86168477.0014794469 379303.3894349337
86078472.1054675579 372484.7027150393
85672797.9565802962 335275.1055229679
86864530.6232106686 415532.1694335938
85986641.2526363432 366068.5942708254
86021663.3448572010 367771.0766164064
86192668.6425236166 380617.6892396212
86241867.6726963222 381337.9992829561
85884131.2870432585 357443.8364583254
85938617.7975446731 360503.6182576418
85723313.3245606273 341954.2085503116
85786167.9477192461 345443.3707188144
85804824.1031107605 350196.5768974796
85790058.7216193527 349013.1281670108
87303779.3370228261 429839.7441406250
87116182.9993811846 423428.0817871094
86062171.9552137554 372090.9532796144
85823546.0450778306 351507.2082451358
87216983.1357599497 425960.2021484375
86400783.7175341696 392558.0815734863
86168477.0014794469 379307.0578919649
86625713.1352342665 404700.8750000000
86864565.1379202604 415971.4194946289
87137291.0515558273 424193.3864746094
86005363.1946033984 367572.3877278566
86554755.6018865258 401043.3480377197
87250831.4566472024 428582.5439453125
86266661.6811757982 384812.8321380615
86168477.0014794469 379292.4866029024
86492949.9026556909 396938.3983917236
86791749.3209443390 411650.7410278320
85636828.5143260509 327635.3093784824
86377235.4625581503 392316.1948547363
86145495.4912742525 375227.2275696993
86127968.3911228925 374794.0191193819
86286939.3784893006 385716.4369201660
86078180.9174106121 372374.0597230196
86459896.0506454557 394957.2172393799
86111668.2408690900 374595.3302308321
86320426.7019477785 387608.1356506348
86468785.0118289143 395020.9890289307
85652863.7927690595 330129.3894566074
86358985.2234649956 388336.5599746704
87084176.9484800994 422772.5202636719
85534323.2410790622 306987.4214019775
86723661.3561900556 408696.9853515625
87445326.7906682640 431706.7255859375
86338640.3335565776 387869.8592834473
87028635.5489043295 420202.2570800781
86789393.8996310532 411038.0354614258
87844054.5755320489 434873.5332031250
87896017.8157464117 435638.8378906250
87448445.2292842418 431714.5512695312
87788374.2327295542 434849.3715820312
87723206.7358215600 434212.4829101562
87068429.6306032836 422030.1359863281
86770930.3849542439 409973.4009399414
87010426.4637201726 420079.8239746094
