29550261.5754240938 35962.7153625488
29486508.1548038982 34278.4195686579
29580223.4658803344 35964.8096008301
38623532.3089683279 43371.9275207520
29481837.7956586145 33431.3161751032
29535808.3684338368 35292.6846313477
29573792.0320768617 35964.6900939941
38664238.6311735585 43384.5773010254
29511832.4637307264 35247.5468139648
29529418.3329246938 35279.4651489258
29556486.4028107561 35964.3230285645
29537640.2633054033 35957.3577575684
29487017.1143075898 35116.7513732910
29542242.9972278178 35961.3002014160
38865789.6786482558 43410.9277038574
29734416.5381013639 37640.7972106934
29607957.5589046255 36796.3452453613
29722393.2215368785 37084.8022460938
29524667.4580705836 35255.6820373535
29937512.2986277714 38481.3632507324
29780871.5123037249 37661.8054504395
29593634.4804295264 36080.8005905151
38966447.3989099041 43417.8806457520
29482346.7551623024 34269.6479797363
29536288.0097146183 35956.2130432129
29886048.9973955005 38477.5635681152
38016492.7854646817 43363.8050231934
30078734.6236046851 39318.8884582520
29825618.3565476686 37750.8115386963
30321548.4594298378 39387.9726257324
29687942.5661710203 37028.9051786065
29840164.2624218799 37871.6204071045
30093904.5331332460 39319.9697570801
29970729.4466020390 38484.5509948730
30025583.2287194170 38551.7963562012
29628041.8541604020 36801.8257751465
37942380.0098323971 43334.9163513184
37573090.7198232412 43268.5702209473
29644149.7367186472 36802.6320920587
29773490.8043449149 37660.3576354980
29651563.2186383419 36967.6746978760
30059233.9986420311 38558.3136901855
30246053.2469137684 39380.8795471191
31209237.3606548682 39483.2186584473
29679900.2563127689 37028.0988616943
29800235.0660394207 37666.2063293457
36742471.0166436508 43102.0720520020
37252277.0005557835 43208.7259216309
36876431.5083230361 43125.9822692871
36203880.5621601641 43057.9107360840
35528337.2475955412 42996.5504455566
35675073.6300249174 43052.8624572754
36143552.9877833277 43057.4093933105
36435314.3250842020 43084.4356994629
35522679.1250264719 42975.3748474121
34757720.6188213378 42846.5270080566
35045934.6489397585 42945.5663757324
35003284.7738728151 42879.2701110840
33493840.5684383288 41222.3160009384
34320385.0747710243 42775.0510559082
34874470.2852168381 42847.5026550293
33156118.7135108337 41017.8301239014
33881353.6214719936 41692.7706451416
33012554.5097567141 40951.1356048584
34492742.7723404914 42777.0604553223
34168392.2609473243 42603.9965515137
33496942.8744704984 41507.9267730713
33909504.0313349292 41853.6646118164
34054886.1309171170 42445.0538635254
32057133.3539810330 39823.4998245239
32211907.6270419657 40079.4981384277
32540857.5054085217 40435.3945846558
32779344.2848975211 40766.2829360962
32380432.9646356292 40284.6132278442
32515844.5667967759 40390.0284957886
32659752.5822894499 40503.1800765991
32739754.4061350077 40595.0363922119
32966341.3252433315 40843.4253234863
32765913.0599543117 40723.5160598755
