47863347.6730476096 428489.9053039551
47692173.0892187953 420574.9926185608
47888381.6411030293 428823.1084289551
48619984.8934602961 456556.6323242188
47751939.7527473718 421873.4535560608
48475992.4842956737 450661.3440551758
47477350.2389881462 386037.8382127285
47470997.8997562528 385323.6087205410
47967566.9642155468 429948.1286621094
47482263.1184998155 392294.5971848965
47875109.2246865481 428737.5830383301
48023499.6435835287 436960.2518920898
47433280.2039466202 371918.1224314608
47463820.8908430189 385303.7708528042
47452794.9511442631 378406.9007966518
47643918.6822657585 414533.0702590942
48025765.3706361800 441729.3874816895
47933923.4603625983 429788.3662414551
47973152.5606738627 435671.2274780273
47778257.8609071374 421971.7738647461
47980021.1361085176 435680.3934936523
47765212.1691638604 421958.9789466858
49005693.6575853378 457227.1787109375
47968754.5509414598 433343.8468933105
47830635.2479644418 427448.5586242676
48516893.3372398987 450940.6917114258
48609633.0040705353 455087.3081054688
55426910.4583081156 461936.0566406250
47445305.4512426332 372759.0491892733
48613116.3180256188 456547.4663085938
47831630.7172115147 427457.7246398926
48076112.4535458982 443018.4118957520
47408630.4566193372 365315.3124567904
47400868.5913471505 351019.2408015169
47536878.6121413186 406347.4158096313
47971622.3280294314 434759.4879455566
48169757.7798008025 447624.6757507324
48032633.9460708648 441738.5534973145
47523349.2639961839 399220.3497314453
47667457.3912380040 414694.4979934692
48469123.9088609964 450652.1780395508
47638129.4141148478 414530.9926223755
47644791.3699635714 414593.2333450317
48531925.1636636555 450942.7693481445
47462372.1481234506 379129.0517830290
47810734.8630852550 427439.1221008301
47405122.3907004148 364819.2191950716
48947385.6230000556 456835.9799804688
48187995.5958457366 449277.3577270508
47908282.0259821936 428832.5449523926
50996775.0856899768 458260.4804687500
47416204.8224635273 371908.4525324740
48089056.5504362509 443103.9372863770
47416148.3303991705 371716.0892512240
47473398.0878222063 386025.9218391813
48244746.5197372213 450642.7415161133
53672963.3385783806 459747.7319335938
48116153.8302762285 443122.5398254395
47580940.4051170647 414233.0424270630
48109285.2548415437 443113.3738098145
47542424.3659139499 406599.0349502563
48572960.7709655538 454027.5073242188
48072912.3060897663 442159.1643371582
47535902.1084547490 400902.3747887053
47570956.6237851754 407665.0823440552
47569813.0371904969 406699.6072158813
47513365.4826642945 398849.3643798828
47709426.6195484474 421498.8360633850
48564270.8603555635 451435.6985473633
47597228.5611706227 414251.6449661255
47768233.1290926188 421966.8986129761
47491840.3154789954 393016.7481712736
47664056.4299949631 414602.6698684692
47547221.7096496820 406618.6287002563
47521088.1066565588 398988.9674110413
47800013.3486070633 422140.7501258850
47915150.6014168784 428841.7109680176
47923070.5493503585 429122.3403015137
47714161.4978469312 421556.7413864136
47548835.6204065457 406645.1037979126
47580376.2044040486 407672.6619338989
47480575.0967354476 386045.7597069182
47691227.4512457922 414791.6415443420
47792309.4490038231 421977.5814857483
54596593.6076340079 461659.7192382812
47481120.7118144855 386165.5248703398
55148630.6081028432 461882.4472656250
47590359.9857359454 414242.4789505005
47562915.0132431462 406652.7095108032
47522702.0174134150 399025.9801063538
47514979.3934211507 398886.3770751953
54576055.7204528749 460417.8710937500
54065621.5861779973 460322.2485351562
47497386.0692516267 393268.3673118986
47526071.9797368124 400178.3774649538
47505108.6932438910 393399.9672874846
47960894.8359445259 429883.3281555176
47702955.9223796800 421487.8536911011
