120165.3382653596 122195.0093683823
120471.4167164673 122195.0093683823
120777.4951675750 122195.0093683823
121083.5736186827 122195.0093683823
121389.6520697904 122195.0093683823
121695.7305208982 122195.0093683823
121083.5736186827 121889.3056578870
121389.6520697904 121889.3056578870
121695.7305208982 121889.3056578870
122001.8089720059 121889.3056578870
122307.8874231136 121889.3056578870
123226.1227764367 121277.8982368963
121695.7305208982 121583.6019473917
122001.8089720059 121583.6019473917
122920.0443253290 121583.6019473917

120165.3382653596 122195.0093683823
120471.4167164673 122195.0093683823
120777.4951675750 122195.0093683823
121083.5736186827 122195.0093683823
121389.6520697904 122195.0093683823
121695.7305208982 122195.0093683823
121083.5736186827 121889.3056578870
122613.9658742213 121277.8982368963
122920.0443253290 121583.6019473917
122001.8089720059 121583.6019473917
121695.7305208982 121583.6019473917
121389.6520697904 121583.6019473917
122307.8874231136 121889.3056578870
122001.8089720059 121889.3056578870
121695.7305208982 121889.3056578870

121083.5736186827 122195.0093683823
121389.6520697904 121583.6019473917
121695.7305208982 121583.6019473917
122001.8089720059 121583.6019473917
122920.0443253290 121583.6019473917
122307.8874231136 121889.3056578870
122001.8089720059 121889.3056578870
121695.7305208982 121889.3056578870
121389.6520697904 121889.3056578870
121083.5736186827 121889.3056578870
120777.4951675750 121889.3056578870
121695.7305208982 122195.0093683823
121389.6520697904 122195.0093683823
120777.4951675750 122195.0093683823
120471.4167164673 122195.0093683823

120471.4167164673 122195.0093683823
120777.4951675750 122195.0093683823
121083.5736186827 122195.0093683823
121389.6520697904 122195.0093683823
121695.7305208982 122195.0093683823
120777.4951675750 121889.3056578870
121083.5736186827 121889.3056578870
121389.6520697904 121889.3056578870
121695.7305208982 121889.3056578870
122001.8089720059 121889.3056578870
122307.8874231136 121889.3056578870
122613.9658742213 121277.8982368963
122920.0443253290 121583.6019473917
122001.8089720059 121583.6019473917
121695.7305208982 121583.6019473917

120165.3382653596 122195.0093683823
120471.4167164673 122195.0093683823
120777.4951675750 122195.0093683823
121083.5736186827 122195.0093683823
121389.6520697904 122195.0093683823
121695.7305208982 122195.0093683823
121083.5736186827 121889.3056578870
121389.6520697904 121889.3056578870
121695.7305208982 121889.3056578870
122001.8089720059 121889.3056578870
122307.8874231136 121889.3056578870
122613.9658742213 121277.8982368963
122920.0443253290 121583.6019473917
122001.8089720059 121583.6019473917
121695.7305208982 121583.6019473917

122613.9658742213 121277.8982368963
122920.0443253290 121583.6019473917
122001.8089720059 121583.6019473917
121695.7305208982 121583.6019473917
121389.6520697904 121583.6019473917
122307.8874231136 121889.3056578870
122001.8089720059 121889.3056578870
121695.7305208982 121889.3056578870
121389.6520697904 121889.3056578870
121083.5736186827 121889.3056578870
121695.7305208982 122195.0093683823
121389.6520697904 122195.0093683823
121083.5736186827 122195.0093683823
120777.4951675750 122195.0093683823
120471.4167164673 122195.0093683823

122920.0443253290 121583.6019473917
122001.8089720059 121583.6019473917
121695.7305208982 121583.6019473917
121389.6520697904 121583.6019473917
122307.8874231136 121889.3056578870
122001.8089720059 121889.3056578870
122920.0443253290 120972.1945264010
121389.6520697904 121889.3056578870
121083.5736186827 121889.3056578870
121695.7305208982 122195.0093683823
121389.6520697904 122195.0093683823
121083.5736186827 122195.0093683823
120777.4951675750 122195.0093683823
120471.4167164673 122195.0093683823
120165.3382653596 122195.0093683823

122920.0443253290 121583.6019473917
122001.8089720059 121583.6019473917
121695.7305208982 121583.6019473917
121389.6520697904 121583.6019473917
122307.8874231136 121889.3056578870
122001.8089720059 121889.3056578870
121695.7305208982 121889.3056578870
121389.6520697904 121889.3056578870
122307.8874231136 120972.1945264010
121695.7305208982 122195.0093683823
121389.6520697904 122195.0093683823
121083.5736186827 122195.0093683823
120777.4951675750 122195.0093683823
120471.4167164673 122195.0093683823
120165.3382653596 122195.0093683823

122920.0443253290 121583.6019473917
122001.8089720059 121583.6019473917
121695.7305208982 121583.6019473917
121389.6520697904 121583.6019473917
122307.8874231136 121889.3056578870
122001.8089720059 121889.3056578870
121695.7305208982 121889.3056578870
121389.6520697904 121889.3056578870
121083.5736186827 121889.3056578870
121695.7305208982 122195.0093683823
121389.6520697904 122195.0093683823
121083.5736186827 122195.0093683823
120777.4951675750 122195.0093683823
120471.4167164673 122195.0093683823
120165.3382653596 122195.0093683823

120777.4951675750 122500.7130788776
121083.5736186827 121583.6019473917
121389.6520697904 121583.6019473917
121695.7305208982 121583.6019473917
122001.8089720059 121583.6019473917
122920.0443253290 121583.6019473917
122613.9658742213 120055.0833949151
125062.5934830830 119443.6759739245
125368.6719341907 119443.6759739245
130572.0056030218 119443.6759739245
123226.1227764367 119137.9722634291
132408.4763096681 118832.2685529338
126592.9857386216 118220.8611319432
116798.4753031748 117915.1574214479
136081.4177229606 117303.7500004573

120471.4167164673 122195.0093683823
120777.4951675750 122195.0093683823
121083.5736186827 122195.0093683823
121389.6520697904 122195.0093683823
121695.7305208982 122195.0093683823
120777.4951675750 121889.3056578870
121083.5736186827 121889.3056578870
123226.1227764367 121583.6019473917
121695.7305208982 121889.3056578870
122001.8089720059 121889.3056578870
122307.8874231136 121889.3056578870
121389.6520697904 121583.6019473917
121695.7305208982 121583.6019473917
122001.8089720059 121583.6019473917
122920.0443253290 121583.6019473917

120777.4951675750 122500.7130788776
121083.5736186827 122195.0093683823
121695.7305208982 121583.6019473917
123838.2796786522 120972.1945264010
122920.0443253290 120666.4908159057
123838.2796786522 119137.9722634291
125368.6719341907 119137.9722634291
132408.4763096681 118832.2685529338
127205.1426408370 118220.8611319432
122920.0443253290 121583.6019473917
122001.8089720059 121583.6019473917
121389.6520697904 121583.6019473917
121083.5736186827 121583.6019473917
122307.8874231136 121889.3056578870
122001.8089720059 121889.3056578870

120777.4951675750 122500.7130788776
121083.5736186827 122195.0093683823
121389.6520697904 121583.6019473917
121695.7305208982 121583.6019473917
123838.2796786522 120972.1945264010
122920.0443253290 120666.4908159057
123838.2796786522 119137.9722634291
122920.0443253290 121583.6019473917
122001.8089720059 121583.6019473917
122307.8874231136 121889.3056578870
122001.8089720059 121889.3056578870
121695.7305208982 121889.3056578870
121389.6520697904 121889.3056578870
121083.5736186827 121889.3056578870
120777.4951675750 121889.3056578870

121083.5736186827 122195.0093683823
121389.6520697904 121583.6019473917
121695.7305208982 121583.6019473917
122001.8089720059 120666.4908159057
119247.1029120365 120360.7871054104
122920.0443253290 120055.0833949151
124756.5150319753 118832.2685529338
123838.2796786522 119137.9722634291
130265.9271519141 119137.9722634291
134551.0254674221 117915.1574214479
133326.7116629912 117609.4537109526
122920.0443253290 121583.6019473917
122001.8089720059 121583.6019473917
121083.5736186827 121583.6019473917
122307.8874231136 121889.3056578870

121695.7305208982 123112.1204998682
120471.4167164673 122195.0093683823
122001.8089720059 121583.6019473917
122920.0443253290 121583.6019473917
119553.1813631442 121277.8982368963
124144.3581297599 121277.8982368963
122613.9658742213 120055.0833949151
123532.2012275444 118832.2685529338
124450.4365808676 118526.5648424385
129347.6917985910 118526.5648424385
132408.4763096681 117915.1574214479
135469.2608207452 117609.4537109526
121695.7305208982 121583.6019473917
121389.6520697904 121583.6019473917
121083.5736186827 121583.6019473917

120471.4167164673 122195.0093683823
121695.7305208982 121583.6019473917
122001.8089720059 121583.6019473917
122920.0443253290 121583.6019473917
119553.1813631442 121277.8982368963
122613.9658742213 120055.0833949151
123532.2012275444 118832.2685529338
125368.6719341907 118832.2685529338
124450.4365808676 118526.5648424385
122307.8874231136 121889.3056578870
122001.8089720059 121889.3056578870
121695.7305208982 121889.3056578870
121389.6520697904 121889.3056578870
121083.5736186827 121889.3056578870
120777.4951675750 121889.3056578870

122920.0443253290 121583.6019473917
122001.8089720059 121583.6019473917
121695.7305208982 121583.6019473917
121389.6520697904 121583.6019473917
122613.9658742213 121277.8982368963
122307.8874231136 121889.3056578870
122001.8089720059 121889.3056578870
121695.7305208982 121889.3056578870
121389.6520697904 121889.3056578870
121083.5736186827 121889.3056578870
120777.4951675750 121889.3056578870
121695.7305208982 122195.0093683823
121389.6520697904 122195.0093683823
121083.5736186827 122195.0093683823
120777.4951675750 122195.0093683823

120471.4167164673 122195.0093683823
120777.4951675750 122195.0093683823
121083.5736186827 122195.0093683823
121389.6520697904 122195.0093683823
121695.7305208982 122195.0093683823
120777.4951675750 121889.3056578870
121083.5736186827 121889.3056578870
121389.6520697904 121889.3056578870
121695.7305208982 121889.3056578870
122001.8089720059 121889.3056578870
122307.8874231136 121889.3056578870
123226.1227764367 121583.6019473917
121695.7305208982 121583.6019473917
122001.8089720059 121583.6019473917
122920.0443253290 121583.6019473917

122920.0443253290 121583.6019473917
122001.8089720059 121583.6019473917
121695.7305208982 121583.6019473917
121389.6520697904 121583.6019473917
121083.5736186827 121583.6019473917
122307.8874231136 121889.3056578870
122001.8089720059 121889.3056578870
121695.7305208982 121889.3056578870
121389.6520697904 121889.3056578870
121083.5736186827 121889.3056578870
120777.4951675750 121889.3056578870
121695.7305208982 122195.0093683823
121389.6520697904 122195.0093683823
121083.5736186827 122195.0093683823
120777.4951675750 122195.0093683823

124450.4365808676 117915.1574214479
124144.3581297599 118220.8611319432
123532.2012275444 118526.5648424385
122307.8874231136 120666.4908159057
121695.7305208982 121277.8982368963
123532.2012275444 121583.6019473917
122920.0443253290 121583.6019473917
120777.4951675750 121583.6019473917
122307.8874231136 121889.3056578870
121695.7305208982 121889.3056578870
121389.6520697904 122195.0093683823
121083.5736186827 122195.0093683823
120777.4951675750 122195.0093683823
120165.3382653596 122195.0093683823
121695.7305208982 122500.7130788776

124450.4365808676 117915.1574214479
124144.3581297599 118220.8611319432
123532.2012275444 118526.5648424385
121695.7305208982 121583.6019473917
121695.7305208982 121277.8982368963
123532.2012275444 121583.6019473917
122920.0443253290 121583.6019473917
120777.4951675750 121583.6019473917
122307.8874231136 121889.3056578870
122001.8089720059 121889.3056578870
121389.6520697904 122195.0093683823
121083.5736186827 122195.0093683823
120777.4951675750 122195.0093683823
120165.3382653596 122195.0093683823
121695.7305208982 122500.7130788776

124450.4365808676 117915.1574214479
124144.3581297599 118220.8611319432
123532.2012275444 118526.5648424385
122307.8874231136 120666.4908159057
121695.7305208982 121277.8982368963
123532.2012275444 121583.6019473917
122920.0443253290 121583.6019473917
120777.4951675750 121583.6019473917
122307.8874231136 121889.3056578870
122001.8089720059 121889.3056578870
121389.6520697904 122195.0093683823
121083.5736186827 122195.0093683823
120777.4951675750 122195.0093683823
120165.3382653596 122195.0093683823
121695.7305208982 122500.7130788776

121695.7305208982 116080.9351584760
121083.5736186827 116080.9351584760
120471.4167164673 116080.9351584760
123532.2012275444 117609.4537109526
124450.4365808676 117915.1574214479
123226.1227764367 118832.2685529338
122001.8089720059 120666.4908159057
128429.4564452678 117915.1574214479
121695.7305208982 121277.8982368963
121083.5736186827 121277.8982368963
122920.0443253290 121583.6019473917
120165.3382653596 121583.6019473917
121083.5736186827 122195.0093683823
120165.3382653596 122195.0093683823
121389.6520697904 122500.7130788776

121389.6520697904 122500.7130788776
120165.3382653596 122195.0093683823
121083.5736186827 122195.0093683823
120165.3382653596 121583.6019473917
122920.0443253290 121583.6019473917
121083.5736186827 121277.8982368963
121695.7305208982 121277.8982368963
124450.4365808676 120972.1945264010
122001.8089720059 120666.4908159057
123226.1227764367 118832.2685529338
124450.4365808676 117915.1574214479
123532.2012275444 117609.4537109526
120471.4167164673 115775.2314479807
121695.7305208982 116080.9351584760
121083.5736186827 116080.9351584760

122307.8874231136 122806.4167893729
120165.3382653596 122195.0093683823
121083.5736186827 122195.0093683823
120165.3382653596 121583.6019473917
122920.0443253290 121583.6019473917
121083.5736186827 121277.8982368963
121695.7305208982 121277.8982368963
124450.4365808676 120972.1945264010
122001.8089720059 120666.4908159057
121695.7305208982 116080.9351584760
121083.5736186827 116080.9351584760
120471.4167164673 116080.9351584760
123532.2012275444 117609.4537109526
124450.4365808676 117915.1574214479
122920.0443253290 118220.8611319432

120165.3382653596 122195.0093683823
120165.3382653596 121583.6019473917
121695.7305208982 116080.9351584760
121083.5736186827 116080.9351584760
120471.4167164673 116080.9351584760
123532.2012275444 117609.4537109526
124450.4365808676 117915.1574214479
122307.8874231136 122806.4167893729
123226.1227764367 118832.2685529338
122001.8089720059 120666.4908159057
124450.4365808676 120972.1945264010
121695.7305208982 121277.8982368963
121083.5736186827 121277.8982368963
122920.0443253290 121583.6019473917
121083.5736186827 122195.0093683823

