29475479.0563177690 3896.5031032190
29493460.6086317711 4096.6809813939
29491720.8308617510 4014.2344980240
29639323.8348048516 4251.4190330505
29501914.0788123459 4098.2436666414
29472670.3687572107 3887.1158338562
29478867.9041141197 3994.8262469247
29614279.2765131854 4242.9351066761
29489901.4168728814 4006.4137371778
29495212.2685061917 4096.7574345395
29632419.1287009306 4242.9492055587
29542885.7078209855 4233.2044234090
29525464.0624338537 4133.4629402161
29471813.5331627242 3887.0230495930
29476920.9695796669 3900.5627491474
29637438.2981158160 4249.6916105561
29508448.7384301051 4123.7442793660
29475999.7628135122 3896.8416993618
29611690.7437241711 4236.6665164046
29480076.4786106609 3996.4831936359
29580518.5854093470 4235.7336780839
29523021.9965293482 4126.2735340409
29571756.0556905121 4235.0318348221
29482967.2560752369 4004.5420503244
29656941.5709894523 4347.6161104441
29516093.7795898281 4125.5716907792
29472708.1100378409 3895.0819062814
29470963.5776430629 3791.1643166356
29537755.1561325677 4216.2521520220
29506184.0857027620 4115.8075086884
29511142.9604386389 4124.4461226277
29488927.0172187537 4006.3473646455
29649033.3470597602 4329.3811109886
29846834.8986343890 4354.9517347826
29907370.8059796169 4461.7149627222
29893452.0310589448 4364.5394316975
30086877.4872427657 4463.8428995814
30187403.1112034097 4578.8602553979
30164660.5072426647 4470.1056643621
30175045.2892886028 4481.6402732030
30267698.2349517271 4584.0507700276
30462932.0826995745 4593.1067986488
30390307.2623265535 4591.3448927626
30475199.8986211419 4679.7469933257
30376512.1288485527 4585.9456637129
30625904.4926988333 4781.9284018502
31473194.0047032461 4866.2243905067
31594154.3198138811 4939.8050158024
31248502.2732223533 4839.7574696541
31565953.8169017956 4881.1152328253
31586830.0070272684 4892.2763406038
31748668.0189128108 5000.4154392481
32005572.7367990576 5046.7102795839
31739140.7414711304 4983.2503224611
31908216.3484733999 5014.4021778107
32664235.4675323479 5228.5699768066
32835404.0352474637 5258.6937408447
32343622.8978247456 5142.6205654144
32050262.3431451358 5070.3446283340
32545895.0542010367 5196.8290939331
32224812.3899737336 5137.0684995651
32488456.8821214922 5168.8068494797
32391295.6909448877 5155.3741512299
33846637.2606760114 5298.4595642090
33100090.9674652256 5277.2191162109
