9826249.9873354100 884929.5820312500
9826306.3777133115 885161.6347656250
9836064.6993033793 895297.8300781250
9822254.3706938624 871517.1699218750
9824391.2766895741 876164.4335937500
9844515.6277424265 902478.7929687500
9838474.0139547195 895554.1298828125
9822880.0358145088 871550.5029296875
9832953.2613371089 891449.9375000000
9848178.6713484526 903056.1357421875
9823572.0619659498 873651.1269531250
9821857.5184265226 870229.6328125000
9829098.0619795416 885456.0380859375
9869056.4439523146 904077.5996093750
9863879.8317356296 903783.8164062500
9827175.4767687321 885367.0996093750
9830231.4426325262 885615.8876953125
9879891.0531331748 910311.1748046875
9846775.5797153208 902917.6894531250
9823308.2955933660 872332.3632812500
9845183.3741768990 902691.3154296875
9820793.7999219242 868610.6323242188
9830489.0512581374 885738.0058593750
9844369.6335586309 895973.4355468750
9825625.0367568750 880495.2153320312
9840602.2738007288 895764.8740234375
9830713.3437911160 885855.0214843750
9829418.9488401394 885585.1259765625
9832472.6901747286 885939.6572265625
9825914.8502524011 881524.0625000000
9825309.5975121800 880065.5942382812
9825832.7719350420 880766.9365234375
9832902.4788307771 886048.3466796875
9850641.5182219557 903198.1708984375
9842052.7984177526 895973.3242187500
9825365.9115948975 880187.0795898438
9852901.4701948501 903593.1835937500
9857774.3490617182 903754.6093750000
9829169.3741086666 885468.6191406250
9828287.5771160815 885448.5664062500
9825443.2011172250 880259.6557617188
