274328640.8274129033 106318.0396458535
274465636.8810860515 109214.8390085725
275261887.0199812055 121347.2857291284
275034841.8213747740 117720.6887087179
275845882.1537405849 128981.0733963377
275589380.9770513773 125220.1744108382
275342626.4976086020 122886.9739899724
274328640.8274129629 106322.9647862343
274328640.8274129033 106298.3803222654
274328640.8274129629 106318.0401446251
274328640.8274129033 106298.3929773001
274511077.7678359747 109627.9615466399
274503628.3175533414 109611.0889853192
274729026.1027362943 113692.3157820059
274881019.3123707175 117250.0809597326
275061612.4564146996 119409.3859535605
275261887.0199812055 121347.2857939783
275307229.9116383195 121542.4381196154
275380015.6234674454 124373.0735064480
278566953.8575663567 149727.8697442319
274224827.2146112919 104492.0739598898
274379021.1965136528 106610.8028329937
274511077.7678359747 109650.4813220305
274503628.3175534010 109625.0905379010
274714316.0267984867 113376.0042835427
275155683.6026213169 120719.2517419709
274949415.2611429691 117678.4664820982
275624111.6913705468 125743.7246778207
280764725.2656134963 158664.3560231198
280538490.8247774839 157630.3199705789
280189113.6603010297 157358.2699944545
274300865.8368000984 105259.6852777256
274328640.8274129033 106298.3780247597
274316111.1542592049 105482.9627787499
274328640.8274129629 106322.9403263954
274503628.3175533414 109597.9745253278
274714316.0267985463 113379.0257564737
274881019.3123707175 117235.0737447096
274870239.3209350109 115834.7591928793
275437834.6680343151 124390.7530117286
276051091.1315657496 131225.2135777599
331250023.2227554917 276094.7895965576
275624111.6913706660 125757.6272790628
275624111.6913705468 125756.1637780862
274503628.3175534010 109620.4943007184
275155683.6026212573 120706.7878747834
279149396.2029452324 152022.9482312705
276448400.6260071397 135843.8573508686
274262874.4003328681 104879.6151372520
274430624.0026573539 107437.6897744043
275097864.5580543876 120694.7620806051
275684242.2091801167 127333.4326096969
275051052.0313314199 119224.7581562353
275097864.5580542684 120692.1630319906
275037734.0402446985 119085.4699777914
274300865.8368001580 105279.3468988193
274316111.1542592049 105452.9833959965
274316111.1542592049 105472.6370951561
274316111.1542592049 105452.9810817270
274316111.1542592049 105452.9777304409
277354224.7665179968 141844.0798105644
278003629.7545741200 147769.9855202939
277554692.3924498558 144852.4523919830
274316111.1542592645 105487.6776682762
276561283.2807996273 137539.7974822647
278126256.9573792815 148114.1214226987
274316111.1542592049 105452.9754740624
278665759.5421243310 149728.1711468324
341594234.6204565167 284438.6586303711
277938758.1116880178 147262.1079853587
277720056.9571030736 146211.4990541618
312128859.5530024767 243841.7503407001
312238896.2574268579 244010.9374585152
274704582.7421745062 112079.7291783346
277468889.6085376143 142975.3870868552
278749068.2474589348 150178.9939156082
274704582.7421743870 112076.5369511200
274729026.1027362943 113689.3698643995
274775827.7245926857 115040.4135584189
341612298.1714534760 284877.2544555664
278126256.9573792815 148114.1189431455
276386096.5151599050 135791.8902157671
274704582.7421745062 112076.5407365812
281034507.6833158135 160579.1554001365
280629780.0998142958 158297.0755095296
279352495.9475432634 152678.0207061693
279020449.6891037822 150382.4177349750
331026593.1173192263 274546.1432952881
276075139.6608998775 133103.9957529227
274624184.9861120582 112024.7033479465
275950602.3514784575 131206.1212365823
274704582.7421745658 112081.5299595846
275923707.8149027824 130296.1842070776
277844578.6192788482 146768.3004269358
276084315.3645752668 135212.2345731538
276501935.4055005908 137192.2021715767
276833334.1792767048 139905.8005563151
277498117.4168605208 143588.5257169381
335992183.9958121181 280562.0525817871
335997100.4286603928 281990.1213684082
277159345.1130507588 141765.6593969483
276561283.2807996273 137539.7998397476
276295946.2723253369 135647.1022267169
341307374.5039306283 284210.3462524414
327216416.9383684993 264425.9071817398
275844822.9062212110 127385.3472436438
341227079.0695068240 284165.0900268555
341224413.7463585734 284099.5639038086
341133226.1881819963 284067.5729370117
327517331.4270185232 271307.1243238449
277115814.5490821600 140352.8238084611
276715058.4833682179 138617.3003301915
276688753.6924537420 137725.8035883000
340968770.9037606716 283690.6365356445
276715058.4833682775 138623.3119268712
341404434.6888653040 284411.9480590820
328643109.8310356140 273425.0749387741
334713269.9164719582 276364.3518877029
287073551.3298757076 181945.5955367228
326252839.3573533297 263633.4937973022
326343843.1441624165 263690.5063705444
287057966.2961941957 181769.0435154153
287052551.9506978393 181586.3156299731
286503389.9203301072 179198.7826865548
286271917.7822367549 177288.0633223467
286344256.3334015012 177874.3686049394
327499549.7483780980 265612.2453842163
279961283.5135984421 154007.3608168978
279961283.5135984421 153996.7603523154
280165584.8812139630 154233.6318719406
287461255.6183855534 182375.4829511782
286840731.9159977436 180766.0243520876
279914936.6461720467 153635.5713283438
282079882.0657842159 161434.5762792836
286395444.3560160995 177910.0979504534
282978943.7891300321 170073.5628629887
281921104.9270287156 160870.2075423479
282576035.9140521288 168186.0180657804
283176695.1159897447 170490.2876077704
282829628.7314741015 168638.8479410224
282178355.4503056407 163447.7567854859
286241561.1631642580 176543.2104704902
285876395.4787905812 175048.3925169110
285620572.1537466049 174798.3044234812
284848722.6189413071 172742.7121611089
285197644.7463153005 173007.9631085843
290711860.4964819551 192634.4221282005
290052552.4997373819 190814.8499388695
289753667.9893514514 188921.0644545555
289413664.9023021460 183451.1043572426
285227221.3299626708 174557.6089658579
285869279.8097611666 175037.7492317996
289543652.3169275522 184596.4956755638
285751026.8284648061 174875.0691280924
285102487.2588608265 172925.2803678355
289605392.3443448544 185360.0341963768
289752058.4154514074 186861.8711562157
289605392.3443448544 185359.5858473778
284592912.5936407447 171870.7765950703
284512193.4650435448 171362.3593240913
289837984.7301375270 189116.7319922447
286122149.2405493259 176482.6953518353
289629235.6619861722 186812.5909590721
289509307.9781662226 184336.1942152977
289335875.7753264308 182882.9755206108
290904207.6796538830 194033.7382092476
290840168.2341344357 193980.2983193398
291124936.1823331118 195344.2219262123
292173179.5640007854 197389.4452080727
292096664.0372075438 197282.6371636391
291559852.4435974956 196268.9561138153
294143536.1710680127 200509.2873191833
294339146.9200878143 200904.3125190735
294702310.5801267028 203394.5234870911
294307158.6129845381 200798.6496543884
293727774.0182169080 198771.9951744080
293996345.4027870893 199421.7722892761
293996345.4027871490 199422.0773887634
293702144.8807291985 198348.6376609802
294108806.7348279953 199646.4911460876
298705845.7953609228 213029.8499221802
297441783.4470683336 209465.2292861938
296491084.8918017745 206551.4245452881
297234431.3473536372 207260.3366928101
294433324.1053447127 201553.0954055786
296342442.9467989802 203895.2655487061
297326135.5363219380 208657.8772125244
296429511.7449537516 204333.9205551147
298292301.6703645587 212852.6411056519
296269322.7945242524 203575.2402801514
296429511.7449538708 204334.2340927124
297383303.5887067318 209350.7582397461
297821611.0557835102 211370.7820472717
297944112.9834788442 211715.0261955261
297584356.7748253345 210529.6958808899
297708276.7537433505 211350.8481330872
297945457.0083834529 212394.6226844788
299384268.5467607379 214964.1282310486
299061871.5201535225 213098.8643836975
299085937.7861797214 214743.0010833740
299181546.2581161857 214762.3547744751
298727587.8475158215 213065.2132644653
299473884.7379906178 215937.0117874146
299567907.7379270196 217943.1513214111
299806047.2432564497 218311.6852645874
299493429.2903259993 216167.6158370972
299493429.2903259993 216222.8907318115
301486013.6864806414 218605.3418183327
301895028.4077084661 220713.2654042244
301542078.4480098486 220209.0549550056
302099246.0186568499 222282.4155263901
301719752.0382636786 220668.6008419991
302028835.1407619119 222035.7461609840
302107925.2870474458 222412.6042194366
301993070.4061410427 221611.3503589630
301702180.0587408543 220225.9205417633
301939220.2669712305 221200.1565189362
302182774.6342356801 222807.3767948151
307003482.3422487378 225060.2649822235
307980088.6911678314 227630.4107799530
307634135.6684622765 225311.5694293976
307559534.6726805568 225261.8112716675
307709959.8550727367 226001.6271553040
307692060.0825956464 225799.8392143250
308354144.4026757479 228552.7544975281
306177525.5597378612 224346.1264801025
306230846.1161504984 224510.1267986298
305874219.0431210995 223530.6029109955
307976227.8290085793 226998.3930664062
308202296.2321711183 227927.5030956268
309288240.0648228526 229599.1076049805
306397241.2490870953 224757.5731563568
308345829.9708512425 228137.5200786591
308202296.2321711183 227936.0162181854
308985225.9620556831 229124.0298976898
309297993.4130281210 230080.4487152100
307878467.2782638073 226660.5737648010
308272788.3373819590 228099.1824512482
308272788.3373819590 228094.9395370483
309868680.7712011933 230101.2845535278
308639584.3348628283 229104.2227478027
309868680.7712011933 230100.9419631958
310176547.9759835601 231599.4459609985
309868680.7712011933 230094.8306655884
310176547.9759836197 231605.5644607544
310176547.9759835005 231598.3872146606
310238881.6872127652 232858.5709915161
310062815.8781521320 231315.1603851318
309868680.7712014318 230109.4111099243
310176547.9759836197 231612.1159133911
309728835.8165255785 230087.9283905029
319251285.0204507709 248064.8192863464
318399582.1362993717 245734.9195137024
319512176.8158441186 248603.5266799927
319704234.2675260901 248998.5417900085
319705267.1961366534 249722.4465904236
319705267.1961365938 249706.6467399597
319705267.1961366534 249728.6262779236
319917734.2498289347 251003.4868736267
319705267.1961365938 249705.1465110779
321051023.0157200694 254414.3715972900
320259892.3926464915 252500.6050491333
321947988.1474517584 255982.1585464478
320888175.0604288578 252691.0174255371
323508553.4698498845 261074.9702529907
322414672.1116565466 260031.6451416016
322414672.1116564274 260017.0747070312
322414672.1116564274 260019.4063415527
322414672.1116565466 260032.6630630493
323411488.9012143016 260178.0391006470
324414741.8806604147 261747.4534454346
