9828171.6723454539 849374.7548828125
9831945.6568110678 857005.4521484375
9838388.1035229694 859659.0742187500
9834143.3469182551 859165.6425781250
9830934.0176021867 854514.3017578125
9843922.7299132701 867124.6669921875
9835718.2276427597 859375.0468750000
9853711.7652194034 874098.8515625000
9829050.7296064384 854387.2138671875
9828994.7550226003 849506.3544921875
9839948.9999858327 866631.2353515625
9824703.7671830654 840315.9960937500
9826576.4107025824 846921.6210937500
9833083.1754778791 859163.6191406250
9831669.1424548943 855246.0927734375
9825011.8610239625 844595.5751953125
9839640.9061449356 864437.5400390625
