47738833.8231763765 49538.4973592553
49197725.7737847939 58068.7665405273
47480087.4502988085 45735.2480708156
47715776.6929705217 49441.3872518335
47686970.9732807130 48977.2884244714
47551217.8432433307 47717.3560062442
47496645.2125620395 46809.1166850124
48323785.1966785938 54114.0522999763
49345961.0433611944 58476.4752807617
49683187.2851191834 58931.1961059570
47628118.1918657199 48645.5025968347
49556198.4186333045 58884.0398559570
47552119.7188881785 47740.6822391544
47488991.2474190518 46303.7239032779
48583837.1800273806 55582.4291229248
48064380.7134999782 52323.7539994512
47829446.8883500844 50400.9310059473
48325851.3924249485 54140.5112233162
49321531.8890215382 58431.8562622070
47497547.0882068798 46832.4429179225
49269881.7870488316 58287.0187988281
47524285.9815204069 47194.7643772159
48324859.8433590233 54120.9984974861
48062314.5177536234 52297.2950761113
48609862.3816244453 55729.3243865967
49366203.2303410321 58481.6351928711
47933271.9396268576 51323.0319580957
48151745.0790728778 53080.9792306218
49504548.3166605979 58739.2023925781
47477681.2601849362 45628.4161940608
47445275.5667749867 45288.6527052913
47489824.3288548514 46380.7874461208
48826955.7792519927 56762.2179870605
47448578.7471217215 45360.5734587703
47929020.6410444304 51261.4931511804
47409968.9495607391 44378.8281158209
48177770.2806699350 53227.8744942937
47718450.6288298070 49452.5129842553
47889965.7009256780 50941.3188519403
47477858.9166325107 45643.4002715144
47719525.2755102441 49459.4591817651
49417853.3323137388 58626.4726562500
48148777.0076816753 53031.1940743718
49318563.8176303431 58382.0711059570
47730864.9580371156 49468.8271322045
48002020.2726031169 51869.6803460047
47629020.0675105602 48668.8288297448
47715482.5574386120 49402.7278280053
47631086.2632569224 48695.2877530847
48645629.2101937383 55846.5036430359
48647522.6349045038 55889.3426017761
48208499.9736662805 53327.4531686101
48514457.5072487071 55111.2648077011
49494156.9313560724 58734.0424804688
47482976.4909902290 46286.5250559840
47464777.8585843444 45393.8993138075
47665674.3084822819 48855.7104177270
48149851.6543621197 53038.1402718816
49146977.5474569201 57947.2553100586
48659936.9641118199 55905.6567497253
47579211.8185542375 48121.8114194665
47691699.5100793466 49002.6056813989
47649024.7222636491 48807.9892873559
47631988.1389017552 48718.6139859948
48007399.0285268724 51924.5015740320
48019734.4295549095 52056.9309563562
49673316.8477714136 58920.3411865234
47544396.9595361426 47289.0267673526
48496232.4206846580 55064.5083141327
48508677.8449694961 55109.2005748749
48045759.6311519742 52203.8262200281
48803422.0102071539 56646.1928100586
48536310.4580503106 55266.0619010925
48035116.8301534280 52123.0302605554
47947338.0642859265 51384.2834343836
47566584.3460539430 47986.1833377872
49831383.1731140688 59188.7633056641
47644402.4681090713 48734.9281339440
49416951.4566688910 58603.1464233398
49912159.0048699453 59225.0646362305
48595144.4666083306 55633.8153190613
47644580.1245566607 48755.8485135827
48015676.8289911821 52046.4443535730
49281425.3356888369 58308.3848266602
49988857.3452285826 59369.9020996094
48061319.6881980672 52290.8459038660
47534973.2980798110 47259.2749814782
48975817.2112086192 57290.8395385742
49724966.9497441202 59065.1786499023
48825881.1325715631 56755.2717895508
49158521.0960969180 57968.6213378906
47572437.9439527392 48068.0074186120
47948372.7421247736 51415.9836907312
48999705.6724076718 57426.1776123047
47684925.6354778484 48948.8016805444
49259194.8435906246 58270.9868164062
49012151.0966925099 57470.8698730469
47783928.2328700721 49848.9675055668
47624265.3795497268 48266.9585141931
47931955.6636874229 51270.5638756678
48061725.0294062644 52294.6121499334
48829447.2118042111 56793.0880737305
48709640.7848442495 56234.1940917969
49270712.1825650930 58301.2751464844
48482652.6433724314 54962.3053112030
48880760.7360414863 56909.9180908203
48327827.9147502184 54170.7836537361
49423399.0860863701 58634.7794189453
47835802.6775727496 50422.4438391849
49136290.6039987206 57931.2233276367
49333946.2182288542 58448.1704101562
48227407.1977740228 53561.4771351814
47731042.6144847050 49489.7475118432
49469727.7770164162 58689.4234619141
47807506.3897911906 50169.0939246342
47798479.6744559556 50125.3350527287
47661572.1635055989 48831.3320581913
48421170.3507882059 54722.3738842010
48447195.5523852706 54869.2691478729
48401316.8422943652 54594.9988536835
49176577.2277253121 58017.2332153320
48362846.2164124697 54403.4113292694
49256226.7721994296 58221.2016601562
48375291.6406973004 54448.1035900116
48609539.6075552106 55687.2274589539
48090851.0500195995 52604.5937936101
48463882.4942445010 54871.9151372910
48227229.5413264185 53540.5567555428
48364645.0822901577 54412.7633800507
47615243.4715208560 48254.3391153812
47968850.0254606903 51630.3306755945
47917903.0333296508 51170.7019715235
49367033.6258572787 58495.8915405273
49430267.6615210399 58642.7868041992
49129435.4383108094 57869.0572509766
48869056.2498527467 56899.5427246094
49252256.6876739189 58208.8207397461
49189022.6520101577 58061.9254760742
48562335.6596473679 55412.9571647644
48364822.7387377471 54433.6837596893
48380362.0992276222 54457.2501287460
48523865.0337654650 55221.3696403503
48608036.7132906988 55666.3070793152
48514635.1636962816 55132.1851873398
48123947.6075698957 52857.9437081609
49378617.5595483407 58497.9493408203
49135438.4661222994 57881.4381713867
48611838.9039497301 55759.5968170166
49066201.4026470482 57722.1619873047
47763185.4328424484 49675.4277498722
48950668.8041082844 57230.9384460449
49147807.9429731742 57961.5116577148
49093598.6283778995 57816.5661621094
49082952.0699707568 57781.2259521484
49077785.3363381103 57724.2197875977
48955835.5377409309 57287.9446105957
47858778.2835339904 50595.5473999903
49055554.8442398980 57686.8217773438
48928438.3120100796 57193.5404357910
47861746.3549251854 50645.3325562403
49009593.0694236979 57468.2303161621
48926461.7896848023 57163.2680053711
49053154.6402580589 57580.3671264648
49231715.0570580587 58139.8139038086
47781923.4258590788 49800.9708394799
47755898.2242620140 49654.0755758081
47669435.7343339771 48920.1765775476
48075010.1391808763 52353.4946725164
48339345.2537246794 54201.0719838142
49178376.0936030000 58026.5852661133
48055392.4815710485 52255.9883858953
48978458.0728393942 57340.4356994629
49002944.7955374867 57437.9419860840
49041284.9892853722 57569.1705322266
48648597.2815849334 55896.2887992859
47926052.5696532354 51211.7079949304
47842558.1511163861 50527.5941529199
47743916.2864519954 49612.5113718510
47701562.6762326062 49036.0099527836
47740948.2150608003 49562.7262156010
48354323.4634810090 54286.7423634529
48566137.8503063992 55506.2469024658
48295764.8175979033 53993.6159596443
48278123.6823133379 53926.3821034431
48297741.3399231732 54023.8883900642
48276147.1599880755 53896.1096730232
48788453.3573971242 56645.6110534668
49646261.8501759022 58918.2833862305
48410287.9414970428 54657.1649303436
48277946.0258657634 53905.4617238045
48106229.6932095140 52716.1488473210
48251920.8242686987 53758.5664601326
48080204.4916124493 52569.2535836492
48078405.6257347614 52559.9015328679
48104430.8273318261 52706.7967965398
47883435.9725475460 50912.3001770899
48683615.5832471848 56087.2988281250
49035510.3448861688 57527.4723510742
48210298.8395439684 53336.8052193914
49185258.6714911833 58037.4573364258
48250121.9583910108 53749.2144093513
47849332.0257178769 50581.3981537744
48390670.2838872224 54559.6586437225
49240713.1390339211 58187.4547119141
48388871.4180095345 54550.3065929413
48812882.5117367804 56690.2300720215
49116990.0140259713 57824.3649902344
49239811.2633890808 58164.1284790039
48467683.9905624166 54961.7235546112
48190362.2663248256 53265.1090218816
48077874.5747997165 52384.3147599492
48164337.0647277609 53118.2137582097
47900214.9213546365 51135.3617615625
47797577.7988111079 50102.0088198185
47711115.3088830635 49368.1098215580
47713091.8312083334 49398.3822519779
49140262.6788541079 57945.1975097656
47799554.3211363778 50132.2812502384
48011627.9661993235 52009.2098259851
48563384.0966622680 55428.8256645203
48899285.6133836135 57049.4668579102
49198627.6494296268 58092.0927734375
48902253.6847748011 57099.2520141602
48431633.1588080972 54723.7672061920
48685414.4491248727 56096.6508789062
47662208.9355715811 48844.4186441898
48833518.1419804916 56878.1766967773
48882636.0271649733 57001.7457275391
47898238.3990293667 51105.0893311426
48313104.3120180890 54033.2563405037
48483223.3510522917 54985.2899236679
48903155.5604196489 57122.5782470703
48776936.0184226707 56615.3227233887
48673767.5924987718 56012.2475090027
49059526.9190953001 57700.7959594727
47610437.9920389652 48183.8407938480
48711617.3071695194 56264.4665222168
48537358.8950652108 55281.9304008484
49117891.8896708190 57847.6912231445
48728266.8933881521 56312.1876525879
48731115.5027681887 56350.0007934570
48313281.9684656635 54054.1767201424
48756243.7141324133 56510.8702392578
48628702.8079154119 55779.6818656921
48731234.9647793472 56361.9728088379
48240809.3186386526 53642.7597584724
48241711.1942835003 53666.0859913826
48915569.8896269575 57138.8923950195
48685592.1055724546 56117.5712585449
48900187.4890284464 57072.7930908203
47846363.9543266818 50531.6129975244
48549890.2353625298 55368.2649040222
48711439.6507219374 56243.5461425781
48883537.9028098136 57025.0719604492
47900037.2649070546 51114.4413819239
48757318.3608128428 56517.8164367676
48111502.1832850575 52813.2514474187
48137527.3848821148 52960.1467110906
48551866.7576878071 55398.5373344421
48773967.9470314756 56565.5375671387
48731293.1592157781 56370.9211730957
48525841.5560907423 55251.6420707703
48139503.9072073847 52990.4191415105
48159121.5648172200 53087.9254281316
48525663.8996431530 55230.7216911316
48551689.1012402177 55377.6169548035
48113478.7056103274 52843.5238778386
47984700.8889574111 51838.9883294031
48010726.0905544758 51985.8835930750
47986677.4112826809 51869.2607598230
48012702.6128797457 52016.1560234949
48027016.2156822756 52109.6248795781
48597567.8113311231 55651.8872489929
48817001.7875193805 56748.3958129883
47818067.6665451229 50278.2630829737
48641894.0108734220 55807.3179473877
47768229.6870013624 49726.2039093897
47775003.5616028458 49780.0079102442
47772035.4902116433 49730.2227539942
47871740.9771254957 50861.0914673731
48216582.9829192758 53505.2165455818
47814261.8633348197 50274.2442383692
47984228.6686506048 51741.8857293054
48080382.1480600312 52590.1739632878
47821035.7379363179 50328.0482392237
48214784.1170415878 53495.8644948006
47958203.4670535401 51594.9904656336
48216760.6393668503 53526.1369252205
48242785.8409639150 53673.0321888924
47958381.1235011220 51615.9108452722
47984406.3250981867 51762.8061089441
47871918.6335730776 50882.0118470117
47982429.8027729169 51732.5336785242
47869942.1112478077 50851.7394165918
47956404.6011758521 51585.6384148523
48864731.3875256106 56885.5424804688
47821031.1325175166 50283.1926026270
47892926.5080220997 50979.5181336328
47981983.5788490325 51679.7065911219
49008688.4169939607 57447.4460449219
