48755341.8384875730 56487.5440063477
49053154.6402580589 57580.3671264648
49327303.0978264511 58368.0969238281
48164159.4082801864 53097.2933785710
49231715.0570580587 58139.8139038086
49433922.8876089230 58556.4768676758
49300766.8809519187 58303.3329467773
49513835.9164473116 58737.1445922852
49021177.0031147599 57470.2881164551
47833450.0671436340 50391.9826416895
49078656.1169054285 57719.1679077148
49282672.7905441821 58226.2274780273
47948208.8448532298 51379.2315545008
49147807.9429731816 57961.5116577148
47781923.4258590788 49800.9708394799
47755898.2242620140 49654.0755758081
49211041.9786369354 58108.4069213867
47669435.7343339771 48920.1765775476
47861746.3549251929 50645.3325562403
48075010.1391808763 52353.4946725164
48339345.2537246794 54201.0719838142
49178376.0936030000 58026.5852661133
48818800.6533970684 56757.7478637695
48385754.4487171918 54449.4969120026
47691808.0097218603 48985.2310373783
48055392.4815710485 52255.9883858953
48597390.1548835412 55630.9668693542
48978458.0728393942 57340.4356994629
47811293.7919436246 50224.4590821192
49159474.8668930382 57963.5694580078
47725214.2368866876 49428.0827703774
47654134.1475571394 48760.2830763161
49294052.0123491064 58301.2751464844
49682699.0789084509 58920.3411865234
49382093.0272317454 58481.6351928711
49840765.4042511061 59188.7633056641
48583059.9487085268 55535.2803153992
48186240.0682530701 53185.0355355535
47830514.2802739143 50383.5494599268
49002944.7955374867 57437.9419860840
47652466.9895788804 48740.8294870853
49370509.0935406834 58479.5773925781
48062406.8453166187 52260.5575737879
49041284.9892853722 57569.1705322266
48660114.6205594018 55926.5771293640
48648597.2815849334 55896.2887992859
48826955.7792519927 56762.2179870605
47738929.4795069322 49474.7284853458
48021073.8377092034 52033.6047234461
48333687.8332372978 54098.7957386971
47926052.5696532354 51211.7079949304
47842558.1511163861 50527.5941529199
47743916.2864519954 49612.5113718510
47701562.6762326062 49036.0099527836
47740948.2150608003 49562.7262156010
48354323.4634810090 54286.7423634529
47830378.7763800472 50346.4103701115
48297563.6834755987 54002.9680104256
48801365.1727623194 56659.9417419434
48566137.8503063992 55506.2469024658
48295764.8175979033 53993.6159596443
49530288.9152266160 58739.2023925781
48252098.4807162732 53779.4868397713
48456166.6515879557 54931.4352245331
48157145.0424919575 53057.6529977117
47951073.2804720700 51410.0516419336
49339100.7780724764 58408.5300292969
48278123.6823133379 53926.3821034431
48426004.9584345147 54701.6516790390
48297741.3399231732 54023.8883900642
48276147.1599880755 53896.1096730232
48228100.3218937442 53535.5048756599
48788453.3573971242 56645.6110534668
48032320.2704895809 52113.6623101160
49646261.8501759022 58918.2833862305
49071941.2483026087 57717.1101074219
48406209.6443770975 54583.2250127792
48410287.9414970428 54657.1649303436
48263615.8196907341 53809.7751698494
48277946.0258657634 53905.4617238045
48289641.0212877989 53956.6704335213
48336377.1823334843 54151.2868275642
48106229.6932095140 52716.1488473210
48251920.8242686987 53758.5664601326
48881510.9641111270 56896.5486450195
48080204.4916124493 52569.2535836492
49352416.9829246253 58448.1704101562
48078405.6257347614 52559.9015328679
48523865.0337654650 55221.3696403503
48104430.8273318261 52706.7967965398
47998194.7502571568 51899.5490899011
47883435.9725475460 50912.3001770899
48609085.1503055841 55682.1755790710
48683615.5832471848 56087.2988281250
49035510.3448861688 57527.4723510742
48210298.8395439684 53336.8052193914
49185258.6714911833 58037.4573364258
48404410.7784994096 54573.8729619980
48187394.1949336305 53215.3238656316
49686229.6394328922 58931.1961059570
48250121.9583910108 53749.2144093513
49253127.4682412297 58203.7688598633
49193932.1021494716 58042.6172485352
47849332.0257178769 50581.3981537744
48390670.2838872224 54559.6586437225
49240713.1390339211 58187.4547119141
48388871.4180095345 54550.3065929413
49194762.4976657107 58056.8735961914
48976687.9917759374 57285.7876586914
48063560.9719971791 52290.8459038660
48812882.5117367804 56690.2300720215
49116990.0140259713 57824.3649902344
49239811.2633890808 58164.1284790039
48074906.5034085214 52334.5296036992
48208499.9736662954 53327.4531686101
48729316.6368905008 56340.6487426758
48467683.9905624166 54961.7235546112
48437580.4918453991 54740.8883733749
48190362.2663248256 53265.1090218816
47763950.1903257892 49673.0721323490
48077874.5747997165 52384.3147599492
48956408.6497638524 57225.8865661621
49130306.2188781276 57864.0053710938
48024219.9518542141 52046.4443535730
48037535.7704001144 52143.9506401941
47655435.0609700829 48790.6146433353
47883258.3160999566 50891.3797974512
48164337.0647277609 53118.2137582097
47900214.9213546365 51135.3617615625
48563206.4402146786 55407.9052848816
48537181.2386176139 55261.0100212097
47797577.7988111079 50102.0088198185
48425885.4964233562 54689.6796636581
47911554.6038815305 51144.7297120020
47711115.3088830635 49368.1098215580
47713091.8312083334 49398.3822519779
48158943.9083696380 53067.0050484929
47602658.7406225577 47650.6194040775
48696931.7880993336 56126.9392089844
49140262.6788541079 57945.1975097656
47799554.3211363778 50132.2812502384
48011627.9661993235 52009.2098259851
48563384.0966622680 55428.8256645203
47943139.1352962554 51325.3249382898
48964273.6625686213 57269.4735107422
48069940.4296239018 52299.5880563054
49137294.6074629202 57895.4123535156
49014462.1345119476 57468.2303161621
48899285.6133836135 57049.4668579102
49480748.5088188872 58689.4234619141
48451910.6980204210 54836.5749273300
49346880.7894704118 58431.8562622070
48380184.4427800328 54436.3297491074
49198627.6494296268 58092.0927734375
48902253.6847748011 57099.2520141602
48709640.7848442495 56234.1940917969
48431633.1588080972 54723.7672061920
47712914.1747607514 49377.4618723392
47799376.6646887958 50111.3608705997
49422383.5382433683 58542.5281982422
47659240.8641803786 48794.6334879398
48151021.2461818531 53020.7074715886
47811071.6601108536 50162.5695803165
48685414.4491248727 56096.6508789062
47662208.9355715811 48844.4186441898
48833518.1419804916 56878.1766967773
48882636.0271649733 57001.7457275391
48452088.3544680029 54857.4953069687
49058625.0434504598 57677.4697265625
47810894.0036632642 50141.6492006779
48364645.0822901651 54412.7633800507
47898238.3990293667 51105.0893311426
48313104.3120180890 54033.2563405037
48483223.3510522917 54985.2899236679
48697109.4445469305 56147.8595886230
48787817.0883371755 56624.8267822266
48026838.5592346936 52088.7044999395
48903155.5604196489 57122.5782470703
48776936.0184226707 56615.3227233887
48673767.5924987718 56012.2475090027
49059526.9190953001 57700.7959594727
47610437.9920389652 48183.8407938480
48895952.2320171297 57041.3861083984
48711617.3071695194 56264.4665222168
48537358.8950652108 55281.9304008484
47969720.8060280159 51625.2787957117
49117891.8896708190 57847.6912231445
48728266.8933881521 56312.1876525879
48025039.6933570057 52079.3524491582
48138429.2605269775 52983.4729440007
48731115.5027681887 56350.0007934570
48313281.9684656635 54054.1767201424
48933129.7206507474 57172.6200561523
48756243.7141324133 56510.8702392578
48768835.6997873038 56548.1047668457
47985602.7646022737 51862.3145623133
48869927.0304200649 56894.4908447266
48742810.4981902391 56401.2095031738
48628702.8079154119 55779.6818656921
48944824.7160727903 57223.8287658691
48426063.1528709382 54710.6000432968
48731234.9647793472 56361.9728088379
48240809.3186386526 53642.7597584724
48241711.1942835003 53666.0859913826
47932826.4442547262 51265.5119957849
48915569.8896269575 57138.8923950195
48685592.1055724546 56117.5712585449
48900187.4890284464 57072.7930908203
47846363.9543266818 50531.6129975244
48549890.2353625298 55368.2649040222
48711439.6507219374 56243.5461425781
48883537.9028098136 57025.0719604492
48742752.3037538230 56392.2611389160
47900037.2649070546 51114.4413819239
48933307.3770983219 57193.5404357910
49071110.8527863622 57702.8537597656
48757318.3608128428 56517.8164367676
48111502.1832850575 52813.2514474187
48137527.3848821148 52960.1467110906
48551866.7576878071 55398.5373344421
48773967.9470314756 56565.5375671387
48731293.1592157781 56370.9211730957
48525841.5560907423 55251.6420707703
48062595.8099735677 52289.5602700505
48139503.9072073847 52990.4191415105
48159121.5648172200 53087.9254281316
48156153.4934260324 53038.1402718816
47649240.9859782681 48282.3886889219
48113301.0491627455 52822.6034982000
48155078.8467456028 53031.1940743718
48617185.4689409509 55749.3935356140
48525663.8996431530 55230.7216911316
48551689.1012402177 55377.6169548035
47935794.5156459287 51315.2971520349
48113478.7056103274 52843.5238778386
47984700.8889574111 51838.9883294031
48010726.0905544758 51985.8835930750
47986677.4112826809 51869.2607598230
48052853.8639808819 52185.9711129460
47575131.3748247102 47291.9721174538
47840980.2965643704 50477.8089966699
48647295.9949368834 55852.6329803467
48671522.3306562677 55990.1761932373
47797561.0821852684 49920.8203034326
48012702.6128797457 52016.1560234949
48027016.2156822756 52109.6248795781
48614217.3975497559 55699.6083793640
48597567.8113311231 55651.8872489929
47569644.2158923447 47221.2722616494
48817001.7875193805 56748.3958129883
49289412.8091277480 58270.9868164062
47818067.6665451229 50278.2630829737
47944279.9260095209 51329.9781556055
48641894.0108734220 55807.3179473877
48625244.4246547893 55759.5968170166
47768229.6870013624 49726.2039093897
47568742.3402474895 46758.7507276833
47775003.5616028458 49780.0079102442
50018428.2364520282 59369.9020996094
47772035.4902116433 49730.2227539942
47871740.9771254957 50861.0914673731
48216582.9829192758 53505.2165455818
49914826.3674041852 59223.0068359375
48449954.5146831945 54833.9289379120
47814261.8633348197 50274.2442383692
47984228.6686506048 51741.8857293054
48080382.1480600312 52590.1739632878
48228277.9783413336 53556.4252552986
49926410.3010952398 59225.0646362305
47821035.7379363179 50328.0482392237
48214784.1170415878 53495.8644948006
47958203.4670535401 51594.9904656336
48216760.6393668503 53526.1369252205
49442300.3571177647 58603.1464233398
48096522.1003556475 52599.5419137273
48242785.8409639150 53673.0321888924
47958381.1235011220 51615.9108452722
47984406.3250981867 51762.8061089441
47871918.6335730776 50882.0118470117
47982429.8027729169 51732.5336785242
47869942.1112478077 50851.7394165918
47956404.6011758521 51585.6384148523
48864731.3875256106 56885.5424804688
47821031.1325175166 50283.1926026270
47892926.5080220997 50979.5181336328
49443202.2327626050 58626.4726562500
47981983.5788490325 51679.7065911219
48377153.6127623767 54426.7375621796
49290591.4157032445 58284.9609985352
48379618.4762819931 54433.6837596893
48511028.1582289264 55064.5083141327
48405643.6778790578 54580.5790233612
49577069.9521110728 58884.0398559570
49734349.1808811575 59065.1786499023
49008688.4169939607 57447.4460449219
48832699.4007084742 56771.7220458984
48595473.4199865013 55605.7553558350
48592450.9268251210 55536.5352325439
49461917.7450564578 58642.7868041992
49413721.7827268913 58495.8915405273
