262422178.4997780323 4334330.0781250000
262779040.6002766788 4352879.0332031250
261762227.0865021348 4293010.3828125000
262703071.5813033283 4343807.3496093750
259363888.7591486573 4087334.3613281250
262833673.4843474925 4353678.2714843750
260552626.3365412354 4207153.1464843750
259831265.8086273074 4146082.0878906250
263486680.3196493983 4384282.1074218750
261886363.1023185849 4302881.3046875000
259897871.4606518149 4155435.7841796875
263619332.6341290176 4390188.6621093750
265387293.0217120051 4453069.4628906250
261566776.6819598079 4279345.6250000000
260211793.2742688656 4180275.7753906250
261492916.5355781615 4275380.5937500000
266543132.1664352417 4483716.9785156250
261768330.2135556340 4293114.6953125000
260806856.0084766746 4222607.4511718750
259100967.6210609376 4026510.3359375000
266107292.5700829029 4473032.6640625000
262966325.7988271117 4359425.0468750000
262966325.7988271713 4359566.3769531250
263498382.7788147330 4385338.2011718750
262838910.0562852025 4354739.6035156250
263075185.3350799382 4365116.7031250000
263288960.8385257423 4373371.8476562500
265556637.8622447252 4459197.7050781250
265071615.1416186094 4443298.5605468750
261492916.5355781913 4275852.8554687500
264908736.1883135438 4437166.4472656250
262838910.0562851727 4354734.3652343750
264908736.1883135438 4437181.7070312500
259753639.1750608385 4139612.5859375000
266543132.1664352417 4483644.0292968750
260880779.1258138120 4224776.7324218750
268668858.2475836277 4516712.2558593750
264908736.1883135438 4437181.7968750000
259346017.6430763304 4081589.1289062500
267860067.9497300386 4506607.6484375000
264891401.8100137115 4436995.7441406250
263436381.2734010220 4383032.9218750000
262138013.0392689705 4317425.6914062500
263436381.2734009326 4382873.1425781250
263921403.9940271080 4398776.1582031250
268607590.6183544397 4516567.7792968750
264172191.0195943117 4411080.5820312500
264908736.1883136034 4437771.6738281250
265283455.7544786334 4448561.4179687500
259131414.9067054391 4033790.9375000000
264361814.0937248170 4417767.0507812500
261618281.8666846156 4284349.0996093750
261266024.5356835425 4258458.0771484375
276009148.1902399063 4549518.6250000000
263795653.0152797401 4396742.6425781250
259202031.6381911933 4058194.4736328125
263149751.3861301541 4365205.3886718750
259486592.3335804641 4103088.0537109375
262747186.7155500650 4348468.3457031250
265261042.2310344875 4447799.2695312500
263625798.5213567317 4390348.4414062500
263183625.5864990354 4370519.3378906250
265992477.4585970640 4470244.7988281250
262346423.1043610573 4326490.6503906250
261756990.5145644248 4291954.2890625000
261203496.1055086255 4252831.4921875000
260530623.8987974823 4206518.9804687500
263265611.7980907261 4372767.6621093750
261099558.7598317266 4244591.5039062500
265125276.9123404026 4444192.0449218750
262774962.3678950667 4349426.8691406250
261756990.5145644248 4292145.2753906250
262318483.7004595399 4325182.3476562500
263928724.3973154426 4401518.7167968750
264237833.3749516904 4412669.3906250000
263788741.8380873501 4396464.8203125000
262594940.5741142035 4341824.4316406250
263697356.6533321440 4393550.7089843750
259608019.3607069850 4123635.8134765625
262477025.0074052215 4336493.0449218750
261942580.1227799952 4305101.5546875000
261667166.4448026419 4287839.7148437500
261300666.9268061817 4260178.4531250000
264422981.6310454607 4419363.8359375000
262071694.1909359992 4310952.2324218750
262098948.2572898865 4312722.9257812500
264630065.7089010179 4425752.0878906250
264308506.3975038528 4414427.0292968750
262291576.5967338383 4324459.1562500000
262127044.6562816203 4313652.0019531250
264908736.1883135736 4437315.3886718750
263581565.3386467993 4386205.0390625000
262714774.0404687226 4344715.5253906250
264838570.9394351840 4434142.4765625000
274891997.2965265512 4547388.2285156250
264774436.3830349743 4432622.1347656250
265376424.5306398273 4452898.7597656250
264480069.6100072265 4421160.4492187500
264422981.6310454607 4419362.7949218750
263977608.9754333496 4404688.4140625000
259133087.9767285883 4044188.7822265625
259520391.5606462657 4115835.3261718750
266855430.2930935323 4488830.4082031250
263682013.3442232013 4393003.2578125000
259580415.3878633082 4121216.1425781250
265387293.0217120349 4453214.6718750000
262298042.4839615524 4324744.6269531250
264357390.9756218195 4417745.6679687500
263373486.7182494700 4377085.7363281250
263928724.3973154426 4401667.6582031250
263858559.1484370232 4398345.8046875000
275011562.6679313183 4547720.0937500000
265464711.5922917426 4453713.4843750000
259255412.4062336087 4071701.4345703125
261949046.0100077093 4305464.2031250000
263977608.9754334092 4405185.9707031250
260103230.8138962686 4172125.1679687500
261388725.3838099241 4267065.5507812500
259577683.4188835323 4120884.9179687500
266543132.1664352715 4484024.4941406250
261986456.4506967664 4305888.8320312500
261586588.4311696887 4279570.9218750000
262899892.4407653511 4357004.1308593750
260089566.6261808276 4170542.0429687500
264676790.9913458526 4427403.8203125000
261737713.1645038426 4288712.0546875000
261844918.8213241398 4298816.5292968750
261393961.9557476640 4268137.3662109375
263346329.0736801624 4373471.9785156250
259144931.7306348681 4054935.9130859375
259633858.0649007261 4127005.3437500000
259520391.5606462955 4115963.3398437500
259292539.3718601167 4075047.1904296875
265525720.0824070275 4455767.4394531250
259904337.3478794694 4155898.4453125000
262284009.3001773953 4323992.3535156250
261774796.1007833183 4293586.9570312500
266702957.5287173390 4485515.1367187500
260764506.4127351344 4221381.8398437500
275011562.6679313183 4547658.6953125000
259638284.0339334011 4127747.5683593750
264975286.2678211033 4437793.5585937500
264975286.2678211331 4437805.8671875000
264716131.8909495771 4428345.9921875000
265453843.1012195349 4453663.6152343750
266881317.6988144517 4488949.5644531250
261537846.5579401255 4277270.6162109375
259894369.7434934378 4153650.7460937500
259753639.1750608385 4139758.1425781250
259914246.3263914883 4156915.7500000000
259753639.1750608385 4139778.9121093750
269249023.2205293775 4522776.8769531250
265240414.0626436472 4446243.8574218750
259810931.0332981050 4144793.4492187500
260230846.9198318422 4183632.7119140625
262214960.0174163878 4320313.6445312500
269110139.6619109511 4520273.5195312500
259695775.2148228884 4137770.9355468750
265843649.9824528992 4466863.5937500000
259842836.2790764868 4152462.8105468750
261469057.7576273382 4270472.3808593750
275720055.8337529302 4549298.4843750000
259663077.9250138402 4132156.3300781250
269110139.6619110107 4520283.6445312500
265794170.3872822523 4463506.3007812500
259403020.0474588275 4091996.7597656250
260038978.5480567217 4169063.4453125000
259931956.2792237401 4161526.4843750000
260038978.5480567515 4169216.8125000000
259418437.1781982481 4097629.3916015625
259418499.3067787290 4098555.6640625000
260358784.3398959339 4193535.7128906250
259753639.1750608385 4139755.9902343750
260245560.8743259013 4185054.7431640625
259435248.0336688459 4100084.9853515625
259509250.7363622785 4108387.1503906250
259931956.2792236805 4161380.9277343750
259408021.3402163982 4092704.4521484375
269246293.3988375664 4521305.8144531250
266181030.6417300999 4474242.9355468750
267515040.3276236057 4500906.2285156250
260157081.4258109331 4178218.9003906250
266061526.9263747036 4472247.5468750000
260656545.6716867685 4217341.9667968750
262385750.4326568544 4327920.7988281250
260747285.2836819589 4219856.6855468750
275385424.5533713698 4547956.0136718750
260446423.8123826683 4200954.3203125000
268668858.2475836277 4516591.2675781250
260481622.6163265705 4204121.9453125000
262719916.3688057959 4345613.5214843750
268926076.6951410770 4519682.0156250000
260319966.9199790061 4192541.2285156250
260543123.6851295829 4207091.7265625000
268673306.6632972360 4517174.6757812500
260896909.3205546737 4232462.7705078125
262405185.0562275052 4328870.1406250000
260586222.5688997507 4212914.7304687500
267670742.6524547338 4502529.6523437500
275472540.6165528297 4548551.0820312500
261014160.7922873795 4238651.8125000000
260146433.2307915390 4172292.0605468750
267770546.9824771881 4502772.7734375000
267770546.9824771881 4502698.2695312500
261017577.5568031967 4239887.4746093750
265742780.3130734861 4461808.2539062500
274146781.3333603740 4545101.8027343750
273762596.4844461083 4544707.9375000000
265792585.6765200496 4462955.4023437500
274206420.2529166937 4545362.0390625000
275268502.4536930919 4547900.2929687500
266350923.8347237408 4478480.4394531250
275177319.6843499541 4547886.5253906250
274206420.2529166937 4545298.1328125000
260503826.8383933604 4205601.9873046875
265956208.4384162426 4468447.9472656250
260267744.9540106356 4185883.4785156250
260953428.1242128611 4234883.7939453125
260269171.8829059303 4189277.1650390625
260374303.6262608171 4197921.3476562500
260213433.4527445436 4183221.9414062500
267973690.6400729120 4508688.8027343750
267567183.4849272072 4501805.4687500000
260385172.1173330247 4198092.2089843750
260919671.3245382607 4233459.1347656250
274261578.8851833940 4546127.4609375000
274261578.8851833940 4546134.4433593750
266421538.9031936228 4479462.9785156250
274723598.2248548865 4547358.1738281250
261465789.2342702448 4270427.7304687500
266563930.7031605542 4484930.3789062500
267375797.0755042434 4497073.7128906250
267023560.2833449543 4491643.5429687500
266992299.0351143181 4490204.2304687500
266742223.8918599188 4487352.6328125000
266473581.3689378202 4481039.8046875000
261036909.5139951706 4240974.9863281250
273460793.3449704647 4543866.9355468750
274033757.5514735579 4544711.5136718750
266273160.0245161951 4474814.3183593750
261277315.5534234047 4259259.2910156250
274249826.2336001992 4545495.1562500000
270166433.2505401373 4528380.3730468750
274501370.7926993966 4546283.7558593750
267396178.3734939396 4497200.1699218750
261257863.6790772378 4254181.1171875000
268762977.6172205210 4518273.2343750000
267317365.8118449450 4497048.6757812500
261045287.0343098640 4242677.3710937500
268289404.3927201033 4513006.2714843750
268430045.5216733217 4515239.4199218750
268175743.3803378046 4510932.1796875000
266937421.6784542501 4489392.6660156250
261194829.2781734765 4251602.7597656250
261202933.1268918812 4251809.1943359375
268358578.0464244783 4513617.0859375000
269542864.7540404201 4523885.6171875000
261202933.1268918812 4251952.8134765625
268063245.5917671025 4508876.6640625000
268508858.0833222866 4515625.3515625000
268762977.6172205210 4517939.2226562500
267906568.6700389683 4507120.4257812500
268232264.5790735185 4512965.0683593750
269723486.9457759261 4525536.5605468750
269723486.9457759261 4525537.5878906250
270613975.5691201091 4531102.6308593750
273246342.8439238071 4543257.8828125000
270613975.5691201091 4531434.2597656250
273246342.8439238071 4542989.3964843750
272977171.0700064301 4541456.9511718750
273246342.8439238071 4542914.8925781250
273246342.8439238071 4542988.6933593750
270140708.0173355937 4527932.4589843750
272160662.9125480056 4539414.2753906250
272922979.3339220285 4541296.5722656250
270823320.8081893325 4532547.0546875000
271572351.1445907950 4536539.4863281250
271572351.1445907950 4536439.9667968750
273539501.5802961588 4544179.7695312500
271572351.1445907950 4536444.8984375000
271572351.1445907354 4536429.8632812500
271379250.8952199221 4535758.8710937500
273748994.2701553702 4544340.5312500000
271169991.6141261458 4534199.4042968750
270254080.7565408945 4529134.4101562500
270039670.2508449554 4527276.2265625000
272414720.2316555977 4540351.9511718750
269777161.9444561601 4526518.1074218750
270239219.2154458761 4529092.2636718750
272461891.2146566510 4540455.0761718750
272414720.2316555977 4540387.7734375000
270698364.8697544336 4531525.1542968750
271950031.5499149561 4538718.8222656250
269496210.7216168046 4523349.4355468750
271946259.8987426758 4538670.4550781250
269193261.2508078814 4521231.6914062500
271529038.8271829486 4535973.2949218750
269684719.5120089650 4524935.3710937500
272337139.3403034806 4539594.5351562500
272337139.3403034806 4539720.5781250000
