262923336.6651243567 4318797.3554687500
263103434.8869061172 4326220.4335937500
265230760.4674153328 4424599.8378906250
264678172.9934587181 4405503.3046875000
266942548.2898502648 4478201.0917968750
267216263.4277682900 4482388.3320312500
264388013.3107088208 4391861.6523437500
262277528.1695128083 4267629.3144531250
264997685.8289266229 4416577.6191406250
264906164.8923417628 4413398.1386718750
263035676.4066970348 4325279.1503906250
267774686.1519367099 4494314.4160156250
265201446.8624190092 4423052.9550781250
262279314.2101942897 4270111.5234375000
263581977.3265631795 4357597.7246093750
268104809.4588093460 4502444.8437500000
263459671.9337904155 4355405.4902343750
262767220.6140025556 4313228.5937500000
262365053.0930841863 4284601.0058593750
263261135.2890472412 4337644.2421875000
267459101.1650196612 4488624.9414062500
267536057.5978301167 4490505.6914062500
266942548.2898503244 4478408.2089843750
265623974.5313349962 4439888.3984375000
264536156.7114744782 4396423.5019531250
276106606.8815056086 4546537.9394531250
275087900.4262889624 4545170.0078125000
268104809.4588094056 4502526.2812500000
263652635.4875020385 4362530.7578125000
269983943.0674144626 4526221.1640625000
266303256.6189395785 4459135.7910156250
262260346.9965916574 4257287.1582031250
268979769.0087143779 4517298.1386718750
263141680.4168043137 4336382.9375000000
267774686.1519367099 4494304.3359375000
270629436.6595021486 4530885.5703125000
264283015.7729393244 4389304.5898437500
271052512.5550264120 4532602.9277343750
271163095.9011859894 4532672.9453125000
265131477.6527037919 4421707.2929687500
265534980.5304228961 4435864.0332031250
265834075.9094107747 4448451.1699218750
262425191.2478913367 4285569.0468750000
270271578.1584252715 4527215.1562500000
265545211.5268641412 4436566.6093750000
270501107.6245947480 4529000.4101562500
266791731.4472891390 4473590.3085937500
264173983.9181024134 4384297.6972656250
265377310.2233064175 4429820.8730468750
267140668.1369367540 4481513.8554687500
274756053.0900269747 4543350.9082031250
265398661.7709729671 4431211.0937500000
264397568.2377907336 4394873.7226562500
262570885.4500484169 4296002.0957031250
262570885.4500483871 4295848.0976562500
264283015.7729393542 4389375.3554687500
271860220.5282186866 4536655.3535156250
266540380.7223320305 4466803.2226562500
264607669.6158664823 4402676.2265625000
264607669.6158665121 4402678.0195312500
262515961.2213460803 4286984.2871093750
263314228.0141143501 4343296.2109375000
266582397.7119389176 4469330.9726562500
264791151.1544623971 4409284.5195312500
263952599.1722709835 4375368.7910156250
264397568.2377907336 4395022.6640625000
263252140.9815911055 4337376.8300781250
269547106.4180983901 4522388.2695312500
263952599.1722709835 4375229.3457031250
262570885.4500483871 4295927.8007812500
262515961.2213461101 4287138.2851562500
274079211.1197127700 4541478.3125000000
266935770.1832254231 4476542.4160156250
271760277.0425981879 4536341.3554687500
269129885.3465386629 4519836.6875000000
262545687.3736734688 4294938.9179687500
265558341.6998566985 4437041.0156250000
265589702.5562384427 4438291.0039062500
264611533.3020526171 4402817.9101562500
264057703.0125772655 4380626.9296875000
262846649.1276086271 4315648.7753906250
269983943.0674144626 4526294.9648437500
271760277.0425981879 4536266.8515625000
267220624.9100835919 4482771.8417968750
262342805.9383434057 4278900.5859375000
267187120.9081825912 4482286.8574218750
263730528.8324048519 4367646.1699218750
264057703.0125773251 4380775.8710937500
265959317.6419029832 4451973.2031250000
263952599.1722710133 4375692.1113281250
264622880.9981527627 4403634.0292968750
264072914.3948635459 4381503.5351562500
276267906.5074167848 4546763.0292968750
263334658.1846057177 4344293.8046875000
265959317.6419030428 4452731.3222656250
262526451.8861115873 4289002.3046875000
263000824.2416154146 4323404.8164062500
262645293.6559882760 4303140.8437500000
266791731.4472891986 4473921.4492187500
266699931.3347917795 4470752.5039062500
268534156.5171591043 4511616.9589843750
267628778.9972571433 4493523.6914062500
266582397.7119388282 4468561.8007812500
265102130.4527301192 4418825.9316406250
266132226.6351583898 4457099.2128906250
267385941.2600057721 4487772.5214843750
262533036.9081015289 4291282.9824218750
267220624.9100835919 4482791.7929687500
271860220.5282188058 4536665.4335937500
264727878.5359221697 4405944.6464843750
265907929.1055103242 4449445.2773437500
271163095.9011860490 4533089.4003906250
266990551.7991123497 4479149.7734375000
268175484.0151269734 4503612.9941406250
263422136.4928882718 4348775.8906250000
264015502.9380590916 4380181.8378906250
265735020.1122548878 4444603.8281250000
268321422.6829559505 4507510.5839843750
263847601.6345015466 4372826.2304687500
271640014.7132708430 4535251.6171875000
269129885.3465387225 4520495.3085937500
264565469.5413483381 4401471.2109375000
265767382.9892536700 4445361.9472656250
264274323.0483365655 4387377.3164062500
268534156.5171591043 4511637.1972656250
270599398.8603548408 4530175.8632812500
263729014.8525826633 4364467.6445312500
270501107.6245947480 4529023.5644531250
269634324.4929867387 4523254.9238281250
263343652.4920618832 4344561.2167968750
269447162.9324777722 4521802.2558593750
266040426.5226610303 4454111.3281250000
264727878.5359222591 4406135.6328125000
262577818.4529173374 4299729.1054687500
272337139.3403034806 4539520.0312500000
264345813.2361906469 4391401.7031250000
265485732.1938652992 4435180.2949218750
268979769.0087143779 4517289.1816406250
265695833.5719410479 4442984.9472656250
264895779.8394798636 4412683.8183593750
268534156.5171591043 4512277.4472656250
266898751.6866150498 4476508.6289062500
268534156.5171590447 4511471.0976562500
269129885.3465387225 4520010.6777343750
269447162.9324777722 4522015.3125000000
263936118.3563701808 4372972.4394531250
265666174.6058531106 4441081.7949218750
262678952.3045008183 4303353.1054687500
264253432.2909688056 4384965.5566406250
272057235.7848303914 4537642.3613281250
269430642.8723508120 4521003.1464843750
271901306.6536028385 4537508.6289062500
267141589.4238663018 4481784.5156250000
268458561.2263275385 4510916.8339843750
265128854.4779685140 4421634.9531250000
264258742.8132982850 4386535.7949218750
265338955.8560443521 4428950.1542968750
270920388.5412119627 4532062.6367187500
270946590.6984847784 4532127.3339843750
264345813.2361906171 4390494.6425781250
263634688.9117451310 4361386.6718750000
262984391.6243768930 4318900.5136718750
268138767.0562656820 4502764.4687500000
268534156.5171590447 4511461.0175781250
265338955.8560443521 4429437.8125000000
268063171.7654341459 4501913.1464843750
271397307.3532966971 4534854.5742187500
265459231.3952336907 4433654.4453125000
272539577.4606734514 4540214.5136718750
263952599.1722709537 4375219.8496093750
264751605.0685011148 4406405.5996093750
268063171.7654341161 4501889.9921875000
269638319.3605456948 4523329.4277343750
268534156.5171591043 4511574.5839843750
272098321.9102145433 4537849.1855468750
265000883.6797860861 4418028.0175781250
266747311.9238733053 4472043.8867187500
265665582.0084839165 4439938.2421875000
264918530.9466064870 4413945.8437500000
264918530.9466065466 4414212.4335937500
264015502.9380590916 4379423.7187500000
268138767.0562656820 4502773.4257812500
268534156.5171591043 4511535.5214843750
264918530.9466064274 4413941.9726562500
269129885.3465386629 4519974.2988281250
265267096.8154381812 4425595.2910156250
266747311.9238732457 4471964.1835937500
265665582.0084839463 4440845.3027343750
264788989.2527550757 4406630.3964843750
264120500.4758285880 4381817.3378906250
264450917.0764969885 4395985.0800781250
268534156.5171591043 4511484.1718750000
265244123.5550252497 4425146.4531250000
263725191.3633425534 4363587.6601562500
263709697.7416327000 4362839.5273437500
266898751.6866149306 4476250.0371093750
264555914.6142664254 4398297.5019531250
268684272.8549833894 4513972.7011718750
270308456.4273068309 4528049.7500000000
266374007.7589323819 4461953.2207031250
263725191.3633425832 4363728.9902343750
269129885.3465387225 4520159.0644531250
263137468.2262194753 4329755.2500000000
264555914.6142663956 4398295.6972656250
265299378.9562614262 4428304.7812500000
264652500.2808375061 4404900.6289062500
269029941.8609181643 4519354.3359375000
268904173.7178828120 4516385.6757812500
266130767.8836932480 4454841.4316406250
264345813.2361906469 4390586.2148437500
270402698.1093807220 4528555.0664062500
266374007.7589323819 4462277.5800781250
265244123.5550253093 4425226.7968750000
265105881.2175555825 4421103.1132812500
267056631.6582573652 4479701.4628906250
267308984.8271953464 4485417.0937500000
267805177.0868525505 4496891.1113281250
269478305.3658749461 4522204.4550781250
264258742.8132982850 4386677.4785156250
267217184.7146978974 4482591.1347656250
265404376.4940309525 4431608.2695312500
272841441.6967352033 4540470.7539062500
266205820.0871087015 4458241.1191406250
267562339.3496012092 4492189.9667968750
267562339.3496011198 4491157.7441406250
269478305.3658749461 4522146.4140625000
266990551.7991124392 4479239.3183593750
265244123.5550253093 4425212.3925781250
267233389.5363637507 4484542.6171875000
267805177.0868525505 4497004.3046875000
264120500.4758285880 4382185.8437500000
274856424.0485944152 4543808.3613281250
267014548.2512494624 4479653.0253906250
268684272.8549833894 4513898.9003906250
264546578.5491941571 4397162.5351562500
276290240.3382452726 4547540.7421875000
270858861.3554602265 4531361.6347656250
269861443.5708626509 4526147.1347656250
267952855.9914664030 4499658.2148437500
269784495.8125863075 4524807.0781250000
264968962.3555930853 4414727.0917968750
266569442.0848664641 4467218.2324218750
268979769.0087143779 4517989.2597656250
264968962.3555930853 4414319.8750000000
272256917.9186210632 4538199.7207031250
266351561.9860972166 4460730.7402343750
267470539.2371037304 4489083.0722656250
269634324.4929867387 4523265.3281250000
270343192.1791053414 4528063.9453125000
268426278.1764017940 4508639.3378906250
264546578.5491941571 4397153.0390625000
276106606.8815056086 4546759.3242187500
272985708.9098268747 4541192.6113281250
264546578.5491941571 4397911.1582031250
268458561.2263274789 4510586.5410156250
275648593.1081065536 4545310.6367187500
267562339.3496012092 4491452.7187500000
268426278.1764017642 4508629.2578125000
267904768.8298210800 4498075.9179687500
269222800.1697258353 4520866.0839843750
268684272.8549834490 4515575.6953125000
272716935.7443510294 4540450.3867187500
266688288.3390677273 4469725.7851562500
266398004.2110694349 4462609.9765625000
266447203.2477980554 4463360.9902343750
266493799.1911258101 4465737.6250000000
277883799.7239514589 4547690.1875000000
269789688.9086552858 4525390.6230468750
266465807.8714298308 4465115.3847656250
274178804.8192292452 4541883.1054687500
268301041.0745137036 4506337.2656250000
272529100.7210356593 4539692.2675781250
267880772.3776840866 4497520.3125000000
266465807.8714298308 4464791.0253906250
270438771.7846654654 4528638.7167968750
267929971.4144127071 4498413.5019531250
265827173.1170607507 4445400.1699218750
267929971.4144127071 4498191.1503906250
270543409.9571627378 4529426.8906250000
268952601.0942968726 4516881.8300781250
265827173.1170607805 4445508.1542968750
272190609.0314686894 4537873.9277343750
269692636.1303424239 4523896.8437500000
271377992.6612528563 4534442.0898437500
271665000.9246826172 4535507.4941406250
273976601.6602985859 4541419.0214843750
271218924.2020303011 4533323.5976562500
269565656.2283761501 4522670.5234375000
271218924.2020302415 4533166.6113281250
272239808.0681973100 4538147.7675781250
273821803.8830570579 4541211.9707031250
273820995.7285661101 4541193.8398437500
274841697.7079068422 4543512.4609375000
274250642.7701200247 4541921.8652343750
271377992.6612528563 4533953.6171875000
274497751.2539121509 4542886.3535156250
274250642.7701201439 4542412.5957031250
274741785.6583153009 4543125.2773437500
274642252.0035147667 4543002.9726562500
274642252.0035147667 4542966.4062500000
