29544475.0315348841 971251.5131835938
29528192.3675122447 959719.5297851562
29939338.9656830579 1039990.9716796875
29718890.8865632154 1016383.3037109375
30530404.1902595647 1070204.7753906250
30112301.6620891131 1054254.0488281250
30384617.6186246052 1062485.5107421875
29558750.8029340953 977479.8715820312
30270019.6073628627 1061663.9765625000
29573632.8824354224 983510.5346679688
29515560.9882956855 944284.9208984375
29519026.5296124406 946237.7402343750
30625992.7637215145 1075943.6367187500
29552347.3231538534 977076.7075195312
29702780.5431217216 1015790.7138671875
29499684.9649734944 925640.0249023438
29512353.6639899835 943802.5563964844
29539581.9896930344 967990.4125976562
29594677.8781458139 992862.0756835938
29580002.8619678132 988937.1430664062
29551463.4438066520 975808.4301757812
30087810.7718445659 1049695.7373046875
30064813.3225066997 1048443.0878906250
29510644.7126752324 939123.3095703125
30071464.3222180940 1048720.2500000000
29524853.9760032818 953780.7524414062
29536556.6770944744 962530.5815429688
29509382.3083576784 938673.7126464844
29668344.2569289766 1006794.9462890625
29607752.8065315038 995659.8242187500
30433390.5393048488 1068533.7089843750
29523569.3196299821 950053.6069335938
29885452.3136711158 1038165.7832031250
29491033.4045937322 919812.2951660156
29890688.0811139904 1038586.3984375000
30102512.0391642973 1053961.8720703125
29509539.4576160647 938685.5058593750
29502220.2419135422 936268.9843750000
29818080.5302574225 1029445.9619140625
29993990.5227525793 1045003.9179687500
30328596.6007363014 1062235.7695312500
29570364.9273746051 982013.1406250000
29828156.4791140854 1029614.7236328125
29481266.0098264143 901923.6049804688
29846534.4034516215 1031033.0175781250
29638305.2091493309 997074.2968750000
29566568.1037573703 980897.0961914062
30155188.7958636284 1055615.7783203125
29483485.3356564492 904283.0119628906
30001692.6175973266 1047415.9140625000
29537827.5155148655 966078.6323242188
29490752.3153083324 911878.5300292969
29489637.2632926591 911553.9084472656
29599675.8107062839 993467.4550781250
29516726.7443824150 945923.0205078125
29681063.8663662709 1008713.2421875000
29948510.2211636566 1041310.3222656250
29488121.1641714871 911470.9558105469
29602191.3984213099 993852.4023437500
29618639.4940423816 996561.6191406250
29652350.3918530382 1005643.4101562500
29509239.4331411719 936812.9155273438
29556760.6885692291 977308.4306640625
29593566.1926532127 989353.2890625000
30036117.4349652492 1047804.5937500000
29537011.5934819765 964532.3066406250
29543362.1736218370 968567.7675781250
29863948.4319674037 1034367.0908203125
29694792.0425480120 1009909.8676757812
29723516.0493410975 1017472.0009765625
29559634.6822812967 977585.5927734375
29746674.0186509863 1020040.6152343750
29711823.4611453079 1016184.0478515625
29524592.1613377705 953663.8540039062
29485901.8383414522 909718.5202636719
29777104.1047869809 1021933.6845703125
29490738.6087130569 911704.7556152344
29561931.2536616474 980327.7573242188
29548860.0944614895 972824.2158203125
29979708.3303666487 1044434.5791015625
29653198.3100880347 1005971.3886718750
29579643.0321430638 983694.8447265625
29652196.9681314602 1004731.9531250000
29639034.5425729975 999127.9995117188
30005136.9787191749 1047693.0761718750
29496892.5855906419 922138.9177246094
29484794.9233717360 905556.0297851562
29643046.5594520383 1000255.1132812500
29700284.3109378815 1011351.9443359375
30287368.1106198914 1061695.5742187500
29700183.5797861591 1010761.3193359375
29837323.6858380921 1030215.6601562500
29717635.8732031770 1016302.1943359375
29725161.9173006527 1017576.5449218750
29603127.6437536217 994178.8613281250
29534858.5937412344 959812.6928710938
30134348.7467366271 1054825.8417968750
29527376.4454793520 957463.5346679688
29725889.3607586920 1018377.7421875000
29720692.7528168112 1017425.6152343750
29694195.8964734934 1008965.3037109375
29647089.7905663997 1004482.2119140625
29546849.4023142010 972753.3789062500
29978266.5385330506 1041954.2148437500
29601330.1699135415 993794.3417968750
29616027.8412340805 996060.9521484375
29663237.0793639161 1006545.2050781250
29563694.1100453027 980619.9340820312
30115746.0232109651 1054531.2109375000
29612859.9840965644 995996.5371093750
29510687.2230423391 940780.7290039062
29788580.4383919239 1025665.1064453125
29522345.3182770424 947289.6684570312
29739501.7417730093 1018920.7275390625
29545965.5229669996 971999.7915039062
30328441.7308817506 1062150.9550781250
29763981.1802259907 1021227.5039062500
29499336.8198114894 922903.6413574219
30268813.2835163288 1060831.6044921875
29626914.5287449583 996962.7470703125
29838625.8531564735 1030755.8554687500
29758784.5722841099 1020290.3564453125
29794357.4273286015 1028098.2949218750
29730996.5383237526 1018714.4550781250
29782272.4450292699 1022320.8037109375
29526278.2350133993 954260.8544921875
30057915.4951901175 1048233.2714843750
30242326.4928904325 1056128.8095703125
29669936.2730540596 1007929.6718750000
29874982.9396287277 1037024.6513671875
29802632.4620311782 1028611.0693359375
30266381.6661702730 1056188.4326171875
30426475.9649212845 1063182.4560546875
30529543.2575229034 1069580.0732421875
30513934.4299704768 1069073.9042968750
30360687.3749345206 1062453.9130859375
30516364.9173111580 1069323.6455078125
30408434.8750762902 1062727.8076171875
