139750718.0574730635 547716.8380742262
141801657.2582575381 601376.9169311523
140138088.6518650353 560272.6132156849
136109346.1238031983 406220.9889191121
135109986.4267810583 341972.2496930205
135135200.6543903947 341976.0616452240
139230703.9598994255 534065.0307774732
135716397.6560993493 383404.4597253234
134609964.4583638906 289914.2575741143
141065516.6513006687 582590.4173278809
134780356.0700066388 309627.2723042784
138633460.6372676492 514064.6305388454
135846679.2002966404 393088.2386959523
137944928.4941505790 488469.3094634586
135660640.7949417830 381676.8417655968
140024462.2759629488 557000.6069412231
141499030.1066364944 597183.7451782227
140574873.2779861689 572588.0074157715
137517359.1003849506 471847.6968495250
139485024.3918479085 541032.4605209827
140783634.0540354848 576879.5949096680
134961229.2182343006 328366.9381534599
141825305.1772314012 604133.7475585938
139127596.8304832876 530096.7584205270
140260134.5879645050 566804.1832275391
141673765.4547934830 597817.8808593750
135931595.9909875691 397823.4655903310
139664461.8896335363 547627.6597499847
142302770.0544774234 612276.1584472656
135386607.0970378220 363142.8067884475
140065494.9871101081 559771.8220932484
138973395.9836364090 524561.3807865381
137086367.6801783442 452820.3853782229
140596108.7223187983 574041.0130615234
140165596.7049013972 560948.4130325317
135476722.9913362861 365677.8642044992
134722666.2052506208 298286.7984661020
140447849.8960775733 567414.0889892578
137537492.8948312998 473346.4839436412
137525949.3796711564 472465.6757161021
135286028.5750972629 357974.7888082622
141250432.4286758900 590647.4125976562
136342908.1613613665 418707.2728110396
138678009.4019333124 516319.9934501224
142332217.6691480577 612468.6364746094
134854345.2795155942 312215.2967172917
141182653.4758677483 587715.6484985352
135594269.5114920437 375057.0862709016
138689577.9346768856 516937.9723166996
142641497.8017040789 619424.8291015625
135586792.4436551630 374338.6596686970
138300262.6232995987 501837.1842790246
135258697.0647729337 350772.1176571876
134906968.1524722874 325788.8023764931
140915660.6386895776 579365.6341857910
138402666.3450470865 506082.6129986644
139889508.2580577731 554594.0546684265
141479386.8306418955 593649.6088867188
136258088.3787506223 412868.0504425496
134582442.3874853849 282021.2056026787
141136252.2297678292 586699.6065063477
139385264.7003469169 540689.9662685394
141307785.7519289553 592722.1919555664
134647459.2486342192 297481.6547146172
135166361.1616501212 343642.4924201139
135259490.9309936762 351440.4355963313
134867085.0067220628 320059.9318004691
142024610.3437195122 604817.6306152344
141443681.5661202669 593232.4404449463
135687412.1293797195 382348.9343277060
139555581.4024426937 545055.0743863881
135189022.4110556245 343822.0063322627
139748830.5398870409 547640.1022336781
134611048.3594723046 290830.9227199883
134645566.1023324430 295317.4733192057
141108788.0853157938 586185.8593750000
139793624.8302541077 551077.6598356068
134760160.9955209494 305854.1956066049
142573110.2566724718 616891.7648925781
136246544.8635904789 411987.2422150106
135069379.9738923907 337768.8876504742
135276197.2743698955 354875.3904748999
142079445.1821834743 607851.3757324219
135517304.2000645995 373289.2779539668
135160017.9852502942 342235.9138387174
139249449.3782500327 534334.4912425280
138163661.0114534795 496544.7693120256
137088295.2406880260 453731.8745962195
138811195.9538927078 519206.7716633081
138839899.7033489645 521217.0140198711
138311460.4376606345 502520.8529472351
139154199.1926418543 531294.9257398974
136096357.2702246904 403832.5870085799
141717231.2582116425 600384.8903808594
138904967.7529701889 522751.5179270408
135375468.5535611510 358750.3258456251
143127395.2902694046 624103.2436523438
139172082.9138705134 532789.6147637367
135020639.1147621572 334235.7216007255
136831937.8192581534 442774.2345169857
135395007.3047794998 365575.7294821285
138661127.4562658370 514745.2184406519
138889538.8497919738 522497.5077323914
139213006.7466387153 532872.7211149037
137066924.6515938044 451579.3001169041
141006024.9088476896 580531.5661010742
136187009.4286183119 411362.5621157729
141019431.1036216915 582551.9989624023
135171258.6187632680 343717.0783894986
138754899.2553433180 518289.9647043846
139600185.8321788609 545633.7681666613
138064216.8549552858 493251.4045112439
138506566.1216845214 510282.3138985634
138903602.6332909763 522713.5433067582
138410984.5703145266 506925.6719127893
135218899.1887291968 349567.3937793814
137987154.3540318608 490408.7043995857
136158125.5639190674 407121.8827258192
138215878.8862906396 499164.2109614611
138262519.6516951323 501547.4238659143
139538015.8207607567 541910.8954284191
135570023.5572451949 373910.9237900816
135058320.4387376010 334396.0691753470
137944586.3574379385 488042.7667794228
136037200.4921903610 403662.6879588210
135014224.3509012759 334101.6349903189
135488321.7937687039 371812.3334985890
135095705.4201778769 341809.8429981314
136012999.2964776456 401149.6265285939
137414273.7133454978 467976.4771096110
137167629.7951316535 458977.3457712010
139761317.6951080859 547871.0538825989
138925847.8653899729 524417.3149274830
137853135.0753032267 485407.5580192804
137853360.5401444435 487393.3406646042
138419320.1632882953 508761.4893223047
137953009.9787819684 490062.5643868446
135911144.6748811603 396055.6572733962
138115100.8017952740 495266.4053345242
138658450.7924399972 514743.8671212196
137259129.5936022103 460166.1123410463
136764663.1743971109 438617.2330833487
138748768.9151459336 517773.6470298767
138038780.2975006402 492429.8348799944
138248685.2164117098 500491.3203502893
142573567.7706337869 619075.5744628906
136054359.0131725669 403813.2080546462
135140314.0279018879 341989.4604297720
135880540.0833113194 395893.0050190606
135810203.0604208112 388553.4893976946
138191042.0817696750 497553.8975181580
142111984.6182276607 609585.0278320312
137354794.4343096018 466747.0287109613
138587521.3271036744 513223.0425449610
140487135.8318958879 569299.8994064331
138656786.7881912291 514703.6917906323
136105161.6884476542 404800.2566157423
140923667.4685466588 579580.6331481934
139792508.1684269607 548850.2511367798
140223745.2396463454 562744.9621887207
143113477.9975022972 623708.9287109375
139349802.3555125594 535277.9729853868
143056934.3928523064 622716.8282470703
137257755.7808182240 459861.8526542713
142572976.6724588573 616358.1042480469
139850611.8238727450 551656.0585174561
139228816.4423134029 533988.2949369252
137259729.1651400626 463430.9337163352
142869742.5403373241 621681.9935913086
139365513.1085033417 536313.5403681993
137835193.8152004182 485128.7702862024
135995827.0075130463 399422.0085688673
136539780.0309484303 428850.2381652482
136904786.0823059380 446368.7693716101
137068231.6367954016 452524.3332010321
137157973.6073742211 457820.7269159369
138638706.2085163593 514453.9461333542
136847603.1777811646 442775.4849344306
137294543.6582753658 463625.1339833811
136896612.3444744349 445161.4163230546
135825446.8129878342 391652.3256291070
136393842.2482995093 420706.6254409440
138003589.9441983402 490866.9357043505
136427025.5366910100 421660.5212489180
139370758.3458206058 537418.4657132924
143372706.8078987002 626698.8500976562
137430576.2143562436 471200.6166560956
137153686.7593097389 456378.1340160971
139359783.0657826364 536191.9936981201
138197375.7512493134 498950.8242565393
136690363.0716364384 434371.6321152523
138550287.8468510807 511646.3620654643
137732784.2894070745 481384.5963493586
139331535.8463897705 534462.8060150146
137425062.2966419756 469019.2059279680
136752290.1635162532 438599.0864318497
142026107.9093224108 606190.3136596680
136045416.9769013524 403743.3992718377
135076589.9839074016 340873.0603366934
138869545.7623100877 522211.4953145981
138655202.8546156883 514614.5621577501
137539965.1911950707 474144.4692459106
137560141.5708546042 474566.5752388239
138084834.1772025228 494323.7802248001
142401318.6663213670 614614.0212402344
137614055.0858779550 478973.2064567804
136961260.2885342836 451147.0777462119
135003992.9281585217 333295.1269870840
137596811.2195436358 476651.5803467035
137788147.9500746727 484351.4545036554
137758733.8217831850 482453.7556764185
136985175.5629315376 451215.8848198727
136721035.2563254237 436770.4412008338
141065563.0819486380 583981.0483398438
139032562.2863673866 526804.1321219974
135531829.9665683806 373412.0336109244
137542902.9153838456 474500.6693221331
137800440.3469707072 485028.6336933374
137283644.4395372868 463503.6493600681
136550188.2071092427 429000.7582610734
139333569.4844026268 534737.4400560856
135190056.4847387075 348180.0417743765
138324557.5500844717 504329.0723034143
135739666.2629473507 386186.4437262930
138367407.7109769583 505364.6396862268
138543034.0306372643 511387.2251354456
136529277.8043715358 428406.4995978959
135691864.8030385077 382896.0452181019
137598344.3328872025 477347.0417972803
136804677.4664594829 441397.6361144669
136876635.6659235954 444505.8977991901
138129914.6454664171 496053.4233608246
137696085.4069379270 480520.6123653650
139100574.1457719803 529773.1664276123
139144548.9447640181 530425.7404022217
139065814.5462181270 528498.6787611376
135607182.4704065621 379529.6939226307
142076367.0019689202 606518.6076049805
137530535.3239539266 472962.9728343561
137342869.1289743185 463764.7113633156
135645279.4208103418 379529.6943851477
135744997.9520426989 388285.9743336358
135853967.9241134226 393191.5537556328
137739607.6487264037 481844.3434028625
138981175.1190671921 525344.2692375183
137109644.0681771934 455179.0546003394
137352976.9779027700 464250.2164030075
137390300.0773717463 466804.6893642023
142342362.2907957733 614285.7272949219
138036688.5191259980 490942.8632435799
136158653.8952029943 407447.9566963755
138991979.4865427613 525437.0853157043
136015194.5945303142 401421.7731617608
135905466.3701347113 396043.5251148858
138913245.0879968703 523231.0283303261
138002403.7794249356 490817.0096516609
141662426.1574484408 597367.2370605469
142124064.3524578810 609824.1740722656
141794150.8207414150 600622.1447906494
137749715.4976548254 482329.8484425545
142469248.6973916590 614963.2758789062
143041517.8102565110 622025.4818115234
137063516.7005034983 451288.0133145638
140761938.2272360027 574102.5890579224
141819611.8301082850 601728.7604370117
143042806.4070291817 622388.2587890625
136414125.6532879472 421227.8133076348
136502950.5661322176 426117.1690205254
136107422.0358390212 406175.6079033532
136665249.1225382686 433817.0431774773
136291665.6056641340 417971.6129902520
136279893.9973101616 415461.5600117364
136785014.6157696247 438691.8627449088
136368718.9101544619 420350.9157246270
136475712.1752685010 425729.1637715020
136621906.4352227151 431755.3473061167
136605913.3902133703 430934.3791221268
143145814.2451172173 626287.0532226562
136470004.0425139070 423339.5634919964
136714779.5742291510 435631.3828185685
136603492.1716835201 430841.5356505997
136443614.8338074088 423234.5049651749
143390937.2299728692 628483.0815429688
136717200.7927590311 435823.7348350175
141699158.5193984807 598059.1347656250
141706171.3767078519 598647.5356445312
140992422.1461997330 580125.1745071411
142800629.9001834989 621147.9514160156
141919680.4871846139 604670.1210937500
142072283.9248347878 606249.0963134766
143066705.0814222395 623343.9797363281
