86017019.6989436150 797436.7253417969
86889310.5284937173 862643.3437500000
85909486.3330090642 787400.4611816406
86275901.3563392609 822447.1416015625
87352256.6067914963 883489.7812500000
86188926.2121043950 815069.4931640625
86151240.1681255847 810991.2443847656
86092595.8809992373 806196.3464355469
87632850.0080972016 893677.4189453125
87219679.7971239984 879416.0263671875
86022313.6296397001 798743.5769042969
85781686.6215142161 773674.6428222656
86364856.3288780451 829300.4858398438
87159148.0418101102 876106.5595703125
86231740.4214292020 818025.0065917969
85991079.1296739280 795812.7424316406
87285662.5227051824 881459.2343750000
88370015.5462331772 903066.2666015625
85715085.6686999053 766300.2199707031
86744432.4171055257 853354.7929687500
86664438.9815756381 850485.2724609375
85798570.1487288475 776901.2253417969
85491467.5929597765 744912.3244628906
86319009.5979528874 825609.8256835938
86769795.6714689285 855133.1650390625
86807996.4644327760 859773.8232421875
86080945.9213409573 804571.7487792969
85578833.8159363866 752488.8850097656
86524419.9297001213 840073.3269042969
86210464.0729431212 815867.3149414062
86721696.0996831357 852396.1748046875
86441449.9529310167 833372.4956054688
86350794.4223493338 827594.6994628906
86380187.6673577577 830195.8630371094
86799960.6800072491 857702.2736816406
86263819.2781144530 820217.0510253906
87240678.9943849295 879504.7626953125
86292582.2537895143 823361.6218261719
86179571.0252341032 813573.9948730469
85475728.9141698629 737733.5881347656
86455830.6712249517 834305.8215332031
86622798.1577442735 848413.7229003906
85822555.3171732575 779182.1203613281
87786366.0866225958 898361.4355468750
86614260.6433586478 846428.9951171875
86232034.4537180215 818232.1772460938
85946725.4521589279 791017.2297363281
87490745.6270011067 888337.4052734375
85323366.8970740438 717083.1750488281
85851968.8728737980 781127.4123535156
86737027.4381628782 853222.4873046875
85959050.1913024783 792641.8273925781
87644606.2834828347 894182.4697265625
86318715.5656640828 825402.6550292969
86645664.7205586582 848910.1166992188
87096193.9484864324 872170.6835937500
86055387.8012340665 800933.7421875000
85899164.0069684088 787365.4064941406
87914496.3010212183 902543.7978515625
85520216.2406340092 745111.2365722656
85621355.7871254683 759242.6379394531
85610233.7507992983 757182.1545410156
86119950.4362683594 807581.6689453125
85673418.1129546613 763933.5119628906
85652024.9404032528 761722.1086425781
87495983.3375860006 888842.4560546875
85552352.8349375576 751803.3303222656
85557943.1406033933 751832.2912597656
85668463.6813008040 763015.2233886719
87987856.4584930539 902622.5898437500
86784629.3415275216 856791.5319824219
86064939.8033759594 803613.5959472656
85979768.5843686461 794853.2307128906
85740381.1372865885 772462.7883300781
85536549.9680519402 749620.8879394531
86463234.5569221675 837640.8818359375
85673712.1452435255 764260.9726562500
85429894.1046994030 730185.5764160156
85602817.0548045337 756525.5666503906
86142500.6411104500 808825.4187011719
85652318.9726921022 762049.5693359375
87428856.0951843560 886799.2480468750
86946958.1937319040 864421.7158203125
86952361.5855812132 864660.0673828125
86991432.1350192726 867677.2832031250
87269656.4047402143 880954.1835937500
89089748.9731935263 903818.0488281250
86127033.9558621645 807641.4025878906
86478565.8954018950 838536.2590332031
86462947.8280064464 835556.3720703125
89013315.8953526020 903609.3037109375
85870833.1498598754 784782.6560058594
86581392.0920112729 842971.1889648438
85725408.7224223763 770080.0856933594
87078133.2536666393 871931.8945312500
87009390.5765879005 869062.3740234375
85722435.6570636332 769941.6970214844
86679770.3200553805 851311.5849609375
85930719.3341939747 790059.0769042969
86593469.9553057849 843933.9365234375
87138429.6487439573 873895.1562500000
86580961.0023548156 842011.6772460938
85968412.6569992006 793556.0937500000
85355155.1048130393 718702.7678222656
85791340.9359506518 775121.9245605469
87579496.8192299604 891262.5078125000
85967443.8452251256 793228.6330566406
87831219.8741085678 900500.5898437500
85361423.5393671095 718771.2463378906
86824002.5823977441 860600.1357421875
86517977.5524038374 839064.9501953125
85952112.5067453682 792270.4802246094
87107430.3518267125 872877.1152343750
86119587.9042838514 806681.8908691406
86971674.8756076396 866818.0087890625
85681584.3779796958 766176.2775878906
86616355.7804479897 847405.3461914062
85565759.3831700385 751878.6115722656
87514863.6526192576 889219.2998046875
85487071.3751271218 738186.6418457031
87334130.8230606765 882478.7871093750
85469460.4796157777 737665.1096191406
85698849.6839994490 766178.3908691406
87814681.2291896790 898645.7294921875
85596397.6976541132 753773.8095703125
85626539.6468177438 759526.8603515625
85809351.5184047222 777431.6345214844
85624894.1397795826 759317.9191894531
87566862.2782694995 890978.2138671875
86022139.6111602634 798735.1491699219
86055093.7689452171 800606.2814941406
86262446.1606607139 819017.4865722656
85814790.6355648190 778215.8391113281
85653432.7048756927 762502.3894042969
88053222.9982271194 902632.5341796875
87012825.3075706959 869888.6865234375
85610533.5288527757 758568.7075195312
85866220.7976312786 783805.9040527344
86420361.7483066767 831658.7902832031
86221729.7581075877 815981.7985839844
86063322.0006170720 802097.7324218750
87455891.8635596931 887359.2988281250
85759729.0249823481 773422.3000488281
86392265.5306522697 831158.6105957031
85431973.9872243404 730261.2180175781
86036513.9092572331 800056.6992187500
85511953.2442483455 745035.5920410156
86308122.1176139861 823697.4133300781
85709882.6640183777 766288.5666503906
85728056.3981430531 770838.1906738281
85768500.2393207550 773666.2150878906
87191756.0221147239 878350.9248046875
85827115.3747083694 779840.4367675781
86873254.5069271028 861426.4482421875
86505789.6635002345 839036.4387207031
86171603.4913745373 811949.3972167969
85799025.4244129360 777257.6862792969
86137586.3450693041 808520.6013183594
86339145.5096683055 826646.5380859375
85607042.9456692338 756896.6730957031
85699765.2170024961 766224.7941894531
85602555.2220608443 754766.2810058594
85883975.2116720676 785767.4357910156
85881327.5359513611 785009.3308105469
86685903.5259756744 851924.1909179688
85604896.9373294711 756601.2082519531
85612581.4257917404 758736.9699707031
87730492.9680604637 896225.6777343750
86732818.6641636044 852431.6914062500
85915647.8385113329 788351.5451660156
85812383.8666572422 777457.7341308594
86229565.5165101439 816536.0319824219
85669438.8228406757 763460.5422363281
88604045.8124260902 903155.0029296875
86520963.2931879610 839535.5541992188
86592763.0085164160 843701.7514648438
85646335.2369977087 759849.9973144531
86434110.0421168804 832745.9257812500
85434716.9465815425 730325.9582519531
86149819.0169174671 810563.8093261719
86581174.2665645629 842437.5820312500
86641576.0670853704 848652.5119628906
85452818.4876388013 737596.2844238281
86142428.5607440174 808613.0385742188
87403214.5471803546 885734.1464843750
85445133.9991765171 735010.8254394531
87036294.8320214003 870448.7373046875
87183292.3457460403 876666.6103515625
86262655.2314308733 819191.7084960938
87364466.7056431323 883594.9921875000
86528805.8443623036 841086.3217773438
86150113.0492062867 810770.9799804688
85529023.2493138164 745837.6533203125
86258113.4949254245 818446.8347167969
86129899.8863530606 807848.5732421875
85405910.8658312708 726148.8947753906
85501252.9024032801 744973.9328613281
86603315.3977235407 844580.9501953125
85855737.3198178560 782508.7670898438
86556148.1518918127 841274.8635253906
86691141.2365605384 852042.1474609375
86584175.4605283439 843107.6240234375
85994194.2356772721 795841.7348632812
85855443.2875290066 782181.3063964844
86604166.0923256874 844664.4990234375
85386947.5276005417 726011.5910644531
86756449.1826564819 854085.3554687500
85489727.9254302084 743423.1652832031
85385335.1554577947 725492.3010253906
86447060.3549674600 833708.6733398438
86883411.3735486120 861772.7924804688
86048596.2978809774 800387.3759765625
85375422.5506274700 724460.8234863281
86444662.4313240200 833625.1245117188
86734911.3218178302 852528.4804687500
86019509.0269145519 797438.0122070312
85338513.1128360629 718633.9426269531
87688026.3016293943 895160.5761718750
86006333.1366960704 797111.7585449219
87008823.2449071258 867730.7451171875
87030928.4374265820 870127.4755859375
86983210.1949740350 866923.2197265625
85439658.4756866246 732396.9797363281
87390080.2917041034 884439.3369140625
87142555.3299253285 874446.3222656250
87717413.2414679974 895720.6269531250
87877530.3977948874 900592.4609375000
87296359.4140782803 881514.2343750000
86505124.6101614684 838624.9953613281
87529052.7032233328 889402.5068359375
87252585.5142532438 880031.0771484375
86611143.9812787175 846186.8059082031
86606463.5802861154 845939.8039550781
87317893.4603491873 882074.2851562500
86962260.2778053135 865157.7714843750
87395398.5532799512 884886.0263671875
87249379.7424894869 879559.7626953125
87607828.6466567963 893117.3681640625
85842890.2999242693 779904.2092285156
87808646.9709085673 898450.1718750000
87171358.1406617463 876211.7705078125
86782005.7703205645 855238.3759765625
87221421.1150373369 879471.0263671875
86556826.1280238330 841540.5869140625
85783556.0798124373 773958.9748535156
87032627.3203038424 870182.4755859375
87443612.0199670345 886854.2480468750
86939941.1755827367 863373.9062500000
85962959.7357115448 792899.5517578125
85846347.9516618252 780863.7209472656
86936104.8446861207 863255.9497070312
85896037.6138232946 786167.2668457031
87416669.5410978347 886294.1972656250
87206816.3767605871 878910.9755859375
86461049.4930805266 834578.5371093750
86142971.8878412396 808983.1918945312
87004082.6439940482 867708.5566406250
86222796.0657858104 816074.2358398438
87367587.2974699438 884155.0429687500
86614245.2517510504 846255.7814941406
85403199.8155847043 726060.1584472656
87099336.6460880339 872225.6835937500
86753062.9289989322 853967.3989257812
87589778.2023996413 891538.2646484375
87057805.0194577873 871061.3432617188
87123112.9655537307 873104.5512695312
88716656.1632890999 903303.5605468750
86037356.5040973425 800131.6887207031
88229366.0518588871 902677.9492187500
88929179.8722728342 903443.2128906250
87331478.5431091636 882475.0761718750
87071332.4762825817 871143.3173828125
86048302.2655921578 800180.2053222656
87259480.4219702631 880431.8681640625
87555694.9475523233 889858.2978515625
88980291.2257675678 903530.5117187500
86856263.2211366892 860838.9248046875
87476498.4380176514 887815.0898437500
87281014.4682411849 880991.9189453125
88602959.6698890924 903113.6455078125
88164317.8993229717 902654.9990234375
88863685.0458627939 903367.3251953125
88239713.5972665846 902693.8320312500
88258572.8911496252 902966.6894531250
88616952.7419315130 903302.6201171875
88866820.4578700364 903381.4121093750
88224019.0075818300 902674.6181640625
88576682.4209720790 903066.3925781250
88898008.7229089737 903386.5302734375
88981398.5675422251 903590.1572265625
