85075327.6188451797 126960.3695871234
85134626.7831205130 130785.3185434341
85477249.3395209908 148727.9948353767
85139901.0388703942 131082.1670289040
84874634.9775394499 103946.4840153605
86628605.5573745817 191270.1871356964
85110289.8778390735 128072.4716169387
85339066.6759448200 142856.2455220222
85039846.7265934795 123686.6356711388
85035975.6725843400 122967.9379795939
85176701.2660108209 132335.7479372025
85100318.7200021297 127365.9920185953
85811221.4835229814 164828.8749012947
85702131.5132331699 160451.3817524910
85164958.4883595109 132210.8783216476
85182570.9972311556 132616.5007531196
84989519.7038444579 119585.7309088707
85090657.7899985611 127106.0107932091
85328187.5189973414 140858.5493325740
85197393.7826031595 132632.3829702884
85018363.1637126803 122541.2100664973
85176614.4827703387 132231.0567917824
86551061.7697456032 189416.7545509338
85248791.3136001229 136737.5839855224
84969668.5729748756 118721.0581201464
85087014.2991156578 126965.1665970832
85421887.0267923027 147683.8569499999
85300684.4837381542 140156.9591075927
85151196.1317393631 131525.1703138351
85035596.4578450024 122872.9228360206
85013088.3049886674 119977.3546583205
85969795.6615884602 171610.1635801792
85472358.8395714015 148658.5017590523
84995389.4350647926 119866.4837247878
85410603.9202080071 147113.1982433349
84952654.2518101633 115595.6970801353
85649208.7641025484 158774.8953561336
85652353.4953873456 158970.1842660457
85310412.0448579788 140257.0341732055
85145770.7700907588 131362.9198448211
85055402.4385224134 124004.8904294968
85181784.4499579221 132491.6311375648
85205828.9237405211 135204.4780640602
85211698.6549608856 135485.2308799773
84895403.2757531554 107535.0744923502
85884408.2466637194 167786.4194345027
87061847.9020226002 200717.3937377930
85231178.8047284782 136331.9615540504
85237048.5359488577 136612.7143699676
84974085.2441287637 119402.5877603441
85049953.7570229769 123967.3884870559
85960060.7521330863 171337.1173715144
85090160.7798031718 126973.8275982887
85887037.3045969903 167846.3126382381
85404734.1889876723 146832.4454274178
85463437.8079232275 148386.7928630859
85125376.1694912463 128511.4176232368
86854885.0695796907 195915.4338378906
85777947.3343071640 163468.8194894344
85024798.3751714379 122562.1027460098
85962689.8100663424 171397.0105752498
85121350.3967794180 128109.9735593796
86727564.2123807073 193876.8876953125
84958523.9830304980 115876.4498960525
85316444.7413460612 140733.6797170192
86429281.5588704497 186617.6053647995
85628083.5008011609 158559.4543232918
86600661.8866823912 190799.6599273682
85211577.4027476311 135332.1771554947
86788562.6710768044 194978.2490234375
85761706.5224876106 163365.5415098667
85182484.2139906883 132511.8096076995
86247049.4779272974 182175.0774595737
84913111.7395696342 111274.9433352351
85061272.1697427630 124285.6432454139
85994594.6009958684 171968.6236733943
85028751.3776647449 122842.8555619270
85216851.6584975421 135630.2534437180
85200294.2961633503 134761.5184488297
85145649.5178775191 131211.0939230919
85712108.3094622195 162110.1522603035
84958386.0446217507 115744.1726896316
85367198.2403085232 144133.1590129882
85661536.4888595939 158971.5299541503
85751971.6130322367 163092.4953012019
85025978.4142667800 122821.9628824145
85761443.4656771421 163347.6774148494
86405551.5514140427 186552.5706083775
84965544.3610882610 118440.3053042293
85758298.7343923599 163152.3885049373
86873804.8789088279 196438.8482055664
86381804.6971933097 185279.4087431431
86405551.5514140278 186005.7830107212
86068890.4887007922 175583.2877053767
84919520.9221705943 115301.6829980761
85557530.4954721481 154944.7902913094
84918981.4707899690 111555.6961511523
85860295.8740727603 167292.5720105171
85872985.1895252317 167547.7457487583
84902701.3123898059 111122.1435264945
85480151.9467161149 150447.1094594002
85748456.5776752532 163068.2702870369
85737173.4710909873 162936.9474720955
86187810.4996955842 179341.6149199009
85179940.4914494157 132487.6175286323
84898213.1725762784 107967.1056741625
86143355.9179532677 178883.6414427757
85107618.7260189056 127390.9419767410
85355351.0234822035 143873.6477112770
85117905.4088733047 128105.7951917648
85283071.9748665094 139751.3366761208
85420882.0479714274 147403.1041340828
85123775.1400936693 128386.5480076820
85948637.6949945837 171098.4436857700
85271788.8682822138 139180.6779694557
86346905.5594057143 183463.9259550571
85122957.6553359181 128217.3549439460
86073391.8377499878 175714.6105203182
85909036.7545572370 168538.4781689644
85591535.3995137215 155628.5748181343
86516162.6319579929 187601.2717628479
86212976.5485142618 179645.0197234154
86722612.4893646836 193372.3628894091
86205547.9810342342 179538.3546659946
86538257.1531618983 188883.4548683167
85965834.5413511246 171592.2994851619
85624420.9483510852 156183.6611339599
86465446.5614157021 187480.6432552338
85515330.9780612737 151806.1679851562
85942131.9859860390 171038.5588574409
85036093.4680404216 123005.1060309410
85344067.9168979079 143302.9890046120
85639366.6073854566 158690.7771382332
85101846.9271609932 127386.7636091262
85368253.0956529081 144264.4818279296
85905016.4454775155 168250.6900372505
86376565.1184899360 183864.5283870697
87398998.1632699668 206403.1182861328
86304821.2326693237 183261.1345915794
85353311.1049719453 143451.4646141082
86566881.7313850671 189783.3515368700
87071162.2023097873 201852.1078491211
85288941.7060868740 140032.0894920379
85277658.5995025784 139461.4307853729
85605766.1022339016 155927.1333322078
85666620.4657619745 159322.2834401131
85862238.3651895821 167487.8609204292
86123427.5797194690 178580.2450146675
86024428.4109084308 174713.1160931587
85433607.5577038825 147974.7172322273
85911097.3252915442 170335.6229443550
85856744.5710612833 167214.8063363582
86399549.4206918478 185993.7142677307
85816964.1376920193 166232.4632954597
85543752.3833380640 152483.5331959724
85948775.9054390937 171162.4181561470
85787502.0571527928 163724.0016030818
86715774.4861494452 193032.8694190979
85311816.3345765620 140713.7838909179
85773367.0718803406 163425.4430890083
86647475.1403128952 191369.6210937500
85814759.5271647722 164864.9059071541
86276691.9426213354 182957.7297880650
85378225.6519718915 144555.3421101570
86202168.5020085424 179407.0318510532
85602251.0668769181 155902.9083180428
86334888.1586211324 183381.7042540312
85843920.0772093385 167040.1071209908
86883539.3716949672 198235.9929809570
85926054.1079818308 170609.9564442635
85975569.4508064985 171865.3540692329
85533036.7159748822 152209.1996960640
85839685.9351492673 166784.9250073433
85876034.2033623159 167743.0430340767
86252945.0884006172 182231.3555204868
85672804.0722059011 159517.5723500252
85676319.1075628847 159541.7973641902
86874225.0714077801 197101.2788696289
86045272.2777241170 175284.7291913033
86537535.4551729262 188868.4200956821
86370703.8765718639 183529.3428862095
86397698.6578463465 185978.6794950962
85890182.0358817577 168041.6015481502
86441699.7071949840 186754.2689876556
86292499.0329159647 182957.7381634712
86117661.9722912461 177038.2823529243
86123963.6583526284 178835.4271283150
85505215.4183772504 151720.7040791512
85790646.7884375751 163919.2905129939
85585883.9833902568 155420.8320171386
85694973.9536800683 159798.3251659423
85490000.1256052256 151234.1635903865
85493161.0965871215 151525.4151692390
85957149.9487405121 171205.7945565730
85734278.1909363866 162390.9050762206
85615237.9548787773 156182.3154458553
86379569.4603193402 184746.1090605259
86527805.8585182875 187690.2901668549
86042537.3636652380 175029.5387022495
85627292.2766689360 156377.6043557674
85434662.4130482674 148106.0400471687
85467261.8463778198 148409.8711404353
86783203.1392366290 194630.3654785156
85481877.9900028110 150954.7564625740
85933803.2853988260 170889.3635720760
86733458.2996525317 193885.6033477783
86735417.1059484035 193903.9912109375
86205413.1348297000 179452.1314220428
85552430.9953318089 154569.4204945564
87024440.6801119745 199531.5487060547
86274629.9326618612 182263.4342174530
86708918.2282518893 193012.5116710663
85829951.0256938934 166511.8704232723
86446356.3820412159 187080.0408232212
85807147.7407227010 164730.7433094978
86227602.1570766419 180114.9619657993
86380566.0959894806 184749.6989415288
85781092.0655919313 163664.1083993465
85909853.7855539024 168681.4512250628
86106059.3632185012 176838.8301451206
85563714.1019161046 155140.0792012215
86239732.6629927605 181856.3684599400
86118189.8691345900 178580.2366392612
86038576.2434278876 175011.6746072322
85699977.8035461158 160368.7457661629
85934980.0672663599 170907.2360424995
85929486.2731380761 170634.1814584285
85821198.2797520459 166487.6454091072
86597022.6563504487 190501.5929622650
85809067.7738359272 164746.2389149666
87304608.9175613970 204629.8985595703
85685790.9602077901 159796.9794778377
86146133.5398267806 179133.9856423885
85762703.1177453995 163365.5498852730
85962923.7379585505 171460.9766702205
85679607.3537638485 159601.6905679256
85506147.9845889807 151804.8222970515
87255067.1819164753 203522.0176391602
85570517.3834740371 155224.1974191219
86725605.4060848355 193858.4998321533
85998502.0668195933 172716.5274853706
85845461.4644770026 167083.4835214168
85997739.3322806358 172163.9125833064
86032802.4542098641 174756.4924935848
86581297.2206630409 190491.0123634338
85725095.1974640936 162389.5593881160
85518202.3063791096 152000.1112069637
87328648.0966289192 205842.5767822266
85447649.3010501266 148385.4471749812
85576700.9899179637 155419.4863290340
86509382.9417582899 187515.0810652971
86503423.5331844687 187504.0152891874
86610235.0817583054 190876.5800228119
86010632.5727357119 174457.9339795113
86658021.1150465459 191602.9542903900
85758532.6622845680 163216.3545999080
87286776.2136187702 204622.0748291016
85909154.5018696636 168594.2164502144
86568084.7952551693 190116.0253028870
86707921.5925817639 193005.7659034729
86181030.8094958812 179260.0413925648
85834185.1677539200 166767.0525369197
85391212.5399737507 144834.7492379695
85649442.6919947565 158838.8614511043
85530857.5231102556 152077.8768811226
86940282.3552441001 198776.8128051758
87170908.8570486009 202767.2817382812
86597968.3862896711 190656.8451271057
86978309.1662399471 198796.5344848633
86755488.9971193373 194399.3196563721
86823770.2019180954 195354.8923339844
87316659.8046532720 205162.8946533203
87127905.1858589202 202392.9276733398
86993325.8124503791 198971.0072021484
85804298.6736398786 164471.9054150581
85816429.1795559973 166213.3119091988
87358531.6876634210 206383.3966064453
87224568.3177812248 202961.4761352539
86174513.3004834205 179135.8170909882
85801556.1689207852 163921.1219615936
86993817.5749884993 199337.3543090820
86372962.9874537289 183711.5511023998
87428881.7543044835 206943.9381103516
87241258.9236896783 203327.8232421875
87199708.1525464803 202953.4691772461
86705489.7669305503 191877.9915084839
