256172234.6123470068 1607612.0261230469
255526002.7339304984 1555187.4655761719
270413187.4256049395 2045623.6708984375
253814939.2643210888 1321133.7821044922
253800697.4537444711 1312810.4310302734
253864320.2582284212 1331363.3140869141
254962455.8193139434 1496461.9984130859
255657837.1063551903 1567514.0677490234
256798897.6116431653 1659088.7723388672
258613451.1844799221 1759952.7238769531
257720796.8030387759 1720852.3245849609
253800697.4537444711 1313096.2982177734
253995746.7814239264 1359355.3649902344
254210075.9509690106 1400275.7348632812
254646852.3621914685 1461382.2525634766
254980028.3044487536 1498970.0543212891
254925253.9835487604 1492090.0216064453
255113735.4028690457 1517432.6645507812
259834086.5036854446 1817836.3889160156
259834086.5036855042 1818138.9016113281
253894592.1416138411 1336210.2161865234
253894592.1416138709 1336491.1571044922
255307332.1006827056 1536593.0979003906
255398289.7241118550 1544290.3317871094
255398289.7241118550 1544218.9992675781
253814939.2643210888 1321148.7708740234
253814939.2643210888 1320853.7034912109
253789009.0357864797 1303146.3160400391
253893726.2669528723 1335090.5472412109
255385845.1811281741 1542393.5238037109
256172234.6123469770 1607100.3845214844
258817853.8328115940 1774030.3247070312
257279602.1653809547 1691575.5689697266
258640769.4734107554 1762185.7885742188
253789009.0357864797 1303140.1705322266
253894592.1416138411 1336211.4437255859
253983813.7507989705 1358806.0607910156
254671116.2451652288 1464884.7401123047
254671116.2451652288 1464605.7039794922
254929911.3156616688 1496089.2271728516
255474896.1973034441 1553530.7485351562
255453199.0678246021 1549382.2464599609
255398289.7241119146 1544304.4758300781
257484760.3900528550 1707779.3148193359
255364745.6911615729 1541806.7180175781
290255008.9536725283 2140817.6796875000
253951019.7224878967 1348128.5305175781
254417724.9265322983 1430949.6765136719
254826659.8565976322 1482565.2987060547
255526002.7339304984 1555294.0249023438
255721845.7308669090 1571857.7264404297
254929911.3156616688 1496161.1688232422
270836896.8097646832 2051579.7812500000
270832619.6350197196 2046546.9306640625
259944885.8696605861 1820037.6191406250
255364697.3173310459 1536679.6083984375
255965804.6271673441 1593114.1551513672
256990954.4294134676 1674239.5959472656
261465567.5059616864 1872100.5556640625
255080191.3699187040 1514990.7551269531
255113735.4028690457 1517344.2976074219
255364745.6911616027 1541818.1892089844
255364697.3173310757 1537000.3916015625
255364697.3173310161 1536677.1718750000
256618055.4017871022 1645218.6981201172
255241448.4126877785 1528320.0000000000
254762612.4078668356 1476390.5218505859
258659854.1468465328 1762738.6928710938
258853905.0723074377 1778592.0083007812
289264679.3050455451 2129981.5117187500
254267824.5037028491 1407906.8792724609
255301113.8003201783 1530040.5501708984
256770184.8523018062 1656137.4647216797
257930621.5178989768 1729109.6447753906
257085502.9319784045 1680454.0660400391
258853905.0723073781 1778100.8242187500
255207904.3797374666 1525889.1018066406
255168500.0173839927 1520712.4488525391
257762696.3913859725 1722291.8558349609
253972880.1599077582 1350082.4486083984
254678170.7334552109 1465724.7042236328
267218462.6353963315 1995523.2895507812
257484760.3900528550 1707859.9241943359
259944885.8696605861 1820125.6743164062
258684067.3958214521 1767562.7197265625
254005674.1882188022 1360733.8519287109
257637459.3443751931 1710534.4429931641
269701726.5944646597 2033117.7651367188
269406216.0551062822 2030474.1528320312
306252696.4994760752 2210772.3662109375
254005674.1882188022 1360522.8724365234
255293190.8483804762 1529219.7535400391
261900766.6079768836 1889326.6611328125
262433986.4975228012 1900570.0332031250
253995746.7814238071 1359353.8464355469
254005674.1882187426 1360447.9847412109
253917854.7189922929 1344534.8330078125
254014012.2352917194 1372133.7451171875
254721315.5140994489 1470000.0980224609
254761632.4672451615 1473364.4544677734
256268813.7315140367 1616329.4990234375
261600167.8987678289 1879492.4321289062
254009431.2649595439 1362992.9948730469
254118986.4590138793 1386803.5465087891
256317213.6453562677 1623918.7357177734
258746704.1837079823 1773326.7868652344
270302069.2789344192 2045099.0341796875
254346961.3607961237 1420253.7227783203
255565829.0080130994 1557720.7912597656
255747889.3562246561 1576039.6937255859
256262936.7223656178 1616326.7497558594
256544122.3792309761 1638079.8239746094
259155533.9797939062 1789885.2121582031
254185221.4855126739 1394687.1807861328
254139493.8398497403 1390920.2498779297
256521268.7860753238 1636943.8752441406
259835764.4237197340 1818542.0568847656
254477891.5494527817 1437466.5596923828
254738348.5248930454 1473106.0347900391
255735326.9602088332 1574408.2322998047
255735326.9602088332 1574178.4451904297
255951465.0352352858 1589431.9447021484
256753315.8041805923 1653256.6940917969
305843740.0641633272 2210240.8994140625
254569576.2830127180 1451526.0921630859
254629754.0744505525 1458847.8231201172
256951027.0621578991 1669831.1917724609
256065540.3551191688 1597809.5422363281
257930621.5178989768 1729017.1076660156
256316167.3028731048 1620026.1833496094
255885914.5278369486 1586952.8089599609
259944885.8696605861 1819733.5375976562
259199332.8875075579 1794200.7341308594
255872793.6115378737 1583876.9271240234
269074940.5130510926 2023172.9506835938
300854749.6245993972 2196973.3051757812
259615690.8598971665 1805173.2255859375
254790690.1554135084 1477759.9244384766
256548351.9450941980 1638626.2202148438
257131161.7304101884 1681809.7117919922
256951027.0621578991 1669752.1458740234
255629293.0367273390 1563936.9553222656
257288406.0188184679 1692385.5544433594
260106174.1561671495 1835708.3591308594
270143184.7523528934 2042330.7031250000
258407536.4727515578 1754346.3098144531
258124720.7513014674 1740647.6359863281
258853905.0723074377 1778607.0073242188
254005674.1882188022 1360521.0394287109
255956865.2379829288 1590109.3996582031
259406790.1058594882 1797805.5395507812
305799043.1167609692 2204872.0341796875
254301145.8386872709 1413425.1804199219
254346961.3607962132 1420254.5411376953
255652146.6298829317 1565117.3181152344
270562544.6456990242 2046391.8862304688
257126113.0119788647 1680840.0112304688
257408678.4999600947 1700390.8797607422
254508518.2592585385 1441593.0184326172
255612567.0153136253 1561401.2575683594
266176496.8277818263 1982002.9345703125
254402482.4248870611 1428113.5367431641
263122257.6421687603 1921932.0678710938
254163003.0395251811 1393046.2120361328
256082019.0343691409 1601034.4670410156
279771286.6057787538 2075878.7202148438
284111958.8042048216 2097070.9360351562
254291218.4318923056 1412034.7786865234
257637459.3443751931 1711106.1705322266
257876068.9410205185 1722602.0312500000
257126113.0119788945 1681342.3344726562
262596227.1141784191 1904730.1320800781
256732134.1272231042 1652552.0334472656
257528067.9421609342 1708649.8411865234
265986445.7887448370 1979922.5908203125
287488560.2091547847 2115955.0034179688
287203863.4726636410 2110945.6533203125
258853905.0723074377 1778504.4106445312
259376989.8351612389 1797734.6723632812
263012383.9244113266 1917967.6958007812
262889467.0560466945 1912595.2407226562
263335304.1214508116 1928121.4555664062
259687230.4373193085 1812463.9121093750
254568596.3423910737 1448577.6878662109
254392555.0180920660 1426797.1296386719
259475758.2414346039 1798637.8540039062
254558668.9355961084 1447220.3504638672
258515208.6546952128 1759047.4658203125
265464226.1113100648 1975123.6064453125
259376989.8351612389 1797767.1430664062
254508518.2592584491 1441531.7879638672
263367696.8563460112 1931654.8393554688
265102062.7060654461 1961578.2128906250
266054724.6200553775 1980871.5747070312
287430247.2500975132 2112807.5205078125
256166364.9833285809 1606382.1394042969
265742323.2434424460 1977805.1420898438
257269677.2314635515 1690809.4753417969
254855977.6566369236 1483803.8052978516
258124720.7513014078 1740242.2004394531
259475758.2414346039 1798304.9643554688
254265577.4108229578 1407479.7620849609
259834086.5036855042 1817953.2932128906
255840251.1189140975 1580900.3388671875
255551803.1828736663 1557231.5600585938
254071672.9115795791 1376726.2272949219
254255669.6082649231 1406616.4234619141
263461112.7702666521 1934441.3857421875
255202165.0053152740 1522701.4083251953
270138418.2773337364 2034649.2929687500
254346739.4959831238 1419693.4578857422
258503481.9168136418 1757213.9104003906
260404501.5620023012 1836192.5200195312
264351088.0614964068 1947407.6152343750
256219593.2802656293 1612255.4821777344
258034233.9899924397 1736118.5593261719
266678715.2985280454 1989809.3437500000
291969862.2168133855 2151649.7988281250
258124720.7513014078 1740138.6105957031
255006683.1820409298 1501736.5601806641
258449683.1659443080 1755965.5053710938
276772911.9918705225 2059064.1875000000
261656730.3504033089 1880247.9418945312
254071672.9115795195 1376657.4934082031
264780237.7779804766 1958889.8276367188
298308144.9096209407 2194387.5976562500
265661966.3796883523 1976032.0205078125
257242264.4366388321 1689687.1002197266
260443170.9301646352 1839468.2873535156
254071672.9115795195 1376716.7077636719
258114793.3445064723 1739412.8518066406
264594462.0391182303 1950687.5590820312
297246634.2682634592 2183637.4438476562
297835947.3064813614 2183991.9067382812
256392509.8258202970 1625427.3243408203
262469569.6991941035 1903126.6704101562
303670337.5913904309 2198706.1679687500
255447713.9240986407 1544715.6629638672
267555779.3210152984 1996063.8310546875
267225068.6788293421 1995616.4824218750
254285485.0755348504 1409960.8188476562
259616215.1580988765 1807225.6992187500
260810990.8577786684 1852921.3759765625
260651075.2492264807 1845292.4560546875
257271401.4083836675 1690834.5433349609
294185827.2598809600 2166097.1577148438
256133966.6594036818 1606081.5500488281
259320936.2025400400 1794611.0356445312
262062602.5294715464 1891133.7333984375
260405592.0192727745 1837614.3789062500
265357812.3592817187 1964429.3593750000
260777303.4322549999 1852284.4086914062
257997527.6128529310 1733099.1352539062
305739262.9555243850 2201815.6142578125
261270192.8194120526 1867780.6425781250
262064379.9736396074 1893817.1176757812
261815477.0406529307 1889288.7158203125
264523477.2565272450 1947868.6464843750
262140480.4038666785 1897891.4311523438
261068111.0472231209 1860585.3925781250
267106876.5384805799 1992299.8405761719
260954854.3577400446 1859183.9965820312
268038119.0368091762 2006878.3671875000
267674110.4157544672 1998012.9658203125
261759352.2924867868 1886100.7890625000
254381771.9899482727 1422201.8299560547
264163015.3238457143 1945852.1894531250
268412046.1847882271 2011642.8244628906
260565633.1906037629 1844929.3471679688
279286282.6871263981 2064675.7211914062
257262125.0759100616 1690483.1466064453
261510087.5876478553 1874967.6777343750
284504072.7731247544 2100045.0302734375
262959631.4633388817 1916497.0722656250
256862398.4802534580 1660535.4862060547
257027687.9353786409 1675246.5384521484
261204972.8881748915 1861486.5207519531
263229046.9887285233 1925298.2177734375
261330477.7032662332 1870303.4189453125
264026305.2014758289 1937409.3315429688
265212488.2460523546 1963218.1318359375
256875308.9624099731 1660684.7537841797
261330477.7032662332 1869916.7875976562
257697926.4075611532 1712388.3420410156
258723021.7422858179 1767975.7243652344
295086338.7950906754 2181491.0927734375
256486628.9708243906 1631325.7388916016
260524192.8409518898 1840105.4707031250
256486628.9708243906 1631417.3385009766
256875308.9624099731 1660689.0885009766
262916935.3344870806 1912984.5231933594
286161599.9637355208 2103010.2578125000
259914858.7575889826 1818690.3293457031
265363681.4700162709 1965024.6987304688
260710714.6875872314 1847651.2700195312
281174490.5853946805 2083955.6328125000
281025190.0721843243 2077269.6123046875
260059619.0488120019 1823255.6132812500
262703372.4411183894 1906987.3403320312
262802945.2882936001 1910289.7890625000
