303031622.2358598709 350.4159087539
252173736.3806281388 59.0555599113
303531358.1265421510 351.6995751262
252142973.4972544611 57.2895082724
303567360.9257712960 351.7998883128
252170256.4717667997 58.5367722321
252158274.6418102682 57.7766494372
290144540.7497475743 289.4750844376
289776236.9341186881 289.0642026799
299221087.5735722184 326.9832225340
298933667.2817780375 324.0426536887
303448230.2217743993 350.8133617043
252139499.7800931334 57.2591930952
252129931.3931338191 56.1077722713
294808488.8295893669 295.3191330953
294827876.6969931722 296.6125849411
252156854.6759064794 57.6684116380
252114298.1835230589 55.9774595787
286823256.8758980036 273.3834874786
286608567.2066530585 271.9597313561
295987704.9003269076 311.7559561334
288634418.5089119077 278.1360480889
297342192.2495664954 322.0424664634
289390347.0697332621 283.4688680970
289239980.7666098475 280.8297593590
252119992.3938286006 55.9918227890
252109391.0406486094 53.1080809997
301846940.9415845275 333.6738121187
252208585.3744409382 61.7251888896
252203875.8814547062 61.6752973861
252183708.7723160386 61.5441799744
252186807.1269259751 61.6463251403
302920683.4849997163 345.9486517608
302942386.9817869067 346.0306874216
302563752.9728813767 343.8258088827
302609270.4872229695 344.1967125833
302357799.7810958028 343.1315784156
302585406.3297797441 344.1588005126
302676562.4979476333 344.8909546137
302354947.2720832825 342.2866985500
302452594.8271476030 343.7971410453
302687581.0468977094 345.1851349771
291578632.3092359900 290.5888803515
296847205.7250245214 317.2406596113
295501215.7418808341 297.7520688713
292168080.2268549800 294.2053568279
291998381.3040115833 293.7639536773
302229454.9885098338 342.0719498098
302106127.3792366385 341.5609726012
302075483.4883813262 340.2540890872
296669899.3616778255 314.5205064004
294910566.4456086159 296.7098378278
293083086.5275655985 294.6868985172
252606840.5151094496 65.5879953354
252608869.2754369676 65.8376235945
252714546.2538261414 67.0830786579
252658570.3522413373 65.9781795546
252770979.9805738330 69.0187696510
252770192.3714798391 68.7879158345
252763515.3831305504 68.7251037906
252696280.0610743165 66.0059693630
252696280.0610744357 66.0077392037
252696280.0610743761 66.0060798523
252801349.0558616817 69.0830732162
252833034.5500272810 69.2057260896
252914068.9487220049 69.9921968871
252830691.3431321084 69.0955773729
252911350.4177978039 69.6089049482
252873383.1967592835 69.2479854801
252924086.1838681996 70.4825937151
293239040.5464795828 295.3094038663
295416435.7958981991 297.3690587756
301819918.4548844099 330.0170437098
253207598.3682360947 73.5284193784
253352529.9657241702 79.4853796433
253212340.6742120981 75.8639389090
253199550.1730771065 73.4985086461
253199550.1730771065 73.4979261001
253199550.1730771661 73.4985100719
253212340.6742120385 75.8638284197
253309637.6508327425 79.1057995716
253280063.3687395453 78.9915731627
253231818.2346292138 75.9741740957
253307440.5935492814 79.0518604949
253231818.2346292436 75.9748671310
253231818.2346292138 75.9747566417
253240110.6810334623 75.9878127327
253367267.8049141169 81.7068637761
253240110.6810333431 75.9878113069
253316245.0163306892 79.1179390207
253305694.4854499996 79.0125629768
253640438.7728687525 81.7276025952
253740379.1094164252 85.0445069163
253902122.0980055332 87.4423218672
253661914.1320715547 81.7510571955
253726727.4242484868 84.7600514671
253754284.3136337399 86.7400295564
254024268.9892818630 87.6683265157
253864081.3018762171 87.2836372913
253904461.2934867740 87.5765602588
253824420.8001545072 87.2690930518
254360959.3259609640 90.0121412896
254166860.7477988303 89.2191542412
254278864.3352692127 89.5067522699
254362534.5282732248 90.8526609110
254434496.3829004467 91.7723869338
254566554.5499108434 93.8709214746
254436099.4150448740 91.8005771654
254451222.6764342487 92.6531944684
254837212.1065161824 94.7708116411
254810834.5002809763 94.6399123623
254754592.8608489931 94.5960247162
254649442.9152008295 93.9762488655
254757282.4948936701 94.6394562079
255070468.8558136821 97.6023211363
254869989.1958672702 96.9151248315
255439190.3748572171 102.7755132299
255283303.1919666529 101.0060269832
255115372.2105091512 97.6048807290
255588996.8720420599 103.2353207108
255115372.2105092108 97.6066426410
255188459.7770161629 98.0436831590
255216161.9023055732 98.2106421876
255601820.9527062178 104.7062587195
255572787.9372951984 102.9109648687
255675778.9590575695 105.8864387327
255384592.4829211235 101.5361318641
256136391.7701386213 109.5361991021
256086247.6109437346 108.5571149753
255870350.5067654252 107.0882872880
256095320.1729337573 108.9162119693
255997189.4233047068 107.3184727646
256053058.9783678949 107.7221088779
256368826.5998016298 112.6657617353
256141743.4859044850 110.3135789713
256222240.3994867802 110.3436469725
256053058.9783678651 107.7104919326
256292185.8066896498 110.9420796570
256053058.9783678949 107.7123025727
256126212.3010428548 109.1621152245
256229456.5002186000 110.8349331613
256388742.4823913276 112.8702859446
256468627.7391814291 113.9517629451
256332276.8689132333 111.1763628015
256577674.4626807272 114.0376390150
256619339.9684244096 114.1622769282
257273711.0793781877 117.2473231603
257054323.4892413318 115.4846729685
257460959.3407039642 120.6418883958
257317731.5448668599 118.0121978481
257704535.5308558643 121.7637546452
257720664.0502332747 121.7790448608
257910859.8516779542 123.4607048219
257821593.7244652808 123.3564756160
257689752.6204765737 121.0473407125
257881500.7329701483 123.3915877668
257996144.8284914196 123.4865363723
258017603.5933963358 124.3028133091
258352434.2989080548 129.2584962816
258236902.1209274530 128.1073226719
258309053.2706447542 128.5393107571
258056388.7525673807 124.5569112861
258314954.4550169110 129.0209052144
258096387.0849772692 126.0293947115
258423218.5932890177 131.7551289893
258096387.0849771798 126.0029049843
258212434.5740728974 126.2355021845
258877255.8608600497 133.5073063350
258670369.8899162412 133.4386016838
258877948.0440678298 133.5166971774
258910924.8154875338 134.0786832197
258964403.4564136267 137.1274081706
258902439.2806666791 133.8850920463
258949839.8021316230 134.1123498833
259879541.4552685618 140.0519988027
259428232.0834188461 137.3011066655
259669744.0184672773 138.7960563686
259601860.4654578865 137.5789618541
259639533.6073328257 137.7321283317
259795698.0942907035 139.8647825268
264143575.3931860626 166.0253641932
260170561.2206152380 143.7417020115
260085848.2126457095 140.1868426571
260097744.8495880067 141.0827697643
261556408.3710249364 144.8342238155
261673498.7175405025 145.6527999884
261357873.2371065319 143.9140650514
261635892.7140399516 145.3003578531
262460352.6608032286 149.7821979484
262519955.4053186476 150.8349003378
262355472.3818792403 148.7833257875
262555742.0302810073 151.5187755630
262800211.4002296627 152.9137629720
262920348.3597803414 153.4448512399
262709702.3610287309 152.4559767919
262709702.3610287905 152.5041858631
262709702.3610287905 152.5156748670
262709702.3610288203 152.5162476676
262709702.3610287905 152.5118697362
262709702.3610287607 152.4988995271
262709702.3610288203 152.7199340539
262977870.1604544222 159.2298335338
263223609.6790215969 159.8688957135
262924612.8121901155 153.8920196335
262924612.8121901155 153.9394009004
262924612.8121901155 153.9499007056
262924612.8121900856 153.8909616361
266149007.7108046710 172.5707181165
265518254.9889319837 169.9046423504
266129570.2743884027 171.7205534802
266269725.2736714184 173.9920918123
265926254.8748932183 171.5122180805
267114400.4255575538 176.1573920971
266939669.9711631835 174.5885273107
267073797.5281929672 175.2046257829
267336469.0267818570 178.8833202184
267149740.1924802065 178.4509121762
267637136.2593986094 183.1141767469
267567326.3964904845 180.9731456642
268496257.8912342787 187.5385607639
267774131.5627184510 183.5693931770
267554661.1995407045 179.5139399902
269581934.8549032211 202.2908922881
267930485.9692482352 184.9799998444
268094546.8123777807 186.7288275105
268974465.1847184300 189.4122955464
269713577.0355290174 205.5626675412
270263885.9578460455 211.1718071178
269713577.0355290174 205.4916876778
269745606.2651873231 205.9089905396
269745606.2651873231 205.9449759498
269745606.2651873231 205.9116640761
267844357.9139105976 184.5794875552
268162156.9406722486 186.8915653643
268093718.4605723023 185.3466362697
269363782.0396306515 191.4860547595
269364178.5756561756 201.4472566172
269745606.2651873231 205.9090980664
270049279.8882371783 209.3346370310
269745606.2651873231 205.9785341695
269745606.2651873231 205.9452306405
269890223.1971035004 208.7834389433
269624927.7284416556 204.3459814116
270075872.2955968380 211.0636695586
269809282.1738560200 207.3489717469
269745606.2651873231 205.9075543061
269745606.2651873231 205.9077955559
269881613.7283217311 208.3842460774
270388135.8803523183 211.3252888545
270439983.7240454555 213.5086625889
272388663.9129502177 227.1232968681
271087532.5905785561 217.5201200359
271087532.5905785561 217.5559471361
271087532.5905785561 217.5942467265
271203087.2167280316 219.1137161814
270898391.9752711654 213.8563722745
271728510.8792195916 221.5819038898
271087532.5905785561 217.5165756457
271327565.3702481389 219.8911721669
271053646.3496406078 215.2927797651
272761266.0689870119 227.1278441064
272789287.1399658322 227.4049629122
272272775.8303728104 222.1722062193
275792170.7788357139 228.5289626480
276503188.2762628198 230.0890738918
278507460.8430366516 242.7595757917
278515363.3448968530 242.8855153993
277566066.8248006105 239.1477770116
277584000.2824571729 240.0699151661
277245468.2696080208 238.0907441434
277028348.0950688124 236.0340200718
279252611.0733253956 246.3216596395
277018642.6388399005 234.6875938624
280300041.2789464593 249.2529581524
276745200.0538412333 234.5838168617
276617429.2025140524 231.5348924156
280903558.7543200850 253.4601861774
280835268.2054232955 250.9193820297
281343295.1778197289 255.1283065998
282964020.6459178329 257.3767445609
282886866.5923407674 257.3409761712
282886866.5923407078 257.2811699435
283027514.4001129270 259.5809840783
283027514.4001129270 259.4801242873
283027514.4001129270 259.4817740545
283220329.9434327483 262.8328463808
283027514.4001130462 259.6062333211
283027514.4001129866 259.5874440297
283027514.4001129270 259.4798587188
283199408.0982166529 262.5694763884
283069987.1368308067 261.7505400106
283651306.0272403955 263.4299355075
284775632.2340317369 264.3021477163
284505399.5285812616 263.9134012014
285784581.5962244272 269.4186630398
287842454.5197889209 277.2556941062
