30655994.8564649485 613993.0278320312
29760156.4240006395 541609.0609130859
29984440.7032648697 576266.5168457031
29913408.1061135232 566711.0400390625
30058493.4616049305 579059.5537109375
30263566.6408457085 594932.5029296875
30106119.2027084716 585275.6188964844
30496564.3335847668 605515.9023437500
30647198.2938172445 612999.4526367188
29855402.2526951060 561812.0169067383
30593802.9704109095 612557.1035156250
30265901.8105541393 595915.3740234375
29945541.4839821719 568192.6657714844
30482608.2226824462 604895.4179687500
29792449.4990329556 549412.3445739746
29794470.5070680864 553551.4208679199
29994005.6215390153 576606.5187988281
29725486.4827352576 537270.1901245117
29978805.7102987282 573581.2681884766
29905082.5281308144 566080.7911376953
30134391.9012676105 588241.1245117188
30550267.0083346106 606047.0834960938
30011003.7557553612 576943.4971923828
30397835.0017385297 598124.6635742188
29777848.2233920284 548772.3320159912
30479100.2685543746 604482.0007324219
30099166.2412627526 584851.6065673828
30030146.7458424382 577802.6192626953
29887826.4331036434 565981.7572021484
30329390.2303561084 597682.3144531250
30181201.4346092418 588963.0048828125
29832822.0703098923 555048.7931518555
29878121.8900443316 564570.4940185547
30031431.8749908060 578361.8688964844
30075267.4191967584 579521.8149414062
30391547.7211042866 597806.5131835938
30118280.5550996363 585460.6936035156
30426183.9259564355 603370.6616210938
30475538.0734843537 604033.4250488281
29949050.4354139604 569314.1477050781
29775059.1476460509 543646.6932373047
30810658.5955971889 620567.0966796875
29892673.2376651727 566070.6250000000
29872331.2708529830 563058.7863159180
29934052.8201470822 567396.7329101562
30027212.0148297176 577174.0743408203
30527069.1470332928 605859.6601562500
29885497.6807018630 565783.0469970703
29905161.8136033975 566537.7573242188
30570439.0729698576 606502.4799804688
30417381.1836407371 598296.1127929688
30802049.6471185535 614172.8989257812
29716352.6391080581 522102.7213408947
