30181590.0442876033 192854.0679117292
31586511.3410099670 210905.2833862305
30441748.6533392482 199280.8263502121
36524117.7676950172 221654.6437988281
36821077.6301947534 221740.3991699219
36958480.2775519416 221775.5043945312
30241153.9889750481 194760.3886976242
37479927.8919131458 221962.6091308594
30291403.1151002347 196709.5734626651
30375798.4013230428 198129.9569349289
30227500.6068744697 194300.1568994522
37058783.9074990302 221785.0371093750
36920370.5184674487 221775.2277832031
35517481.3689853847 221472.4123535156
35956399.5245225579 221532.6967773438
31158139.5749528036 207172.2695007324
30497304.8333719075 200857.0101585388
36393279.4490813687 221617.3867187500
35801016.2162082866 221526.4997558594
37309508.1899335012 221936.6330566406
37818297.7839298919 222006.9270019531
30703799.9498994090 203986.5094375610
31590492.9406545013 210941.5387268066
31306510.4069848955 210299.3997344971
31333871.8137412816 210456.5285034180
30000420.0738927573 188853.5031656027
29794405.0129347369 182007.4491568883
30005078.9216956571 188910.0247010477
31082547.4656581320 206692.5737380981
29767652.6776559316 181470.6795642450
29639874.4290379360 173734.4896836877
30538764.6635466665 201563.4104555845
31338819.5794449672 210489.8270874023
31369886.7888342962 210818.9452209473
30117684.8527569100 190761.1254949737
30463880.1899052337 200681.9953376651
30018390.3356761411 189238.1694526076
31083019.0633338168 206740.7778396606
30319680.5876199193 196749.5907684192
30362566.7154483125 197929.1588182002
30772146.9968166240 206591.5280838013
29698061.4916615263 177970.3383124247
29771745.3715659752 181696.5213025883
30199628.2357711084 193974.1928539444
29802802.9528451897 182177.5364788403
30330079.1992609613 196836.4550926089
30070879.7722407915 190684.1148142368
29785138.7179572880 181985.3473637332
29710680.2986956500 180831.2926473618
29685953.9799886383 177472.5309298038
29690335.2386325374 177472.5815844014
29818570.2329318635 182596.5091813374
30055430.1834792159 190118.2667884827
31532071.4430905357 210875.1395568848
29692798.8773767203 177715.1792615727
29701204.6570408866 180745.5354319215
30048473.6696975268 190112.2286188323
30739972.4221488647 206276.3430480957
31412642.8759230077 210855.1610412598
36060202.7841643989 221544.6000976562
31592729.2679243647 211047.8492736816
30142321.8890502416 192808.2078232467
30656169.0786937550 203117.5130844116
30847273.2438940667 206635.9963455200
30182118.9738386050 192856.7238914371
32659428.6408475190 213752.4019317627
29861979.9764047116 185203.1753244069
30598272.6875035651 203014.5563592911
29631468.9950840138 173327.7961795330
29672043.7861738615 177304.9381105900
30767974.0051996447 206397.7932205200
30585272.4255600162 202594.4060440063
29902657.6751292050 186118.9943533111
30156311.3132588379 192845.1198875308
30058130.9249769077 190228.9906820804
30254267.9182770401 194778.1909437180
31207844.7517303340 207410.2678527832
29987188.3880180195 188852.8242332339
31341617.6945080981 210537.0085754395
29852931.2292644903 184854.2493173480
30163396.8271245360 192852.2829734683
29841372.3934497014 184853.5256492496
33916930.8176764026 221202.9355468750
30703014.7319374271 203477.2096328735
29696225.5407780558 177790.9732367396
30548275.4761280455 202020.8067731857
30157001.4063864313 192851.3183738589
31015221.2280841321 206683.6584548950
29663094.8979563899 177254.0965182781
30142738.3153498396 192844.1552879214
32611175.7709767073 213598.8211212158
30265888.0570373535 194929.6280031204
30405787.9115754776 198477.1628675461
30098884.6099627577 190725.2928209305
29834976.9727115966 184852.5610496402
29875577.5070666075 185356.9360486865
29800028.2739191316 182132.5684610177
29980792.9672799148 188851.8596336246
32994448.3559446074 217882.1373901367
30189031.5397735201 193506.3237252235
29705585.9156847857 180748.9603953958
29645439.7839445621 173815.2857272625
30307088.9214538932 196713.8354378939
30135531.5928989388 192769.1836292297
29634618.9868478104 173629.2311654687
30428842.0067984536 198977.8107938766
30128869.6983392984 192730.3774527907
30414185.8514859304 198975.3630399704
32837608.9305635989 213828.7920684814
29676425.0448177606 177308.3630740643
29971526.6723024659 188764.6288329959
31079116.1350895539 206686.5507888794
29956540.6092926711 187035.9464578182
29679712.9305044189 177309.5802370906
30238787.7541520745 194706.2594170570
30758183.0438553952 206279.9672622681
30557439.8555882424 202473.6455030441
29667476.1566002928 177257.5214817524
30071784.3070774786 190689.2224802524
30203727.9779277928 193976.6332578659
30233950.7185366079 194570.2297410518
30026878.7996579930 189465.7413328133
32979078.4903976955 214153.0285644531
29868104.3107941709 185244.1228131652
29616954.7519599088 169743.1681328416
30029931.7106847987 189945.8277921844
29764877.9987298734 181424.8775856569
31243906.7758853585 209822.4129943848
30011429.5300919712 189177.9247040455
29809303.9379544109 182561.4155356605
30247182.4044113383 194771.0278577805
30206428.7194254845 194058.7907175571
34921344.2666949779 221402.8171386719
29872706.6328272633 185270.6698476672
30218769.6754813083 194214.5418085605
34239556.8609476089 221282.4594726562
29911055.6150396615 186575.4738502670
29930570.6345422566 186590.6203107387
31115201.8563875854 206901.8040695190
30390436.4085136503 198269.3103208542
31144766.9265975580 206915.5460128784
30394167.7728151642 198296.3471860886
29639000.2454917133 173629.3189295679
30198900.3875755481 193621.4849928125
29751965.2227588370 181312.5291023254
29884115.7161164731 185953.7170906235
30211684.1616156027 194207.3787226230
29832106.0984722525 184766.2948486209
31218978.0884758644 209154.8915100098
30118768.4943930283 191433.7150707413
29631786.4018439837 173410.8290622234
34788307.2418116853 221315.5563964844
29878188.5116299093 185435.2804176882
29893391.3801517561 185989.3706669975
29825710.6777341478 184765.3302490115
29782364.0390312299 181940.3793459106
29966924.3502693698 188738.0817984939
30028627.0056594759 189724.9662033487
29945838.1044373885 186740.7928580642
30034605.0526869744 189984.3637523819
34613938.5162747204 221301.3227539062
29661121.9269287996 176847.3007893562
29936512.4707722478 186725.2321500946
30039207.3747200742 189986.0104694534
34030520.1745228991 221217.3122558594
31233044.5555398799 209327.8260803223
33602373.6042310894 221050.6271972656
30185375.9429822788 193167.4004128277
30186108.2100687735 193356.1128420982
29779197.2392326891 181724.7395371199
30020619.0177829899 189328.3866761327
29684045.1445854269 177384.2920441031
31303048.7453158461 209938.0679321289
31287192.1306845248 209884.0844039917
29647623.9182388037 173974.1226946712
29658993.9631373100 174014.6197116375
29652005.1768827029 173974.2901091874
29622520.1068665348 173276.9545872211
29641062.0658792704 173810.5208784938
29619222.4898587577 170159.4465014338
32506280.3454934061 212781.8895263672
