9855217.8330119625 48.3110826015
9894731.2049900386 50.9040126801
9841266.1519098319 44.7266155779
9850417.8333306052 47.7276048819
9879829.7070596330 50.3750768304
9846829.3039812818 45.0369320989
9843455.2478719279 44.8973184265
9876324.3777755555 48.3755175471
9872363.8591184486 48.3655769229
9923333.9983937144 50.9276051521
9925249.1955763698 53.1368994713
9971648.5276008584 53.1534497738
9835213.0193697624 44.4481894746
9972199.3124327920 53.1671028137
9879519.2386901081 50.3551353514
9972526.7139705326 53.1770434380
9841066.4054343291 44.5950692827
9881775.3049411848 50.5340287685
9996203.8126034364 53.3940751553
10003892.7112621143 53.5304758549
10132675.4574541003 53.7650463581
9832733.7047996335 41.9106059164
9877430.9496980440 48.3956596851
9981980.2951037567 53.2131190300
