36581259.2756583989 3011551.0117187500
30626761.8865056671 2980105.4707031250
37592665.7991043180 3011591.0703125000
30627976.9694525599 2980493.4140625000
30825661.0716915429 2990792.5937500000
31161542.7996489108 3004644.5351562500
29748897.7479326725 2887556.5117187500
30247085.4088056274 2951775.7031250000
30410085.9904136658 2965426.8691406250
29637267.6000400260 2855536.3320312500
30549144.4252141379 2974934.4101562500
29956408.0622338951 2923416.1171875000
37876550.5363362730 3011608.1621093750
29984012.4870612621 2925343.0781250000
30370743.7231841013 2962220.3984375000
29818313.6566593871 2900882.0039062500
29520843.5124452338 2778262.3593750000
30351018.9021461979 2960646.8398437500
30332187.9537706301 2959071.1796875000
29770214.5162729956 2890534.1679687500
29811206.3635793775 2899759.9511718750
29599380.7219156735 2833628.1875000000
30725742.6920525059 2987658.1503906250
31280082.4606748521 3006634.5000000000
30004363.8028156310 2929519.8007812500
30832386.6519384570 2990795.4179687500
30510126.5374927260 2970746.8437500000
31126409.1258591078 3004629.5195312500
29528595.0819497257 2779711.5136718750
29730434.9357853159 2884747.7304687500
30041603.6696809866 2931832.5410156250
29568181.5132996179 2818333.4355468750
29790187.1535954438 2897601.0683593750
30943804.5863250978 2995717.6718750000
30017084.3821240924 2931521.8886718750
30911557.6079978347 2995701.9824218750
30243727.4608661756 2950474.9960937500
29940078.7258866653 2918849.3417968750
29835987.0219580755 2904984.0039062500
31125583.2725440189 3004598.1621093750
30703569.4063347727 2983978.5996093750
29531052.5189809725 2785678.0937500000
29784705.8351301923 2896196.9375000000
30540889.5772665963 2973458.0820312500
30328983.5912616402 2957483.1796875000
30262142.3539310992 2952898.3671875000
30971045.2904166505 2997775.7402343750
30949911.9930053800 2995717.7109375000
29953640.0449737161 2920385.1035156250
30917665.0146781169 2995702.0214843750
31077767.5506713539 3000087.5605468750
29713794.7230660953 2881707.0742187500
32458005.4033124857 3011340.0839843750
30141598.4535530582 2942278.5253906250
30122151.3482756354 2940270.1562500000
29614369.1073802672 2845871.0898437500
29546868.8652570955 2809841.2910156250
31258393.4414512701 3006606.9453125000
30659328.0530631803 2982815.3730468750
30845142.9690085053 2990858.6015625000
30318929.6535134800 2955353.5605468750
30885766.9276769869 2992869.4511718750
31273975.0539945662 3006634.4726562500
30542692.7040502392 2973458.3789062500
30738499.0091225505 2987721.3339843750
31027340.4903507307 2999749.6796875000
30194487.7941345349 2946801.7929687500
30211027.8964907303 2948018.1289062500
29610008.6372458488 2845510.9414062500
34951478.6048249304 3011460.2285156250
30744606.4158028476 2987721.3730468750
29892082.8355363049 2915474.8847656250
30989124.2916913778 2998445.5078125000
32464877.2186213322 3011351.9375000000
29555188.6054544002 2809993.5820312500
30195210.7842282616 2947299.1035156250
29801332.7107223123 2898804.6933593750
29771207.7906734236 2894017.6542968750
29584746.4360338226 2821582.9140625000
30323779.2269768566 2955824.9179687500
30475957.3421496712 2969008.5527343750
31021371.2700186446 2998461.1972656250
30452407.0673452467 2966653.4511718750
29536199.1000139602 2793893.2500000000
30971450.6665383615 2997778.0312500000
30034869.2348373830 2931673.2226562500
29608051.1138470843 2843477.5273437500
29863291.5687383339 2912082.7265625000
29828938.4989810772 2902390.3027343750
29966089.4213869758 2924156.9804687500
30102415.0764338039 2939614.0195312500
30511988.7921185195 2970950.7636718750
37837931.2163529694 3011602.7324218750
31422761.0574557744 3011200.5898437500
29842682.3762692176 2908345.6386718750
31663733.7752035744 3011262.8359375000
32013315.8821739256 3011296.4101562500
30779090.8503938168 2988880.2578125000
31252693.1257795282 3004689.5429687500
29969271.2332699522 2924176.2597656250
29764032.5327080153 2888581.9492187500
31130841.6628808901 3004629.9609375000
30423619.9676613994 2966261.0058593750
29753676.0609290525 2887980.3300781250
30771180.3169298805 2988879.9921875000
29963310.8058206290 2923891.4628906250
31188609.0361869112 3004660.8417968750
29595118.1450039372 2830411.2402343750
29767158.0508549884 2889837.3007812500
29708905.6290723979 2879943.5214843750
30503385.3289749771 2970460.9218750000
29939357.2760219462 2918691.6210937500
29993065.5383435041 2928250.6074218750
30260267.2492782623 2952897.9023437500
30327108.4866087958 2957482.7246093750
30297532.6767672673 2955338.5507812500
30295720.0255690143 2955107.8300781250
35937455.5886825770 3011504.4492187500
29558847.1370646469 2810402.8046875000
30205702.5843463019 2947823.5976562500
30297460.6988980807 2955338.4160156250
30146430.5204544067 2942888.8476562500
30349143.7974933535 2960646.3867187500
30343486.2182427570 2959906.3242187500
29612160.2516749278 2845832.0800781250
29972064.9466853291 2925041.1660156250
29633763.5449849814 2850064.0058593750
30266052.1854989529 2953163.3261718750
30985624.8165993690 2997786.8046875000
30200217.3512543291 2947541.9902343750
31118129.2528249696 3000138.7714843750
30290174.5301845521 2954414.6640625000
29539301.2412048057 2799898.6738281250
29986365.2294568121 2927484.5214843750
29879374.0398725420 2912105.2851562500
30349215.7753625512 2960646.5156250000
30046989.1942345090 2933992.4765625000
30076801.9842796326 2935962.8593750000
31328873.2248132043 3011150.0703125000
30128765.8598829545 2941781.3496093750
30295792.0034382120 2955107.9667968750
30043452.9401935153 2933184.8183593750
31034750.6149972230 2999751.4609375000
29993202.3634345904 2929254.7421875000
30833582.9235442467 2990854.0175781250
29702871.7297664583 2872956.0683593750
30879182.9166243225 2992814.6152343750
30896720.1179634072 2992932.3925781250
29594132.2596746534 2822960.3867187500
34934450.7832330093 3011459.4179687500
29825719.3751985058 2901618.5703125000
29956179.8330521509 2922969.8320312500
29617522.8388942964 2846819.4550781250
30904630.6514273286 2992932.6679687500
30260339.2271474525 2952898.0390625000
31299193.9290906042 3006650.5175781250
29954587.6963944845 2921105.9023437500
29632071.5264478810 2849513.2167968750
30327653.4428661205 2957483.0078125000
30111340.8030392341 2939794.0175781250
29906670.9240109026 2916368.5410156250
30279036.6674680337 2953809.2558593750
30405078.5011210293 2963838.5585937500
29567074.3428212777 2812702.3867187500
30188919.0867822096 2946706.8496093750
30337917.5108904243 2959811.3691406250
30230168.5210724622 2949740.8457031250
30219007.0816914290 2949396.5625000000
29654966.0867299251 2858200.1503906250
30886963.1992827766 2992928.0488281250
30851250.3756887987 2990858.6328125000
30279509.6458561607 2953809.4121093750
30327180.4644779935 2957482.8554687500
30759813.7790990807 2988117.3359375000
30081946.9310787171 2936268.8281250000
31326433.3883547187 3006666.1601562500
29681353.9477636479 2867742.6191406250
30099459.3005558588 2936603.0976562500
29534282.2224819474 2789330.4570312500
30898523.2447470389 2992932.6347656250
30100042.5385671109 2938958.8750000000
30820826.6064741947 2990789.9687500000
30141291.9728573710 2941992.7792968750
29845002.3422834389 2909029.5468750000
29604269.0038745925 2839501.5039062500
32841514.6086394414 3011367.0605468750
30249040.9626753330 2952062.8828125000
30138501.3084425777 2941783.6621093750
30680711.0963983834 2982961.1210937500
30249513.9410634562 2952063.0390625000
30470119.8312108554 2968070.1523437500
30806375.3679993749 2989018.1992187500
30692009.3608705029 2983973.1503906250
29688947.0503636897 2872204.0039062500
32219847.4845324904 3011317.9648437500
32139686.2399671674 3011313.3710937500
31071660.1439910680 3000087.5332031250
29970572.8966651335 2924404.5976562500
31412252.6828336753 3011186.2656250000
29971591.9501261637 2924946.9023437500
37674285.8235328645 3011601.3300781250
29787378.9202899002 2896325.8554687500
30076940.3640526459 2936025.9492187500
31139778.8520960733 3004643.5214843750
30168940.2102487423 2945595.4921875000
30088101.8034336865 2936370.1406250000
30520050.9568149187 2971715.0253906250
30063437.7425878942 2934467.1562500000
30491225.5042583346 2969775.0566406250
30176036.4701915421 2946204.1347656250
30531132.6585859731 2973451.3085937500
30647768.0075989105 2982809.9277343750
29603660.1374096088 2834703.2871093750
30551607.5356862508 2975144.3359375000
29685911.9525502846 2870500.3320312500
29916395.1094560064 2916565.0371093750
30959051.3486721069 2995751.9140625000
31956803.4354364276 3011291.8457031250
31103907.1223183312 3000103.2226562500
30592348.3495025076 2979249.0019531250
31102103.9955346882 3000102.9863281250
30454376.9241761714 2967139.4570312500
30787511.6442490369 2988954.9765625000
29584612.9425623417 2819901.0117187500
32115248.8497860543 3011306.2500000000
31298196.2241255492 3006641.0644531250
29931773.9926806688 2918084.6757812500
34655066.9129865244 3011442.7988281250
30571012.2731891088 2977562.8652343750
29578559.8896816112 2818355.7890625000
30505578.6320537739 2970556.1835937500
31471538.1330539770 3011215.5058593750
37114523.4540394545 3011568.2753906250
33005239.8901608773 3011390.7851562500
29947057.7121508084 2919910.8828125000
32947857.8896336518 3011367.3964843750
33000653.2988685630 3011387.9960937500
29673276.2822637632 2867490.1777343750
30964937.8837363608 2997775.7011718750
30769984.0453240946 2988821.3964843750
37295829.8613820672 3011568.5156250000
36363717.1165054142 3011508.4296875000
36425492.0851095766 3011518.1796875000
36947083.5448774844 3011551.5937500000
35247289.0499908701 3011491.5898437500
30963134.7569527254 2997775.4550781250
29707748.3149639741 2877040.8632812500
30585365.4009845480 2978344.0449218750
37308376.1324011534 3011589.5371093750
31069857.0172074251 3000087.2968750000
37055934.7553008497 3011561.1816406250
29970716.0664238185 2924543.3945312500
29683932.0429543033 2868611.8710937500
34540272.6269867122 3011441.6054687500
34956371.5520878732 3011460.7441406250
31610211.5325237401 3011223.8984375000
30166975.8626157269 2942974.1171875000
30782740.3623941466 2988884.5800781250
34845100.4371953756 3011455.9062500000
37036954.0780953169 3011558.5371093750
36349121.9834891260 3011508.2734375000
30781601.6387057304 2988884.0429687500
29743036.8936866559 2886293.1542968750
36111943.4312930778 3011505.3144531250
29830513.8608919829 2902459.1035156250
36492397.8594476730 3011542.3710937500
36431092.9997165948 3011523.7167968750
37006619.2908769995 3011556.8906250000
32781183.9981421158 3011363.0332031250
37598438.4969737828 3011600.8535156250
34686872.0442780629 3011453.1347656250
29889025.9155122526 2914270.4023437500
29883105.5140713863 2913070.9355468750
30449926.8838175684 2966472.1562500000
33415322.6708722897 3011409.6445312500
29855328.3761005476 2909458.4941406250
31899757.8874321766 3011283.8535156250
32057376.4406223707 3011302.6250000000
33871468.8413862735 3011417.9570312500
33807848.7311790287 3011416.2382812500
29799688.0850251801 2898567.5156250000
34232272.4400536269 3011437.0371093750
32312075.5787978321 3011331.1816406250
34368754.3059779331 3011439.6503906250
33399891.3695775755 3011399.1171875000
34199925.5068130791 3011426.9628906250
32160977.2418159582 3011313.4785156250
35013081.1782130599 3011460.8964843750
33927971.4276491776 3011424.2910156250
