121235.4325931398 122017.8726389364
121593.4420925074 122017.8726389364
121879.8496920015 122017.8726389364
122166.2572914956 122017.8726389364
121879.8496920015 121946.4465383534
122237.8591913691 121946.4465383534
121020.6268935192 121875.0204377704
121378.6363928868 121875.0204377704
121665.0439923809 121875.0204377704
121808.2477921280 121875.0204377704
121879.8496920015 121875.0204377704
121951.4515918750 121875.0204377704
122094.6553916221 121875.0204377704
121879.8496920015 121803.5943371874
122094.6553916221 121803.5943371874

121879.8496920015 122017.8726389364
121736.6458922545 121946.4465383534
121808.2477921280 121946.4465383534
121879.8496920015 121946.4465383534
121951.4515918750 121946.4465383534
122023.0534917486 121946.4465383534
121736.6458922545 121875.0204377704
121808.2477921280 121875.0204377704
121879.8496920015 121875.0204377704
121951.4515918750 121875.0204377704
122023.0534917486 121875.0204377704
122094.6553916221 121875.0204377704
121951.4515918750 121803.5943371874
121879.8496920015 121803.5943371874
121665.0439923809 121875.0204377704

121879.8496920015 122017.8726389364
121593.4420925074 121946.4465383534
121879.8496920015 121946.4465383534
121951.4515918750 121946.4465383534
122023.0534917486 121946.4465383534
122023.0534917486 121803.5943371874
121951.4515918750 121803.5943371874
121879.8496920015 121803.5943371874
122094.6553916221 121875.0204377704
122023.0534917486 121875.0204377704
121951.4515918750 121875.0204377704
121879.8496920015 121875.0204377704
121808.2477921280 121875.0204377704
121665.0439923809 121875.0204377704
122094.6553916221 121946.4465383534

122023.0534917486 121803.5943371874
122166.2572914956 121803.5943371874
121879.8496920015 121803.5943371874
122094.6553916221 121875.0204377704
121951.4515918750 121875.0204377704
121879.8496920015 121875.0204377704
121808.2477921280 121875.0204377704
121665.0439923809 121875.0204377704
121378.6363928868 121875.0204377704
121020.6268935192 121875.0204377704
122237.8591913691 121946.4465383534
121879.8496920015 121946.4465383534
122166.2572914956 122017.8726389364
121879.8496920015 122017.8726389364
121593.4420925074 122017.8726389364

121593.4420925074 122017.8726389364
121879.8496920015 122017.8726389364
122166.2572914956 122017.8726389364
121808.2477921280 121946.4465383534
121879.8496920015 121946.4465383534
122237.8591913691 121946.4465383534
121378.6363928868 121875.0204377704
121665.0439923809 121875.0204377704
122094.6553916221 121803.5943371874
122023.0534917486 121803.5943371874
121951.4515918750 121803.5943371874
121879.8496920015 121803.5943371874
122023.0534917486 121875.0204377704
121951.4515918750 121875.0204377704
121879.8496920015 121875.0204377704

121879.8496920015 122017.8726389364
121736.6458922545 121946.4465383534
121808.2477921280 121946.4465383534
121879.8496920015 121946.4465383534
121951.4515918750 121946.4465383534
122023.0534917486 121946.4465383534
121665.0439923809 121875.0204377704
121736.6458922545 121875.0204377704
121808.2477921280 121875.0204377704
121879.8496920015 121875.0204377704
121951.4515918750 121875.0204377704
122023.0534917486 121875.0204377704
121951.4515918750 122017.8726389364
121879.8496920015 121803.5943371874
121951.4515918750 121803.5943371874

121879.8496920015 122017.8726389364
121736.6458922545 121946.4465383534
121808.2477921280 121946.4465383534
121879.8496920015 121946.4465383534
121951.4515918750 121946.4465383534
122023.0534917486 121946.4465383534
121736.6458922545 121875.0204377704
121808.2477921280 121875.0204377704
121879.8496920015 121875.0204377704
121951.4515918750 121875.0204377704
122023.0534917486 121875.0204377704
122094.6553916221 121875.0204377704
122381.0629911162 121875.0204377704
121951.4515918750 121803.5943371874
122023.0534917486 121803.5943371874

121879.8496920015 122017.8726389364
122166.2572914956 122017.8726389364
121736.6458922545 121946.4465383534
121808.2477921280 121946.4465383534
121879.8496920015 121946.4465383534
122237.8591913691 121946.4465383534
121378.6363928868 121875.0204377704
121665.0439923809 121875.0204377704
121808.2477921280 121875.0204377704
121879.8496920015 121875.0204377704
121951.4515918750 121875.0204377704
122023.0534917486 121875.0204377704
122094.6553916221 121875.0204377704
122023.0534917486 121803.5943371874
121951.4515918750 121803.5943371874

121593.4420925074 122017.8726389364
121879.8496920015 122017.8726389364
122166.2572914956 122017.8726389364
121808.2477921280 121946.4465383534
121879.8496920015 121946.4465383534
122237.8591913691 121946.4465383534
121665.0439923809 121875.0204377704
121808.2477921280 121875.0204377704
121879.8496920015 121875.0204377704
121951.4515918750 121875.0204377704
122023.0534917486 121875.0204377704
121593.4420925074 121875.0204377704
121951.4515918750 121803.5943371874
122023.0534917486 121803.5943371874
122094.6553916221 121803.5943371874

121593.4420925074 122017.8726389364
121879.8496920015 122017.8726389364
122166.2572914956 122017.8726389364
121808.2477921280 121946.4465383534
121879.8496920015 121946.4465383534
122237.8591913691 121946.4465383534
122094.6553916221 121803.5943371874
122023.0534917486 121803.5943371874
121951.4515918750 121803.5943371874
121879.8496920015 121803.5943371874
122023.0534917486 121875.0204377704
121951.4515918750 121875.0204377704
121879.8496920015 121875.0204377704
121808.2477921280 121875.0204377704
121665.0439923809 121875.0204377704

121235.4325931398 122017.8726389364
121593.4420925074 122017.8726389364
121879.8496920015 122017.8726389364
122166.2572914956 122017.8726389364
121879.8496920015 121946.4465383534
122237.8591913691 121946.4465383534
121020.6268935192 121875.0204377704
121378.6363928868 121875.0204377704
121665.0439923809 121875.0204377704
121808.2477921280 121875.0204377704
121879.8496920015 121875.0204377704
121951.4515918750 121875.0204377704
120949.0249936457 115732.3757876309
121879.8496920015 121803.5943371874
122166.2572914956 121803.5943371874

121879.8496920015 122017.8726389364
121736.6458922545 121946.4465383534
121808.2477921280 121946.4465383534
121879.8496920015 121946.4465383534
121951.4515918750 121946.4465383534
122023.0534917486 121946.4465383534
121665.0439923809 121875.0204377704
121736.6458922545 121875.0204377704
121808.2477921280 121875.0204377704
121879.8496920015 121875.0204377704
121951.4515918750 121875.0204377704
122023.0534917486 121875.0204377704
122094.6553916221 121875.0204377704
121879.8496920015 121803.5943371874
121450.2382927604 121946.4465383534

121235.4325931398 122017.8726389364
121593.4420925074 122017.8726389364
121879.8496920015 122017.8726389364
122166.2572914956 122017.8726389364
121808.2477921280 121946.4465383534
121879.8496920015 121946.4465383534
122237.8591913691 121946.4465383534
121020.6268935192 121875.0204377704
121378.6363928868 121875.0204377704
121665.0439923809 121875.0204377704
121808.2477921280 121875.0204377704
121879.8496920015 121875.0204377704
121951.4515918750 121875.0204377704
123240.2857895985 121589.3160354383
121879.8496920015 121803.5943371874

121879.8496920015 122017.8726389364
122166.2572914956 122017.8726389364
121593.4420925074 121946.4465383534
121450.2382927604 121803.5943371874
121808.2477921280 121946.4465383534
121879.8496920015 121946.4465383534
121808.2477921280 121875.0204377704
121879.8496920015 121875.0204377704
121951.4515918750 121875.0204377704
122023.0534917486 121875.0204377704
121808.2477921280 121803.5943371874
121879.8496920015 121803.5943371874
121951.4515918750 121803.5943371874
122023.0534917486 121803.5943371874
122094.6553916221 121803.5943371874

121235.4325931398 122017.8726389364
121593.4420925074 122017.8726389364
121879.8496920015 122017.8726389364
122166.2572914956 122017.8726389364
121808.2477921280 121946.4465383534
121879.8496920015 121946.4465383534
122237.8591913691 121946.4465383534
121378.6363928868 121875.0204377704
121665.0439923809 121875.0204377704
121808.2477921280 121875.0204377704
121879.8496920015 121875.0204377704
121951.4515918750 121875.0204377704
122094.6553916221 121875.0204377704
121879.8496920015 121803.5943371874
121020.6268935192 121875.0204377704

121879.8496920015 122017.8726389364
121593.4420925074 121946.4465383534
121808.2477921280 121946.4465383534
121879.8496920015 121946.4465383534
121951.4515918750 121946.4465383534
122023.0534917486 121946.4465383534
122381.0629911162 121946.4465383534
121808.2477921280 121875.0204377704
121879.8496920015 121875.0204377704
121951.4515918750 121875.0204377704
122023.0534917486 121875.0204377704
122094.6553916221 121875.0204377704
121879.8496920015 121803.5943371874
121951.4515918750 121803.5943371874
122023.0534917486 121803.5943371874

121736.6458922545 121946.4465383534
121808.2477921280 121946.4465383534
121879.8496920015 121946.4465383534
121951.4515918750 121946.4465383534
122023.0534917486 121946.4465383534
122023.0534917486 122017.8726389364
121736.6458922545 121875.0204377704
121808.2477921280 121875.0204377704
121879.8496920015 121875.0204377704
121951.4515918750 121875.0204377704
122023.0534917486 121875.0204377704
122094.6553916221 121875.0204377704
121879.8496920015 121803.5943371874
121951.4515918750 121803.5943371874
122023.0534917486 121803.5943371874

121879.8496920015 122017.8726389364
121593.4420925074 121946.4465383534
121808.2477921280 121946.4465383534
121879.8496920015 121946.4465383534
121951.4515918750 121946.4465383534
122023.0534917486 121946.4465383534
121736.6458922545 121875.0204377704
121808.2477921280 121875.0204377704
121879.8496920015 121875.0204377704
121951.4515918750 121875.0204377704
122023.0534917486 121875.0204377704
122094.6553916221 121875.0204377704
122309.4610912427 121946.4465383534
121951.4515918750 121803.5943371874
122023.0534917486 121803.5943371874

121879.8496920015 122017.8726389364
121736.6458922545 121946.4465383534
121808.2477921280 121946.4465383534
121879.8496920015 121946.4465383534
121951.4515918750 121946.4465383534
122023.0534917486 121946.4465383534
122023.0534917486 121803.5943371874
121736.6458922545 121875.0204377704
121808.2477921280 121875.0204377704
121879.8496920015 121875.0204377704
121951.4515918750 121875.0204377704
122023.0534917486 121875.0204377704
122094.6553916221 121875.0204377704
121879.8496920015 121803.5943371874
121951.4515918750 121803.5943371874

121879.8496920015 122017.8726389364
121593.4420925074 121946.4465383534
121808.2477921280 121946.4465383534
121879.8496920015 121946.4465383534
121951.4515918750 121946.4465383534
122023.0534917486 121946.4465383534
121736.6458922545 121875.0204377704
121808.2477921280 121875.0204377704
121879.8496920015 121875.0204377704
121951.4515918750 121875.0204377704
122023.0534917486 121875.0204377704
122094.6553916221 121875.0204377704
121879.8496920015 121803.5943371874
121951.4515918750 121803.5943371874
121593.4420925074 121803.5943371874

121593.4420925074 122017.8726389364
121879.8496920015 122017.8726389364
122166.2572914956 122017.8726389364
121808.2477921280 121946.4465383534
121879.8496920015 121946.4465383534
122237.8591913691 121946.4465383534
121665.0439923809 121875.0204377704
121808.2477921280 121875.0204377704
121879.8496920015 121875.0204377704
121951.4515918750 121875.0204377704
122023.0534917486 121875.0204377704
122094.6553916221 121875.0204377704
122023.0534917486 121803.5943371874
121951.4515918750 121803.5943371874
121879.8496920015 121803.5943371874

122023.0534917486 121803.5943371874
121736.6458922545 121946.4465383534
121808.2477921280 121946.4465383534
121879.8496920015 121946.4465383534
121951.4515918750 121946.4465383534
122023.0534917486 121946.4465383534
122094.6553916221 121946.4465383534
121736.6458922545 121875.0204377704
121808.2477921280 121875.0204377704
121879.8496920015 121875.0204377704
121951.4515918750 121875.0204377704
122023.0534917486 121875.0204377704
122094.6553916221 121875.0204377704
121879.8496920015 121803.5943371874
121951.4515918750 121803.5943371874

121879.8496920015 122017.8726389364
121593.4420925074 121946.4465383534
121808.2477921280 121946.4465383534
121879.8496920015 121946.4465383534
121951.4515918750 121946.4465383534
122023.0534917486 121946.4465383534
121736.6458922545 121875.0204377704
121808.2477921280 121875.0204377704
121879.8496920015 121875.0204377704
121951.4515918750 121875.0204377704
122023.0534917486 121875.0204377704
122094.6553916221 121875.0204377704
121951.4515918750 121803.5943371874
121879.8496920015 121803.5943371874
121665.0439923809 121875.0204377704

121593.4420925074 122017.8726389364
121879.8496920015 122017.8726389364
122166.2572914956 122017.8726389364
121808.2477921280 121946.4465383534
121879.8496920015 121946.4465383534
122237.8591913691 121946.4465383534
121378.6363928868 121875.0204377704
121665.0439923809 121875.0204377704
121808.2477921280 121875.0204377704
121879.8496920015 121875.0204377704
121951.4515918750 121875.0204377704
121235.4325931398 122017.8726389364
122094.6553916221 121875.0204377704
121879.8496920015 121803.5943371874
121951.4515918750 121803.5943371874

121879.8496920015 122017.8726389364
121593.4420925074 121946.4465383534
121808.2477921280 121946.4465383534
121879.8496920015 121946.4465383534
121951.4515918750 121946.4465383534
122023.0534917486 121946.4465383534
121736.6458922545 121875.0204377704
121808.2477921280 121875.0204377704
121879.8496920015 121875.0204377704
121951.4515918750 121875.0204377704
122023.0534917486 121875.0204377704
122094.6553916221 121875.0204377704
122023.0534917486 121803.5943371874
121951.4515918750 121803.5943371874
121879.8496920015 121803.5943371874

121879.8496920015 122017.8726389364
121593.4420925074 121946.4465383534
121808.2477921280 121946.4465383534
121879.8496920015 121946.4465383534
121951.4515918750 121946.4465383534
122023.0534917486 121946.4465383534
122023.0534917486 121803.5943371874
121951.4515918750 121803.5943371874
121879.8496920015 121803.5943371874
122094.6553916221 121875.0204377704
122023.0534917486 121875.0204377704
121951.4515918750 121875.0204377704
121879.8496920015 121875.0204377704
121808.2477921280 121875.0204377704
121665.0439923809 121875.0204377704

121593.4420925074 122017.8726389364
121879.8496920015 122017.8726389364
122166.2572914956 122017.8726389364
121307.0344930133 121946.4465383534
122953.8781901044 121517.8899348553
122237.8591913691 121946.4465383534
122309.4610912427 121946.4465383534
121020.6268935192 121875.0204377704
121808.2477921280 121875.0204377704
121879.8496920015 121875.0204377704
121521.8401926339 121803.5943371874
121808.2477921280 121803.5943371874
121879.8496920015 121803.5943371874
121951.4515918750 121803.5943371874
122023.0534917486 121803.5943371874

121879.8496920015 122017.8726389364
122166.2572914956 122017.8726389364
121808.2477921280 121946.4465383534
121879.8496920015 121946.4465383534
122237.8591913691 121946.4465383534
121378.6363928868 121875.0204377704
121665.0439923809 121875.0204377704
121808.2477921280 121875.0204377704
121879.8496920015 121875.0204377704
121951.4515918750 121875.0204377704
122023.0534917486 121875.0204377704
122094.6553916221 121875.0204377704
121879.8496920015 121803.5943371874
121951.4515918750 121803.5943371874
122094.6553916221 121803.5943371874

121593.4420925074 122017.8726389364
121879.8496920015 122017.8726389364
122166.2572914956 122017.8726389364
121808.2477921280 121946.4465383534
121879.8496920015 121946.4465383534
122237.8591913691 121946.4465383534
121378.6363928868 121875.0204377704
121808.2477921280 121875.0204377704
121879.8496920015 121875.0204377704
121951.4515918750 121875.0204377704
122023.0534917486 121875.0204377704
121951.4515918750 121803.5943371874
121879.8496920015 121803.5943371874
122094.6553916221 121875.0204377704
121665.0439923809 121875.0204377704

121879.8496920015 122017.8726389364
121736.6458922545 121946.4465383534
121808.2477921280 121946.4465383534
121879.8496920015 121946.4465383534
121951.4515918750 121946.4465383534
122023.0534917486 121946.4465383534
122094.6553916221 121946.4465383534
121808.2477921280 121875.0204377704
121879.8496920015 121875.0204377704
121951.4515918750 121875.0204377704
122023.0534917486 121875.0204377704
122094.6553916221 121875.0204377704
121450.2382927604 121946.4465383534
121879.8496920015 121803.5943371874
121951.4515918750 121803.5943371874

121593.4420925074 122017.8726389364
121879.8496920015 122017.8726389364
122166.2572914956 122017.8726389364
121808.2477921280 121946.4465383534
121879.8496920015 121946.4465383534
122237.8591913691 121946.4465383534
121378.6363928868 121875.0204377704
121808.2477921280 121875.0204377704
121879.8496920015 121875.0204377704
121951.4515918750 121875.0204377704
122023.0534917486 121875.0204377704
122094.6553916221 121803.5943371874
122023.0534917486 121803.5943371874
121951.4515918750 121803.5943371874
121879.8496920015 121803.5943371874

121879.8496920015 122017.8726389364
121593.4420925074 121946.4465383534
121808.2477921280 121946.4465383534
121879.8496920015 121946.4465383534
121951.4515918750 121946.4465383534
122023.0534917486 121946.4465383534
122094.6553916221 121946.4465383534
122023.0534917486 121803.5943371874
121951.4515918750 121803.5943371874
121879.8496920015 121803.5943371874
122094.6553916221 121875.0204377704
122023.0534917486 121875.0204377704
121951.4515918750 121875.0204377704
121879.8496920015 121875.0204377704
121808.2477921280 121875.0204377704

121593.4420925074 122017.8726389364
121879.8496920015 122017.8726389364
122166.2572914956 122017.8726389364
121307.0344930133 121946.4465383534
121879.8496920015 121946.4465383534
122237.8591913691 121946.4465383534
122309.4610912427 121946.4465383534
121020.6268935192 121875.0204377704
121808.2477921280 121875.0204377704
121879.8496920015 121875.0204377704
122094.6553916221 121803.5943371874
122023.0534917486 121803.5943371874
121951.4515918750 121803.5943371874
121879.8496920015 121803.5943371874
121808.2477921280 121803.5943371874

121593.4420925074 122017.8726389364
121879.8496920015 122017.8726389364
122166.2572914956 122017.8726389364
121307.0344930133 121946.4465383534
122094.6553916221 121803.5943371874
122023.0534917486 121803.5943371874
121879.8496920015 121803.5943371874
121808.2477921280 121803.5943371874
122023.0534917486 121875.0204377704
121951.4515918750 121875.0204377704
121879.8496920015 121875.0204377704
121808.2477921280 121875.0204377704
121378.6363928868 121875.0204377704
122237.8591913691 121946.4465383534
121879.8496920015 121946.4465383534

122023.0534917486 122017.8726389364
121736.6458922545 121946.4465383534
121450.2382927604 121946.4465383534
121879.8496920015 121946.4465383534
121951.4515918750 121946.4465383534
122023.0534917486 121946.4465383534
122094.6553916221 121946.4465383534
121808.2477921280 121875.0204377704
121879.8496920015 121875.0204377704
121951.4515918750 121875.0204377704
122023.0534917486 121875.0204377704
122094.6553916221 121875.0204377704
121808.2477921280 121803.5943371874
121879.8496920015 121803.5943371874
121951.4515918750 121803.5943371874

121593.4420925074 122017.8726389364
121879.8496920015 122017.8726389364
122166.2572914956 122017.8726389364
121808.2477921280 121946.4465383534
121879.8496920015 121946.4465383534
122237.8591913691 121946.4465383534
121378.6363928868 121875.0204377704
121808.2477921280 121875.0204377704
121879.8496920015 121875.0204377704
121951.4515918750 121875.0204377704
121163.8306932663 122089.2987395194
121808.2477921280 121803.5943371874
121879.8496920015 121803.5943371874
122023.0534917486 121803.5943371874
122094.6553916221 121803.5943371874

121593.4420925074 122017.8726389364
121879.8496920015 122017.8726389364
122166.2572914956 122017.8726389364
121808.2477921280 121946.4465383534
121879.8496920015 121946.4465383534
122237.8591913691 121946.4465383534
121378.6363928868 121875.0204377704
121808.2477921280 121875.0204377704
121879.8496920015 121875.0204377704
121951.4515918750 121875.0204377704
122023.0534917486 121875.0204377704
121808.2477921280 121803.5943371874
121879.8496920015 121803.5943371874
122023.0534917486 121803.5943371874
121020.6268935192 121946.4465383534

121593.4420925074 122017.8726389364
121879.8496920015 122017.8726389364
122166.2572914956 122017.8726389364
121307.0344930133 121946.4465383534
121879.8496920015 121946.4465383534
122237.8591913691 121946.4465383534
122309.4610912427 121946.4465383534
121020.6268935192 121875.0204377704
121808.2477921280 121875.0204377704
121879.8496920015 121875.0204377704
121521.8401926339 121803.5943371874
121879.8496920015 121803.5943371874
122023.0534917486 121803.5943371874
121879.8496920015 121732.1682366043
122739.0724904838 121589.3160354383

121736.6458922545 122017.8726389364
121879.8496920015 122017.8726389364
122166.2572914956 122017.8726389364
121808.2477921280 121946.4465383534
121879.8496920015 121946.4465383534
122237.8591913691 121946.4465383534
121450.2382927604 121875.0204377704
121808.2477921280 121875.0204377704
121879.8496920015 121875.0204377704
121951.4515918750 121875.0204377704
121808.2477921280 121803.5943371874
121879.8496920015 121803.5943371874
121951.4515918750 121803.5943371874
122023.0534917486 121803.5943371874
122094.6553916221 121803.5943371874

121593.4420925074 122017.8726389364
121879.8496920015 122017.8726389364
122166.2572914956 122017.8726389364
121307.0344930133 121946.4465383534
121879.8496920015 121946.4465383534
122810.6743903574 121446.4638342723
122309.4610912427 121946.4465383534
121020.6268935192 121875.0204377704
121808.2477921280 121875.0204377704
121879.8496920015 121875.0204377704
121521.8401926339 121803.5943371874
121879.8496920015 121803.5943371874
122023.0534917486 121803.5943371874
121879.8496920015 121732.1682366043
122023.0534917486 121732.1682366043

122094.6553916221 121803.5943371874
122023.0534917486 121803.5943371874
121951.4515918750 121803.5943371874
121879.8496920015 121803.5943371874
121808.2477921280 121803.5943371874
121521.8401926339 121803.5943371874
122023.0534917486 121875.0204377704
121951.4515918750 121875.0204377704
121879.8496920015 121875.0204377704
121808.2477921280 121875.0204377704
121879.8496920015 121946.4465383534
121808.2477921280 121946.4465383534
122166.2572914956 122017.8726389364
121879.8496920015 122017.8726389364
121593.4420925074 122017.8726389364

121307.0344930133 121660.7421360213
123097.0819898515 121446.4638342723
124600.7218871955 121232.1855325232
121235.4325931398 121089.3333313572
123240.2857895985 120089.3679231949
132190.5232737893 118160.8632074535
121879.8496920015 121732.1682366043
122023.0534917486 121803.5943371874
121879.8496920015 121803.5943371874
121521.8401926339 121803.5943371874
121235.4325931398 121803.5943371874
121879.8496920015 121875.0204377704
121808.2477921280 121875.0204377704
122309.4610912427 121946.4465383534
122237.8591913691 121946.4465383534

121307.0344930133 121660.7421360213
123097.0819898515 121446.4638342723
124600.7218871955 121232.1855325232
121235.4325931398 121089.3333313572
123240.2857895985 120089.3679231949
122023.0534917486 121732.1682366043
121879.8496920015 121732.1682366043
121736.6458922545 121732.1682366043
122023.0534917486 121803.5943371874
121879.8496920015 121803.5943371874
121521.8401926339 121803.5943371874
121808.2477921280 121875.0204377704
122309.4610912427 121946.4465383534
122237.8591913691 121946.4465383534
122094.6553916221 121946.4465383534

121307.0344930133 121660.7421360213
121951.4515918750 121589.3160354383
123097.0819898515 121446.4638342723
123240.2857895985 120089.3679231949
127822.8073815042 120089.3679231949
122023.0534917486 121732.1682366043
121879.8496920015 121732.1682366043
121736.6458922545 121732.1682366043
122023.0534917486 121803.5943371874
121879.8496920015 121803.5943371874
121521.8401926339 121803.5943371874
121808.2477921280 121875.0204377704
118944.1717971869 115589.5235864648
122237.8591913691 121946.4465383534
122094.6553916221 121946.4465383534

121951.4515918750 121589.3160354383
120018.2002952898 121446.4638342723
123097.0819898515 121446.4638342723
127822.8073815042 120089.3679231949
123884.7028884603 119232.2547161987
123383.4895893456 118446.5676097855
136271.8315665803 117660.8805033724
117798.5413992105 117446.6022016233
135555.8125678451 117446.6022016233
123598.2952889662 117303.7500004573
116796.1148009811 116303.7845922950
122667.4705906103 116089.5062905460
118299.7546983252 115946.6540893799
122381.0629911162 115803.8018882139
119302.1812965546 121160.7594319402

116509.7072014870 114803.8364800516
122381.0629911162 115803.8018882139
118299.7546983252 115946.6540893799
122667.4705906103 116089.5062905460
116796.1148009811 116303.7845922950
123598.2952889662 117303.7500004573
135555.8125678451 117446.6022016233
136271.8315665803 117660.8805033724
117798.5413992105 117446.6022016233
123383.4895893456 118446.5676097855
123884.7028884603 119232.2547161987
127822.8073815042 120089.3679231949
123097.0819898515 121446.4638342723
120018.2002952898 121446.4638342723
121951.4515918750 121589.3160354383

120949.0249936457 122303.5770412685
122023.0534917486 122303.5770412685
121736.6458922545 122232.1509406855
121378.6363928868 122160.7248401024
121736.6458922545 122160.7248401024
121378.6363928868 122089.2987395194
122166.2572914956 122017.8726389364
120805.8211938986 121946.4465383534
121879.8496920015 121946.4465383534
122309.4610912427 121946.4465383534
122381.0629911162 121803.5943371874
121951.4515918750 121732.1682366043
122094.6553916221 121732.1682366043
121951.4515918750 121589.3160354383
122166.2572914956 122589.2814436006

122023.0534917486 121446.4638342723
121951.4515918750 121589.3160354383
121521.8401926339 121660.7421360213
122309.4610912427 121946.4465383534
121879.8496920015 121946.4465383534
120805.8211938986 121946.4465383534
122166.2572914956 122017.8726389364
121521.8401926339 122017.8726389364
121378.6363928868 122089.2987395194
121092.2287933927 122089.2987395194
122094.6553916221 117732.3066039554
121378.6363928868 122160.7248401024
121736.6458922545 122232.1509406855
122023.0534917486 122303.5770412685
120949.0249936457 122303.5770412685

120949.0249936457 122303.5770412685
122023.0534917486 122303.5770412685
121736.6458922545 122232.1509406855
121378.6363928868 122160.7248401024
122882.2762902309 121589.3160354383
121092.2287933927 122089.2987395194
121378.6363928868 122089.2987395194
122094.6553916221 121732.1682366043
122166.2572914956 122017.8726389364
120805.8211938986 121946.4465383534
121879.8496920015 121946.4465383534
122309.4610912427 121946.4465383534
121521.8401926339 121660.7421360213
121951.4515918750 121589.3160354383
122023.0534917486 121446.4638342723

120949.0249936457 122303.5770412685
122023.0534917486 122303.5770412685
121736.6458922545 122232.1509406855
121378.6363928868 122160.7248401024
121736.6458922545 122160.7248401024
121092.2287933927 122089.2987395194
119946.5983954163 115518.0974858818
121521.8401926339 122017.8726389364
122166.2572914956 122017.8726389364
120805.8211938986 121946.4465383534
121879.8496920015 121946.4465383534
122309.4610912427 121946.4465383534
121521.8401926339 121660.7421360213
121951.4515918750 121589.3160354383
122023.0534917486 121446.4638342723

120949.0249936457 122303.5770412685
122023.0534917486 122303.5770412685
120949.0249936457 122160.7248401024
121378.6363928868 122160.7248401024
132405.3289734099 116732.3411957931
121736.6458922545 122160.7248401024
121378.6363928868 122089.2987395194
121521.8401926339 122017.8726389364
120805.8211938986 121946.4465383534
121879.8496920015 121946.4465383534
122309.4610912427 121946.4465383534
121521.8401926339 121660.7421360213
122882.2762902309 121660.7421360213
121951.4515918750 121589.3160354383
122023.0534917486 121446.4638342723

121736.6458922545 122446.4292424345
122023.0534917486 122303.5770412685
120877.4230937721 122160.7248401024
121307.0344930133 122160.7248401024
120805.8211938986 121946.4465383534
121879.8496920015 121946.4465383534
121879.8496920015 121875.0204377704
123741.4990887132 121446.4638342723
121665.0439923809 121303.6116331062
121307.0344930133 121232.1855325232
118371.3565981987 115518.0974858818
120805.8211938986 115660.9496870479
123956.3047883338 118089.4371068704
123240.2857895985 118517.9937103686
124529.1199873220 118946.5503138667

121736.6458922545 122446.4292424345
122023.0534917486 122303.5770412685
121307.0344930133 122160.7248401024
120805.8211938986 121946.4465383534
121879.8496920015 121946.4465383534
121879.8496920015 121875.0204377704
123741.4990887132 121446.4638342723
121665.0439923809 121303.6116331062
121307.0344930133 121232.1855325232
123168.6838897250 120089.3679231949
123240.2857895985 118517.9937103686
125173.5370861837 118303.7154086195
123956.3047883338 118089.4371068704
120805.8211938986 115660.9496870479
121378.6363928868 115875.2279887969

118371.3565981987 115518.0974858818
120805.8211938986 115660.9496870479
118371.3565981987 115946.6540893799
123956.3047883338 118089.4371068704
124600.7218871955 118232.2893080365
123240.2857895985 118517.9937103686
124529.1199873220 118946.5503138667
122667.4705906103 120589.3506272761
121307.0344930133 121232.1855325232
121665.0439923809 121303.6116331062
120805.8211938986 121946.4465383534
121450.2382927604 122089.2987395194
121307.0344930133 122160.7248401024
122023.0534917486 122303.5770412685
125746.3522851719 127017.6996797476

121736.6458922545 122446.4292424345
122023.0534917486 122303.5770412685
121307.0344930133 122160.7248401024
121450.2382927604 122089.2987395194
120805.8211938986 121946.4465383534
121665.0439923809 121303.6116331062
121307.0344930133 121232.1855325232
122667.4705906103 120589.3506272761
124529.1199873220 118946.5503138667
123240.2857895985 118517.9937103686
124600.7218871955 118232.2893080365
123956.3047883338 118089.4371068704
120805.8211938986 115660.9496870479
119158.9774968075 115875.2279887969
118371.3565981987 115946.6540893799

124887.1294866896 118875.1242132836
122023.0534917486 122303.5770412685
121307.0344930133 122160.7248401024
121450.2382927604 122089.2987395194
120805.8211938986 121946.4465383534
121665.0439923809 121303.6116331062
121307.0344930133 121232.1855325232
118371.3565981987 115518.0974858818
120805.8211938986 115660.9496870479
123956.3047883338 118089.4371068704
124600.7218871955 118232.2893080365
123240.2857895985 118517.9937103686
124529.1199873220 118946.5503138667
122023.0534917486 120446.4984261100
122667.4705906103 120589.3506272761

122094.6553916221 122732.1336447666
120161.4040950369 115660.9496870479
120949.0249936457 122160.7248401024
121307.0344930133 122160.7248401024
121235.4325931398 121660.7421360213
120949.0249936457 121232.1855325232
123311.8876894720 121017.9072307742
122667.4705906103 120589.3506272761
124529.1199873220 118946.5503138667
123240.2857895985 118517.9937103686
125173.5370861837 118303.7154086195
124600.7218871955 118232.2893080365
123956.3047883338 118089.4371068704
120805.8211938986 115660.9496870479
118371.3565981987 115946.6540893799

122094.6553916221 122732.1336447666
121307.0344930133 122160.7248401024
121235.4325931398 121660.7421360213
120949.0249936457 121232.1855325232
123383.4895893456 118160.8632074535
122667.4705906103 120589.3506272761
123741.4990887132 120875.0550296081
124887.1294866896 119517.9591185308
124529.1199873220 118946.5503138667
124600.7218871955 118232.2893080365
123956.3047883338 118089.4371068704
122953.8781901044 117303.7500004573
134553.3859696157 117232.3238998742
120591.0154942780 116518.0628940441
118371.3565981987 115946.6540893799

122094.6553916221 122732.1336447666
120376.2097946575 115589.5235864648
120949.0249936457 122160.7248401024
121307.0344930133 122160.7248401024
121235.4325931398 121660.7421360213
120949.0249936457 121232.1855325232
122667.4705906103 120589.3506272761
123311.8876894720 121017.9072307742
124529.1199873220 118946.5503138667
120805.8211938986 115660.9496870479
118371.3565981987 115946.6540893799
122094.6553916221 117732.3066039554
123956.3047883338 118089.4371068704
124600.7218871955 118232.2893080365
123240.2857895985 118517.9937103686

122094.6553916221 122732.1336447666
120949.0249936457 122160.7248401024
121307.0344930133 122160.7248401024
121235.4325931398 121660.7421360213
120949.0249936457 121232.1855325232
122667.4705906103 120589.3506272761
118586.1622978193 116089.5062905460
124529.1199873220 118946.5503138667
123240.2857895985 118517.9937103686
122452.6648909897 118303.7154086195
119373.7831964281 115660.9496870479
118371.3565981987 115946.6540893799
120447.8116945310 116018.0801899629
120591.0154942780 116518.0628940441
122094.6553916221 117732.3066039554

122094.6553916221 122732.1336447666
119373.7831964281 115660.9496870479
118371.3565981987 115946.6540893799
120447.8116945310 116018.0801899629
120591.0154942780 116518.0628940441
134052.1726705010 117018.0455981252
122094.6553916221 117732.3066039554
123240.2857895985 118517.9937103686
124529.1199873220 118946.5503138667
126319.1674841602 120446.4984261100
122667.4705906103 120589.3506272761
120949.0249936457 121232.1855325232
121235.4325931398 121660.7421360213
121307.0344930133 122160.7248401024
120949.0249936457 122160.7248401024

132978.1441723981 117089.4716987082
121307.0344930133 122160.7248401024
121235.4325931398 121660.7421360213
120949.0249936457 121232.1855325232
122667.4705906103 120589.3506272761
122309.4610912427 120089.3679231949
124887.1294866896 119517.9591185308
124529.1199873220 118946.5503138667
122094.6553916221 117732.3066039554
118371.3565981987 115946.6540893799
122953.8781901044 117303.7500004573
134553.3859696157 117232.3238998742
134052.1726705010 117018.0455981252
120591.0154942780 116518.0628940441
120447.8116945310 116018.0801899629

122094.6553916221 122732.1336447666
121307.0344930133 122160.7248401024
121235.4325931398 121660.7421360213
120949.0249936457 121232.1855325232
122667.4705906103 120589.3506272761
115292.4749036371 117303.7500004573
124887.1294866896 119517.9591185308
118371.3565981987 115946.6540893799
120447.8116945310 116018.0801899629
120591.0154942780 116518.0628940441
134052.1726705010 117018.0455981252
134553.3859696157 117232.3238998742
122953.8781901044 117303.7500004573
122094.6553916221 117732.3066039554
124529.1199873220 118946.5503138667

122094.6553916221 122732.1336447666
121307.0344930133 122160.7248401024
121235.4325931398 121660.7421360213
120949.0249936457 121232.1855325232
122667.4705906103 120589.3506272761
119803.3945956693 121232.1855325232
124887.1294866896 119517.9591185308
124529.1199873220 118946.5503138667
122094.6553916221 117732.3066039554
118371.3565981987 115946.6540893799
122953.8781901044 117303.7500004573
134553.3859696157 117232.3238998742
128109.2149809983 120375.0723255270
120591.0154942780 116518.0628940441
120447.8116945310 116018.0801899629

122094.6553916221 122732.1336447666
121307.0344930133 122160.7248401024
121235.4325931398 121660.7421360213
119803.3945956693 121232.1855325232
125674.7503852984 126946.2735791646
122667.4705906103 120589.3506272761
124887.1294866896 119517.9591185308
124529.1199873220 118946.5503138667
123956.3047883338 118089.4371068704
122094.6553916221 117732.3066039554
122953.8781901044 117303.7500004573
134553.3859696157 117232.3238998742
120591.0154942780 116518.0628940441
120447.8116945310 116018.0801899629
118371.3565981987 115946.6540893799

122094.6553916221 122732.1336447666
121307.0344930133 122160.7248401024
121235.4325931398 121660.7421360213
120949.0249936457 121232.1855325232
122667.4705906103 120589.3506272761
119803.3945956693 121232.1855325232
124887.1294866896 119517.9591185308
124529.1199873220 118946.5503138667
122094.6553916221 117732.3066039554
118371.3565981987 115946.6540893799
122953.8781901044 117303.7500004573
134553.3859696157 117232.3238998742
123956.3047883338 118089.4371068704
120591.0154942780 116518.0628940441
120447.8116945310 116018.0801899629

121307.0344930133 122160.7248401024
120233.0059949104 121017.9072307742
122667.4705906103 120589.3506272761
117655.3375994635 118018.0110062874
124887.1294866896 119517.9591185308
118299.7546983252 115232.3930835498
120591.0154942780 116518.0628940441
122094.6553916221 116732.3411957931
122309.4610912427 116875.1933969591
118800.9679974399 116875.1933969591
134052.1726705010 117018.0455981252
123598.2952889662 117303.7500004573
122953.8781901044 117303.7500004573
120949.0249936457 117660.8805033724
124529.1199873220 118946.5503138667

119373.7831964281 115660.9496870479
118371.3565981987 115946.6540893799
120447.8116945310 116018.0801899629
120233.0059949104 122160.7248401024
134052.1726705010 117018.0455981252
123097.0819898515 120375.0723255270
123240.2857895985 118517.9937103686
124529.1199873220 118946.5503138667
122309.4610912427 120089.3679231949
122667.4705906103 120589.3506272761
120949.0249936457 121232.1855325232
121235.4325931398 121660.7421360213
121307.0344930133 122160.7248401024
120949.0249936457 122160.7248401024
122094.6553916221 122732.1336447666

122094.6553916221 122732.1336447666
121665.0439923809 115946.6540893799
121307.0344930133 122160.7248401024
121235.4325931398 121660.7421360213
120949.0249936457 121232.1855325232
122667.4705906103 120589.3506272761
122309.4610912427 120089.3679231949
119373.7831964281 115660.9496870479
118371.3565981987 115946.6540893799
120447.8116945310 116018.0801899629
120591.0154942780 116518.0628940441
134052.1726705010 117018.0455981252
122094.6553916221 117732.3066039554
123240.2857895985 118517.9937103686
124529.1199873220 118946.5503138667

122094.6553916221 122732.1336447666
120949.0249936457 122160.7248401024
121307.0344930133 122160.7248401024
126319.1674841602 118803.6981127006
120949.0249936457 121232.1855325232
122667.4705906103 120589.3506272761
122309.4610912427 120089.3679231949
124529.1199873220 118946.5503138667
123240.2857895985 118517.9937103686
122094.6553916221 117732.3066039554
119373.7831964281 115660.9496870479
134052.1726705010 117018.0455981252
120591.0154942780 116518.0628940441
118371.3565981987 115946.6540893799
120447.8116945310 116018.0801899629

122094.6553916221 122732.1336447666
121307.0344930133 122160.7248401024
121235.4325931398 121660.7421360213
120949.0249936457 121232.1855325232
122667.4705906103 120589.3506272761
122309.4610912427 120089.3679231949
124887.1294866896 119517.9591185308
124529.1199873220 118946.5503138667
122094.6553916221 117732.3066039554
118371.3565981987 115946.6540893799
120447.8116945310 116018.0801899629
120591.0154942780 116518.0628940441
134052.1726705010 117018.0455981252
134553.3859696157 117232.3238998742
122953.8781901044 117303.7500004573

125030.3332864367 126446.2908750835
121307.0344930133 122160.7248401024
124887.1294866896 119232.2547161987
122667.4705906103 120589.3506272761
125961.1579847925 119089.4025150327
123956.3047883338 119017.9764144497
124529.1199873220 118946.5503138667
122953.8781901044 117303.7500004573
123598.2952889662 117303.7500004573
134052.1726705010 117018.0455981252
118800.9679974399 116232.3584917120
120304.6078947839 116089.5062905460
122309.4610912427 115946.6540893799
112213.5932090754 115018.1147818007
118657.7641976928 115660.9496870479

