84692941.5114672631 27545.6851046886
84701854.9794070572 27556.9738715496
84701854.9794070572 27557.2422660198
85111624.1771480441 33710.7085905224
85437506.4107337892 35718.1847465932
84842365.6466979980 30317.9842844158
84821631.5285490155 29950.1266110595
85849663.3920181394 38326.7398998737
90417505.5298841298 43727.8463709354
84692941.5114672631 27545.4167102184
84488673.4641281664 19429.1187590612
84921290.1657157242 31303.3101747036
84692561.0657618791 27474.3633121252
84659772.7180385590 26804.5475005358
84683647.5978220850 27462.8061507940
85133351.6050536036 34056.9498775897
84668979.6980160326 26853.4661437273
84888731.8843121231 30533.9051866680
84777763.7120613307 29301.8265069574
85277535.3491827250 34780.7003102601
84786677.1800011247 29313.6520627588
85367777.8802399337 35688.4073348045
84768788.6363060474 28976.7302087396
84683647.5978221148 27463.0745452642
84644391.1332761198 26509.5644185320
84719508.0413151830 28247.5117331073
85181369.2543424815 34150.9180760533
84703159.2897810936 28018.9212764353
98999763.9677935541 50855.9127197266
84741617.3883324116 28459.3290179428
96923022.7877518535 48445.5643825531
98738980.5780145377 50664.7409057617
84582890.9711667299 24292.5843399796
85268621.8812429607 34769.1431489289
85342892.2174833417 35571.1691785157
84624559.1997814327 25729.0461224914
84787057.6257065088 29384.4370663818
84851659.5603431612 30400.5948438402
98406978.6471935064 50256.3238525391
84567660.9104130566 23925.6658248901
85350105.2335643470 35682.2248582840
84851659.5603431612 30400.3264493700
84712453.2034262270 28101.5318358596
84712453.2034262270 28101.8002303299
84556894.9760392606 23487.3223168105
84981258.5069960058 32129.1296628565
84538036.2279166579 22615.1005896372
84530992.8687188774 21991.7463491452
84520868.3790296912 21829.4549315074
84614716.7715716660 25576.2987706792
85281622.2813212872 35091.1338018179
84612229.2005639970 25273.2690913975
84641357.3221642077 26115.4805602264
84842220.5530307889 30142.6948823687
84659453.7835762948 26662.6961462405
84510920.0956501514 21021.7125721322
84615717.1799054444 25597.0926055294
85461362.1595778465 36050.4205696583
88512042.8791042566 40660.3466451168
87982882.3971481621 39858.5807073116
84511074.0484330207 21112.8778564380
84659747.2956139445 26725.1046447884
84600658.8975732774 24972.7745256554
85507292.9051403254 36266.5516903400
85032185.9672223926 32479.2533972412
87795388.8467441201 39211.6462898254
84791496.5431195647 29406.2690049261
84842365.6466979980 30317.7158899456
85498379.4372005016 36254.9945290089
84768788.6363060772 28976.9986032099
85812412.5894696712 37768.3695275784
85171865.3864516616 34089.4378464222
84641357.3221642226 26115.5506393146
85470275.6275176406 36061.9777309895
84978596.6683858931 31904.4305215031
85979874.4669515491 38530.8729922771
84502134.2192388326 20823.5525375931
84489685.4912082106 20133.5123548461
84819982.2609592229 29841.4722634386
84624949.5823075026 25746.9059944600
84553993.4189407527 23337.5389355868
85546396.2400411069 36947.7272560596
84568661.3187468350 23946.1912652701
84997207.5752771199 32354.8102693707
85555309.7079809010 36959.2844173908
84920744.7247891426 31298.8362421989
84615717.1799054444 25596.8242110591
84624949.5823075324 25747.1743889302
84988294.1073373407 32343.2531080395
84805473.1427082419 29511.0876434892
84650540.3156365007 26651.4073793795
84635872.4158304185 26041.7989778426
84520135.7222126573 21635.8823407646
84492553.9395011961 20227.2533235727
84634872.0074966252 26020.9466636833
84619126.4110676199 25687.9524325579
84642769.6263340265 26457.4968377408
84659453.7835762948 26662.9645407107
84650540.3156364858 26651.1389849093
84584647.7144790143 24509.4325469788
84633586.6328617781 25921.8384130578
84678317.1608523279 27452.4210897144
84758192.8369118422 28956.5251618475
84601049.2800993919 24987.4842039924
85909815.1567934752 38461.2424087152
84633586.6328617781 25921.9084921461
84541938.1933489442 22785.0825698865
85055767.3349682540 33156.5762071759
85046853.8670284599 33145.0190458447
84663649.2610462457 26842.7542088684
84642769.6263340563 26457.7652322110
84568270.9362207204 23931.5400910378
85242253.6877759099 34164.4073421955
84640966.9396380931 26101.1678347569
84611838.8180378973 25258.8862868398
84635872.4158303887 26041.4721040633
84796559.6747684479 29499.5304821581
84663649.2610462457 26843.0810826477
84489351.4719661027 19556.4710277570
84600048.8717655838 24966.6318898331
84640966.9396380931 26101.0977556687
84584647.7144789845 24509.1641525086
84595206.0911117792 24865.4606047925
84550771.0986701101 23203.1718148440
89026729.7951870263 40801.4626628980
84508109.2800678164 20946.2662662835
84508109.2800678462 20946.5904468865
84819982.2609592229 29841.7406579088
84508109.2800678164 20946.3387946457
85604002.2071472108 36998.0344259739
95282163.2533499599 47452.2330770493
85799039.3495120704 37532.2214105129
84635482.0333043188 26027.4161732849
84633196.2503356636 25903.9785410892
84514976.0138653070 21282.8598366873
85595088.7392074466 36986.4772646427
84626897.1003700495 25881.3262100518
84956443.0778466463 31459.8386657238
84739297.4294181019 28445.2157083079
84752976.7096781433 28597.5685861111
84626897.1003700644 25881.5945797265
84650149.9331103712 26636.7561803516
84897258.4314821810 31081.1094098240
84612229.2005639672 25272.9422500432
84650149.9331103712 26637.0245748218
84633196.2503356636 25904.0486201774
95247672.8411222249 47405.4900732040
84825362.5549934804 29970.9336216208
84635482.0333042890 26027.0892995056
84642379.2438079566 26439.9053602424
84595206.0911117792 24865.1922103222
84580538.1913056970 24255.5253294762
84601049.2800993770 24987.1573302131
85128967.5299634188 33722.2657518536
84825362.5549934655 29970.6652271505
84845297.0367636234 30343.3902099282
84626506.7178439349 25866.9434054941
84611838.8180378675 25258.5594454855
84734570.6916153729 28400.9118552860
84734570.6916153431 28400.6434608158
84743199.3948504031 28562.8652723879
84862155.0348009169 30515.4198651463
85024408.5673401952 32384.2916305065
84871068.5027407110 30526.9770264775
85039761.3821101040 32694.8192075342
84857889.0842072964 30418.3882077783
84906171.8994219750 31092.6665711552
84725657.2236755490 28389.0862994846
84930940.5552266538 31445.8347520977
84571562.8758453280 24095.6478051394
84674415.1954200417 27335.0399201047
84632580.4762058109 25884.7040910851
84571562.8758453280 24095.3794354647
84965963.9252194762 31467.3899259716
85779013.3069792092 37524.9739620686
84717886.5343731195 28173.3969940748
84672982.1871381849 26875.3636158165
84659747.2956139892 26725.4315185677
84556894.9760392457 23486.9954754561
84922027.0872868598 31434.2775907665
84642379.2438079566 26439.6369657721
84527017.5613900572 21981.2005355847
84842033.8963424265 30076.7771881670
84791252.5837080330 29404.9756824728
85835842.1379691958 38315.1827385426
84674415.1954200417 27334.7715256345
84499226.9416987896 20343.6714072926
85877167.4923268855 38417.3758471012
84833120.4284026325 30065.2200268358
84915587.3191228956 31210.2719372362
85770099.8390394151 37513.4168007374
84489318.3631606251 19523.4770712806
85902926.1580343693 38425.3463661671
84619126.4110676050 25687.6840628833
84973276.8566365540 31893.0532697290
84485449.5065338165 19398.9903311683
84702014.0084091425 27619.5418943018
84702014.0084091127 27619.2735246271
84736152.6981333345 28434.4170651512
84609943.4175953269 25153.2569666612
84603458.1029277444 25052.5092471838
84496485.7379006296 20260.6152885305
84576405.6564991325 24198.1020358130
84771720.0263716727 29000.1066098289
84591073.5563052148 24806.4859958217
84536381.4618180543 22433.1471360219
84581890.5628329366 24272.0588995996
84576405.6564991623 24198.4288771674
84581890.5628329664 24272.1289691511
84568661.3187468350 23945.9228955954
84591073.5563052446 24806.7543654963
84618126.0027337968 25660.8932071924
84604458.5112615228 25079.3001028746
84604068.1287354380 25061.7670722604
84618736.0285414904 25669.8241909146
84604068.1287354231 25061.4402309060
84609553.0350692421 25135.4671642441
84609553.0350692272 25135.3970946926
84618736.0285415202 25670.0925605893
84607065.1668753773 25104.1346462369
84592073.9646390229 24827.2798058763
85822953.9918423295 37818.4198610410
84577406.0648329705 24218.9543175474
84582890.9711667448 24292.6544095311
84553993.4189407825 23337.8657769412
84577406.0648329258 24218.6274761930
84592073.9646390080 24827.0114362016
84539036.6362504512 22635.6260300172
84538646.2537243515 22621.2432254595
84531379.8167161793 22429.0545120728
84551821.5057402849 23204.9242814291
84546336.5994064808 23130.9674176425
84488380.8965994418 19401.6065247403
84568270.9362207502 23931.8084607124
84553603.0364146680 23323.4829723835
84553603.0364146680 23323.1561310291
84623605.1607454568 25724.5581970736
84608937.2609393746 25116.1742370650
84623605.1607454568 25724.8265667483
84608937.2609394044 25116.5010784194
84552993.0106069595 23317.0134952068
84552993.0106069893 23317.3403365612
84567660.9104130417 23925.3974552155
84565364.8511463404 23796.8461289406
84565364.8511463553 23797.1144986153
84582500.5886406302 24278.2015354219
84591683.5821129233 24812.8970013186
84615326.7973793596 25582.4414065015
84551821.5057402998 23204.9943509805
84577015.6823068410 24204.5715129897
84546336.5994064957 23131.2942589968
84577015.6823068410 24204.2446716353
84561004.4992125481 23739.3513776511
84582500.5886406451 24278.2716049734
84591683.5821128935 24812.6286316440
84612505.5894622058 25376.9482114000
84561004.4992125779 23739.6197473258
84507817.6443330050 20929.4906164557
84511684.0742407292 21119.0204922603
87666898.3983623981 39022.3596684933
84523799.7690953165 21832.0711250794
84524375.0693236589 21840.0191488755
84519374.4199228883 21629.0718138074
84546083.8672536612 22937.9791311473
93136184.7890779972 47139.5508852005
93574715.1785563231 47169.6857728958
88354080.6902563423 39933.6304600239
85826726.1230830252 38163.4977414608
85679138.9385491461 37312.4521000385
84488672.2871777564 19428.4095020248
85705948.9410923719 37396.3250129223
85714862.4090321511 37407.8821742535
84512074.4567668140 21133.4032968180
84546083.8672536761 22938.2477430552
84504417.6372325420 20926.8317788737
84516459.1847572923 21625.1724777711
87537991.3313588351 38908.3531394005
98523679.3980521709 50331.5357055664
91661380.0432117879 43859.3983983994
98047854.5285860896 50113.1225585938
97429112.0287915170 50005.5506591797
97572055.1246289164 50052.3201904297
97628459.6250762045 50091.9299316406
92113390.3491739035 45425.5131521225
95378355.0059264302 48369.1871318817
96987745.4150784314 49811.2830810547
91678327.1884651333 44929.8118944168
89397751.4372444898 42643.4583396912
89170219.4618547857 42255.8391685486
96881558.5087851137 48392.1503143311
