294388844.4988391995 1047593.9755554199
287558926.7275596261 866854.1834198888
293548921.0565589070 1029847.1011657715
293685306.0916916728 1032218.7063903809
295376814.1674322486 1069367.3875732422
302756263.2528307438 1176184.2517089844
294152465.1321287751 1040271.7414245605
286931416.0307477713 840296.4126679357
285272874.4956724048 724160.2480569910
286037860.9301388860 793511.3810631689
289515426.9828404784 931270.1891296934
303043122.6687762737 1177337.1667480469
289881786.0051266551 941557.1938904356
289747883.4123724103 938085.2018830236
291280245.2852670550 976951.0280821323
287477361.6752695441 861408.6848267149
288363852.7266265154 898285.6376435217
287135398.8021192551 849148.6005341467
293624368.2755977511 1031257.2085876465
285733523.4289815426 780472.7127892431
302147828.1677858829 1172311.5136718750
305422550.3402177095 1189413.9182128906
291634503.3742307425 984888.5997038707
286651921.2591269612 822723.4909876212
287925544.7653278112 880236.5675751623
293332300.0714284778 1025263.1081237793
295742095.0825389028 1078277.4635009766
287087453.3191965818 846800.5681702551
287056640.2607250214 846708.5723359045
291634503.3742309213 985062.3829069957
305473859.6284178495 1190606.8664550781
293642262.7175313830 1031872.6066589355
296901404.1809434295 1099518.8065185547
289660835.9084190130 935710.9707764219
306554165.7085961103 1194730.9902343750
295457263.8125038743 1069914.4041748047
286211294.9871005416 814870.4967448711
309578900.0159773827 1196696.7792968750
295496179.0297983885 1070641.2750244141
285315061.1003476977 727251.1279398035
293510376.0923725367 1028867.5701599121
285025008.3338982463 711280.6096141338
286103459.0468108058 803595.5743815899
285487242.9034340978 772607.5649972986
296765404.2109935284 1097972.5089111328
296957277.4010185003 1102152.5135498047
296498264.2555562854 1090806.4110107422
294455990.1257251501 1047779.8150329590
285515535.3101640940 779339.6150156092
289553955.6913970113 933604.2717712950
295650110.7359634638 1075537.3475341797
295650110.7359635830 1075563.2825927734
286433723.3959835172 816701.7718913555
293550113.3026812077 1030073.7015075684
285487242.9034340978 772714.3677316736
311253398.9598494172 1197849.3720703125
295650110.7359636426 1075865.7811279297
289641139.7535596490 934367.6684357580
290090162.0766051412 944300.1100891661
286433723.3959835172 816646.2035319805
296400713.0748370290 1090607.0192260742
287602016.0697936416 867790.6058472227
305654041.0548495054 1190694.6721191406
287209106.0140307546 855783.7603241857
286893914.5643317699 835535.8165491447
305473859.6284178495 1190427.2888183594
287107670.7525662184 847480.7338349279
296596580.2671244144 1094601.4682006836
296549308.2737741470 1093144.0668334961
285202803.5920137167 723654.9499612879
286825913.9422563910 830772.4250590801
307844878.4208081365 1195954.9414062500
307844878.4208081365 1195940.1762695312
285736547.7561241984 783646.8721262049
296522704.9466964602 1091907.2835693359
287299817.4886242747 855970.2392060217
287187329.1696349978 855069.5338837560
289750372.0258809328 938088.6965119299
289751251.4851505756 938791.1965119299
287697245.8931152821 869870.7512256559
285381968.6996896267 750478.8228131491
300916899.7414843440 1156822.9738769531
291747707.8609539270 985628.7962370738
298003667.9587338567 1118994.0480957031
307844878.4208082557 1195985.4687500000
307449916.0918154120 1195272.1362304688
307449916.0918152332 1195231.4931640625
288718406.9918773174 909639.9739472326
289710664.7240586281 936216.1471955236
286707341.0386184454 830166.7331443387
307449916.0918152332 1195226.8437500000
286204138.1602708697 808463.0340983868
315209963.2872139215 1198475.7846679688
286830363.8769571781 831485.5279441434
294324522.1880294681 1046419.5293273926
287765957.3181926608 870922.0071503576
306132739.3328450918 1190806.8071289062
287357164.9421945214 860417.5121552404
297904471.6675437689 1115982.3149414062
291544445.6118929982 983229.3762247562
304591256.5956356525 1185444.0537109375
306230983.8877685666 1193441.5488281250
305380295.6540442109 1187784.3444824219
287616059.5461558104 869298.2356659826
288030824.3950966597 886617.5654999670
311049826.3046972156 1197484.0312500000
310719774.6041597724 1197292.5180664062
306399965.9295058846 1194009.4921875000
292214200.0819072723 996952.3616591319
309623225.3394333720 1196730.3242187500
285977596.9214938283 791070.3222642969
286411575.5203161240 816360.5435007643
286630124.4511194825 819508.0574785303
302114945.7018684149 1170154.5695800781
286500464.5753219128 817992.2268053126
288030824.3950966597 886621.9495331701
304169617.9352859855 1184295.0791015625
302502791.1952499151 1172463.3779296875
305147057.1843235493 1187630.9738769531
291244654.1038727164 975131.7615691051
286411575.5203161240 816357.3105906080
291458072.3774058819 980449.9188032970
291775517.9848096967 988859.9045058116
291458072.3774058819 980449.7054243907
292083834.4845050573 995916.2671767101
293993956.0121111870 1039807.7863464355
291758890.2603266835 988822.1491347179
292106291.6229236126 996181.5425673351
291893497.7781873345 989991.4048720226
286676256.8379122615 824425.8782640528
287513135.6510111690 865473.7220137939
312605643.3176910877 1198216.0083007812
302114945.7018682361 1170115.7043457031
289305668.1760953665 926019.9860627111
293801433.7954253554 1036261.1477966309
297360742.9997071028 1107380.1950683594
286520563.6081134677 819406.2360826563
290355932.8152046800 954434.7037903722
295589513.1565951705 1074685.8073730469
292002006.5364382267 994848.9121962413
287524298.1920010448 865892.2022797521
291186668.3662455082 974738.4764128551
288050923.4278882742 888010.6070038732
304763735.8521070480 1187335.7436523438
311143204.5974708200 1197769.7177734375
290410612.6806555390 955945.4266907629
290795765.5147633553 965501.3950745519
290490095.2246145010 958289.6322571691
288050923.4278883338 888018.2886444982
289858098.5552744865 940884.4369294271
289580923.2848743200 933636.4574372396
311049826.3046972752 1197535.0849609375
287773909.8778482080 879683.3676591944
290611766.8370608687 960756.9775940832
291331307.3150717020 977981.0392790660
288581676.5954802036 904398.1977326330
288050923.4278883338 888032.9126679357
306985045.4576132894 1195065.5693359375
293947902.3508217931 1038725.8787536621
287942315.3233460784 881883.2214753088
287991173.7088243961 885477.1117340978
294846446.0980219841 1057348.1501464844
288416791.9391982555 899769.1384980138
289289684.4556540251 924418.2375733312
285885159.1307800412 785466.6843810822
290562653.1543229222 959819.6365296301
289289684.4556540251 924346.8232666906
290995344.7265141010 970201.3936601710
290549514.7967877388 959214.9150940832
290885779.2838953137 967275.9185120519
290844751.2859721780 966930.1604554113
290885779.2838951945 967265.2163636144
288321213.7630777359 896143.9905487951
288600495.6613118052 905021.7243821081
301949145.9564631581 1167919.3557128906
288321213.7630777359 896160.9876191076
305422457.6115185618 1188412.4719238281
289141289.5547553897 920559.6894394811
288966534.6807165742 915829.7705780920
290680482.5936838388 963559.5110413488
301602884.6213652492 1165059.1257324219
288811882.5780962110 913162.9661347326
290139285.4587953687 949933.1619202551
305147057.1843237877 1187763.4284667969
289371675.5838579535 927509.8621613439
292452384.0663670301 1002881.1239175797
288427214.2978677154 901177.2793137487
288628767.6537718177 907575.2951142248
295665748.5561781526 1077618.5676269531
292585202.2280825973 1006590.6826639175
297258474.7509700060 1106880.2512207031
292452384.0663670301 1003059.6580972672
289444183.9115172029 929951.5462433752
292722942.7639701962 1011420.8557596207
294474464.7314944863 1051061.7387695312
292611519.2190166116 1007655.4502420425
295041374.9288656712 1062735.5278320312
294381672.8096616268 1047077.1170043945
289173946.7432541251 923705.5146958288
292722942.7639703155 1011432.5457010269
295076191.8484078646 1064808.4085083008
294381672.8096616864 1047147.2234497070
295223120.1970171928 1068648.0029907227
295742561.5700939298 1080253.7200927734
292400071.1839089990 1001896.4744262695
295499310.1666969061 1074078.7230224609
300158279.4143881202 1149706.2878417969
293855490.5236920714 1037133.2661647797
295873197.4960094690 1080435.7397460938
293008362.3234735727 1018985.6648416519
295008180.0844255686 1062444.8118896484
295083177.0255934000 1065084.7349853516
296137693.1015364528 1086185.6262207031
299453312.7278037071 1141446.5988769531
295042143.4478983879 1064023.4735107422
295309441.6240267158 1069221.6085205078
303881990.5785574913 1180470.6242675781
292856457.1603904366 1013940.2153787613
293210027.0641530752 1024128.0115213394
292856457.1603904366 1013955.8394021988
299304585.5670948625 1139734.3908691406
293751210.1157535911 1034004.4192361832
293124222.8101559877 1021580.1497049332
293119355.2863047719 1021485.0774393082
299179286.6782954335 1138226.9724121094
299311242.0472546220 1139938.0617675781
299212269.8009697795 1138427.2097167969
292641096.7709541917 1009371.0872049332
297364471.9677616358 1108584.0696105957
300939387.9904662371 1158054.0800781250
301728572.3970031142 1165785.1096191406
300743275.7079392672 1155619.8884277344
292964066.1923093796 1018092.1431131363
301353776.9437415600 1162272.7392578125
301728572.3970031738 1165804.3132324219
301735881.0508455038 1167727.7756347656
293147097.7198064923 1022161.9465799332
293361490.1013086438 1027121.5183191299
300277948.7015120983 1152428.1613769531
299954702.0394768715 1147220.5551757812
288745505.7558028102 909877.4068467077
296909453.3379819393 1099615.9453430176
300442871.5112830997 1153078.5593261719
292710030.2054750919 1010921.8910095394
289002179.1709585786 919022.3724533971
300476834.8747557402 1154793.3693847656
288997195.5041268468 917955.2737900671
294882903.0434742570 1058257.0303955078
299071945.0856383443 1136029.4531250000
299159073.3189533949 1138122.2895507812
297379827.3621304035 1109257.4472656250
290120734.6749679446 946688.2400618419
294631714.8153719902 1053624.0394287109
295648343.5688687563 1074937.0386962891
289973802.4937873483 943849.0191145763
290120734.6749680042 946690.3101302013
298234150.5285694003 1125280.6450195312
301550161.2499884367 1163878.0063476562
295648343.5688687563 1074981.3402099609
290129601.0880023241 947601.6809798107
294669847.0996218920 1055571.0921630859
298903646.0714954138 1133456.3784179688
299995735.6171718240 1148279.3156738281
303904420.4791661501 1181068.2121582031
303779421.2197389603 1180359.5007324219
294996271.4507358074 1061450.7198486328
304459137.8344680667 1184942.4162597656
291383063.8893182278 978479.0975998472
292145489.2532134056 996274.5215822291
295930143.1447473764 1081269.8129882812
300170703.4663577676 1151306.5969238281
303887674.7697072625 1180965.2043457031
304080930.1338243484 1181492.2814941406
303887674.7697072029 1180944.2770996094
304459137.8344680667 1184784.8552246094
299513748.7905597091 1142087.3723144531
302567552.3199732304 1173146.1110839844
297146711.1003241539 1104288.6767883301
301344095.5806078911 1161728.7062988281
303238392.7125719786 1180110.9304199219
302957711.7339970469 1176741.9313964844
301054070.1224573851 1161246.7824707031
301571467.8742916584 1164092.1855468750
297327397.8848251104 1107273.0569152832
300796898.9898232818 1156651.1464843750
299955821.6698882580 1147672.3471679688
302567552.3199733496 1173239.6472167969
302567552.3199732304 1173135.4260253906
294617110.4028089046 1053050.0370178223
298796693.1292341352 1131434.0229492188
304149967.7030336261 1181533.6401367188
298145677.2560104132 1122400.1435546875
298381913.3138042092 1126049.4045410156
298767933.2243819237 1130667.1638183594
298497716.4224208593 1126778.4333496094
298116306.9408514500 1121326.4899902344
297667756.0368850231 1113251.8037109375
298377944.5359285474 1125566.1267089844
298052149.7748786211 1120741.4631347656
296357907.1990200281 1087751.4754333496
