30672796.2893022895 5706.5051031113
30250701.0414259434 5483.3678016961
30584057.1015719920 5696.1088905632
30461972.5149947777 5612.6582718194
30701650.8257614337 5732.8808803558
30403511.4230882153 5587.6385727823
30213184.0160905942 5399.7989660203
30020567.7867249437 5278.5487268940
30810372.8061291575 5803.1863098145
29748547.8387285843 4811.4653598908
30507784.7317374200 5620.1815853119
30278145.8568690270 5493.6883723261
29853083.0097563677 5062.4511664761
29769263.4625204429 4919.3390668239
30629352.6037365645 5701.4959335327
29875864.8319907114 5063.4285087883
30297204.1928411126 5509.3678822517
31154593.2197273672 5926.0996017456
29759676.8341951855 4842.2219220055
30507268.0171593539 5618.0453147888
29878736.9700028375 5143.6665039361
30419288.7794183195 5592.8185009956
29876486.4929266162 5137.9582356932
29901573.0434762500 5159.8888325971
31218212.5488900021 5990.2342605591
29811130.4648158588 4931.6542032436
30772498.1464987956 5744.1708488464
30555834.3107735217 5630.2573747635
30086734.8507886939 5355.3871975224
29838604.3919055350 5044.0684107151
30909340.2126887664 5834.0552139282
30709696.6613558643 5737.1693248749
30566403.6680991538 5646.7171821594
29912004.4149093330 5163.0781306745
30232765.0539070480 5478.9611402452
30792704.2338528521 5754.8930397034
30806360.4856982194 5796.1018657684
29707088.4241806939 4805.1667970631
31025761.0729967542 5906.7836418152
30097350.1101126559 5360.7697287500
30002613.8994478844 5269.7512524128
29755003.4921930023 4826.3736771408
29952763.4443227462 5250.3409753125
30146567.0929489471 5387.5191712677
30521105.1472776644 5622.5497794151
29838128.2594090849 5034.6511445343
29816835.6171021052 5034.2063598931
30128275.8708830029 5371.3180594742
29811810.4610998295 5028.4980916502
30000886.8550949208 5265.1739702523
30222038.3701529354 5409.0118262172
30333113.9783770703 5509.4998092651
30978729.0234017782 5843.5252494812
29949884.6033444963 5169.1573539060
31012969.9613008946 5850.1028785706
30996964.6620387696 5846.2494010925
30176772.4983820468 5395.5105215013
30889134.1253347136 5823.3330230713
29985969.9350240491 5261.8579154313
31197045.2714409828 5935.8047714233
30502979.3051763326 5616.5315205380
30175970.4660121687 5394.6876259595
30558273.5968772471 5631.2734241486
29811001.6551708803 4921.6252332614
30090524.5287742317 5359.7799024880
30360122.6989176944 5513.6563267708
30008806.0084974617 5278.0802440923
29751964.8793266751 4825.4575916741
30546431.5136055984 5626.4875488281
30380094.8534112498 5520.7897777557
30203660.5519612245 5397.0869472325
30659551.3326537870 5705.6497230530
31173610.9344367720 5929.7000198364
31190211.8708402961 5934.0386886597
30754574.6156657040 5743.6030712128
30034093.3457962200 5287.8674407303
30161155.7767578773 5394.5206952393
31098475.3613274060 5917.5058326721
30826332.6401917785 5816.3314990997
30118383.2495534644 5368.5323868077
30673285.1436473206 5721.7255668640
30064813.9709975235 5289.3702125829
30680358.1834544577 5725.8793563843
29946904.6555967331 5168.6201000493
31179030.8566324897 5932.1942062378
30218884.0470112748 5401.3869176209
30076760.3380474858 5291.9479904454
