29709049.1819006503 1595656.1679687500
29977969.3425887823 1644296.7128906250
30008766.4033426866 1649295.4863281250
29683123.2775709517 1588724.6083984375
30890150.9369800128 1701892.9277343750
31185152.1458050869 1707915.7421875000
30329354.2221710570 1672440.3964843750
29752581.4068613499 1602983.5517578125
30119688.0716733150 1659320.0585937500
30481170.3809137829 1682536.0156250000
29814282.4081409201 1619450.4218750000
29835244.2600365989 1623727.8828125000
29892131.8344035372 1634138.6250000000
30494575.1915989704 1682949.7714843750
29859769.2221335992 1628046.3300781250
30416094.9984062761 1679068.6328125000
30779755.6888674833 1699046.3945312500
30039626.6768671051 1652629.2988281250
30367788.4482062645 1675357.6640625000
31007086.6089258343 1703926.1933593750
30745545.6317011230 1696975.0957031250
30642292.6175937504 1692363.3769531250
29788621.9295408204 1615123.8115234375
30029597.5539566651 1650725.5214843750
29940739.5630119555 1639623.0605468750
29935546.6040568426 1638884.7441406250
29823286.3195452094 1623054.0722656250
29675035.0394822508 1582613.2666015625
30274542.8158780783 1670745.5000000000
30929097.0868017785 1703718.0722656250
29891143.9814586751 1631194.3671875000
29664613.6849870309 1581144.5888671875
30092225.0477584153 1656745.0722656250
29882977.4639454819 1630818.4433593750
30105300.2044863328 1659209.7011718750
29854302.5960086882 1626464.5234375000
30062052.5479747094 1654320.9843750000
30001475.4483893514 1646630.6074218750
30526807.7464191690 1683284.5566406250
29787538.2879046984 1613683.0390625000
29647033.0537037402 1573888.8251953125
29836106.9555850588 1624185.2968750000
29836645.7960135154 1625472.4140625000
29819448.3204460181 1621555.7812500000
30351306.2764049470 1672968.8925781250
30282819.4467367567 1672347.8125000000
30158027.0889702141 1661984.1132812500
30534879.6636695713 1685905.5390625000
30195306.3390515521 1663989.6601562500
30217512.8883493058 1664487.0859375000
30038546.4421741366 1651987.0898437500
31031995.6487098262 1704830.1035156250
30212263.2147454806 1664069.9511718750
29760980.1816662811 1607240.7773437500
30064143.9063712507 1654374.5058593750
30422494.9825905114 1679667.2089843750
31271442.8173561469 1711781.2011718750
30433292.9322976172 1681907.0937500000
30615825.4988582432 1691466.3750000000
29817291.4604148418 1620124.2324218750
30585058.5586723015 1689395.0761718750
30188938.7473880090 1663251.6933593750
30720427.5022796951 1695579.0117187500
29979049.5772817470 1644938.9218750000
29806842.8316565678 1618407.7441406250
33530446.3122821823 1719485.9316406250
30568462.9295200519 1688444.4355468750
30424269.3802563287 1681493.3378906250
29927380.0865436494 1638508.8203125000
29797020.7043457553 1616491.7109375000
30705971.2233135402 1695511.4394531250
29959206.3155052476 1642361.3339843750
30374843.8485184647 1678325.5195312500
30233183.6669264399 1668901.0449218750
29847729.2118053697 1626448.2480468750
30053886.0304615162 1653963.5683593750
29802276.1465358734 1617163.0605468750
29639221.3088809103 1571477.5947265625
29784003.3047300130 1610790.7119140625
29695728.7663604058 1591872.7197265625
29632640.6226957701 1564089.8339843750
30194226.1043585800 1663843.1171875000
31252503.5561816953 1710881.6367187500
29648817.7453964427 1576398.0810546875
30229408.1510622539 1665996.1972656250
29648037.1196848266 1575562.5126953125
30012400.0783891641 1650051.7109375000
31120427.3050287031 1707231.1250000000
30541100.8152813986 1687998.9921875000
30260154.9486910924 1670177.2148437500
30351390.6715498902 1674924.3085937500
30337985.8608647026 1672862.0468750000
29953526.4503286183 1640444.1992187500
29809851.8839304857 1619081.5546875000
29784783.9304416291 1612055.8837890625
30246750.1380059049 1669564.1328125000
30092195.4228288755 1655841.3554687500
29868718.1103510670 1629484.1738281250
29626599.4908179156 1560295.5029296875
30078790.6121436879 1655228.2734375000
30218912.2112882286 1665993.9492187500
29724845.1214912347 1600402.6757812500
29680943.1528011896 1583991.0039062500
29781090.4844142832 1610593.0839843750
29770671.1952460930 1607511.6367187500
29909345.2170850597 1634439.2363281250
31947873.1331826672 1712534.8339843750
29804951.3973549940 1618290.3857421875
29776396.8524295278 1610377.3037109375
29844275.2180909067 1625631.6601562500
29775835.0422241576 1609921.7343750000
29913120.7329492383 1637174.5507812500
29623824.8118918575 1559822.4511718750
29939338.0270350389 1639164.1230468750
29951849.9922884032 1640218.0605468750
29740206.4303709753 1602753.0146484375
31066817.4670126215 1704839.4335937500
29633421.2484073900 1564925.4023437500
29755432.1467927173 1603975.3818359375
29722660.9871970005 1598986.7988281250
29954606.6850215904 1641086.4082031250
31108116.7794729806 1705727.1054687500
32486158.2218701728 1717301.3359375000
32085015.7317844927 1713431.8359375000
29630864.9457746856 1561321.2041015625
