31052348.8222532347 191626.0466308594
30724107.7706377879 188436.3253784180
29787199.1534397081 166344.6276848316
30175243.3119642586 178596.2315387726
30024796.3224514648 175174.5183422565
29928862.1984877475 174082.9261951447
30609960.8452723287 184652.2053833008
29925965.2115331627 174058.1325507164
29944644.6995617822 174248.3756134510
30635939.5034116432 186987.3619995117
29829818.7609529123 169938.6551024914
30349701.8866872489 181884.6292724609
30058518.5605847687 177673.8905830383
30084664.9243697450 178115.1378204003
29912923.6294056475 173554.4131348133
29809142.7269543707 169393.8929604292
29900907.9188907258 173516.2039955854
30197877.7502228916 179177.6175861359
29900686.8555015288 173513.3704086542
30197767.8507739305 178692.8486499786
30202887.6373524442 179464.2213745117
29995800.3442756906 174612.8625965118
29817581.9870487899 169931.5248444080
29712817.8013990410 162214.1984856129
29880448.6170653813 170439.3114886284
31189713.5695528127 192016.5354003906
30352825.2794685848 182114.7216949463
29806843.9147553630 166854.8047955036
29636943.8304735571 153887.5826797485
29621216.5430732034 149881.3177624345
29890728.9407214001 170464.1051330566
29864067.6304136403 170339.3763625622
30707077.1559790112 188240.3763427734
30203755.6451057792 179578.7073059082
29772065.3925810009 166312.7037823200
30703284.2649719752 188045.8366088867
29740726.2636414543 162732.4937603474
29727002.8177494667 162626.6928932667
29706168.8048562929 162190.3927471638
30555076.9087021612 184479.6526947021
30285552.0201097056 180062.8905792236
30619103.4658181816 186517.4577026367
29636666.4163998999 153572.7981090546
29683389.4137932882 158504.3818581104
30246313.7009713240 179983.4038848877
29794194.9357125536 166725.1981899738
29892890.5216979198 171051.8561139107
29744728.8855423927 162974.1340801716
30442865.1926818453 184089.1639251709
31046984.7285303958 189126.6810607910
29625123.0144657716 153542.9962272644
30295033.0154890828 180176.4059600830
29696513.1595531106 158851.8230450153
29721461.3721724302 162356.0310986042
31080937.9418601394 191704.1240234375
30401498.7209423892 183684.4673461914
29656875.8223807737 157666.0188286304
33670287.6947471723 198329.4173583984
29650226.8258380294 157665.3072624207
30045055.9322692007 175268.6304855347
30382612.9504955187 183563.6139068604
30655907.3913428783 187142.2862701416
33752291.5055560023 199565.4586181641
30674856.8234459832 187471.8872528076
29643834.2402532659 154102.2165031433
29619222.4898587614 146787.9200726151
29704007.9067339338 161700.2605190277
30307638.5042785369 180257.4303131104
30509921.3587078862 184408.6427307129
30232047.5321171470 179607.6086883545
30676016.9029007740 187794.3130187988
29627390.7523646131 153543.7077934742
31151144.9650362507 191900.0730590820
30430404.0189578645 183697.1374969482
30266373.8699737824 180010.7676086426
30323164.4533584006 180554.4062805176
30476584.5790310614 184215.6406555176
30392693.6927611642 183643.1006011963
29662555.4009001143 158068.0817120075
30239273.5670884997 179981.8662261963
33096181.0596386716 197543.3356933594
29692731.6010413729 158610.1827251911
29674098.8028342426 158233.7200634480
29661770.2277721576 157695.1091442108
34207991.5260843188 201228.8443603516
34427396.0274150223 201974.6502685547
29703162.1560958624 158875.6287834644
29664823.1387989596 158091.8874504566
29639719.3274266981 153969.5764153004
31474779.5621317513 192388.7712402344
31749340.0085671395 195203.3096923828
31478128.2177344598 193847.7694091797
