29587146.9512350857 2108883.4335937500
29876446.8160469867 2176919.8945312500
30666987.9229784533 2228338.5898437500
29521144.0939261578 2073096.3046875000
30130727.9783919342 2198570.6679687500
29917305.5429527797 2179106.2734375000
29616847.9080766067 2120482.9023437500
29571661.2859886177 2100003.7890625000
29640098.9691369012 2123362.9375000000
29659507.4848806411 2133578.8476562500
29605795.9960647672 2110944.7031250000
29517510.9153228924 2067823.3007812500
29572219.7010477223 2101409.8398437500
29668315.4873713776 2135823.3164062500
29771151.2057827972 2154334.7421875000
29824044.2625300698 2162857.2773437500
29711879.9698705897 2143904.8554687500
30303301.0698196292 2211265.6601562500
29564969.7823901698 2098283.7265625000
30033261.2208352685 2193201.5195312500
29507597.3488042802 2051465.1367187500
29528508.0277918652 2084467.0664062500
29558013.5060463212 2093344.9492187500
29923160.6270377338 2181577.3515625000
29518542.3833619617 2068622.2929687500
30493126.3077650517 2221067.7578125000
30334383.8117053285 2212316.3671875000
29690766.2503346726 2136807.0429687500
29603579.1607726589 2110134.1171875000
29536339.9115929939 2087255.1523437500
29569713.1494769007 2099139.4453125000
29580701.1335155368 2104263.5976562500
29918498.5384410247 2179297.7695312500
29610362.2379324064 2119854.8085937500
29764665.3991809860 2153593.6171875000
29983301.9942755178 2188689.6601562500
29880297.0217822194 2177024.1992187500
29673654.9064528793 2136050.6953125000
30123224.6610175967 2198169.7734375000
29999660.5874673463 2188772.8476562500
29614519.8019980714 2120032.9609375000
30166939.5643047690 2201540.7343750000
29663009.9072867110 2134801.9296875000
29575555.4263782613 2101624.3710937500
29839145.6846812107 2166936.8632812500
30145829.6866364554 2200890.8320312500
30079331.4739702195 2193238.6562500000
30395136.2117588632 2212937.2109375000
29608250.9674496353 2116187.8828125000
29665423.1746120155 2135397.2070312500
29791338.7045690678 2160443.4218750000
29888466.2075718418 2178734.2187500000
29678258.9449948110 2136143.0898437500
29966782.9072093479 2186074.2070312500
30096753.1249387637 2195052.8476562500
30668183.1873577610 2228440.7148437500
30923741.7397562340 2235735.3437500000
29514698.4248000309 2065709.8710937500
29669790.2255767882 2135964.2656250000
30020332.9164398685 2190849.5507812500
29579566.8842348121 2104070.8359375000
30179994.5710153244 2202206.8437500000
29848865.1963870749 2167700.1328125000
29753545.7592362091 2151502.3945312500
30132722.1659864411 2198842.0937500000
29513586.2784059979 2064661.4687500000
29619303.6135860756 2120619.3945312500
29513150.6827401780 2057415.2695312500
29503151.9686170891 2050264.6484375000
29513608.5784334242 2064799.4023437500
29580514.2637918368 2104076.6171875000
29776360.9610724747 2154547.2968750000
29524405.5101798363 2076770.5703125000
29603917.0802067779 2110703.3437500000
29572143.0429906100 2100983.5546875000
29635095.8919098973 2122809.2890625000
29776621.3204970993 2155919.7460937500
30899428.5983780324 2230776.3320312500
29518564.6833893768 2068765.7187500000
30009996.1241225377 2190149.0898437500
29650374.0970967375 2126124.2656250000
29656515.6030802764 2126528.9921875000
29718713.7609447055 2145680.9687500000
30296493.1482389644 2210937.6601562500
29626231.5232330710 2122306.4726562500
29861221.9181363508 2174021.4375000000
30278150.3435822725 2206921.4375000000
29943719.2463658862 2182003.1445312500
29702334.6809489578 2143445.4804687500
30858279.1111737154 2229614.4648437500
29525237.7801013291 2076842.1171875000
29719010.7963641919 2145938.7695312500
29528344.6377629936 2081615.0234375000
29787194.0502573699 2160185.6210937500
29534189.8365615495 2087079.7656250000
29542366.8173779622 2090789.6445312500
29511786.8164960481 2054959.7695312500
29579034.0515711047 2103404.7773437500
29781001.3753079548 2155960.6054687500
29785922.8913266174 2158909.5117187500
29814465.0504626483 2162349.7421875000
29725723.3099237047 2147100.4179687500
29587076.4465988204 2105742.6132812500
31018905.0505032204 2237089.9804687500
29856091.9195473790 2173673.0039062500
29733731.9167770147 2147442.3359375000
29849531.5321592875 2170504.0312500000
30219697.8653221093 2203880.3789062500
29564636.2361304089 2094105.0859375000
29562675.6990355775 2093927.2304687500
29708948.3150407970 2143815.2968750000
29682853.7614922523 2136468.7382812500
29712211.3240891993 2145368.6640625000
29519396.9533108696 2068829.3359375000
29701632.8594396487 2139759.9726562500
29717882.3188287728 2145395.1445312500
30459659.9286593050 2219689.3242187500
29865617.4550453797 2174495.9023437500
29749521.5980893821 2151166.1015625000
29754263.2219706774 2151886.6562500000
30865933.3989128694 2229807.2851562500
29980245.7353765182 2186221.0039062500
29958940.1401244998 2182653.5742187500
30401134.5083581060 2214406.1796875000
30343202.5833354555 2212860.9140625000
30569321.1050650403 2222600.8867187500
29810177.7147556245 2162094.4765625000
29744726.1974311657 2148135.9804687500
29693256.8191741332 2137060.1640625000
29825693.5690444894 2165418.4492187500
30550092.4208552502 2221612.5781250000
30218573.1723836549 2203030.0078125000
29687545.3207165748 2136576.3945312500
30241149.0015624464 2205654.5156250000
29695447.3177492619 2138453.3945312500
29749492.3483513184 2148463.0351562500
29810113.3575253896 2160655.1445312500
29694877.5404448137 2137420.2734375000
