65571683.1911864579 311129.1917610168
65758614.6831964925 330375.6412773132
69560418.8109355718 469717.3245391846
65819643.1286746562 334871.3731148802
66580479.9200407714 380907.6813035011
68462083.3006484210 442159.2607917786
65582397.4823459908 312025.3639634742
65467534.6687752604 294069.7414766550
65538654.7465823591 309746.2417590618
65751710.6470552161 329698.9697046280
67491960.0952611417 415644.4945516586
65703521.1752469242 326552.4107341766
65702084.0973453894 326473.3805112839
65680717.1106237844 321762.6185989380
66771773.9921600148 389456.2456968389
65453720.0924319476 293298.0252890167
65915167.2813858390 342119.0330162048
65905302.6367522478 340630.5385441780
65693296.1409003139 322630.1848392487
65708627.3534915671 326724.0524063110
65782315.9633085802 331104.7872262001
65978154.8790786490 347397.1204253388
66287197.7036885768 365749.0987997055
66225053.4407383576 363410.7225017548
66263698.1422173008 364970.4172562022
65737038.1118733510 329215.5830554962
68067120.9729148299 431603.8913459778
66292095.5957743376 365778.1002912857
66232308.0983959585 363822.7759752274
65538131.6653181016 309736.8960683346
65545354.2480736449 309916.7775573730
66179797.4317042455 359488.7383375168
66092784.2721102089 355861.4415407181
66312377.6457364187 366229.0017471313
68005833.0416067094 429527.4256122112
65482718.8974872977 301053.0759292990
69888413.9845504314 477276.0765380859
65707190.2755900323 326646.2888517380
66264465.6369689479 365220.8598977923
66238627.6788579226 364041.1198406219
66673473.0741235763 382905.2753340751
67556295.3696970046 420536.7472742237
66033423.9202158749 350532.7598207742
66142572.1268443540 357563.6975396574
71628946.4528199285 487327.3618774414
65873068.3267257661 339164.3693023920
66048636.6142911091 351494.4674468040
66178864.0125243664 358499.9892930984
66909370.8345646262 393744.9920323491
65495528.4685484320 301545.5280767679
65715133.2945093736 327026.4455337524
66078461.4163452536 353663.5815129280
66567968.7779522389 379850.8925409317
66209846.5712525696 362549.0951890945
66059088.7806225568 352175.5405157804
67340764.1256317645 412564.8950042725
66031672.3614785001 349791.1711072922
66182126.5410058647 360090.3319530487
66282831.9603371769 365663.3909430504
68928410.2677329183 455038.3933715820
67535163.5985644609 419009.3165395521
67593805.0071312785 421050.4148767628
66057461.7395497113 351517.3349108696
65952580.3408777267 344672.4127349854
66402770.9133455753 372598.3212203979
66241472.8152419478 364905.3593472838
73854719.5385954976 509115.0361328125
65791760.3073927835 332916.9165344238
65838100.5284896269 337103.9224907653
65697773.9334929064 325226.7005529404
65876184.5739244372 339172.9197629839
65782198.2000245601 331035.5013341904
67629673.4681000561 421303.2068157196
67384010.2976473272 413630.9600843787
69127086.3979354054 460096.5181427002
65973773.1910453364 346872.1891721636
65847403.4663190842 337860.3865117875
67330614.2736264914 410322.0028085709
68383114.0860929936 441987.7460154055
67382756.1063950211 413241.5988531113
74301135.2097590715 512348.3198242188
72186352.4219215959 500743.5581054688
65603070.4498917907 314872.6340579987
66803960.0436391085 389702.0009592607
67505699.1162589043 417361.7088941932
65973997.5285395160 347373.0609949380
65860977.7044386491 338954.5057744829
66239285.6949211061 364727.1482232511
65960423.2904199511 346278.9417322427
65677248.0076232851 321681.5655384064
65596218.6504745036 313904.3385684328
65855380.9861810356 338263.8118801117
66896822.7306520343 393399.1990909576
67485983.4409581423 414872.7793130875
65810124.9771469235 333943.1686477661
66078072.1539210454 353298.6372666359
65640769.0045007616 318866.5049791336
65901849.4343311191 340443.5612895489
69876709.2690906376 476790.6218261719
65599977.1176714748 313967.9890152216
65596218.6504745036 313904.3385684329
65665895.8002072126 319815.7612049580
66109653.9817656279 357031.0892562866
71970775.6843689382 495007.1997070312
67736284.2383478433 425720.5340776443
65672405.8486718088 321200.4911489487
66031896.6989726797 350168.1792955399
66143150.1747126505 357581.3172144890
65684324.0503396913 321903.6591501236
66143197.3226263523 357645.0712180138
67793531.8001318723 427707.9793859422
67330843.0111333579 412081.3744344711
66107242.5239506066 356478.4738416672
65959873.6394432187 345188.1372032166
65829037.2870619148 335005.8245553258
65766991.3305387720 330710.1640170813
67812169.7398662865 428723.0252103508
65520669.9867132902 303124.7068331242
65832650.7686835751 335061.9345531464
66580432.7721270621 380815.7836575508
66950424.5814566687 397307.1995534897
69162622.1530831754 462550.9935607910
67189031.2707295865 405484.0480718613
65582658.1929738000 312729.6928470135
67130376.3071824312 404573.8759973347
67149642.0385420024 404847.3058309555
67029054.4467403591 398498.0781459808
65456141.1933545545 293447.5423971415
67101620.5510860533 402284.8906736374
66231965.3364972025 363595.8687196970
66872752.5528395623 391441.7307632416
65835789.8375536054 335391.9443673375
69493247.7411146611 468084.5823059082
65986088.1508266330 347992.6648963690
67146870.1264965534 404604.6257127225
67119050.8645436466 404020.4183759689
66018322.4608530998 349377.9224596024
66093892.6233252212 356065.2251939774
69013240.3142897934 455316.9249572754
65586832.0161821768 313565.6857547760
65994447.0373439193 348174.0299992561
66132646.8034926280 357342.2490587234
66841978.3972343504 390609.5046405792
66086663.2737013847 354525.2042431831
66107466.8614447862 356855.4820299149
67390831.9852751940 413760.9082960486
67330619.0863185227 411581.3850282133
65999292.5142841414 348283.3556461334
67541668.9752032906 419755.7469837666
65473839.8237639517 299687.7794336071
65858760.5338316038 338571.5162563324
65764628.6227638498 330535.1514949799
65886642.5648453310 340020.5580230951
67172946.9276667684 405367.6808576584
66613025.3103941903 381849.6460323334
66561239.5401901752 379651.3121628761
66280597.6921026260 365430.6410231590
69955983.5937359035 477953.3746337891
66614044.0112275407 382301.1744499207
68182237.6368632168 437227.2717170715
65459248.5907938704 293493.2302728891
66497882.9703436047 374351.4737401009
66874560.5271491259 391727.4567564093
67244148.7701435983 406173.1067875216
66783323.4336871877 389658.5194666646
69280548.7826636285 465517.6068878174
68318102.0182156861 439584.8020965755
66927215.9146135896 396546.9460142218
66913713.0576214120 394939.3766851127
65647463.0316227376 318947.3080600500
66280644.8400163278 365528.0301337242
67648717.6570025831 421873.4932231903
67024664.7890692055 398244.0483655930
67314650.5538114160 409385.4822901785
65764774.1599317268 330624.0408010483
66423507.2103136331 372618.7304511070
67356191.0356944054 413125.6356201768
67550300.7292241603 419885.5605518818
65565643.6957192943 310909.4416636229
65809964.9551026151 333603.2390804291
66874877.3792848215 391918.7722671479
65559137.7547014877 310558.9885214567
68670867.3757573664 450339.3563928604
68575371.0170229077 446597.6832971573
68857432.6592200696 454140.1157989502
65908910.0255290121 340676.4194302149
67159237.6240201741 405164.9433494210
66578734.0973648801 380028.0773615837
66372095.3555593789 369769.0392150283
73378687.4507008493 505356.0551757812
66222489.0197451189 363016.2094997168
66375072.0718010888 371010.8071840405
65450341.7178920731 291678.6708354950
67540574.8075284660 419262.0672243237
68812554.2546666116 453719.7069428787
65761143.6812281534 330391.3084163666
68875329.7498870939 454923.9515075684
68132421.1633000374 437219.7579545975
66458407.8341201469 373930.7850098610
65502844.2161294743 301858.6216779947
65948809.6616544724 344078.7167638391
65535024.2678787857 309526.3727052212
65877560.9050520211 339578.3445070982
65999662.3889461979 348782.9217323065
67842829.1188792139 429381.5995960236
65694288.9919572100 325038.5232686996
67075027.2311000526 399245.4053220749
68849962.6121432483 453988.8505706787
68626307.8546002805 447084.4625673294
65475650.8336518332 300077.9128404856
65499744.3808420599 301690.8018817902
65524418.7341583893 306942.2688407898
66744292.8264352381 388728.6849775314
65462694.1548066959 293493.5507704020
66587631.8805241957 381060.4250311852
65701153.4811434746 325512.3702764511
66597711.5861189291 381484.4776120690
66871212.2263103351 390666.7908218354
66596366.2315092757 381347.3003044128
66893636.0423914567 392215.5750780106
67156463.7261698842 404990.6741170883
66547180.3945816159 378869.8676143729
72932303.5355461985 504690.3586425781
66302043.9035261422 365780.2851829529
69671177.3229292333 472559.2214965820
68039922.0074137747 429912.4494514465
65786808.5416348353 331490.4469544888
66357110.9882164523 368192.2852374315
66772339.2595701218 389483.0653799608
65548316.1083450839 309917.8675155640
72097730.5517452210 499347.2346191406
65619454.0995488018 318440.9947872162
65491107.5262719914 301251.1015516520
65985863.8133324534 347777.3137309551
66717892.6627286226 387472.3158369064
66601430.4561379403 381637.9846601486
66433227.8920722976 373563.6710839272
67094267.6109506562 400501.7744626999
67257950.3192784041 407149.0186265409
65552205.7229506522 310276.0659952164
66530230.9210447669 377004.2062840462
65585292.4473262504 313349.4570083618
66397062.6631167457 371938.0182150602
65510088.3686857373 301989.6487140656
65933089.6428379267 343003.9656686783
65487661.9622591659 301250.7810541391
69468405.0512709320 467739.7322387695
65933364.4822239801 343395.5689824671
65484554.5648198500 301205.0931783915
66547915.0690520927 379257.9309654236
67012380.1182140261 398221.2883148193
65790293.4831705317 331576.8643739223
65999438.0514520183 348527.9465434551
65924245.0570833236 342536.7681618929
68611860.5768782645 447071.3000335693
67127682.6185645163 404064.8945798874
67207908.8970968425 405961.7149048448
66985870.8781607524 397457.1630887985
66427661.9059187025 373353.2999594212
67582600.1881157160 420924.8290113807
68268243.6309007108 437573.3985939026
65584849.4305113256 313014.2305686474
65510093.4001974463 302194.3841581345
66383643.2935227901 371277.9672265053
66549690.0986629799 379398.0022606850
66505291.4534779489 376014.7372092009
67094221.6316646710 400153.5300621986
68952255.4849703163 455145.6684570312
65611225.0257781148 318020.5705423355
66648951.3660405651 382558.7306318283
65557992.4933867529 310500.3884515762
65563098.6716313958 310757.9776277542
68480490.6329429150 446115.6403274536
65569604.6126492023 311108.4307699203
71724500.0943382829 491888.9047851562
68354975.5472331494 441764.7385784368
68052447.3999249488 431362.2102775574
65552800.1065392494 310288.7400074005
66358576.2190682739 368257.1864279509
65785899.2254249752 331385.8058628142
66685016.3396582603 385047.8531904221
66500112.6803878471 374708.4832630157
69973853.7291139513 481111.9019775391
66806727.1591611207 390316.2814130783
66345540.3751946911 366497.3675179482
71916529.4463139772 492068.3177490234
67230093.5915907174 405964.1150675495
66837588.7395631820 390355.4748601913
69763610.6637554914 473471.1733703613
71096227.4331264943 487003.4006958008
66503856.1282570809 375427.3733320236
70815171.4558727145 482654.1150512695
67008752.5122515559 398074.2432337712
67007768.0861283690 397757.2881470323
68129820.6293611079 431854.0987185240
69077038.4319481850 458443.9044990540
68091481.2138305902 431661.0011332035
68212438.0282608271 437406.4045600891
68269363.2473860681 439531.5382461574
68213795.4669668227 437491.7738227844
