43987826.2341056988 230852.3826608211
43951329.2712377310 223707.2531130314
44950294.7727024853 295671.3598928452
43874772.0140209943 207262.3757773042
43923645.3867346570 216527.4494905025
45545748.9988863170 316787.9465332031
44317812.2720861137 266629.0161993504
44215774.3878767490 257059.5750160217
44035448.1464979425 238735.7501847297
44575337.4103615955 280107.8583052158
45262257.0560422242 303517.6629028320
44080308.6095840037 245387.3518359661
43869062.1362084970 201337.5719714463
43900528.8561818898 215201.6495637447
44120270.4208787233 249542.5773031712
43982240.7711454257 229930.8130452186
44432780.7461902872 274245.7803876400
43937517.0499716848 221842.3503376991
44127177.2903307155 249994.8751831055
45117713.3980170041 302465.3680419922
45112816.5521664694 301518.1461791992
44854490.2103090733 291438.7655577660
44282661.5517002270 263707.3520689011
44378721.0540658832 269607.0695981979
45115952.4042626619 302051.2187957764
44025305.9086474627 237649.5902180225
44963584.3439474553 296975.5143432617
43874535.1705558002 201378.4073024094
44215732.2816138268 256942.1668090820
44401194.3072057217 270358.3469238281
44573221.3857990950 279649.5430593491
43959838.7715823576 225038.7005300522
44459518.5958882347 274688.1833188534
44331850.9773571044 266957.9084165096
44420778.4193690717 272235.5491583347
45151860.3274964541 302917.9354248047
45093313.4657102376 300776.7666311264
44624319.2860268727 283616.3405089378
44427385.7089519650 273781.9807989597
44610456.1024447083 283114.3825011253
44491189.5470599681 275097.6696395874
43949714.3629822955 223105.2903754860
44073250.8600014374 243236.3340137005
44057773.2709198371 241274.9654404670
44852586.1713012457 290569.1226806641
44006793.5023735464 235441.8526570350
44605633.5350038782 282821.4209280014
44928574.5550552607 295388.5315237045
43887186.6259959936 209095.1227526963
44277740.3439658582 263690.3226392865
43912638.5478634611 215949.7023317814
45037040.8654789329 297812.5286865234
44027979.1409898773 238367.6980543137
44110340.3506740928 247784.0862910748
45536345.9127388597 316735.7355957031
44030076.5576683059 238609.9334420711
44738347.6163878217 284750.1987247467
44910924.9903836101 295170.2336721420
44599633.2584159300 282268.0837697983
44745563.9249951541 290064.8269338608
44261961.3290168941 261902.1354513168
44111200.1238339767 248185.9944932014
44198295.2096084580 256789.8858420849
43867087.9315315410 193536.8293946087
45308837.9639131650 309717.6865844727
43953162.5773543492 224038.1064729244
43973083.2836052477 229874.6426801234
44011325.3792141080 237592.8704793006
44230513.7067908794 258453.0912308693
45665244.7712001279 322123.9707031250
44411232.6712676212 271008.3106939793
44193188.3818134665 255951.2291829586
43890683.0434183702 213050.6317414790
44006411.7955173701 233517.4146592170
45646087.7322579250 317348.2172851562
44557091.3988669142 278548.1609189510
43904055.0924930051 215419.5013551265
44215750.8019503057 256984.9265742898
44028437.0403031260 238384.7337403297
44313771.8607979044 264726.7615470886
44137817.7058462724 250955.4440140724
44043177.6104664057 240063.6472461224
44357874.8147887513 267888.4321591854
44315027.7614172474 264783.5919106603
43996613.2370743826 231935.9990250617
44621973.3806296587 283265.0757741928
47794880.0822577924 322861.6088867188
44532602.3789435476 275543.4039227962
43927995.2917625830 220808.1825227290
44053875.6768411025 240440.1205770969
44285720.8699979112 264547.4366233349
44230185.5801040158 257187.8510816693
43954752.1012903526 224164.2117852569
43886476.6415412873 208123.4948609173
44178939.7823680490 254289.9935684204
43959861.3760358691 225110.9159478545
45381760.1283438653 310317.4140625000
44015813.8405694962 237629.8010547161
43899826.2063885853 214230.2989400029
43919563.3536447510 216280.5556916744
44070328.5681193322 241850.2180786133
45648767.7681598067 321582.7385253906
43988435.3832596093 230854.0788655877
44296599.2476852834 264689.2368159890
45735803.2374208346 322128.8491210938
45484905.1445855349 316517.4377441406
44101244.2850822955 247686.4379596710
44230130.0477592275 257077.0647290349
44182988.7789697349 255894.5927124023
43911420.9195868596 215517.5305146724
45488487.4348302335 316522.3161621094
43945551.8294443414 222956.7870507836
45469887.5339540690 311221.3098144531
44148697.0915572718 250985.9558105469
44202841.2495553195 256890.5714796185
44000411.5189294294 232964.0775010139
43939262.0184657946 222514.0349123478
44170609.3433281481 254085.5308616161
44077296.1826548725 243488.3085937500
44152520.7577193230 251449.7419722080
44176046.7457381114 254085.7120224983
44258035.0037175938 261850.9467122555
43990122.1015899628 231541.1720876694
44088621.0853486657 246328.1612412483
44721151.8078415394 283951.6899709702
43914246.3840596452 216167.5541231632
44096285.7760807648 246416.2805557251
44117124.8178243190 249094.8415527344
43883337.9850373417 207903.3324473202
43963340.0120626092 225294.7580862045
44732348.2431631386 284165.1094045639
48097641.6511370465 327326.8442382812
48203244.1687742472 327665.9731445312
47904388.5067791343 327113.4248046875
43968077.3684654906 225530.1766653061
43925156.4903302863 216907.5019533634
43949720.9309419766 223401.9449465275
48128627.6149434298 327419.3159179688
