86343172.1318850368 75606.4226190448
87718027.3327843547 152538.1383406520
88236970.7552377433 169695.2178286910
87494627.7978039384 144092.5510782599
89774187.4202468991 216529.9879970570
89456771.8441770524 208908.5637661815
94714811.4839490205 323405.6577441245
93502187.3033585548 290152.6815694571
87799061.9433462024 154651.5273081660
87450834.2150241435 143147.1716421787
90411880.7785803825 232582.4680497646
91663282.5497322679 255828.8454911709
90991770.7591796368 248097.5696122646
89073530.5698682964 200053.9649082422
88293600.2819162607 175210.4332730472
94874284.0211934298 323594.8893871307
89565561.6491732597 209338.7687661368
87652931.9639604837 151746.3427301943
87466046.4311663061 143377.4637997691
89633620.7488266379 215771.2786538322
86539603.9176726788 91505.0031310916
92695219.0436937958 271966.8716762066
100514948.1144197732 342561.5689685903
86444451.6472153664 83798.7323526740
89734154.2526364923 215800.8201623335
92192051.4610493779 263266.0724750999
88685950.4836241156 185851.8396759033
89961392.8342078924 223157.7713225204
87291056.6748938262 135597.3616533820
89041691.4933538586 197884.0301417112
89796749.8057440966 216667.5060504079
90142718.1691967696 224851.5390478093
103312772.7403046191 362246.4895935059
89706007.2775419205 215800.7487723231
92866139.2987765968 278369.3771235943
90201807.9195907116 230944.0160450358
89832003.5147621334 217096.3195473868
89430876.5822579116 208174.7323199511
89229293.7970335633 201207.3844184875
88922282.7809416056 193382.7154359221
88798627.8228382170 192363.1893889816
90243125.6352011561 231404.8216860294
89102976.1455832869 200068.8008560538
88856535.3714195341 192667.3943995237
86871960.2786653489 113092.4113046527
90647454.7614492774 239223.4057209492
90072540.7474057376 224604.9324870129
94888031.6708710790 324643.0095002651
104408589.3646572232 376983.7763061523
86396013.9478759021 77344.2815057635
86843528.6761759520 113039.7965881228
86482036.1729027629 85046.6408564448
90576005.4205021858 239141.1744923592
91320781.3033615947 254808.2713292390
86658956.9580841660 99262.5539123416
88568056.6491622329 184605.6386077316
88219072.7433167398 169600.9982144535
89322047.7932365388 201228.4412097931
86426032.4529785514 83308.7819697261
88175207.4456719607 169298.2778376848
89136440.1465349346 200424.9451807737
93362072.4815422893 288463.3804345541
89406222.3301548660 207818.3333010674
90393592.9673702866 231465.7148916721
91202830.7654767781 254739.2439927459
90985134.0515470207 247085.5015013218
89429155.4699422717 208171.7145022154
86407743.3261022121 82225.7395357490
90721195.1337324977 241607.0963947773
87795364.8271359801 153506.7101666331
90871003.9274946004 246980.9565021992
86589866.8159658760 97524.6950256228
88975429.0758068264 193397.1849874854
86550885.6163373142 91556.2831339240
87966096.7804349512 161540.7270564348
88010905.6423419416 162483.5210564048
92408112.1625024825 263898.8402948007
89742777.8778020442 215831.9192259032
88190653.7709891349 169394.7420557737
93902235.1401880234 308031.3743951321
86460447.5694900751 84412.5269899368
86531350.0768164545 91066.3327509761
94013891.9664959759 309360.2605187893
89495896.3439334631 208912.2865499854
93860711.2573526353 302265.6531270742
93913210.2862557024 308531.1944787502
94367895.0054423064 323355.6782073975
91967044.6136448979 257880.2889615893
88547736.6030496359 178173.5823267698
92527050.0648452938 266387.3543345928
86493765.5511290580 89818.4242472053
105909383.1293025762 384577.5557250977
94075323.8406939209 315601.1949670315
87761017.7946979105 153212.1559534073
93541891.4242311120 296656.2180684805
86517340.3302563578 90022.6946675777
86708270.8619978577 105282.2458068728
86791646.5069654882 106844.9022736549
86249021.6912598759 66754.4596130252
86639737.1591445208 98825.9726855159
86589359.1828667521 96809.6077471320
87797001.4763414264 154283.7708384395
86264859.3302606344 66871.8826911449
88073675.8908420205 167815.5860240133
94581735.4523803890 323363.6042147325
86340002.7227091789 75571.9337747097
89323678.2491204739 201603.3335470557
88396751.8652196079 177152.2928370237
87767801.1349823177 153359.3349386454
86286531.8716025651 74292.7953521609
92608936.7419950366 270650.8395984173
89415213.5870759487 207869.4736678004
89997652.0934440047 223528.8294350822
86450114.8652049452 84404.8370041847
88041929.3729857951 162579.1873321533
102957171.2126988322 350405.8171081543
87613557.9151314497 146250.4970984459
87938714.9230385721 160886.5319719315
87748194.2341347337 153128.9811906815
89496854.0230011940 208913.0232592821
86517847.9633554667 90870.8892645836
91416096.8847495466 254834.9186813831
89195729.9105385393 201154.7357687354
86482483.8524644375 89767.1442443728
87600864.9302148074 145716.3702710215
86618298.4184552431 97577.3097421527
86511864.4493332952 89819.7589609027
89014500.1002632380 193530.4947146177
92568777.7479974180 270629.8083484173
86223937.5899205059 59925.5351023078
86468534.0594417751 84851.1973700523
90156245.1088979393 225781.9024571534
91176795.5446338356 249344.4413654804
86224585.3855254799 60002.7398955822
86926109.8244489729 114571.5810323954
86234578.0886619240 66538.3135403991
86268510.3271660656 67829.8120612502
87233856.7866684496 130086.6825948954
88045804.2288258076 166708.1567955017
86724213.8832254410 105333.5258097053
89523995.1739577949 209007.5653383452
88291186.9778077602 170336.7381134033
86628460.3770329803 98816.1935464740
88370640.1334005147 175755.7768052816
87003698.0814637095 120848.6273722053
88597668.4084351659 184909.8436182737
88259554.7110285461 170241.0718376548
86211447.8166823685 53928.4850686137
95379626.4909666777 324668.4869508743
104063733.9745903611 362565.5600585938
91510663.1620771885 254835.8301725388
87965217.5526500642 160889.3680559695
87118922.5201247483 123454.3449397087
86412530.3395175636 83113.3384833336
88658220.2952591032 185756.1734001548
86880002.2888510823 114331.2951089740
86434118.9429302365 83747.4523498416
92624123.4860872328 271220.1803578837
88366091.7222167701 175241.3046507835
88372731.7828298360 177055.8286189348
86943911.1593658924 115444.8192682266
92981578.9937615842 280059.6317317486
87741229.0590930730 153119.1870994568
88448564.3753806800 178094.2888946533
87647841.8929793686 151400.7960254550
88516717.9295286238 178107.3057355881
102768823.2286624908 347303.4739632607
102613993.4775300622 345670.3198494911
107558636.5113807470 385761.4494018555
86686127.2691191882 99927.6285524368
87931749.7479968667 160876.7378807068
90012752.2044530213 223568.2964231689
107623966.8386581540 388683.9929199219
87708503.2478828728 152358.5522093773
86521017.3725313246 91058.6427652240
92620391.1366143078 271139.1400609016
103184429.3886302263 354082.0910897255
86415699.7486934215 83301.0919839740
87105567.9643987119 123435.8015546799
95395615.4981480688 326369.1100045564
86404034.3392835259 82060.8734659553
89180223.0871865302 200511.5395655860
86471703.4686176330 85038.9508706927
92279900.3973674476 263713.3877797250
92881372.9892429411 280038.6004817486
87857680.3493924439 159933.9438807368
86514699.0040009916 90018.6133867502
87737588.0622805655 152965.4841841459
87492127.1895727813 144069.9997131228
87278057.1124400795 131193.3523359299
86955830.6982359439 115678.2507734299
86556441.5244225711 92162.3877854347
86579146.4731192887 92796.5016519427
87877743.5636834204 160208.8677317500
89903479.5687415302 217412.2577255936
87667159.6604886353 152176.3930994868
91964593.5900355428 257155.0185322762
87850479.3624934703 159158.3468067050
108636895.8580365777 392732.4663085938
109539777.8857124597 398633.6169433594
87553116.6780205369 145596.7666417360
86284347.9661668241 67947.2351393700
87337293.1148743629 136661.2915369868
87477942.2076879740 143965.9570081234
92449447.9002685100 264764.4381091595
86373799.6545393467 77093.6465888023
87095826.6033853740 123208.6909298897
87840154.1883051991 158950.6060142517
87079168.9735439718 123202.3700494766
107580693.0785149932 386162.1083374023
89907180.7561415285 220987.9143960197
87204348.6514472067 129846.3966714740
90436738.0041500628 233544.3585857749
86320455.8827594668 74622.8924925867
89622289.4278106987 210266.7955211997
88769003.7752318233 186922.5540195704
86758146.1217295974 106581.4343134761
102999980.9801506102 353193.1904907227
89327241.6767969877 202452.4957941598
89968359.3563886881 223528.8179301620
87403216.5718744695 137920.3138090372
87383128.1382103115 137848.9949995279
87190914.3504296988 129648.4350180626
90526203.0499702692 236373.9698607326
86347147.7235238850 75989.9015685916
87524217.0789346695 145153.7574415207
87624512.3283000588 146526.2200571895
87188277.4781872034 129115.7721981350
86283700.1705618501 67870.0303460956
87566471.2337465733 145615.3100267649
87607784.0235407650 146112.2681503296
92807690.9063215554 273238.1359431744
86822054.9922444075 107800.3934030533
93085629.7232919931 285657.3886960009
86791673.2849719524 107677.4893479347
87034360.1116369814 122098.6250292659
87540105.4606556594 145361.4982339740
87249157.5133542120 130950.1416916847
100231212.2545586377 332698.6711139679
100381546.4993691146 332888.0109577179
87433591.4756632447 138251.0192816257
86622214.4240321517 97740.8410982490
86982545.5994921625 116069.1539956927
86355940.8273836821 76400.9721210003
87099257.4072081298 123273.6888589859
90057431.5107797086 223875.3220345695
87031859.5034058392 122088.8458902240
86264211.5346556604 66794.6778978705
86384732.2492112815 77281.4000894427
86813653.7907318771 107758.5872964859
89752822.7185253054 216127.8091686089
87449479.8573842049 138458.7600740790
87076668.3653128296 123192.5909104347
87012921.3709477335 120849.9620859027
87237130.1904251575 130089.3550649881
87303749.6598104388 136104.7081394196
87238932.4032625556 130105.2259799242
86926931.0991500616 115435.0401291847
87393982.0857052058 137857.7592455149
87494670.5124472827 144418.8423182368
87028690.0942299664 121901.0923895836
102506494.2030296177 345530.5105285645
87138643.8646936566 128554.8981506228
87054448.5453011394 122169.9438387752
102199184.8161404431 343249.4532834291
87425347.3014808893 138158.8995770216
86325559.1201112121 75355.7877020836
86984489.7684583515 120797.3473693728
86832808.3333293796 108311.6032144427
87178120.8998393565 128898.2522666398
87217921.8774197996 130081.6650792360
86309239.8933808804 74468.1887544990
86916029.7206554711 114561.5291982889
86697550.5191512704 100554.0524331927
86363143.6457986087 76647.2862229347
87021566.6610466242 121348.4422778431
86780771.9064773768 106803.9784170389
87205433.2323605716 129939.5036096573
86578811.7413612604 92170.0777711868
86328728.5292870700 75543.5412027240
87061367.6386270821 122329.1318136454
92258910.6188432872 263272.2526514530
87319638.0415314138 136312.4489318728
92800381.4114584327 272947.1717472970
86746864.4230649620 106573.7443277240
86674845.5704545528 99919.9385666847
87014871.4757308215 121138.6440624595
86912503.9445154965 114454.1991640925
87170607.1129967272 128606.1781534553
92180843.5529178530 261972.5974054746
86862633.6013368666 113091.0765909553
86694894.5734418780 99929.7177057266
86766913.4260522872 106583.5234667659
86777246.1303374022 106696.6483828425
92027984.0773126483 258228.8497321606
92505112.3382002115 264857.8539946536
92770490.1289335340 272364.9941575527
91695579.3839254379 255929.7278960943
108283142.0312144309 388924.1303710938
108913583.2480022758 393508.2419433594
