294343356.7023310065 1031238.8264160156
298093241.3909090757 1107280.8060302734
289887961.1227384210 909452.6042823792
293373983.8651285768 1009455.3351478577
290399200.0383268595 923948.6598968506
294020278.1405625939 1024925.3698158264
293961230.9211660624 1022987.6253089905
295131999.7289761901 1052236.2886962891
290586107.8480263352 931117.3537864685
290967889.8296426535 941469.2043037415
292957321.0648290515 997964.9642333984
298392156.9984827638 1110420.9349365234
292181265.8781622052 978916.9933223724
295206382.4027510881 1053818.1998291016
290586107.8480263352 930980.7048606873
297132978.7084221244 1092308.0452880859
294560088.1273168921 1038447.3275146484
297703591.2564358115 1101914.8187255859
289839294.4710332155 904119.0643653870
292720807.6472080946 994469.2404785156
297359800.6313886046 1096872.2137451172
296961255.6532191634 1090856.5506591797
295794834.7209172845 1062151.6759033203
296995286.6685755849 1090864.4158935547
291047678.8933935761 945430.4176979065
294264494.0686085224 1030490.8669433594
295471628.3575632572 1057649.7081298828
295185116.2265618443 1052697.9822998047
309420256.9736001492 1193853.1704101562
303545994.3183200955 1174041.8427734375
295156389.2165724635 1052343.6947021484
289168742.0894140601 881049.8959960938
296995286.6685755849 1090867.0443115234
294720994.5230154395 1043658.2081298828
294968974.2384104729 1049278.4974365234
294918981.0522320271 1047696.0345458984
295471628.3575631976 1057517.9674072266
295206382.4027509093 1053814.0919189453
294968974.2384104133 1049193.0860595703
293527824.1112569571 1010187.2985267639
290822018.5210006833 938528.5885372162
293329619.8764333129 1008761.8004798889
289516745.3494181633 893638.3182868958
295776446.1689427495 1061522.1669921875
294388788.3294957876 1034580.8460693359
294440145.1241112351 1036670.9791259766
294671001.3368369937 1042041.9945068359
294560088.1273168921 1038434.1346435547
291213099.6440281868 949516.4079742432
293924519.9135429263 1022561.8682289124
289389307.3928676248 887991.5120544434
293390306.8383347392 1009931.6808509827
298521678.6314020753 1111701.4685058594
295059754.4342703819 1050064.1456298828
296995286.6685755849 1090941.8006591797
297599938.7289307117 1100490.2684326172
290774119.4454323053 936810.7232246399
295552563.4497444630 1058351.7619628906
295705153.9140293002 1061334.4210205078
294965922.9529674649 1048225.6661376953
292817789.6600084305 995396.0987148285
305605823.6314191222 1186075.1198730469
293577599.5918284059 1014141.0899085999
293661462.5679190755 1016402.3838539124
292213803.9211222529 979836.9401092529
305380148.0785835981 1184292.6477050781
296838134.2433518767 1087674.8211669922
294613884.9863475561 1041350.5130615234
291119916.0108463168 945808.9074554443
294714920.7129934430 1042271.2233276367
296549137.8930491209 1082692.5582275391
288983186.1712588668 868097.4158630371
289067458.5089748502 871976.1607208252
300614675.5325282812 1143660.7236328125
295858091.5276127458 1064031.8065185547
289329426.6773795485 884947.8891601562
297722321.7352595925 1103360.7191162109
295642367.7603523731 1059338.3282470703
290408545.4182595611 925141.7074127197
290422043.3881733418 926980.4325103760
294279571.6988372803 1030911.0235595703
291272963.3208555579 949681.2879791260
295839136.5965113640 1063158.6328125000
292976215.1287553310 1000485.2795009613
302848633.0393366814 1170555.4052734375
291370118.1542863250 954618.9154205322
301577280.3146250248 1157166.7951660156
297243665.8920236826 1094271.8948974609
295294644.7096239328 1057344.1232299805
289302058.2030247450 882314.9296264648
301341196.5798475146 1154712.3159179688
292513264.2073509693 988638.4628505707
307116429.5842340589 1187656.7307128906
296212988.1394198537 1074198.1696777344
289034218.3676558733 871102.7095642090
294305422.9261862040 1030952.3905029297
295905381.0684881210 1068906.9376220703
293621943.8236743212 1015778.4213256836
293720095.7629262209 1018082.5822143555
296747306.9531805515 1085301.4510498047
293051447.6315177083 1002308.5461025238
296367416.9044019580 1078593.7406005859
296212988.1394198537 1074195.3937988281
297722321.7352596521 1103363.8543701172
295896231.0734565258 1068859.7139892578
289720669.8681469560 899615.3634948730
290557540.1374222040 928252.8181304932
294256696.5742993951 1030133.2880096436
298760071.1009736061 1115843.2894287109
307551491.1210575700 1190815.6130371094
291150881.1363132596 948350.6920318604
296652938.4584276080 1084455.8931884766
296491037.9556243420 1080663.5457763672
297474342.0198647380 1097802.4617919922
299034936.0979359746 1120868.5573730469
307295255.5575366020 1190756.0700683594
300988412.0942392349 1150381.3022460938
300954524.4768764973 1150184.5346679688
296461656.2575154305 1078742.9373779297
294691282.3698292375 1042140.4531707764
296268252.4197278023 1076058.9234619141
299925886.5968315601 1132380.6081542969
291454603.4448630810 959091.0123443604
296904262.1888467669 1089437.1998291016
298860374.5654645562 1119479.6115722656
296652938.4584276676 1084486.0030517578
292078330.0872418284 976184.2550506592
293234578.1729284525 1006290.8712978363
304885230.3219103217 1181258.3005371094
298667038.3031011224 1115252.6550292969
292078330.0872418284 976209.9703826904
294122296.0594286919 1026232.5686492920
291392436.7420067787 956951.7234497070
291547484.4782041311 961958.1956176758
297722321.7352597117 1103713.7723388672
290493788.8037768602 927014.9011516571
290557540.1374222040 928271.2680816650
304281808.8120448589 1178484.6599121094
304062136.5925937891 1176044.7790527344
297606252.0917339921 1101017.2459716797
296862885.6233571172 1087823.5985107422
291629230.0553270578 963271.1530914307
297871229.0742309690 1105938.3006591797
290292974.7448264360 923135.0173187256
297170929.4923718572 1093723.0480957031
293808900.0258451104 1018714.8095092773
302528983.0016602874 1164315.2172851562
293529752.2923681736 1012686.4481811523
290178235.7087957859 917910.6442718506
296730953.9513050318 1085121.5084228516
289469256.7496896386 889322.0360984802
293610077.2506870627 1014742.3417358398
289583057.9090195894 898495.9012908936
296085520.6513353586 1069564.6624755859
292563194.8388614655 990846.9368133545
290557540.1374222040 928348.2539215088
297323496.4595092535 1094396.2757568359
290288462.6600573659 919103.3321380615
301093527.4048180580 1151907.3100585938
290099085.2873050570 915951.7973480225
290557540.1374222040 928297.3628082275
290180852.3907063007 918074.8661956787
303544337.5260670185 1174011.2541503906
289971970.7762656808 909615.5643157959
291180901.4350340366 949060.8492584229
294181891.7483348846 1028510.9894256592
291180901.4350341558 949081.8192291260
291817167.1900104880 969642.4966888428
296099181.1401373148 1071082.3643798828
304506066.6638818979 1179587.5578613281
290099085.2873050570 915995.2021331787
298760071.1009735465 1115536.1654052734
290676995.3009718657 934097.6916046143
302505196.7774423957 1164176.3222656250
291738016.7685196400 967602.1519622803
291586299.7256888151 962445.2033843994
292460187.9759464264 986224.1116180420
289743579.7797953486 899650.8876342773
291316597.3946174383 954431.7308502197
301689437.9224089384 1157730.3315429688
296099181.1401372552 1071029.9039306641
289870388.8790071011 908722.5223236084
292112465.1702849269 976794.0925140381
301359228.6826947331 1154812.3496093750
304664436.9333602786 1180734.6652832031
292232758.8522236943 980775.5007781982
312045226.7125286460 1195808.9926757812
291288023.5938794017 951926.0024566650
302131276.7705318332 1164052.0078125000
301459296.5980156064 1155884.7534179688
291280393.5337910652 951404.4178619385
296149597.8090189695 1071849.4614257812
306272393.8920880556 1186308.7370605469
291316597.3946174383 954482.9759674072
296619126.4418113232 1083610.9720458984
304062505.8642664552 1177014.6945800781
289773987.8447875381 903929.3016967773
291505974.7673696876 960548.0266265869
303962437.9489454627 1175613.6853027344
301245705.6402605176 1154285.5063476562
303916989.4004596472 1175380.0290527344
292762568.9985941052 994943.8249359131
292032140.2119660378 974912.0622406006
290074247.6633203626 913901.9108734131
291121656.8209281564 945862.0731048584
291280393.5337910652 951604.8294830322
311521622.8280629516 1195805.7607421875
310602132.1075940132 1195166.3291015625
311135000.8878497481 1195493.9301757812
290920717.4482150078 940640.9341888428
300822464.4420543313 1147108.7829589844
292549609.8925858736 989865.6111907959
289478460.0812423825 891457.7674407959
289386369.9482468367 885570.3587455750
303611708.8048421144 1174045.1958007812
291714569.6263911724 965666.4363098145
301801743.4079387188 1159471.8662109375
291648686.1960993409 963700.7377014160
289865525.3732336164 905958.0989532471
290531256.8817761540 927225.3710937500
309435804.0927347541 1193934.5642089844
300822464.4420543313 1146863.9362792969
306816902.3660048842 1186822.1706542969
289463481.4142689705 888468.8968315125
291044420.5987178087 944893.1780548096
302935854.5897184610 1171393.4145507812
303032884.8757185340 1173464.8217773438
293126466.9471101761 1004051.3120727539
292958784.2963626981 999924.5022583008
299930159.9086204171 1132398.7900390625
290676947.4002310038 932558.3666992188
292860557.2430654764 995861.5154418945
292538848.5707561970 989296.0110473633
300599995.9513198733 1142654.5561523438
306625445.9675899744 1186324.5529785156
292538848.5707561970 989266.9795532227
292538848.5707563162 989339.4717407227
307684045.0161203742 1191355.7199707031
292172351.7930994034 977291.8765106201
302061221.2949186563 1162871.3051757812
298523503.9586700797 1112442.1923828125
302061221.2949184179 1162774.6259765625
307971992.2858331203 1192002.4670410156
303839156.0037592053 1175324.0075683594
298590842.4673572779 1113905.1865234375
298345915.7120327353 1110159.3168945312
307260965.3893434405 1189148.2907714844
310021504.3559270501 1194292.7258300781
298424458.4583346844 1111137.8974609375
298230479.2239952087 1109222.8339843750
298407705.1649753451 1110869.7143554688
302580961.5605751872 1165881.2214355469
307971992.2858331203 1191873.1389160156
300778467.7825942636 1146198.7897949219
302813125.1124114394 1169089.0620117188
308088273.2352838516 1192065.9479980469
305469742.7141922116 1184562.4562988281
305355154.0751661658 1183387.3073730469
299575907.4134722352 1130405.8691406250
299612587.9078242183 1130451.6523437500
300751007.6154906154 1145645.8869628906
308286987.8005241752 1193548.5358886719
302589542.5493413210 1166681.1706542969
305167720.8365800381 1182865.7673339844
304876949.9407677054 1180890.0593261719
299461758.9249316454 1128890.9936523438
300165066.1125662923 1136648.3845214844
305314193.1982967854 1183205.6037597656
310550261.6746760011 1195126.8391113281
302627379.4371899962 1167592.0686035156
300353381.1018032432 1140788.5725097656
302627379.4371902943 1167727.3581542969
300353381.1018035412 1140873.7092285156
304980429.0406281948 1182481.0466308594
300698172.2389080524 1144887.7829589844
300135617.3544306159 1136631.0095214844
300135617.3544304371 1136522.2556152344
298183141.3345018625 1107834.6682128906
299405061.3690219522 1127792.8330078125
298183141.3345017433 1107813.2912597656
300519043.3302737474 1142515.2451171875
299088091.8070859909 1124342.0021972656
301861119.7996875048 1159662.4392089844
301752746.1423901320 1158786.8146972656
302541514.0308279991 1165712.7502441406
309254565.3791721463 1193782.6110839844
299940351.3331276774 1135947.6979980469
298642938.9409896135 1114390.5278320312
299420397.8193854094 1127871.9653320312
299287510.3986414075 1124355.0310058594
299689725.8131452203 1132190.4423828125
302009654.1190474033 1160383.0302734375
310549621.3187958598 1194492.5739746094
307102611.9056948423 1187395.3068847656
301698459.6435045004 1157850.4194335938
298969283.8354579806 1120238.5688476562
310380465.2964416742 1194295.1813964844
300269856.6967381239 1137492.1210937500
307127516.1284599900 1188951.2995605469
307059427.5648130178 1186885.4914550781
