12508339.0835384894 39504.9565429688
9836919.3957080729 36911.9880583286
9856086.0438944995 37072.2183532715
10033359.1965660490 38783.5824584961
9927758.3611057568 38099.7520294189
10409027.0152104720 39465.2603759766
9825011.8610239625 35967.8832670078
10401400.9153982569 39463.9725341797
12053479.7994770296 39500.8428955078
9829540.1566313282 36770.9662303925
9856905.7665847931 37088.6365699768
10027234.1451999173 38783.5141601562
9887599.1828409955 38016.1865692139
11292636.8673070930 39484.4442138672
9841022.9354008194 36922.7335648350
10129690.9427115005 39459.6705932617
9938198.4541401789 38695.2423553467
10123950.8541965019 39455.6581420898
10433757.0773239695 39472.3652343750
10180265.6219290439 39463.7222900391
9847769.1247640271 37009.5445365906
9827263.4640875179 36046.9579605889
9880076.0729106981 37953.4469299316
9870005.7510438059 37801.2146511078
9834315.9576763306 36792.7562165260
10105716.0327410046 39454.5276489258
9850167.6405048650 37033.7876548767
9874465.0126639027 37926.7866516113
9848171.7765670456 37021.8629479408
12044614.0462168138 39499.4360351562
9852436.2083187401 37069.8214340210
11495471.6718241852 39485.0313720703
12021783.6415104698 39498.0350341797
11505309.1372806095 39487.8700561523
11505702.8895177208 39488.6524658203
10786001.1945838630 39482.4105834961
12011544.4177874643 39493.7630615234
12546510.2945917044 39512.8602905273
9901816.4461194631 38090.1822052002
9845530.4490245059 36956.8939025402
9845957.4800363146 37006.5746157169
9824703.7671830654 35961.6563821919
10084259.0520004593 38845.7682189941
12496417.8362122048 39502.3127441406
9832516.6202311553 36775.9076976776
9859126.8497348204 37702.1406116486
9836744.7704123259 36883.8417811394
9860054.0733537935 37790.0783004761
9829477.7606182490 36078.8121089935
9968727.3782866020 38772.9161834717
9861730.2877665628 37791.1691267490
9835120.0582628977 36879.3074386641
