160258681.0145194829 2485443.5937500000
160366049.9070591033 2494688.2148437500
163817570.7637970448 2725935.0117187500
162888715.4535624683 2683795.7109375000
162718841.1624698937 2677835.9023437500
165305315.9544798136 2775792.1054687500
162817035.1873074472 2679611.3847656250
158865696.9129036069 2322217.2041015625
160711864.5974210501 2534631.7558593750
164007956.7479197979 2733665.6718750000
164025955.6673062742 2737201.6933593750
162335356.4232011139 2658446.1113281250
159424880.7107922435 2398858.0234375000
163000709.0051139295 2689261.4687500000
159401525.6095870733 2385994.9052734375
162833568.4699159265 2682122.5878906250
162687796.2970725596 2675444.8652343750
162146351.6574605405 2643950.5468750000
163116373.0174646378 2694584.0078125000
166753804.2972091436 2813438.1464843750
162467660.4132785797 2666344.4882812500
164358922.5807377696 2747601.1875000000
162647375.1826348603 2674046.7265625000
160740581.5261892378 2535689.7558593750
160119022.8782514930 2462794.0039062500
166365162.8114464879 2806303.3593750000
160649774.5791633725 2534126.1347656250
162216603.7961928248 2649003.4335937500
166437078.0582241118 2808917.4746093750
161047275.2664948702 2570114.2578125000
162325515.9449373484 2656736.8984375000
164289923.9242821932 2744787.6757812500
160502346.6668269634 2515686.5449218750
161398827.1928920746 2594578.6914062500
158793131.3959766030 2308973.6943359375
160524837.9157478511 2515978.5800781250
158702845.3702423573 2278211.6728515625
160615644.8627738059 2517448.3359375000
164430027.4813470542 2749184.1914062500
158368706.4197655618 2206411.8974609375
161308020.2458661199 2593015.0703125000
161301697.4114422202 2590456.2675781250
161378185.3652669787 2593418.9179687500
160039224.4136464000 2461463.0273437500
166541099.2293732166 2809243.7949218750
160889214.0624128580 2556434.8535156250
160735472.3589470088 2534721.4179687500
158888188.1618244946 2322696.0908203125
166284604.7598215044 2803125.7226562500
162172004.7790175378 2648223.8027343750
160935397.2670347989 2557550.9277343750
158725471.1482882500 2308395.5341796875
158810348.7919070125 2317275.1201171875
166303904.6319863796 2805776.5253906250
164283530.0476991832 2741848.1972656250
160296064.6838792264 2486930.0234375000
158601587.5577330291 2269149.6064453125
160473186.2280810773 2508370.1015625000
160319239.3880283237 2491515.0273437500
160784082.8871249855 2544154.6484375000
160945965.1479602754 2559270.5585937500
159600952.0740371943 2411296.3251953125
159539109.6894315779 2399186.6708984375
161403381.2938250899 2601504.5703125000
161398582.3209424317 2594546.3476562500
158461088.6765519083 2228642.7666015625
163305671.1936512589 2703983.1015625000
161234740.8442867696 2587334.4082031250
164283016.7747994065 2741439.8847656250
158382732.5716412961 2209693.6142578125
160354842.3348276913 2494464.7949218750
158408580.3649499714 2224340.6318359375
161205233.7521159947 2581843.6484375000
161356804.5045247972 2593279.9394531250
160760440.6513410807 2536377.3125000000
161594120.1641218066 2609333.3710937500
165744675.4149561822 2789840.4355468750
160963367.2344956696 2565790.2167968750
161132007.6840339601 2579960.3789062500
165980580.0938911438 2795144.2128906250
161525444.9540631473 2607450.1015625000
160149590.2321330905 2476994.8125000000
159266460.0014321804 2370409.5566406250
159903577.8854376376 2450605.5683593750
161112157.0904573798 2572037.3789062500
160219106.3890536129 2479081.3417968750
160783601.0528901815 2540476.0761718750
159355401.4362892509 2383650.5068359375
161091888.7815943062 2571451.2968750000
158527511.5157644451 2239887.1201171875
166013528.6321802437 2795207.6757812500
161049692.7321555614 2571290.1171875000
160874081.7407278121 2551425.2382812500
159147359.4328598678 2356354.8339843750
159181867.1293632388 2362176.0312500000
158493648.9010721147 2231027.3291015625
158462996.1575165093 2230648.9658203125
164380294.8785750270 2748532.1464843750
158897425.5958460569 2325105.9072265625
162943230.4989030957 2684349.2656250000
166087924.2121461034 2798279.1894531250
164146142.1578937769 2739037.0761718750
162092075.4703111649 2642885.7773437500
163376554.8286055923 2706932.6972656250
159270518.0876630843 2375318.7958984375
159327659.8520440757 2382295.6513671875
165202322.3954347670 2773726.3203125000
182023307.8037921786 2883325.6171875000
159626961.5052641630 2413206.9208984375
182289692.0824752748 2883405.9179687500
160949553.4972471893 2559493.0976562500
159759964.1887188852 2431568.3681640625
161824056.8410834968 2624956.2460937500
162119883.1518874466 2643025.6425781250
159767990.0874957442 2436123.1357421875
165250915.3400582969 2774609.3027343750
164432944.9350728691 2751211.0292968750
158688416.6399164498 2273251.6328125000
159709086.2840910852 2429226.5302734375
158548634.7390755713 2247187.6123046875
159703480.2500230074 2426042.0810546875
158508122.9402185082 2239251.6376953125
159220787.3912212253 2367358.7148437500
160039107.7564986646 2458954.0869140625
158554012.5260395706 2254011.8115234375
165192916.9447835088 2773115.7011718750
165302202.6374098659 2774902.8242187500
158954138.3776519895 2331179.7441406250
162065131.3167428076 2639977.6953125000
159630879.1351785362 2419750.5488281250
165204698.0621900856 2773756.8417968750
159405828.4056912065 2388128.1728515625
164844550.7728610933 2763089.8125000000
164906280.4869111776 2766628.7226562500
163992637.0929448009 2730936.7695312500
159984272.9233556688 2458689.6572265625
159958450.2699246705 2455109.6376953125
167302836.5688395798 2825777.7363281250
164703592.5761251152 2760050.3203125000
164571039.6958929896 2755809.8828125000
164849222.4580878019 2763634.0742187500
160132883.8997920454 2465226.5537109375
158533950.4368835092 2243422.8173828125
163174996.8197556734 2700883.3281250000
165874383.5371160805 2793999.2089843750
163859943.7153753936 2725974.0078125000
165317189.8382617831 2782837.2226562500
162969581.1706334651 2684895.2929687500
163639287.8549278975 2719100.3417968750
162974873.0261313915 2687008.8535156250
159068695.8938933611 2348385.5664062500
159131388.1992335618 2354395.1777343750
163919411.0248627961 2729352.3964843750
164630366.5080430210 2758546.3476562500
164673249.1842873096 2758648.9765625000
159125666.6799774170 2352051.8476562500
159039800.6869718432 2340707.8867187500
162263679.5485975444 2652694.8164062500
163816683.3053459227 2725272.3339843750
164759754.0010186136 2762113.2460937500
162228971.6662998199 2649885.8476562500
163720704.1365569234 2720555.4140625000
163600383.9323513210 2717333.4863281250
162019916.6123604774 2638666.4609375000
163266668.9309126735 2701621.7402343750
163479681.0926177502 2712241.0917968750
161738808.2740061283 2620410.5996093750
163099449.0295753777 2692712.1132812500
165519379.5074930787 2786131.8457031250
159575375.7809669077 2410448.8076171875
159046929.9870964289 2345701.5410156250
159701039.9935259223 2420948.8837890625
162426249.3919801712 2660069.9355468750
159556984.3558367491 2405928.5380859375
165758214.0875077248 2792840.1757812500
159221252.1082460582 2368468.8906250000
159845412.3146248162 2447324.8779296875
165787995.5282956958 2793397.4960937500
159742228.9001587331 2429976.7783203125
161690932.5728239715 2617729.6894531250
161715411.3654611409 2620068.4101562500
162161325.2789866626 2645069.7773437500
158915174.3390682936 2329600.0654296875
166092138.9592638314 2800366.9785156250
182156628.2871575654 2883384.2246093750
162292803.8979155123 2654970.6777343750
162452970.2472530305 2665613.8886718750
161870286.8929349780 2630311.5000000000
161831188.4810922742 2625869.9375000000
169819830.7731063366 2856753.4492187500
182079011.3685932457 2883374.9804687500
169075299.2588681877 2852664.7910156250
160438951.4843213260 2498576.6757812500
158997285.1173349917 2338873.1552734375
159089858.4877209365 2348740.5908203125
159159205.4898822010 2357788.1738281250
158723006.8279264271 2283241.7324218750
159005950.1645911336 2338891.0322265625
181456958.8706306815 2883215.8750000000
168728067.3659890294 2849507.8867187500
169313924.8902903497 2853379.1035156250
168759792.0634131432 2850931.0292968750
168511991.0423756540 2848981.4550781250
168723746.6597059965 2849297.7578125000
168364476.0270710289 2847891.9667968750
165639462.4546169341 2787748.4257812500
165641536.0216267705 2788333.4628906250
167625209.7395249009 2834804.2382812500
180302767.8014577031 2881737.2207031250
180937158.9232208133 2882270.2285156250
180814684.7737959921 2881988.3359375000
169180743.2949571013 2852934.0097656250
168741117.3058089018 2849516.7167968750
175499264.0727506578 2878560.8593750000
166721384.4200895727 2813243.6484375000
180784389.6402452588 2881844.1679687500
166651620.4862067699 2813047.8847656250
179522015.6488707364 2881146.7734375000
168745993.1582638919 2849774.8261718750
166632898.5567235351 2811798.7382812500
175300053.7487591207 2877466.9980468750
172889994.3864371181 2872607.9257812500
175361757.6455387473 2878364.4980468750
181051652.9624804556 2882346.1250000000
167816067.6361450553 2838669.5058593750
167943706.8666822910 2842853.0058593750
168081915.1407905221 2842919.0175781250
166978772.4448977411 2821721.5117187500
166965007.5800151825 2821711.9140625000
167173235.8946319222 2824784.5449218750
167469680.4977486432 2829326.8574218750
167708959.9284404814 2835191.1679687500
167514103.7761556506 2831062.7128906250
166907453.3333044648 2818043.8085937500
167176895.5657535195 2825175.4492187500
176170949.6640235782 2879194.4628906250
167148878.9762898684 2824600.9355468750
167231785.8159086704 2825662.2558593750
176517463.2310007811 2879261.6621093750
176543200.2144130766 2879818.2851562500
176152672.3565366864 2879178.8066406250
176405250.7968608737 2879200.3066406250
176149536.0301696956 2879067.7753906250
176494216.4401307404 2879223.8007812500
172839124.2620002627 2872534.8593750000
172729554.1299565136 2872458.1210937500
173749096.3895469904 2874199.1464843750
173660629.1618518233 2874034.7304687500
172996196.5017786622 2872944.0546875000
173521388.1589962244 2874013.4863281250
173182594.2573945522 2873526.3300781250
173492534.7151716650 2873556.2851562500
172027064.8621856868 2871237.6054687500
171940507.3689299226 2870953.4453125000
171994820.7227123082 2871049.5078125000
174482209.4191013873 2875995.1328125000
174273060.1821284890 2875496.3085937500
174931825.2325982153 2876395.7890625000
174199541.9613463879 2875121.1445312500
172163998.4776714146 2871330.4394531250
172668471.4732760489 2872171.9023437500
172220597.6498690248 2871703.0214843750
173801118.3324019611 2874516.2597656250
173808550.7549899817 2874745.7714843750
171777744.5606988668 2870623.4199218750
180145776.0266185999 2881437.1601562500
178113865.0946633518 2879919.5800781250
171891527.8779166043 2870915.1777343750
179570946.1255817711 2881166.0058593750
173158767.8760550320 2873044.6757812500
175789680.3279165328 2878614.3925781250
175802381.3889359236 2878615.2500000000
174152657.6016041338 2875005.5390625000
175099475.3817628622 2876800.1484375000
179257190.4344865978 2880900.8125000000
171040733.3003267944 2868187.9921875000
171191142.8434125781 2868837.2714843750
179269891.4955059886 2880901.4687500000
178565646.2260235548 2880008.7226562500
175281771.6889835894 2877352.1796875000
178601744.1955879927 2880455.2792968750
171028554.4635805786 2867524.0742187500
171341822.9928804338 2869148.5410156250
171161448.4476848543 2868518.4433593750
178589043.1345686018 2880454.6230468750
170967007.5745660961 2867261.8476562500
170552376.4338210821 2864283.0253906250
170373232.6481134593 2862995.8417968750
170728241.5952355862 2865493.9609375000
170227270.2397703528 2862168.8417968750
174789528.0057206452 2876294.4121093750
169498390.5651441813 2856275.9238281250
169359741.4981645942 2855714.1699218750
169927709.1956576705 2860350.3027343750
169268219.8074370027 2853377.3261718750
170043880.2975446582 2860894.5000000000
169424566.5397010148 2855879.6503906250
171886797.7987120450 2870636.9375000000
169920139.1883600354 2860015.2109375000
169883811.2822032571 2859765.8593750000
