9837547.2752413899 487722.0557861328
9835460.2477966305 481022.3471679688
9833827.0974252913 480887.8637695312
9821605.3174902387 466854.0595092773
9851449.6480063088 498288.2978515625
9836250.2797639221 487708.7272949219
9821729.5298197642 466975.4453735352
9825945.1712634694 478647.8021240234
9821053.4067718368 466727.6189880371
9831227.3581300583 480708.2207031250
9822706.0276349057 468301.8264770508
9842967.7017739639 489521.0698242188
9824023.7189069949 468657.0110778809
9826868.9275791943 480282.6452636719
9838662.1475952715 489356.9023437500
9827298.7817227077 480425.5068359375
9828318.2566401213 480459.0483398438
9832027.9197488353 480870.7629394531
9829035.9844625778 480589.6743164062
9820768.4501657356 466540.9729614258
9824118.8226288930 477769.4473266602
9822371.0980439242 467030.8603210449
9831305.8310444541 480731.0312500000
9845775.9303585291 489923.3806152344
9825909.3395633586 478487.2672119141
9835381.7748822346 481008.7663574219
9830733.0618440397 480600.4052734375
9819600.0386352688 455606.5207519531
9834219.2934163176 480985.9558105469
9834642.9072506614 481004.7849121094
9820486.9377384949 455697.0808105469
9820305.1663586423 455663.3061523438
9834297.7663307134 480999.5366210938
