29607544.7146258242 2897133.5019531250
29571466.3314565308 2877512.0175781250
30309482.0378365740 2980902.2753906250
29545823.3031588346 2856758.8222656250
29607983.4359341376 2897323.7285156250
29591012.6120701805 2888383.3222656250
30163094.9693778567 2973655.4472656250
29963799.4074801244 2956254.5800781250
29556160.8763647601 2868751.5878906250
29535558.2987626903 2850757.2050781250
30642348.0489772782 2994929.3613281250
29827938.7178736590 2943528.7128906250
30070835.9300240390 2965152.6972656250
30011997.9467193484 2961687.9003906250
29788858.6461380981 2935615.3300781250
29936948.8885890320 2954224.2988281250
29817393.3677098155 2940805.1269531250
29521234.7331652679 2825470.0292968750
29562025.4127865285 2868837.3066406250
29540717.2647579499 2856151.6738281250
29725881.1005330570 2921768.6191406250
30151506.5476591028 2971734.4863281250
29975560.6879239641 2958780.2519531250
30680119.6111962348 2998249.4707031250
29929611.3904719241 2952965.6191406250
29530268.2585987002 2847201.7402343750
29493262.6928875819 2777680.9355468750
30287609.0150782242 2980785.9941406250
29605925.8031611815 2891536.3066406250
29598129.4093430825 2888878.3613281250
30340762.6229324937 2983350.4316406250
29550925.1089218818 2867858.1191406250
29984473.1445555985 2959701.2832031250
30095554.0730573796 2967052.4472656250
29640296.0523100980 2904521.5800781250
29674326.6423467249 2913814.5253906250
29832896.2427066788 2943794.5566406250
29495938.6763546877 2792670.6464843750
29496812.2225308493 2794750.5410156250
29633000.9759862460 2902365.2988281250
29877277.4467458427 2946700.5957031250
29536513.7160104327 2850912.6777343750
29549951.5341143347 2859703.9863281250
29932415.5694260001 2953606.3457031250
30037556.8321492262 2962730.3613281250
29598951.0764795169 2888978.2128906250
29867220.4290732332 2945485.0644531250
29911430.1562652402 2950191.1816406250
29601408.8391180336 2889789.9316406250
29518007.9893028438 2822342.1230468750
29566655.0198523887 2873141.3066406250
29812281.8309741430 2937461.0410156250
29615541.8088223524 2898391.8769531250
29590573.8907618634 2888022.1738281250
29502874.4995428920 2800142.7988281250
29516744.7783123404 2817165.4277343750
29504941.1178005710 2803575.7597656250
29666278.1148220822 2913760.5488281250
29729990.0804206543 2923554.2519531250
29583675.1139530689 2886513.9785156250
30094381.9349800423 2965776.9863281250
29507467.5245478302 2809560.8027343750
30845988.1316075847 3002111.4394531250
29563244.5692081451 2869067.8066406250
29625524.0744255818 2901691.7597656250
29494517.1598283723 2786072.2128906250
29526175.3683181964 2831421.2871093750
29513529.8015598729 2814877.0371093750
29753919.5569794811 2929923.2832031250
29493670.2133760713 2783377.9316406250
29647618.9032994881 2905178.1425781250
30868896.2424702346 3005787.2285156250
29493973.7774912119 2784338.1816406250
30716354.5394092016 2999590.4394531250
29703048.5783438422 2920215.1738281250
29687701.1831973493 2917675.9941406250
29779669.8425286897 2933937.6582031250
29928876.2832329385 2950967.3300781250
29547810.4080129564 2857782.1855468750
29575803.6556211486 2880206.9628906250
29520775.3468662314 2823039.0214843750
29518317.5842277072 2822700.0410156250
29711232.1533993147 2921390.0410156250
29685018.5420799144 2915970.7753906250
29621708.9705202058 2899444.3066406250
29678551.9529111683 2914328.1582031250
30504793.8400632069 2991513.4394531250
29717759.2019781806 2921525.4082031250
29750210.8028230555 2926968.7441406250
29893611.9889112972 2948681.0019531250
29892827.8429226093 2948146.5019531250
30309778.1590846889 2980936.9472656250
29661505.7924521454 2906216.5488281250
29524081.3096712641 2826314.6347656250
29885131.4813673496 2947121.5957031250
30574536.9501103833 2993518.2832031250
29607357.8634590730 2893901.6816406250
29981668.9656015113 2959463.9160156250
29755944.4879536480 2932236.4785156250
29750163.8367072344 2925683.1269531250
29636927.0035662986 2903021.8925781250
30574246.8315685503 2992700.8066406250
30311508.7433436438 2982649.4707031250
30467245.6039852723 2986712.5253906250
29682178.9500255957 2914963.2207031250
29815754.4674783796 2939049.0644531250
29648917.7666546702 2905692.7988281250
29861972.2536555082 2944446.5253906250
30128309.0674508661 2970276.9707031250
30665394.2934655882 2996570.2597656250
29737395.1120437533 2925008.9003906250
29972557.1524245031 2957961.7753906250
31188946.8837750740 3006475.6113281250
30043796.1234963648 2963308.6503906250
29917747.4580376185 2950370.7675781250
29510586.4113704711 2813032.8769531250
29749247.2906128168 2925590.9941406250
29822088.4029998221 2941591.5175781250
30421439.6726664752 2986387.7363281250
30481957.0588506125 2987800.9863281250
29500887.4963057823 2795122.2089843750
30468507.0880644545 2986860.1269531250
30659314.7869335376 2995926.4628906250
29884870.3852491863 2946868.7050781250
30009356.8067251854 2961109.6113281250
31925448.6330191828 3011345.0957031250
30148346.7554259486 2971411.2050781250
30119778.7084198520 2967309.7910156250
30255846.2887349762 2977724.2753906250
29969062.5716537163 2956726.1425781250
29965147.0795331746 2956403.4941406250
30691080.8705246113 2999474.1582031250
30496787.4346022233 2990726.4707031250
31874634.3492472433 3008971.9238281250
30491764.0663999245 2990725.5097656250
29971806.0431848280 2957153.1191406250
30128728.7397553697 2970448.3066406250
29949469.0077588484 2954893.2050781250
29751948.3944901451 2927075.0957031250
30925123.2905831635 3006359.3300781250
30514834.4798064977 2992099.0800781250
30147716.6250823811 2970456.8066406250
30283264.2823413089 2978426.1972656250
30656565.2102991864 2995609.4316406250
29996278.5077490173 2960448.5566406250
30489066.2629463375 2988862.9941406250
30177785.3599096276 2975128.1269531250
29965830.4556826763 2956622.9707031250
30054369.8335591517 2964658.7285156250
30662567.7287175953 2996440.1660156250
29901945.0578871556 2949736.6503906250
32102642.1804374941 3012672.4003906250
30399715.0880395472 2983877.0957031250
29997920.8337903507 2960660.7519531250
30227758.6265945770 2975812.6738281250
30390480.0180432014 2983595.9238281250
30514808.9661209732 2991936.4003906250
30487521.1241481192 2988723.6035156250
29989873.0631296411 2959956.5800781250
30797827.4543662407 3000162.5410156250
31404033.1353609599 3007398.9160156250
