29683371.3287024759 195177.2924398184
32410312.7287828438 231505.9353179932
30656722.2652620748 224905.5170288086
29883205.3910708092 206863.3084583282
29616954.7519599088 186959.6635371251
29725915.7314056493 198360.1930696368
29836377.9220679663 203741.8933824352
33270770.9694727957 232363.1838684082
29742212.6393511444 199101.4167711735
29798808.1973221712 202468.4165536165
34196502.0014828742 235483.4677734375
29751939.1515151002 199469.3033860973
29766835.3112283126 199706.0294613256
29822408.4326863736 203092.5362465382
30316133.2080601826 217122.5566444397
30199900.2328534797 215743.7775573730
30733709.9179982953 225036.2860870361
30465229.9702847898 220977.0204620361
30176331.8922935762 215412.0989851952
29631398.8066435121 187802.0375785232
29980050.5999474451 208998.1537403464
30212994.5394806191 215971.6451125145
29710520.9253196158 195874.7021934541
29783032.6346210837 200139.0846885047
30806374.1630802825 228342.0023193359
29705007.7755462341 195688.9839492440
30792534.7602476999 225211.4748840332
29767615.9369399250 199706.6409314922
30156230.1464868896 214985.1212902665
30973646.4650508016 228964.7826538086
30530359.5471357442 223586.6584510803
30246840.0414015390 216433.1701908112
29744673.1392537877 199177.9098371319
30096185.6572777852 212555.0565242767
30411397.7500550523 220465.2154579163
32706135.7809532806 231974.4333648682
30859966.2573317736 228562.4026489258
30030228.7570154443 211307.0563011169
29643118.0397649705 191045.2384160757
34185211.1517256945 235029.5920410156
29683230.1641886383 195159.6070483327
29740909.4068986140 199042.4239633083
29942662.7459748089 208414.4928544811
29899042.9074656218 207227.0891665816
29795841.1202051342 200255.1652635387
29664864.5043187514 191924.3486136794
29758760.9091045670 199619.6283382787
29801115.5343203172 202495.1655770540
29716202.4275931232 195928.2930611423
30096068.2421587110 212332.1113278307
29690276.5232634172 195284.4092943668
29659080.7731187642 191901.7078145742
30227077.2086924165 216238.1971893311
29688282.4700489752 195262.5453011990
30336712.4533719197 219077.2925968766
29973812.9000152089 208600.5086503029
29636943.8304735497 190958.6477540731
29650420.4496351480 191081.9745722814
30154727.7551002055 212964.6776198894
30623435.3048400991 224633.9060821533
29936380.5135808587 208244.3026894382
30289041.3674809523 216964.8299522400
30439402.5877770223 220665.9535675049
30806109.6433212049 227755.3490753174
29714208.3743786700 195926.1507992162
30541757.9431731403 223716.8791656494
29999302.9762403406 210596.0396060348
30282033.9283014126 216862.4810886383
29873650.5313595049 206503.4016818404
30016413.0697661191 210895.4210911393
29805588.3781074136 202770.6705341339
30334596.6287945099 219018.9668426514
29897031.9647844508 207162.0540840626
29627609.1286579669 187796.9306825399
29720741.2881385386 195998.2593920231
29625615.0754435249 187779.3967794180
33574589.9648574814 233711.8000488281
29746667.1924682297 199179.4406288913
30054851.3938742615 211959.0142283440
30114355.0188594311 212576.8379463009
29869500.5028932653 204332.9153339765
29668415.4749343470 195054.6641579866
29776303.0904574543 200066.2881392292
29634430.8862474449 187814.1624177694
29692051.8169579320 195479.7970664501
30265698.4635153003 216505.7029724121
29749945.0983006507 199447.4393929294
32559752.6733856387 231946.5171508789
29772183.5535712913 200030.8195722899
29671190.1538604051 195080.9587892294
30038651.5250367671 211369.1533942819
29678183.1999473870 195088.4268568754
29695411.3390307017 195575.6401141286
30015632.4440545030 210892.4833660722
30525375.8841672949 221187.4835815430
30332601.7251686640 218724.3641967773
29732835.0047748722 198956.0228402615
29743892.5135421716 199177.2983669653
30576144.2565186024 224059.0818023682
29722895.5278961919 196283.5022591404
29717966.6092124768 195976.3953988552
30414668.5197147131 220595.4361724854
29761535.5880306251 199621.7706002048
30088696.8957951777 212256.8645668030
29705785.4343704134 195792.0857064724
29834070.5850698203 203715.1443589977
29652906.5638273507 191499.9814046621
29774958.2324973457 200052.6835654578
30376128.6500355043 219732.3588714600
29735609.6837009303 198977.8868334293
30129261.4199514091 212802.5639705658
29618948.8051743545 187092.5686744256
29840311.6649490930 203744.7276466936
29650912.5106129162 191367.0762673616
30121146.7340885960 212603.4779243469
29732616.2028356120 198929.2738168240
29902309.9634569474 207687.8812822155
29798424.0058007129 200408.7205122760
29847493.2295365334 204122.2014029822
29759541.5348161831 199620.2398084453
30126895.1851284392 212763.2077059746
30366546.8529260717 219554.6131839752
29755854.0857571252 199563.9995514901
30200072.5006036796 215814.1577606201
34198664.8750708327 236183.2602539062
30045289.0495724902 211823.9810484699
29829556.1644784883 203591.6144212536
29827562.1112640500 203572.6576460651
29825254.7742658965 203545.9086226276
29868376.1172443219 204324.6831010631
30171730.9942845181 215378.3075599670
30340287.2930988818 219450.2757029533
30241469.4041451849 216349.0358734131
30214668.8135646060 216185.6627445221
30357546.4662650898 219454.3522243500
29938753.8087047264 208406.8312324337
30214631.3414038084 216085.4017848969
30107095.4543280713 212557.7872352600
30193797.3285106346 215708.3421574235
30039013.8774794526 211775.7816718868
29902091.1615176760 207661.1322587780
30055621.1331215613 212009.3571205139
30170961.2550372146 215327.9646677971
30082721.4360068403 212180.1870093346
30018188.7466872074 211235.7933611870
30061126.5659672990 212043.1485457420
29793628.2650514282 200209.4594649128
29917928.6779124886 207866.8429217339
29945028.9807977676 208455.0306090168
29619440.8661521152 187377.6703695059
29772964.1792829037 200033.7267902694
29892536.3018063717 207117.6625070572
29849866.5246603973 204292.1818193248
29634949.7772591114 190932.3531228304
29793847.0669906922 200236.2084883503
29752719.7772267088 199469.3264687373
29666663.8741845116 194105.7506253123
29649125.0053156205 191054.9814046621
29824474.1485542804 203543.0014046482
29808144.6807401180 203047.4046709538
32237500.1513032019 229037.6845092773
