67432538.5491376668 14838.3896750212
67403564.5136725754 14775.9827378809
68377681.0884523392 16557.9998130798
65981203.9772940874 11028.8825174205
67039001.4357523322 14036.7546227991
66086000.3882283941 11400.3355203502
66484745.9999222830 12573.4380723834
65652056.2070091069 9213.4754109681
66549049.2536174059 12680.5451852381
66927521.3884337544 13750.6164473593
66556099.6255271882 12698.3073713183
67542591.1242786944 15022.0763241053
65983823.8621401116 11033.0941455774
66604838.4086098447 12938.2785031199
65900902.2205561027 10661.6411426477
65991925.1721542850 11074.2477243356
67192169.4486542195 14332.8567970812
65644691.9836970121 8840.5462766439
65858304.8116748333 10313.8916802190
66186308.2055050135 11505.6141152203
66325741.8103101924 12119.2845479302
66451441.7984444797 12354.8987169024
67546574.4772965014 15089.9493273497
67024212.2584629878 13959.6313847124
67946647.5195271224 15818.5273857117
66397579.0513666943 12233.0883354954
66934499.0179985389 13776.0476780236
68516535.6297595650 16844.7247581482
66545378.4306669980 12652.9421644032
66090446.2012167647 11405.9219105889
65899530.8833118230 10657.4295144908
68299516.5110742301 16397.2736225128
65711985.9628605321 9578.5447864830
68003679.2015283257 15965.9699554443
66209547.5978691578 11720.4598839879
66723152.2138444185 13108.3680554628
66379735.4427003711 12211.6376093179
66336463.0051703751 12164.6497548453
66335879.5532206595 12120.4692954652
66411573.5507061183 12275.6152403176
66195326.6237271056 11506.6328189895
68774957.0509904325 17162.4146270752
66422294.7455663085 12320.9804472327
66195786.0904588103 11523.8273165748
66223686.1733381376 11790.7445927679
67689370.3621238768 15340.8066701889
65869609.7452823892 10326.9253299460
66167034.9808272272 11492.8958332092
66813127.4222791344 13452.7001127005
66096721.5830885842 11445.7007272653
65853980.6970232576 10270.1044232175
68301918.6916561425 16437.5073127747
68138168.2824957818 16181.3621864319
68284702.7012887001 16368.1067600250
68001277.0209464282 15914.9407978058
65699779.4600094929 9565.1478776932
67545420.8443163484 15070.9157053232
66369014.1246226430 12206.3284499049
66932193.4182012826 13764.3840919733
65628829.4182424843 8824.5055560458
66294895.2197629437 11894.9752743065
67027409.5238496214 13967.2361235917
66889372.0648558885 13672.9064396441
68509902.9419056177 16755.1971817017
66472475.6839699596 12567.1750749946
67841466.9506191760 15618.6145849228
68300325.3684094995 16424.7372512817
66201008.3043876961 11705.3370809136
68483710.7695996016 16742.4271202087
66860358.3593359590 13529.7202175856
66229447.6921745017 11792.5362518430
65750082.9432666376 9631.4162351303
66607811.1736901030 12943.6308198638
65889136.4092450291 10329.5305620655
66727922.0937105417 13264.1076347649
68158285.8928106874 16187.3904914856
66067437.6934887022 11089.7917197825
66661344.9479644373 13030.1645665467
66594117.2137496546 12892.9132962048
65786666.0393603221 9949.9977894127
66234407.3681983203 11836.1097996831
66674471.4946098775 13075.3194993734
66079482.3289184719 11333.8840779839
67195366.7140408754 14340.4615359604
67977827.7681618333 15882.4706840515
66198826.4030089825 11675.0946770727
65897084.4895244464 10582.2735463202
66489566.0000419095 12588.3633782268
66968396.0067907125 13839.6862229109
67660910.9623037130 15309.8417463303
66740173.8983300030 13314.7342479891
66822653.6742333397 13465.8062909312
66892569.3302425146 13680.5111785233
65816322.6849811301 10237.7108456388
66905695.8768879473 13725.6661113501
66918518.3815596625 13739.5991696119
66947625.5646439716 13821.2026108503
66074679.5794844776 11324.5483836949
67210155.8913302124 14417.5847740471
68052256.2116634250 16002.9631843567
67223282.4379756451 14462.7397068739
67533641.0159158856 15019.2055583000
66586345.3476196826 12758.4529305696
65897995.7789634094 10609.1638485685
67122394.7908074856 14196.9229296446
66988175.6527912766 13876.7381542921
66391935.1367862374 12227.9473289996
66307022.3369983584 11971.0653223395
68341287.6649692208 16499.0520553589
66527270.6265064105 12639.8071275949
66296301.1421381757 11925.7001154244
65774466.5921364799 9839.6141758829
66877551.4646070004 13627.9558179200
67637412.2958635837 15262.1383663416
65794253.8270352781 9971.2964055128
68431392.2783814818 16604.6627159119
67079491.5909269229 14115.7217701674
67168547.4939889163 14274.5284833540
66883472.0419762433 13628.2144822895
67939160.2141848654 15807.0418262482
66819496.1469933018 13456.3621801138
68089141.0913856924 16090.6505813599
67050365.5717605874 14074.6025485992
67076095.6899311244 14107.9979065657
66983215.9767674655 13861.8264083862
66886669.3073628917 13634.0284350216
68314966.8409607112 16470.4043979645
66461754.4891097620 12521.8098680794
65978757.5835067332 10953.7265492499
67218322.7619518191 14447.8279609680
67743180.3650255352 15424.0359972715
67909640.6430362761 15746.1839361191
66661699.0532031283 13045.4303167529
68202179.9384842217 16283.6598243713
67096664.6726369560 14163.5275716782
68654228.6802788079 17060.1169891357
67789479.4659018964 15512.9610203505
67055325.2477843985 14089.5142945051
67331545.0081563443 14637.9007578194
67097622.3489363790 14179.5162773132
65774799.8337071314 9917.0803709224
65980939.4848854765 10983.9689530907
66627176.4284074232 12962.9639102519
67206958.6259435713 14409.9800351679
67125790.6918032765 14204.6467932463
66971791.9077864885 13847.4100865126
67798906.4431777149 15580.0634907484
65768817.0453517959 9648.8075407408
68511572.7286897153 16804.4910678864
68293218.1501585394 16368.7936124802
68351782.4091200978 16527.0348892212
66901048.3250594884 13710.7543654442
68001807.4649531394 15917.5060873032
66355298.9976613373 12174.1151474267
67616659.0386014879 15203.7931619883
68200753.8782849312 16253.0800056458
66057009.8647451475 11074.9096613936
66695241.9367566034 13090.1008132696
67336504.6841801703 14647.7538957228
68375413.8609381616 16539.8049507141
66275289.0603873804 11876.4166464619
67596391.9749602377 15150.9136171341
66256868.9136302397 11840.1854019942
68579416.1002744734 16875.6896820068
68614777.6795715839 16922.3525848389
66945638.7123385370 13806.2908649445
68465838.1537541449 16630.7455062866
67289603.5722016543 14602.8924869895
66661120.5062961876 13022.5598276675
67260112.2292858958 14530.5792312254
67262358.5225382596 14551.6647299528
67252846.9534648061 14509.0625072718
68418171.7918425798 16588.2659149170
67267030.5523057729 14572.3126682639
68729234.5308893472 17068.4653472900
67133579.5003410429 14211.4651138112
66501190.7963031381 12592.7877597362
67543947.8550463617 15047.7801234722
65891586.2611109316 10361.2803921215
66636526.2860233113 13004.6475583315
68383142.0556624830 16570.3847694397
67459111.0276714563 14923.9352816343
67797752.8101975322 15561.0298687220
67075490.4602291435 14095.4103006124
67105554.8486786038 14194.4280232191
67481684.0475673378 14954.5151003599
66934274.5763302818 13768.4429391444
67201519.3062701374 14365.3049992323
68172386.2465741187 16236.2980995178
67678820.3793030530 15324.0247640610
67552783.8496268094 15101.0163792670
66649558.8662366867 13011.0889819860
67141128.5984494835 14225.0078419447
67053990.5069833696 14078.5800541639
66629552.3316071406 12984.3360887766
66733842.6710797995 13264.3662991345
66766359.1978318840 13334.2512136698
67248828.2815899104 14493.3195255995
67408139.8970275670 14798.8909148802
67343867.6894906312 14678.9515856802
66693386.9892547056 13087.8930259943
67412530.0786196440 14830.0886048377
66689991.0882589221 13084.2309585810
67241854.3271737248 14473.0080560446
67740689.8641815037 15405.9361867011
66575118.4443580881 12713.1651650667
67828971.3780609369 15609.5438040793
68053496.6991920471 16015.3481407166
65811665.5105787814 10014.0940069333
66967790.7770886868 13827.0986169577
67365134.5242535770 14727.7909668982
67462347.5762833655 14935.0023335516
67387707.5441494286 14758.3707856238
67411433.6251299232 14816.7159899771
67478365.0424020439 14949.5934466422
67501235.3801061958 14977.8430880606
67858760.5179189146 15663.0728316307
67528063.7663775235 14996.2563494742
67434006.6450257897 14847.2958087027
67983416.7854600102 15886.5411634445
67175910.4992994070 14305.7261733115
68222203.7442378253 16285.6762847900
67802142.9917896092 15591.1305426657
68032138.6013485193 15996.9348793030
68229840.1708527356 16302.0730857849
68252534.8806332201 16333.0380096436
68076191.4089725316 16046.3130645752
67591160.5212191343 15140.2818737030
66855398.6833121330 13514.8084716797
68024502.1747336090 15980.5380783081
67856890.8114630282 15649.1944036484
68312640.0175812691 16451.6903305054
67484920.5961792320 14965.5821522772
67915669.6991663426 15763.1728934348
67604013.2725128829 15198.6270780563
67619715.2668989301 15233.8938359320
67738887.1368422508 15388.1747894287
68112275.5868953615 16104.6240534782
68117205.9089050591 16138.0123062134
68045860.2725771368 15998.9513397217
67155486.4551628381 14236.3971494734
68419984.1325533688 16601.3496932983
67919407.6514043659 15775.5578497946
68120943.8611430973 16150.3972625732
68136296.5459205806 16164.9653854370
67666014.3677752912 15322.8188590109
66274063.0097705871 11843.5164009556
68166627.6823159754 16212.3271102905
67756450.6411187202 15488.8329047263
67163072.7285938561 14249.6429338455
66588077.4072089791 12845.6936868250
67705221.4677785188 15359.7541761398
67243868.6055660844 14478.4077796936
66388094.2342810333 12218.7233840048
65969775.1795064881 10704.4493705761
66718469.8703453243 13097.6340715885
66725310.3073654920 13181.2260410607
67009073.9445770681 13892.4062271118
66601479.9464398995 12893.2628710091
67681066.6725554019 15331.5045347214
66150448.1653162763 11468.6505283788
66440320.5826319680 12325.8675510883
67896009.9773341864 15728.6231956482
68456511.8942560852 16607.3779983521
66362592.6934176534 12174.8452479660
68113307.4345281869 16134.0004615784
66399458.3702892885 12256.5713098049
65968224.4538225457 10672.9831999317
67761380.9631284326 15497.5185804367
66373956.8294259086 12210.9023876190
66398890.4582149982 12252.8025853634
66766550.1826946437 13342.2518672943
67436811.8121128231 14854.0569471419
67888373.5507192761 15712.2263946533
67975433.5723935962 15872.0206756592
66763262.9071172774 13322.9913147509
67957986.8508574367 15863.6723175049
66507951.7655451745 12621.2333142757
66619097.6493494585 12950.5083138943
67813615.0500227362 15592.3364477158
66536345.0172378197 12651.3020570278
67445260.5309099108 14878.7313284874
67759134.6698760837 15490.0388097763
67842074.4498429149 15623.3013715744
66804791.5469820574 13416.3747839928
66810808.2960330695 13419.2719721794
67838443.3944296837 15616.0548305511
67821251.4766376466 15608.7332487106
67815861.3432750851 15599.8162183762
67653104.9887288213 15273.5444355011
66775825.3618295416 13362.9612247944
66631566.6099994779 12989.7358124256
67789840.3629486263 15528.4835042953
67986446.2506776303 15894.6372413635
67573473.3455130160 15124.8856091499
67950350.4242425412 15847.2755165100
67438984.2645455748 14857.8537961245
67394088.2875142694 14761.0374259949
67739842.2730911672 15404.9990777969
66763356.4011795297 13323.7337262630
