66398997.4628502578 12505.2414840281
68122475.0094755441 16150.7823677063
66389476.9235787988 12448.7394679606
68010680.6382885724 15966.3550605774
67932248.8567175120 15823.4385555983
66627991.4686362147 13086.0951165073
66534728.9375825226 12854.1084551409
67166835.0775922984 14318.8330537453
67019306.2783055380 14032.1081086770
66715690.0676107407 13401.9616545737
67026882.5096798539 14106.6474146843
68305139.1813241690 16455.7021751404
68060448.7872142196 16038.8307865858
66679795.3645012081 13256.5028149903
65976892.8926772177 11083.9143727615
65864969.7707048431 10642.2980541438
66389324.2981681004 12410.2374465287
66540589.8247835785 12875.4601342499
66173162.8292938247 11667.3314406693
67188745.9447760731 14367.2416606322
66661573.8967617750 13225.5378911316
66835063.9490127936 13629.7282273590
67161931.0329647660 14293.4925655958
65994654.8936849385 11149.2815510824
66528222.9965647236 12818.9581181824
67046697.3006659299 14150.3824000359
66873207.2484148964 13746.1920638084
67194226.0999526978 14437.1073451042
67393234.1682636142 14829.3993143141
66558973.4447146133 12911.1382438958
66226335.5075240433 11823.6679564535
66901932.2067504153 13842.8006181717
66982592.7482995540 13916.4531724274
66395982.8645966128 12483.8898049190
66825543.4097413272 13553.5670506775
65790941.0534598455 10294.3325850368
68074904.8083065748 16090.6505813599
66814635.5581083000 13543.2277600586
66215321.2433236837 11817.4523076609
65920731.6962135360 10807.7413704395
67001769.8671996519 13934.6480347931
65970386.9516594112 11048.7640358031
67452153.1884303391 14925.8621811271
66301818.5190835819 12084.9818236649
65810155.3296298161 10373.0529644564
68461350.1590661407 16742.4271202087
66607066.5761709660 13061.4971424416
65825288.3609537482 10440.9060220420
65731199.6393344924 9987.7344663665
66733911.5353501886 13432.9265784323
65967867.5202284530 10935.0984031826
66308477.0855120793 12153.0863686397
66443593.0944277868 12562.6714787781
65688345.9968091175 9634.7498298204
65873100.5475285798 10691.2443823412
65697172.5754678547 9639.3167603090
65641433.7855768129 9267.1564053893
66975547.1368111446 13890.9512747824
66301971.1444942728 12117.9360316813
68604536.7074861079 16922.3525848389
66335491.8965229914 12206.1017042920
67566903.3298110068 15132.2445907824
65808718.2517282888 10371.2722065523
66084697.3651758134 11427.7667607859
67917702.2511249185 15776.4620075226
66358654.9745365232 12268.0833356201
67196097.8365278989 14457.9463113844
66576943.9946248606 12969.2512517273
68259615.3954311460 16384.5035610199
67026268.9097614437 14063.8819327354
67595739.9286130369 15201.3369928598
66450099.0354455933 12597.8218157366
67135526.7739152759 14235.2362232439
66868751.7289572880 13719.6515235007
66048807.1056855023 11330.9061088532
66806519.3507070318 13474.2981200218
66582339.1674137115 12995.3818816245
67401335.4782778025 14838.1798282862
66922702.6488971561 13861.2842302322
66069031.2388990372 11352.1833179191
65827951.2549090311 10445.4033243731
66612630.1488318890 13070.3675097525
65670306.7723055035 9605.7499995530
65658753.9415185601 9574.8751240075
65945135.7670660391 10840.5454479381
66500276.9244700298 12712.8187827170
66754681.9774969369 13451.4101904929
65790956.2507205531 10305.9050282314
66160875.2444134876 11595.1027230322
66661110.8725460917 13090.3285014406
67204729.5905487686 14502.7509756088
65638860.7738193795 9262.5894731879
66021669.7046958581 11214.0600422919
67543890.4485391676 15086.8034714519
66166438.8170744032 11603.9730903432
66627121.8836492971 13084.2717856467
67245705.3689768612 14542.6743692458
66715519.4845073074 13332.3393156826
67594048.9320186675 15181.6227760546
67264492.0542203635 14559.0130996935
67125664.1834015548 14227.0919018023
66310909.6881427169 12182.2845599472
65804086.4347119033 10342.2723779976
66183566.4875205532 11708.9253860564
65579283.8207073212 9203.4221210778
66142653.7766740471 11564.1377991736
67425675.8665144295 14860.3642381728
68407930.8197571039 16588.2659149170
66145668.3749276772 11585.4894782826
68314876.3770646602 16470.4043979645
65905524.8267277628 10797.7799659893
68110295.5441949069 16138.0123062134
68073669.2737531066 16055.2275875807
67521361.0966507941 15075.9824666977
66452531.6380762234 12627.0200070441
67196628.2805345953 14464.3299387991
67877063.3860240877 15721.1409176588
67451466.1741855443 14887.8159379591
66467861.0364533514 12680.4544617012
66010955.4135363400 11198.1232802197
65623509.3042394444 9252.5750815868
65793825.2876570448 10313.7601415217
66591859.7066851780 13051.8838976920
68322689.7113056183 16539.8049507141
65812107.0051949769 10375.0466741845
65543228.1638330370 8093.0665629519
65784450.3097027317 10270.7546912730
66883710.7390109748 13811.8356943130
67076159.1624020338 14172.2910451889
66329803.5446716249 12191.1577301323
66340532.6370655149 12211.9552198220
67114756.3317685425 14216.7526111834
65659803.2817094326 9574.9654839486
65601007.9778413400 9203.6008166820
68524490.6436398327 16870.8075485229
65548995.4196989536 8478.9992825687
66256481.6167033315 11905.0920223519
68123681.6429947019 16165.4845905304
66132651.2557777241 11555.0142654702
67683405.8578995466 15363.7327499620
65554033.8174453527 8832.8386561871
67378593.4726215303 14808.6961212389
65793582.9441158324 10311.4878623933
66122147.7651816532 11524.1813511178
65719554.2268708423 9963.5223932862
66808726.2738720849 13480.2415494919
66281268.4572348148 11942.4274132773
65926295.2688744664 10816.2635780498
67673610.3537898809 15350.9626884691
65888199.1197419688 10742.9393122911
65762017.7153793722 10036.8874268755
65915213.9307529032 10807.7178035006
68579542.8845517784 16916.8486709595
65679393.8439963758 9622.4126411974
68537306.0719062835 16875.6896820068
68351149.1111257970 16570.7698745728
67592873.5781728774 15178.8743504286
66275747.4659760892 11925.2329156920
67309859.1241674572 14639.3562088243
67282713.5219597965 14589.9780235521
67436323.4129670113 14880.2002962828
67338492.6851903349 14680.7273835002
65743283.6132942289 10018.0777172074
67702243.9148127735 15364.0842217265
66276700.8667054847 11932.4514478445
68511482.2647936791 16804.4910678864
65824190.9791547135 10405.3899250254
66121315.5024260581 11515.8537863716
65713063.4831137210 9939.9444995224
65793970.8489742056 10327.2567073405
66188181.5947380960 11746.4222830355
66239982.9941340685 11894.3944929168
67320271.2174509168 14649.7624596416
68438261.9561524838 16635.6276397705
67152314.0272596776 14276.5370472728
66126219.5470535904 11544.3167360350
67237171.2887995839 14533.7158994675
65868263.6168761328 10643.0802017804
65711986.4485983700 9677.9527525827
68201286.7942264676 16271.2748680115
68189710.9437441230 16253.0800056458
66072446.8329130635 11375.2279444754
66714449.2302155122 13278.0060906708
65976277.0122273043 11061.7522418320
67024164.2445975989 14047.7594900131
66340517.8358311504 12207.0952878104
68423832.9031064361 16617.4327774048
67192121.4347888231 14420.9849023819
67186373.6686418355 14326.6012110114
68487863.4650491178 16773.3920440674
66786706.5848597512 13472.9063516855
66862475.0370726436 13670.2733382285
67090753.2155237049 14185.0611066818
66295618.6532821283 11982.2845305502
68112169.0475564003 16141.3381729126
68278443.7988900244 16428.0631179810
66321766.6640047282 12188.7842128575
67473561.3562177867 14957.7990164161
65806910.4794960916 10359.1334790513
66703541.3785825297 13267.6668000519
68132091.2930584252 16175.9567675591
66087427.6034039482 11449.0642714321
68064177.9205168933 16053.7427577972
68411748.6501695067 16604.6627159119
66863432.7133720964 13673.6044841111
68270276.9282684326 16387.8294277191
67571557.7739531547 15142.2484194040
66183995.8577328324 11744.0487657606
67636058.3947919756 15241.8348989487
67722068.8029240221 15405.0168302059
67726514.6159123778 15428.1524120569
68165481.0148883015 16240.3099441528
68277275.3860752881 16424.7372512817
65698127.9460815340 9641.2223508656
68710411.9606399387 17162.4146270752
66357663.2697857320 12235.2213754952
68283862.6173913777 16439.3053741455
67824165.0328435600 15609.1183538437
67325201.5394606292 14658.5224089026
68010315.7889866382 15937.1881980896
65876115.1457822546 10712.5960614502
68440700.0986465663 16637.9497070312
66099204.7360426709 11479.5382448256
68416983.3206930310 16606.9847831726
67157244.3492693603 14285.2969965339
67409048.2393392324 14840.6243519187
67013218.4887651727 14002.8114518523
67953263.9804484695 15847.6606216431
65969899.8167339414 10948.8538569629
65983868.4078607634 11098.0708502948
67470859.4563485533 14938.4664053321
68157844.5882733911 16223.9131431580
67727668.2488925755 15447.1860340834
66115716.0564575121 11513.4838216826
65895021.3361316845 10766.9470516369
67343423.0072000474 14689.4873327613
67931095.2237373292 15804.4049335718
68319399.2980238348 16486.8011989594
68222911.0401939452 16317.9377708435
65783204.7104337141 10055.3271228895
68654138.2163827568 17060.1169891357
68274237.3913596570 16408.3404502869
68319929.7420305312 16510.6380882263
65752328.6113542467 10026.9495893642
66218360.9696091861 11822.3235359937
67432160.7345005423 14862.0845680237
66353225.5969694033 12217.2599501014
68443602.1393941045 16648.0125961304
66231434.5444799215 11836.1097996831
65814501.8751295730 10395.4520875141
66211902.0032906383 11790.4859283984
68350260.8784259111 16557.9998130798
67751347.2356471419 15475.8557920456
66075074.7915595621 11378.5389779441
67589779.2416925877 15173.2133432627
67660910.9623037130 15309.8417463303
67636078.3425689638 15262.1383663416
67173511.7071282417 14321.6417817175
67147158.5907709748 14254.6227993369
66081328.3584608585 11400.0768559806
68516535.6297595352 16844.7247581482
67546574.4772965014 15089.9493273497
68052256.2116634250 16002.9631843567
67909640.6430362761 15746.1839361191
68202179.9384842217 16283.6598243713
68001807.4649531394 15917.5060873032
67289603.5722016543 14602.8924869895
67262358.5225382596 14551.6647299528
67267030.5523057729 14572.3126682639
67797752.8101975322 15561.0298687220
67552783.8496268094 15101.0163792670
67828971.3780609369 15609.5438040793
68053496.6991920471 16015.3481407166
67365134.5242535770 14727.7909668982
67462347.5762833655 14935.0023335516
67501235.3801061958 14977.8430880606
67983416.7854600102 15886.5411634445
68222203.7442378253 16285.6762847900
67802142.9917896092 15591.1305426657
68032138.6013485193 15996.9348793030
68252534.8806332201 16333.0380096436
68024502.1747336090 15980.5380783081
67484920.5961792320 14965.5821522772
67915669.6991663426 15763.1728934348
67619715.2668989301 15233.8938359320
68120943.8611430973 16150.3972625732
67666014.3677752912 15322.8188590109
67756450.6411187202 15488.8329047263
67896009.9773341864 15728.6231956482
67761380.9631284326 15497.5185804367
67957986.8508574367 15863.6723175049
67813615.0500227362 15592.3364477158
67759134.6698760837 15490.0388097763
67842074.4498429149 15623.3013715744
67838443.3944296837 15616.0548305511
67821251.4766376466 15608.7332487106
67815861.3432750851 15599.8162183762
67653104.9887288213 15273.5444355011
67986446.2506776303 15894.6372413635
67950350.4242425412 15847.2755165100
