29731622.1866970658 4908.1818630397
29926586.3713748902 5014.6589239538
29625770.5627638251 4600.2262311904
29917136.9105276875 5013.7386735603
29626221.0469373651 4693.4899054002
35886737.3581447154 5990.2342605591
29706326.1377858184 4808.6225304753
29996877.8349878415 5031.0100047411
29684274.6246894114 4807.3000515820
29784314.3274418153 4930.1579614524
29666946.1548702791 4798.7217189968
29662241.4500924237 4795.7564051449
29709837.8372147717 4819.4819951775
29641566.5023544170 4705.9344879119
29618730.4288809970 4600.1871778956
29644476.7510710396 4794.9698316753
29634618.9868478179 4697.3471287638
29646660.8853652738 4795.0088849701
29616954.7519599088 4596.4743438689
29639382.3680601828 4705.8954346171
29644255.6876818426 4708.2347088605
35445617.9350998923 5960.2374267578
30440166.8902909979 5096.1810737252
30318665.5384307466 5046.4520712183
30428088.0745245144 5080.6694420874
30555741.2398753092 5107.6362859309
30246694.6506879367 5041.0509999096
30373769.2480933741 5057.3759346902
30668714.5574061759 5108.7170463800
30681017.5203975439 5263.9306253195
30645324.7609069794 5108.0014740229
31010427.8333931565 5332.8935962319
31029367.8728151657 5353.2655543089
30926764.8289053626 5326.4763985872
31240646.5153604820 5429.1865193248
31533781.2857037857 5569.1746745110
30869023.3138120733 5313.2838087082
31273198.1060627289 5482.5208532810
31330614.1013687886 5525.2821650505
31104288.0769933760 5403.6808080673
31576957.3893686049 5577.3424930573
32612117.2955174446 5796.8331985474
32416432.7882160507 5747.6852207184
32002349.0858264007 5692.7239437103
32054724.6796238050 5696.5890522003
32958388.5072136521 5801.2644519806
32079776.8708320148 5721.6171836853
31724297.4234086238 5649.5760765076
32326456.5769544616 5726.7567348480
32489375.6741499566 5749.3258705139
32499981.1377801709 5787.9074764252
33706890.7816854939 5888.9759178162
33190200.5912898891 5845.7688865662
33623560.2019444183 5882.8202018738
33814143.9604675993 5929.7069396973
34130884.7523454353 5946.0470886230
