29876818.2723072246 1029688.3310546875
29984599.6227674186 1038423.2607421875
29667966.7900985889 995906.4648437500
29631426.0020122975 988281.7944335938
29504223.9601868540 907531.9833984375
29492544.5177184120 893236.4865722656
29747889.3488357402 1010583.8789062500
29492963.9658828415 897340.6777343750
29715634.2845410071 1007220.9121093750
29530242.3778662607 951477.1293945312
29519358.7992757782 939812.2988281250
29524283.4851796441 942615.7983398438
29596189.0460988656 978353.9287109375
29594336.7332638875 975768.8505859375
29965988.6913592517 1037267.0205078125
29721434.1151284277 1008975.6181640625
29646297.4759845920 993694.9560546875
29708225.2378723957 1005713.9931640625
29511260.7052635066 931094.4536132812
29555151.9298290983 964519.2900390625
30070325.2105807774 1044136.7529296875
29530146.4305778295 943678.7465820312
29721185.4637550972 1008687.9160156250
29720120.3354425170 1007594.6816406250
29697981.1984128021 1003962.2753906250
29547570.0942805298 954521.0791015625
29550932.2582079805 958395.3647460938
29627742.2362533733 983601.8715820312
29554980.8698728457 959777.3310546875
29575074.4679310620 971182.5834960938
30221650.6205514111 1053793.1103515625
29637976.8752494790 988635.6997070312
29511544.7782028094 935462.5917968750
29771347.7262952067 1014265.2812500000
29670266.5521136522 998995.4238281250
29619208.0931003243 983076.1933593750
29595978.3461960815 976794.7148437500
29801045.2243015841 1019742.0605468750
29787124.3797710948 1017800.0302734375
29574880.8233182020 968147.4985351562
29880558.7455380373 1030295.8828125000
29611585.2706445754 981981.3510742188
30367530.4977436513 1061495.2148437500
29584159.2850124538 973346.6308593750
29784126.5389551520 1015481.9560546875
29711949.3424335644 1006295.8554687500
29682208.6603836417 1002894.6015625000
30000513.2881326415 1040121.0019531250
29628292.0549919344 985269.9604492188
29601986.9074330628 978546.9497070312
29733082.5517324135 1009618.0644531250
29668108.8616851531 996801.8691406250
29639435.2753186114 991416.7343750000
29603524.0909195580 980539.3183593750
29819421.1176212318 1021015.0927734375
29498757.9623284228 900616.2419433594
29592265.2713688761 973740.5097656250
29710280.7127180025 1005785.2656250000
29507593.4785483927 919915.0131835938
29611824.1566375345 982582.8442382812
29869150.2480616793 1028371.4306640625
29665737.5727980956 995184.0458984375
30595930.2646516822 1070215.8369140625
30287350.6199778691 1056476.3720703125
29692016.0213453285 1003684.5380859375
29899169.6769461967 1031452.1230468750
29623242.3786108010 983592.1689453125
29940750.1457273401 1031896.5205078125
29796997.8718403056 1018614.8652343750
29993203.2819041386 1039221.2734375000
29862404.2199464552 1027022.9404296875
29718322.0838377401 1007482.2763671875
29828387.4798760861 1021400.2929687500
29669252.3140811883 997870.1645507812
29702040.3037037589 1005460.7431640625
30256758.8860127889 1055397.6347656250
29829999.4209191836 1021791.0312500000
30183113.2742927857 1048746.0458984375
29948227.7787566856 1033384.2724609375
29547429.5930393860 952192.4501953125
30223259.9957747497 1054625.4824218750
30106540.4995689131 1047787.3476562500
30220446.5535240173 1051059.9521484375
29818916.1743968651 1020442.7021484375
29765258.8495854363 1013039.4326171875
29663499.3940632753 994976.6738281250
29907477.3316353969 1031585.1259765625
30239398.3076315299 1055366.0371093750
29782138.9856939465 1015355.8876953125
30109320.7634076849 1047882.0761718750
29778398.1794888936 1015330.8847656250
30016151.2696929686 1040793.1416015625
30087824.6927958466 1046923.3779296875
29874475.7825565189 1028439.6748046875
30020184.0309242494 1041043.9414062500
29731094.9984712154 1009617.7822265625
29748873.9586396366 1010708.3759765625
29664335.8938600272 995141.0605468750
30671092.8538234383 1071388.1962890625
30019506.0653783381 1040825.7978515625
29895892.4319489747 1030755.9843750000
30122678.8114256896 1048527.9023437500
30015053.8018801771 1040327.5400390625
29734689.1402554400 1010130.9150390625
29963531.5449022911 1033923.4091796875
29750485.8996827342 1011180.6464843750
29891859.6707176901 1030463.8076171875
29893716.3975266814 1030587.2226562500
29844777.7624637485 1022166.3310546875
30384862.2764103077 1062235.7695312500
29908155.2971813120 1031685.8935546875
30409120.8235432059 1062963.8955078125
30738130.1892393567 1074021.8281250000
30035871.9069461040 1041068.0947265625
30540698.3653437234 1069105.5019531250
30008820.9428218417 1040254.0048828125
30586233.2234508954 1069802.0302734375
30361962.6268752515 1057232.8339843750
30702757.6530872919 1073671.8046875000
30141074.9955724962 1048603.8623046875
30215604.2078881040 1049654.3779296875
30067104.1880428009 1041117.9746093750
30383449.0499628596 1062204.1718750000
29849754.2747558467 1022503.9160156250
29838307.0756083839 1021924.0341796875
30190628.8604818434 1049530.7294921875
30538005.9861547612 1069073.9042968750
30267322.9411256947 1056094.1630859375
30765569.1340774298 1075943.6367187500
