29663900.3957289383 594997.9062652588
30150412.3841834255 652523.7353515625
29812870.4777374491 620031.9039306641
29583857.6177279837 578431.6808662415
30687213.2322694510 678566.9716796875
30066438.4657064043 646673.6455078125
29648792.7750012539 592818.6827621460
29941641.9973221645 634250.9221801758
30231763.6092089526 657878.2220458984
30076025.2579098679 649149.4023437500
29685407.3085536957 598269.9726562500
29969018.3493957110 638751.5540771484
29705072.3076936118 604832.0620880127
29619394.7335805744 585939.8450469971
29698430.2560149133 602622.9043045044
30058001.0676971711 643063.9953613281
29580548.2160814255 568241.7839374542
30108085.0297699161 651554.5080566406
29964817.3724159561 638705.1641845703
29621599.3122239634 586436.9091491699
30060204.8741100766 645809.4745483398
29569774.7112057433 567762.0551643372
29667375.6468556188 595459.3212890625
30245503.7459924594 659709.4182128906
29776143.9619289711 614494.3736267090
30170814.5490465276 652713.5083007812
29744380.4170455076 609534.8277587891
29586956.8741561994 579059.0057353973
29581444.9326519705 569223.2766838074
29759088.0737054460 612087.6311340332
29714676.4779205211 607394.8876342773
29720766.7495046109 607595.0311279297
29850568.8567226045 628171.8212890625
30647942.9773728587 677901.4848632812
30282660.0695494190 661064.5769042969
29849955.6633608863 625469.7180175781
29959770.9875713401 636935.6992797852
29600787.0276351981 580098.5927314758
29978740.6160637327 640831.4281005859
29773441.0192095302 612959.3888854980
29618052.9047352038 582959.6334533691
29783507.0977460407 618995.6689453125
29641675.0370636098 591114.3647460938
29865266.7209408991 629022.8674926758
29905364.5877000801 631524.0301513672
29993528.1419246234 641356.4506835938
30109421.0295896530 651851.9150390625
29610562.8213323206 582224.7380371094
30402143.2795295790 668830.9179687500
29646855.1095790304 591322.7702026367
30556065.9493822344 676044.9255371094
29727465.3177182898 608520.3103027344
30397344.2441619746 668493.5700683594
30001609.4982134998 641907.3283691406
29839009.2079898417 624700.2687683105
30081757.9715653956 649461.0958251953
30431783.6606971584 669481.7031250000
29691333.3572942168 601464.1226806641
30605696.5697803833 677569.4057617188
29762545.2056731209 612428.0551605225
30425460.8556327932 669046.3244628906
29948471.1557372734 636183.6751708984
30062799.0556676500 646590.5013427734
29912672.3775641061 631867.7728271484
29891890.6565538719 630028.7888183594
29650755.1675143018 592918.0450668335
30076333.7176579796 649305.0278320312
30174579.2022393607 653395.0288085938
30092551.6628076173 651128.2370605469
30549114.5008059368 671401.4638671875
29989632.0997879431 641014.9162597656
30354059.4974232391 662317.7749023438
30239292.1947484277 659602.2792968750
29937479.2315732874 632683.2145996094
30151592.9377771653 652590.7768554688
30253019.6883818395 660413.7917480469
29771473.0944123901 612620.4107360840
30161012.9555872306 652697.1091308594
30727139.5492409654 684789.9091796875
29974346.5561927855 640057.4477539062
30589989.2137379162 677191.9565429688
29705808.2128653638 604874.2839202881
30682498.7107992657 678296.6640625000
29778192.7821088918 616507.3645019531
30087893.2817926742 649954.0692138672
30312437.0489826538 661903.1970214844
30210178.7928284742 653900.6486816406
29829035.5603303201 622785.6811218262
30571477.3915056884 676669.3759765625
30151376.7364514172 652537.8374023438
30451309.1167708226 670034.4575195312
30382938.4085811973 667009.8869628906
29713531.6317759641 607287.1473388672
30074556.9554322548 647568.9468994141
29688200.7798981704 599673.4953918457
29608907.3973415531 580976.8131713867
29699679.9596122466 603370.8369750977
30118585.3581519239 652189.5961914062
29712537.5813358389 604987.2694702148
29672953.4419960454 597121.8769531250
29629283.3617990799 590121.1812324524
30084792.9378933907 649596.0588378906
29812139.6931342147 620007.9819335938
29638606.3602448590 590935.4912261963
30036909.6175729781 642780.5354003906
29655039.2093334943 594604.7187042236
29997612.8355893977 641382.1702880859
30666887.2251290381 678065.2329101562
30302185.5256230831 661617.3312988281
30387871.6108993813 667735.6591796875
30021300.2708558813 642729.1977539062
30272545.1444555037 660966.5461425781
30576761.8689981364 676973.6162109375
29869235.1943801418 629894.9114990234
29821510.0682330430 620748.6702880859
29977134.2204094492 640519.7346191406
30075867.5638505965 648959.6005859375
29893946.1874328554 630868.0921630859
30224032.2805058844 657566.5285644531
30246548.4184287339 659857.1958007812
29775420.3436712101 613536.9937744141
30399985.0061793737 668512.3789062500
30521475.9031154141 670048.6914062500
29884659.0200085454 630005.5838623047
30249434.2664181106 660162.2941894531
30238623.4061764516 659318.5329589844
30546074.9805069380 670625.5058593750
30248253.7128243782 660095.2526855469
30627219.4264748693 677877.4814453125
30396957.7425505295 668228.6325683594
30542998.7598099001 670356.7670898438
30247615.9818611555 660026.1845703125
30233118.4121570326 658059.5019531250
30599150.0633513629 677310.6445312500
