29666410.8182613887 599171.4428100586
29946282.3699994609 637792.8990478516
29551840.2049452588 564743.5737056732
29798627.7282658480 619866.7570800781
29548132.3649220578 555119.2936472893
29919367.2338895947 632648.2066650391
30070025.3308678307 647046.5523681641
29890334.8092773482 631320.3717041016
30074771.1194501743 648826.8928222656
29567270.2025462613 573773.8553199768
30546794.3526546955 676044.9255371094
30558161.0355269797 676636.2683105469
30054454.0682092980 646422.5667724609
30115849.1944022588 652428.2941894531
30614941.9317537285 677735.2114257812
29851976.3113679364 629305.8554687500
29745421.6306519508 612860.4761047363
29614364.2915504836 585939.8450469971
29663058.5887241289 595713.4745788574
30261555.4930038825 660629.1982421875
29689799.3979530819 603014.3541870117
30394415.2610999197 668175.0310058594
30189539.5612217449 653598.9812011719
29697310.0473624542 603912.2128295898
30325767.6966981590 662102.4245605469
29648832.5533998981 594162.0099029541
30381738.4507424496 665624.9901123047
30596894.2311422564 677218.3369140625
29739659.9300932810 610692.6718139648
29634978.9124251269 590628.6114077568
30066045.8376989476 646876.5651855469
29850568.8567226008 628171.8212890625
30574632.2679370195 677199.9653320312
29764212.5917307623 614675.4355468750
30073372.3304871023 648444.3748779297
30243933.5567306951 659920.8183593750
29682097.4641753510 602206.9365463257
30018911.6737058349 642783.5336914062
30081547.5210108869 651200.2885742188
30091624.5634595454 651700.6396484375
30074864.6754166111 649461.0958251953
30014319.5537479334 642039.2297363281
29839955.0277864076 625805.5173339844
29726844.6199436970 608520.3103027344
29576523.1352391057 577695.0229797363
29767852.1573465243 617275.2119140625
29624916.8085776754 587981.6894531250
29937919.4012494870 632726.3811950684
29888704.7919979095 631176.9246826172
29570873.9193742201 576187.0779852867
30599488.1204930767 677624.4013671875
30204691.9904113263 653900.6486816406
29975959.4575178288 640374.5687255859
29792940.8878613226 619303.5688476562
29909506.4129622020 631885.7313232422
30103366.0446809940 651743.0056152344
30279625.1032214388 660983.6379394531
30550465.4498810880 676328.6718750000
30672437.6519721374 678566.9716796875
29942207.1953004785 634355.8110961914
30242419.1169780381 659757.9047851562
29733745.0556531101 609193.9945068359
29704451.6099190153 604832.0620880127
29773928.5870590992 617754.4912719727
30427142.2987148911 669163.1640625000
30302060.9120478965 661617.3312988281
29563036.5001390018 569992.5505218506
29642773.7109422013 591311.4537506104
30722811.2716592662 684789.9091796875
30106980.1915810965 651774.4343261719
29606307.8561594225 582133.2089385986
30053888.3243759088 643136.0915527344
29997515.2421179265 641378.7608642578
30513514.9102168269 670413.3308105469
29546272.8841596730 554885.3854103088
30534976.3838543147 670521.6525878906
29644037.5662309378 594031.0692520142
30714174.8013788052 678691.5024414062
29702433.1715004221 604594.9072875977
29626781.6103075258 588297.7094116211
29613735.4137455598 583296.9503326416
29808754.1397150122 620182.2551269531
29989441.4913500212 641357.7161865234
30088855.3108749054 651544.0312500000
29580300.3413644060 579084.6617546082
29774560.6243438646 618047.7362670898
29643197.8055798933 592088.4670305252
29867136.5168178827 630176.2504882812
29982858.5780236423 641249.6546630859
29628306.0887304619 590142.0467424393
29658869.9536988474 594997.9062652588
29826369.8191547468 622786.0524597168
29708501.1897458732 607287.1473388672
29845643.4712204337 626421.7049560547
30056845.9255893528 646834.3828125000
29859542.0226601623 629501.8502197266
29550039.6083201170 563043.6886749268
29943674.2906191945 635209.2778015137
29594996.4119403847 580307.0433483124
30597335.0730971768 677569.4057617188
29915515.4817149974 632246.6431884766
29954137.0298357941 637960.8336181641
30169548.7602092698 653395.0288085938
29974138.9539118297 638785.5565185547
29756932.6898904331 613683.4953308105
30415709.5261817127 669046.3244628906
29599632.7871268615 581531.2309570312
29820722.2063670270 620470.6175537109
30072724.0183249749 647137.0305175781
29837262.4012156501 625078.6656494141
30027627.2706539966 642889.6137695312
29723350.0852954835 608212.6477050781
29695764.1965866834 603113.7164916992
30109421.0295896493 651851.9150390625
30224032.2805058807 657566.5285644531
30184124.7044394016 653470.8679199219
29945644.9478885941 636183.6751708984
29874444.3066819049 630519.9931640625
29702171.4584091157 604401.9746704102
30068440.0062644556 646947.2287597656
29934653.0237246044 632683.2145996094
29559166.1528511271 566339.7452144623
30163155.4329642132 653193.9401855469
29624435.8075079061 586929.8514404297
30150412.3841834255 652523.7353515625
29941641.9973221645 634250.9221801758
30231763.6092089526 657878.2220458984
29969018.3493957110 638751.5540771484
29964817.3724159561 638705.1641845703
29621599.3122239634 586436.9091491699
29714676.4779205211 607394.8876342773
29720766.7495046109 607595.0311279297
30647942.9773728587 677901.4848632812
30282660.0695494190 661064.5769042969
29978740.6160637327 640831.4281005859
29783507.0977460407 618995.6689453125
29641675.0370636098 591114.3647460938
29905364.5877000801 631524.0301513672
29610562.8213323206 582224.7380371094
30402143.2795295790 668830.9179687500
30397344.2441619746 668493.5700683594
30001609.4982134998 641907.3283691406
30431783.6606971584 669481.7031250000
30354059.4974232391 662317.7749023438
30239292.1947484277 659602.2792968750
30151592.9377771653 652590.7768554688
30253019.6883818395 660413.7917480469
30161012.9555872306 652697.1091308594
29974346.5561927855 640057.4477539062
29705808.2128653638 604874.2839202881
30312437.0489826538 661903.1970214844
30571477.3915056884 676669.3759765625
30151376.7364514172 652537.8374023438
30451309.1167708226 670034.4575195312
30382938.4085811973 667009.8869628906
29638606.3602448590 590935.4912261963
29655039.2093334943 594604.7187042236
29997612.8355893977 641382.1702880859
30666887.2251290381 678065.2329101562
30387871.6108993813 667735.6591796875
30272545.1444555037 660966.5461425781
29821510.0682330430 620748.6702880859
29977134.2204094492 640519.7346191406
30399985.0061793737 668512.3789062500
30249434.2664181106 660162.2941894531
30238623.4061764516 659318.5329589844
30546074.9805069380 670625.5058593750
30248253.7128243782 660095.2526855469
30627219.4264748693 677877.4814453125
30396957.7425505295 668228.6325683594
30247615.9818611555 660026.1845703125
30233118.4121570326 658059.5019531250
