29673217.5388785750 1485494.5361328125
29860134.0945351198 1517483.1923828125
29530218.7868415155 1410642.3232421875
29514429.9673984796 1392026.0185546875
29675444.6293274239 1485773.6767578125
29631763.9560221396 1458340.1123046875
30148968.1560358778 1550349.2470703125
29518769.1145910062 1402970.0517578125
29821702.0346611030 1515179.9072265625
29523133.7997172736 1404918.2138671875
29671409.0769880936 1470933.8544921875
30123969.3223159947 1548663.8095703125
29769312.4641820267 1503660.4501953125
29710044.8840935603 1495149.2431640625
30118812.7308799811 1546561.7861328125
29632032.9722334146 1458546.2216796875
29637003.7423375696 1464906.4892578125
29584878.8917389326 1443473.1728515625
29989576.5414676964 1537179.3447265625
29743207.8203703910 1501918.0419921875
29812077.2199074738 1514161.9736328125
29603868.4195020460 1450766.9423828125
30024784.0502238907 1539236.0361328125
29496967.7512982637 1343216.0439453125
29519525.0241636485 1403320.9404296875
29506232.2555447333 1380956.2353515625
29592028.1408076026 1446346.0400390625
30135958.1749200039 1548696.7666015625
29651012.3721348904 1465749.1201171875
29577822.8412065059 1438689.7333984375
29903780.3393937796 1528337.5908203125
29726520.3167405203 1498861.1669921875
29576601.5477064289 1435752.0146484375
29521948.2687664889 1404193.8583984375
30290590.0336684920 1558699.3681640625
29516684.2659831271 1393145.8955078125
29779737.6939345002 1511041.0419921875
29556702.3348698169 1427686.6201171875
29626922.2979706042 1454482.2080078125
29776613.2945999205 1510200.3974609375
29726718.2489626892 1501407.1044921875
29507526.6484792903 1384298.8017578125
29512610.7553367950 1384829.3037109375
29817500.4260358997 1514664.9306640625
29545098.8373548500 1418237.3994140625
29581424.5789986663 1438868.5888671875
29595592.2787822224 1446792.6884765625
30209921.5413775891 1550550.6259765625
29862568.1538126692 1523537.5400390625
29550247.9430134296 1424049.7861328125
29512294.2621899173 1384592.3349609375
30472941.2891457155 1567689.9228515625
29820551.0441559665 1514903.7197265625
29544146.4672874175 1417083.7041015625
29621943.2269116230 1451725.5224609375
29545058.5310511962 1418080.0947265625
30031141.5392481163 1540346.6455078125
29878672.7074824125 1524415.5810546875
29938968.2836679444 1530446.8603515625
29634899.5568320416 1460448.3232421875
29814427.7435609214 1514525.2041015625
29658417.9569651261 1467854.1650390625
30646332.0474032573 1575532.4892578125
29584900.6415107623 1443561.3896484375
29533929.5626588315 1412944.0595703125
29615723.9108372442 1451386.4462890625
29529029.2245591134 1408989.6259765625
29513255.0950209945 1387162.2724609375
29587651.0131856315 1445899.6865234375
29517687.1227121688 1397090.2880859375
29806937.9615684189 1511815.3310546875
29504311.0082394481 1376561.7822265625
29995802.9925128184 1537206.8564453125
29667391.2888585404 1468561.5869140625
29546808.3281973973 1418553.2138671875
29536150.2259258218 1414291.5498046875
29786458.3751178980 1511293.6083984375
29563914.7852903120 1431093.6474609375
29504334.8883703537 1380684.9931640625
30005924.2544653006 1538998.3603515625
29555305.1089745015 1427397.5419921875
29603196.5183727443 1448590.4189453125
29599703.7874943577 1447466.0439453125
29500391.2035082206 1371657.2236328125
29497045.9852683060 1367209.8232421875
29535888.3261227459 1413651.5244140625
29840045.8311594166 1516024.6142578125
29969923.7726967074 1536689.5126953125
29725405.9314724095 1496595.0439453125
29607866.7476670295 1450949.3251953125
29913069.3343543671 1528538.9697265625
29543224.5957549550 1415304.3388671875
29948914.0039878227 1530954.4150390625
29890571.6426178515 1527610.2080078125
29569694.3367312774 1431636.9013671875
29546935.3715722673 1420002.5244140625
29569722.3996966295 1432207.1845703125
30041045.2913427129 1540650.8408203125
29572088.2484242842 1435725.2294921875
30038139.3430710733 1540449.4619140625
29887665.6943462081 1527307.0712890625
30374332.7528719790 1559339.8017578125
29948257.2786285430 1530648.2392578125
29628093.1830757558 1455794.2021484375
29554074.8076139316 1425396.8818359375
30227815.2809996642 1550559.3251953125
29668229.9312193990 1470559.0361328125
29543932.6208236217 1415505.4580078125
29549517.8025952354 1423507.4833984375
30324545.7693264186 1558900.7470703125
29553595.6181319542 1425265.8388671875
29541670.6216483079 1415249.1357421875
29502172.6349332817 1371928.4365234375
30098938.4843769036 1541176.8837890625
29996703.2113962173 1537458.4853515625
29539236.0012412667 1414646.0517578125
29644567.9117707014 1465641.7900390625
29854931.2178418264 1516936.5478515625
29662952.4734109864 1467960.1806640625
29658315.8221927062 1466899.7685546875
30114255.9366184287 1542209.2041015625
29965636.2734132633 1532796.7744140625
30327707.6951268092 1559088.3955078125
30064412.9506203383 1540702.7158203125
30249085.0936386585 1550998.3798828125
30447195.3278028034 1567488.5439453125
29651092.1694640853 1466794.1826171875
30003018.3061936609 1538796.9814453125
30087366.5747482628 1540845.8916015625
30009254.5132853128 1539050.2353515625
29570399.6494110487 1433673.2861328125
29629184.8343488164 1457213.0146484375
30511989.5890634023 1567877.5712890625
30071230.1377392560 1540735.6728515625
30571685.5849963948 1567977.6572265625
