30306743.4020487182 2179751.7695312500
29741389.6768984683 2095942.4140625000
30212525.9855843298 2172479.9570312500
30171881.7628868110 2169704.3281250000
30535703.5306883007 2200216.4531250000
30011701.0604997277 2149163.2226562500
29762890.0586841963 2104488.1093750000
29983597.0282741636 2145883.0546875000
30626809.2888356149 2204331.7812500000
30468556.0299487226 2193615.5273437500
29891538.6985611878 2129227.2929687500
29714095.4597743414 2083936.0195312500
30476731.9071121886 2193956.2968750000
29952646.3155627847 2142010.1484375000
31172080.9368232489 2228246.1132812500
29928545.0876527540 2135203.9179687500
30761849.0300886892 2211356.8632812500
29701499.4198947698 2077996.5429687500
30177506.7795005031 2169874.7421875000
29684426.8660598472 2068783.8828125000
29727593.4684643373 2087701.5937500000
29920910.4766190536 2135160.4218750000
30234145.0128739700 2175169.2578125000
29762758.1169998348 2097228.1406250000
29929479.5854989663 2138214.5898437500
30455741.2309285328 2192393.2617187500
30946453.5226355568 2218992.2070312500
30136152.5561987087 2164454.8007812500
29711550.8852454759 2078518.8789062500
30846744.6515295506 2214735.2304687500
30332291.5818252303 2182102.1250000000
30221732.1775168814 2174409.2539062500
29833130.5462525338 2120189.4335937500
29723843.4323904216 2085747.1210937500
30354137.0420201346 2186825.3164062500
30307113.3204600848 2180641.4257812500
30400077.0456865691 2188981.9843750000
30421014.6308609247 2191718.3906250000
29821012.3704139888 2114849.0781250000
30142055.7464748174 2165816.9453125000
29719775.0382936783 2084814.5781250000
29874238.7207963429 2126722.4609375000
30768302.2147188298 2211502.5078125000
31107652.7511095516 2225901.6601562500
30799382.0821913593 2214270.6132812500
30251026.1257974580 2178327.2539062500
29689483.7093798406 2076509.1406250000
30637410.8483245708 2204768.8593750000
29803509.4060925506 2114637.4726562500
29758444.3597005941 2096167.0664062500
30062544.5610012300 2159032.6093750000
29854515.4188702255 2123181.5078125000
30127220.0556222014 2163875.1523437500
30418886.6670694426 2191606.0781250000
29663611.9958862141 2063423.2070312500
29970881.3147758953 2145702.8906250000
29657886.0159385800 2060303.2148437500
29892494.4249300212 2130718.3750000000
29737837.5649375357 2089451.0273437500
30975971.4444774762 2219603.2304687500
30166626.3206966855 2168700.4296875000
29666100.7971742600 2065202.8789062500
30384680.5486975200 2188827.6210937500
31031910.9936370552 2223010.1093750000
29670482.0558181591 2066083.1210937500
29826820.1878818646 2118308.6171875000
29851519.6765549630 2122984.9843750000
31156844.8219858110 2226003.1757812500
30956946.1716173887 2219065.0898437500
29872841.4877558164 2125646.7226562500
30493613.0200356804 2196842.0820312500
30506931.2278615572 2197845.9804687500
29719553.9749044776 2084214.8789062500
29949799.7075990029 2140079.8203125000
29898463.9788319357 2130835.6523437500
29984548.1816002280 2146130.7031250000
29645870.3054236583 2058656.2421875000
29985915.4134690501 2146806.4335937500
29795788.6202473901 2106062.8750000000
30033876.3934104815 2154858.0156250000
29800999.8177686855 2108129.2148437500
30408298.8490514532 2190133.0976562500
30623852.2492870055 2202580.8828125000
29682675.3594828360 2066240.4414062500
30286989.5412805565 2179411.0000000000
30015329.2611356936 2149928.4257812500
30008991.0738603882 2148688.5703125000
29682896.4228720330 2067024.0429687500
30655074.1046305634 2206815.4609375000
30970506.1650161110 2219145.2226562500
30978503.4310758002 2221760.3125000000
30644100.1229042113 2205164.5390625000
30044218.4921156392 2155225.9765625000
30852501.0800187550 2216524.3085937500
29856693.2776223719 2123625.4960937500
30015550.3245248906 2150219.9179687500
29790258.8875883408 2105687.3476562500
30006673.1002258584 2148396.8203125000
29900590.3545190208 2132917.0390625000
30339673.9081458747 2183667.3203125000
29961118.8763991483 2142219.6250000000
30668593.3436128236 2207245.5312500000
30574430.1588555835 2202548.8085937500
29847426.9826449193 2121786.4609375000
29943573.4332251735 2139644.3125000000
29952555.2458903044 2141064.7929687500
30057671.2413795702 2157364.4218750000
30186267.5287764259 2170854.4257812500
30721712.3414402194 2209499.2265625000
30080746.9017709084 2160590.4570312500
30149595.9914362915 2166951.4414062500
30141834.6830856204 2165454.8750000000
30644173.1510702334 2206266.5039062500
30674349.7721020319 2209034.6093750000
30362897.7912960649 2187805.0000000000
30407750.4669259265 2189249.3398437500
30527583.1670407318 2198851.5312500000
30321664.1183225736 2180970.8906250000
29878235.0713356063 2128350.4687500000
31157884.9169041552 2226296.7539062500
30477586.6911234371 2194830.0820312500
30166809.3741178103 2169165.0468750000
29734706.3097301051 2089097.3671875000
30143318.9327145740 2165874.1250000000
30544464.2799642272 2202009.5273437500
30163040.9151067063 2167608.7578125000
29677331.0679654032 2066088.4296875000
30053886.0304615162 2156897.7148437500
29916937.3171901777 2133276.2421875000
30138153.5600966066 2164619.9765625000
30476190.9565147571 2193808.3281250000
30024170.2822113931 2151006.9531250000
30100654.3200857230 2162904.5781250000
29961339.9397883452 2143566.2421875000
30346016.6783725731 2184647.0039062500
30026364.0313503928 2152066.8710937500
29892273.3615408204 2129371.7578125000
29917242.8115948476 2133534.8906250000
29990008.1073790938 2147284.8398437500
30148391.3214835748 2166911.6132812500
29798513.7035764866 2106308.8554687500
30026580.1069803201 2152251.2226562500
30109415.0693616569 2163324.8320312500
29994676.1627449803 2148209.2968750000
30284888.9326634631 2178642.7929687500
29864972.4258188941 2125115.7617187500
30136491.2097788379 2164500.3867187500
