159580363.7928740084 444151.9710594565
164332269.2385042608 659017.2416381836
161425172.4321659207 557971.0120682109
159481533.3380644917 436576.7122892588
165296856.8571532071 685223.6555175781
163484585.5797129273 632259.1300735474
159585763.3807875216 450308.6505452693
160514088.8141691387 511629.2699548006
165041456.8495281935 676176.9104003906
160413026.3838204443 500690.5420454219
163435026.8390646577 631960.5242309570
161123080.8453112841 546444.3060135234
161923157.6255643666 578327.4577676940
161883427.2276124358 577623.7268106628
162068447.9031738639 584496.3703389168
160858230.5363180935 532873.9885616552
165333959.8542290330 685473.5861816406
159966512.6484224200 467846.2376591116
163620708.1517918408 637440.6355667114
160211119.5739685595 488226.0914579630
168861322.2588734329 720469.1748046875
161732668.8061023355 571471.1315958190
167364843.3851289153 715010.7446289062
164513381.2073723674 665188.0603027344
163302366.8391608894 625367.1356506348
163986071.2354848683 647860.0953369141
160225925.1792950928 497364.1803653818
164366773.6185540557 661359.7873535156
160855992.3285046816 532091.3856926213
160977562.3229102790 539899.8899898778
160405294.2709087133 497650.3019472957
161025991.4141020775 544001.1648159276
160087979.0565311611 478897.8246706724
165060369.4655653834 677949.6100845337
161592304.5216736495 565186.8289529968
161090673.7909839749 545740.5750564921
161728407.1658690870 571026.2903787780
162913920.0074012578 613170.2220513821
160720329.7792419493 526302.4265745543
159725430.4232577085 457769.3323856741
161696000.1115417778 570322.5594217468
160000286.9473309517 475651.7127625942
159865860.7317759395 463959.8318973929
161241432.2124941051 551893.1702713359
162059597.7103201449 583078.3513223815
161417602.6952018440 557347.7947830546
161281162.6104460359 552596.9012283671
160159644.4905188680 482932.4942899942
163861583.4239997268 646583.4842224121
164008191.0128179491 650411.7571716309
161007470.4489749372 540604.8445877421
159934105.5940951109 467142.5067020804
161467063.8358065188 559731.8039493561
162034760.3929569423 582997.8376505065
159858674.8710293174 463841.4139286429
161137736.6226259768 546757.4398025859
162872515.3994979262 609834.0245485306
160931208.7385349870 538763.2229976903
163818808.9650398493 644276.6067581177
159984283.4666630328 473762.0942019224
163027189.4625387490 615824.6698875427
161789416.5275590420 572476.0911600280
165412888.1631204486 687015.9602050781
161912038.2348296046 577817.4113545418
164399180.6728813350 662063.5183105469
162414205.2634380162 597647.5963937927
161203821.9464128911 550431.3099197734
161764579.2101958096 572395.5774881530
159679076.8388824761 456632.6653934866
159700593.1058944762 457688.8187137991
160916305.4815147519 537511.0903835546
162159478.6493827999 587152.7322773933
163887841.2544679642 647287.2151794434
164290760.5894379318 657840.9635009766
160620698.7307873666 513695.2503930330
160850330.3635374606 527236.5169430028
163663800.1234285533 639316.9010925293
162192914.9441864789 588240.6595880676
162501230.8718393445 599383.1692891121
162263469.4229894280 591843.4671406746
161159252.8896380067 547813.5931228984
161959329.6698911786 579696.7448770690
164070684.0419563651 650429.2019729614
159782772.4287506044 461768.3958622366
165681394.9514166713 692641.1198730469
166899204.9551716149 713130.7734375000
162795694.2383300960 607829.8737008572
162151294.0179466903 586201.4040109802
164090062.0090914965 652550.8302001953
159825503.9344624281 462590.5447880179
163758950.4640488923 641389.9191589355
166224959.8441032469 703526.7138671875
160203779.3382122517 486931.5577665567
162841288.2371782362 608932.7999391556
164279102.9466350675 656564.3523864746
163367233.9447371364 627649.7347564697
162126456.7005834579 586120.8903391052
162386139.5131715536 595378.3455586433
166221677.1061717868 701543.0493164062
162486407.5536006689 598759.9520039558
161808571.2483809888 573544.1496622253
160134807.1731556356 482851.9806181192
162813588.4266787469 608571.5089547634
164176560.0549468994 654716.4215087891
160906262.9094782770 535428.2483734477
161077635.8341150284 544721.1023922216
162845918.1720001996 609043.8937203884
160498616.9251896441 505167.6970278621
162870755.4893635213 609124.4073922634
161186237.4937476516 549273.0643062841
160663785.7290640175 515483.4177385047
161915391.6066717505 577946.8150827575
162736288.8609508872 605951.0299019206
165154219.5734933615 680394.2446289062
163010098.7500319779 615402.3460977077
160113290.9061436057 481795.8272978067
162731442.9664409757 605137.6507573128
161622733.7029866874 565816.4101755309
163288919.6916222274 624742.6732788086
160852356.3017320931 527938.1654355526
160952725.0055470467 539819.3763180028
164144153.0006195605 654012.6905517578
163294942.7896105051 625271.6138610840
160643117.8381055593 514779.6867814735
162960504.5491836965 613827.2018258572
162461570.2362374365 598679.4383320808
162761126.1783140898 606031.5435737956
163194081.8096925318 622237.8566913605
166012959.3863363266 698482.2008056641
164361248.5882882178 659413.8168945312
163186512.0727284551 621614.6394062042
163596188.3471054435 636929.5099563599
164305815.3040112853 658572.7283706665
165132677.9830446243 679867.8808593750
162893529.4348404109 611325.1407417643
160597447.3799992204 512685.4232751131
163119091.2958029211 619201.3126657009
162513745.9082737565 599791.8142094612
161392765.3778386116 557267.2811111796
164216290.4614964724 656033.1573257446
162328011.2688860297 593719.7326664925
165514716.4130812585 691896.3347167969
163393033.4024981856 630722.5488319397
163281349.9546581507 624119.4559936523
163806668.7511239946 643493.5446472168
163161674.7553652525 621534.1257343292
163079430.6602008045 618497.5817086697
162293525.1304641962 592551.1922612190
160678375.8137372732 522774.4385891210
162554901.6691478193 601690.0467534065
161389548.0185022354 555786.1104488622
162770856.9209667444 607749.3600289822
163638962.8060653210 639236.3874206543
161171334.2367273867 548020.9316921483
164714362.9213596880 669555.7736816406
165221979.5207405984 681876.4599609375
165209885.9433334172 681486.5822753906
161502890.0927598178 561476.4264068902
162109066.3272184134 585958.2306904793
163256512.6372949481 624038.9423217773
166085928.6410670877 699269.5566406250
161338865.6649393141 555705.5967769872
162803263.9752941728 608453.0909860134
160432798.8976433873 505021.6683732271
162667161.3310987353 602613.6295602322
164689525.6039964259 669475.2600097656
163514129.2865029871 634566.0075378418
162157066.8040804863 586615.2104649544
162522494.6148205400 600986.3157963753
163472266.6868485212 632199.3288879395
165420457.9000843763 687639.1774902344
165388050.8457571864 686935.4465332031
163995022.4516682923 648638.5797119141
166005389.6493723691 697858.9835205078
163785570.3948835731 643064.6603698730
165699641.1393440664 693252.3908691406
164185766.8074819446 655743.2095947266
164721147.4575058222 672883.7412414551
164587105.5836356878 666733.8981933594
164168990.3179829121 654093.2042236328
164647596.6723046303 667368.0639419556
162260399.4925628304 591332.3415303230
163628329.8209941089 637690.5495300293
169152415.1526803374 720686.7573242188
162292806.5468902290 592036.0724873543
166931612.0094988346 713834.5043945312
164354079.9718804061 659096.4837036133
162929701.6763468087 613678.7693886149
162641313.7486632168 602152.0633339274
162413479.8320131302 596171.7424952376
161845524.6492695510 575486.9195749450
161827739.5908998251 573638.0630685973
165980552.3320091367 697778.4698486328
163371119.1756224930 628031.6091251373
161801470.4855245650 573529.4962311089
165053353.9775427878 676292.7740478516
162303173.9515227079 593639.2189946175
163623599.8521930277 637573.4397277832
161330273.1025455892 553501.5664215386
164561172.9804820418 665919.8251724243
165189794.0622983873 681043.6676025391
166305038.2315120995 704996.1318359375
162335581.0058500469 594342.9499516487
164646751.1450365782 667168.3825454712
165164956.7449352443 680963.1539306641
163671369.8603925109 639940.1183776855
164918093.4800604284 674341.6198501587
161996857.8146140575 580861.0304147888
166400419.0941894948 705396.3105468750
167165729.0258967280 714529.5654296875
162006506.6356725693 581949.0571481872
161797831.4648351669 572575.8828317809
163289871.8097659647 625055.8070678711
162094108.4087463319 585630.1197092223
163529841.8973804712 635806.2419815063
159426811.9926576614 414890.3541966975
163319796.5093978047 626908.2365741730
164904697.7226434946 673569.1916275024
162245441.5740908384 591004.2305490661
161855173.4703280330 576574.9463083434
164083831.4318006039 650856.0718154907
165069426.6454049051 679715.7306900024
161629356.5719364882 568155.3853912652
162213034.5197634995 590300.4995920348
161931435.1807679832 578773.7935373473
163425974.4539614022 630895.2684936523
161547036.3104559183 562180.1573639214
161964794.3532389402 579790.6582834411
162673366.0828158855 603669.8371682167
164971477.9374080300 676167.0268554688
162227937.9730203450 590347.2507745910
164956356.3411177397 675463.2958984375
163219462.9223696291 623982.4410476685
166827050.3337242901 711596.3813476562
165489697.5622580349 687690.3854980469
166272377.8061088026 704736.4458007812
164846122.9043085277 673303.5329589844
163054293.9100706875 616465.9842529297
165969539.7340261638 696483.0391845703
166079117.2886943221 698895.4234619141
162091663.4752739668 584926.3887521911
162062310.1862325072 584070.4886057067
164462618.6496771872 662777.8383789062
164680145.6658089161 668151.9492187500
165810836.6088325083 693335.6129150391
166563392.4301740527 707739.2265625000
166686890.4698931873 711207.8061523438
166522290.1598795354 707562.8862304688
165637172.2374330759 691973.4514160156
164718425.6911904812 670484.7553710938
166150839.2735335529 701527.5522460938
166581985.5934096277 708772.6181640625
162710254.3428705633 604122.9508819580
166461997.9354259968 706619.0864257812
166391078.5081126988 705073.2485351562
166494404.9897534251 707322.8173828125
165333071.0834935606 685294.4924316406
165192735.8865496814 681214.9152832031
164126140.4393333793 652994.7854003906
168344746.1281086206 719163.4975585938
168343396.3774331510 718212.4184570312
163967677.0188945830 647313.4804687500
168105566.0764293373 716790.5766601562
166440045.7956227362 705853.3994140625
170415675.2175174952 721018.7353515625
165955088.4319498241 696270.1489257812
167717429.7779085338 715484.5185546875
168038479.0399628878 716716.1142578125
167797892.1881817281 715970.9291992188
168209065.5029153228 717732.9790039062
165973209.3345706761 696591.1974487305
165864458.3197311163 695174.0162353516
166454188.8030762076 706292.0209960938
168147520.9876940548 717146.2719726562
165831224.7255749404 693475.0822143555
167987592.1833428442 716139.8481445312
168166604.3571264744 717340.2163085938
165979868.9654282033 697609.4555664062
168768938.3655899167 719860.2734375000
165873412.5583277643 695273.3072509766
168732440.9766849279 719470.8896484375
169554142.1120285094 720780.3173828125
168324356.1225924790 718000.6015625000
168480890.9417141080 719357.0122070312
