128850575.6739458889 343536.9982260615
129302316.2811921686 375814.7469409183
136707011.7068053782 690074.0659806216
128586549.5943225026 316479.5666811832
128886537.2419746071 344261.3166784644
129748689.4526013583 408196.0172866874
129764473.6802793443 411108.7047575563
133144328.0275665522 571827.3741184392
136657151.7747904062 686835.5503556216
151489935.7830309570 925145.7714843750
128612848.6630078405 324287.7409975894
128708291.9283413589 332026.3819654286
129131731.3320329338 364338.3531460464
130072952.2568672746 429748.0396313667
129505060.9437606186 397658.1244816780
133959058.9571610838 600529.5850103498
129013815.5995523334 355276.3238491714
129009391.7821237147 354494.6678871810
129067518.5777347833 356201.0754828155
129937600.9272969961 422629.0945445932
140961672.9520600438 764355.8822958879
128970675.5811144412 353327.8182099313
135456698.9127979279 650460.4341182709
135160849.0025966167 644357.3259806633
129713705.3662428707 406541.7526949514
129886774.5252795070 419288.8945012093
129929912.6331864893 420510.5300962024
142061619.0727294087 805694.2872009277
129182697.9313703775 364984.5152473580
128907822.9019857496 352110.4732632339
139004520.8679368794 730851.5140698701
138756617.0622499585 726424.0277570039
129800689.5528464168 414344.1640324593
129367850.9483836889 378238.3417080306
133114906.9609468132 571184.3198739095
141876372.6765311360 805141.1101379395
148932318.0377448201 891579.7856445312
128831542.4822186679 343048.4439663589
129232590.2670874447 367672.9172563814
130054068.8235575557 427853.2402593188
136103529.5661479831 668636.2934583127
132593539.3155074120 549466.3500139117
128902978.8407083601 344683.3812664449
129649173.2623089701 400883.3975426722
130537411.0265199840 451299.4646335840
135127250.0182382166 642260.3858828545
129195924.1276678741 367288.6038411930
131946432.3207562417 520325.6351800784
141602341.1058222055 800862.4841613770
136715464.8762202859 691389.1255509341
141354907.4009068012 791106.0446472168
128766404.9829456657 338378.8592632108
131353173.7360244244 490397.1884157658
131056534.9931715280 478169.3085329533
134456599.4596544802 625870.5702639818
136953448.2633351684 692926.7803360904
141641468.7934761643 802994.8140258789
135632534.6672152281 656503.4097211361
131027483.5656232834 476784.8572373907
142083207.7685181797 813243.3738708496
138689514.5574777126 721449.7660382539
129099349.6954179257 356228.2813687027
133371078.9588518441 579691.8623893261
128884680.5417342931 343930.7703823745
130424285.9988660216 444479.4849529266
128740914.3698439747 337668.1090496480
141730029.7069519162 804656.0809478760
131053480.9511741698 477817.5760063187
129692077.2968003154 402417.2111137975
130627868.2342374623 455261.8245215416
130563555.1857429445 454804.0193080902
128818324.0203633755 340833.9596355855
132677341.4201344550 551186.9474478811
132514030.1275102496 547638.1324869692
130254372.7589236349 439373.7051944733
139011073.9997982383 731549.4621289521
133145034.6222953051 572093.8922525942
129670972.5185538381 402346.5294654660
130016144.3054248095 427779.2878144078
129432384.9463088214 388562.1622402072
130608500.9561838508 454812.9927746058
130738379.7757541090 463591.1560268402
151562770.3657853603 925589.8618164062
129431441.6931176335 387216.5665084415
132780406.9240060300 559866.0123697817
130890716.5670675188 469015.1370225470
130021114.4317516983 427793.6795102649
130146389.4425269216 432090.5557804108
130119851.1156681925 429927.2159155607
129577088.1488299221 399152.5414383702
129494444.7103988975 390138.7480480962
132278130.9286368191 535410.2526041567
132200312.6222841889 532553.8419169709
129651868.8735463917 402343.2614472203
131219782.3090711385 488526.1663194220
129430564.6739227176 387179.0446768105
131967029.3429626971 520503.4799981937
130350370.8686459213 444016.3152195215
129484307.1735057384 388721.8506784439
135478319.7201703787 653093.4631876945
138755343.3099524975 723049.6488507539
129879632.1072637737 415625.3603765063
130630396.4593573958 456308.0066127777
128690247.9789564013 325620.2937195599
130720389.7999813259 461579.8419676423
131176647.1214126498 485838.3835201184
131856137.2822453976 515729.7073304653
130720341.1462820321 460295.6943644285
133570095.3589694202 591348.5442284346
129845187.1405961663 414486.0405548960
130446675.1927307397 449795.4773288965
129597142.0645686835 400698.7451477036
130509907.7136144936 451177.4728270173
133454882.0451530814 581904.8672264814
131155630.1278480291 485032.0534419934
133223201.7990508378 576996.1794523001
134430870.8080343604 621298.4336341619
129391099.9079919755 381130.6927761547
130338691.8763340265 442512.3279148340
134870805.5911314487 640402.2361553907
131476432.9097679257 501953.1814773083
129325668.9530392885 377552.9008721262
137374882.2405680120 703650.7943759197
134425250.8705659211 621228.8623450994
138667381.2324023843 718103.9789288789
134855968.0525943637 640184.1103919744
131440932.2297581881 499234.4240302434
134879905.2805750370 641506.1419266462
131205753.7205569595 486996.4797959845
130969112.3305718154 474589.8088975470
133415229.3311163336 580143.7469809055
134672096.7287680805 630724.6797119379
129311683.5776029378 377525.2744247429
131856644.7581074983 517035.6597448583
129482467.8005452305 388655.5041918457
129391555.2522109002 386106.3824847024
131193594.5215984583 486817.6887803595
133786733.5945409834 597065.4947872162
131728478.1699382663 514200.0208070278
134254771.9898034036 615830.4946464300
133296262.2849948108 579003.2635518909
138753098.0526904166 722978.6215070039
130444639.3570841849 446395.4965862036
132355105.6845706850 538946.0682462454
129596624.7707452178 399222.9167175442
129696870.9744678140 402988.9272393137
130928222.3505440205 471813.6358069479
131379433.9372421205 496536.5768794934
133688043.7605831623 592550.1940059662
136635018.4497150183 683209.0562149966
137055423.1954604685 696277.5615241514
134680767.1900263429 634515.2924956083
130247739.8011993617 437051.8877447248
130930557.9201761037 472080.8171138684
129676683.7895933390 402350.9857849638
131149892.6313103288 484308.6969966809
132693699.0250742584 554802.7988150159
132255573.7514084131 533133.6740960996
129263024.8281497061 373878.5026018899
131073157.8965231180 479762.1470374167
134482433.7532131672 627956.2305091619
135920997.7866811454 660108.5423657894
141310937.7435367405 776764.3969116211
130664033.8028670549 457408.5885888638
131987476.4051374793 520865.8529217164
133003755.8482207805 567024.0439232588
134534624.2996967733 628025.8017982244
130780139.0352161378 463982.0162625015
130976212.4146252126 474768.5999131720
130993640.7685591131 476298.2864366095
146990449.5029435158 868972.9675903320
132666121.9161259383 549812.5503019947
129346457.8053714782 378093.2232315104
131425936.0120239705 499224.4959788839
131667944.1711951047 506762.8274476528
133555665.5554920733 589927.7811605930
136366767.5086049438 679161.1939070225
130230990.1417109221 432575.9410681129
134255265.7364614904 617535.0049232244
131366982.8897192329 492101.2827745001
139167228.0365072787 732145.0880327225
139225199.4549684525 742165.4233460426
129100921.3469142169 361037.0523143597
129130830.0024988502 363972.2648016959
134815314.0134269893 637209.3198659420
131926578.0952883810 520072.5650289315
135817411.1395163536 656715.8271475434
133959429.2210973799 605915.0391104221
132997721.4203548729 565047.3146491051
132470608.9406862855 544982.8525245190
131505158.9919983596 501972.1409242153
132119501.2490760833 526608.3423544164
131353562.7478238344 490571.5962510626
132494965.7831810862 547031.6275182958
132022943.2641061693 524472.8531042333
141252703.8443997204 768258.8723716736
130827188.8015452772 465887.3421164146
131681364.3130905032 508292.5139710903
132074319.2612534165 526427.9006898403
146117463.6621060967 857624.8334197998
132063168.2518504411 526143.3836810589
134183874.5912245512 610586.9943492413
132732151.0658028275 555130.6144971848
131310641.7299047261 489744.2610414028
149222456.7109091580 903115.6799316406
149173249.3244858980 896841.3952636719
132258143.6030154973 533917.5327841039
132180584.2090402246 532546.3894355297
135873794.0389709175 659806.2105044723
146044345.5244227648 841080.3902893066
131022097.1083174646 476346.2395773521
130814376.5806630701 464111.0555028608
130991505.3389171362 474786.3235135595
134821945.1848695874 638415.1279700994
138969993.4744688272 727844.4012921602
139188770.0065821409 733079.0751202852
133519863.0051469654 585030.0781599046
133193221.6393306702 572774.3902333463
130863322.0554934591 466542.2634112239
143901192.0564689040 817696.6295013428
134272718.2027368248 619857.3090447187
133501891.1876676083 585002.2701161588
133066745.3282190412 569307.3528296947
131023779.2695002258 476413.9024708858
138556497.6439908445 716396.7468316555
131633933.7241783440 503369.8131209947
133758306.6800944209 595155.1183254803
133300085.1799295992 579589.7664139420
134069007.7473684400 607572.0381388664
132432903.4084990472 544496.6727225780
132672605.1845587641 550206.7449120283
133055242.8445273191 567361.8052881956
132936334.0399522185 560546.5103505338
145402958.2335315347 835093.1954650879
133803433.6729463041 597230.1499989713
131307874.6824581623 488957.4663023418
147633001.2364999950 886263.0051879883
147574579.1411912739 882960.7839965820
134230437.6861811876 615726.9802483320
131296215.9947414845 488834.1072293008
152153269.6198968291 926411.7192382812
133808340.2543251961 598355.5690865899
132946643.4840264320 562652.1507313931
144250592.7132986486 832799.0098114014
139204286.0474455655 733353.1282844543
133885422.2780606002 599363.5984235764
149572553.7955096066 905630.3159179688
133918828.5045404285 599740.0123934643
132209619.7527868450 532623.7131812572
139725080.1515303552 745506.8025894165
132212725.8900685459 532754.9726417065
132245187.3925904632 533108.4089872842
150193610.3093486726 919558.3437500000
147405662.8400943279 870878.7197265625
141313888.3018230498 777317.0444793701
133942595.0045451224 600316.3520332206
140328613.5478464663 762330.5337285995
140022459.8694832921 751780.2176773846
132430495.6271296442 539067.6732943580
141215693.2279970348 764922.5448920727
143532251.1237185895 813550.0494232178
132923910.5396796614 560393.8182546198
144058177.1238307953 823461.8177337646
144036528.6863352060 821810.9453582764
144069568.9458355010 825563.0000457764
149999495.7274344563 910498.8212890625
148742432.2785936892 890682.0715332031
138242281.3720391691 709421.4642410278
138429670.2770933509 716073.9085769653
139003893.5808273554 728275.6428298950
137686137.9567011297 706690.4549427032
147534013.7181465328 872314.2007446289
147192187.5462925732 870029.4985961914
137894705.9181573987 708404.9522581100
137951263.9496909082 708858.6124134064
