9830455.8629559167 44.9682985246
9848627.4077363890 48.2815038562
9957091.8683745116 53.2118647099
9969290.8125500605 53.2278544903
9882793.6319514997 50.6694304943
9902518.3479181007 52.7655863762
9844123.0172889158 48.1257998645
9851249.4680469725 48.3399335146
9879323.8196858969 50.6265063882
9826899.8074082267 44.4009572007
9854792.7445580792 50.4301586747
9870256.6291170288 50.5051394999
9829380.4428152908 44.9190673903
9933761.6424816977 53.1697223186
9848142.1577004157 48.2731951177
9875914.8252171259 50.6172297597
9843572.2492792606 48.0987155139
9842714.8099269327 48.0606669188
9954997.4391075969 53.1715726852
9909112.9843408819 53.1557083130
9840773.3074304927 47.7957623303
9838411.3905851245 45.2583428621
9893486.9677125737 50.7834747434
9856200.9519200623 50.4952916205
9824109.5119581483 41.5931456378
9853978.7346350476 48.3456847370
9896264.8346924130 50.8974516392
10109144.5544220880 53.7650463581
9871568.0372366831 50.5356118083
9839634.9242117386 45.2767478228
9844846.2725692000 48.1533780992
9829905.0949462634 44.9412141740
9846918.6240738016 48.2547901571
9859746.6564455703 50.4980334342
9905564.9023437202 53.1529664993
9831179.1182362027 44.9958767593
9920506.5367002953 53.1576597691
9827989.7083285060 44.6155982692
9836374.1826565638 45.2406956404
9977080.9014395289 53.2316653728
9964602.6259150486 53.2169220448
9891545.4652161356 50.7664361596
9893649.3444660828 50.8705839217
9822798.2384735793 41.5732228035
9825481.5486842338 41.6338242665
9822510.2052896731 41.5712445218
9828419.7874394152 44.6597247729
9826498.6884286888 41.9967883956
9866831.2207646072 50.4990083277
9823070.7364601362 41.5906149814
9915801.7934250254 53.1566832066
9899399.5655220300 50.9391787350
9833895.8728765845 45.1799685657
9896157.5751665663 50.8865043521
9825740.1346826050 41.7491586544
9928936.2781984173 53.1687991619
9966278.0244722571 53.2224590778
9892429.0204471461 50.7831842005
9896983.5908079017 50.9373223186
9839708.4289983828 45.3193130568
9825688.8659304213 41.6936288299
9824959.2682858203 41.5959251514
9978656.3467105031 53.5282588005
