29555301.3129783347 955807.1420898438
29702894.2943732850 999014.5537109375
29556269.0587423705 964914.9868164062
30068065.2600861415 1041600.1269531250
29718967.4953130148 1003987.4169921875
29735692.2189362757 1006273.1376953125
29548948.9358756058 953886.4604492188
29871768.0580217764 1023694.8935546875
29946287.9459209517 1028505.4296875000
29793432.4049699269 1014006.6894531250
29536778.7071605362 948202.6030273438
30280118.7654263861 1053130.2382812500
30118982.5626142099 1043552.2734375000
29780292.1336293072 1010600.2221679688
29968891.5990254879 1036907.0390625000
29611986.6612759829 980417.5722656250
29579298.9148680754 974411.3461914062
29573747.9726256579 972271.8515625000
29623147.0039932728 986926.0571289062
29573654.3314652033 972119.0205078125
29601133.6201681346 976766.4736328125
29613442.6010086127 981211.2451171875
30142362.1037857346 1044419.1953125000
29936087.3202729188 1026707.2050781250
30309678.3339608498 1053698.8388671875
29953929.0536711738 1032251.8583984375
30862290.6190989204 1067231.7714843750
29743046.9767976552 1008174.3691406250
30078395.7718347423 1042432.4990234375
29611718.5460810773 977908.9589843750
29664683.9280922413 996576.3974609375
29540599.3200626671 951269.6748046875
29854287.5333452523 1021364.9023437500
29661576.8503311276 993510.5039062500
30798441.6205214188 1063746.8154296875
30266701.6702115573 1051680.3906250000
29888624.0201836936 1025679.3378906250
29753309.9521365203 1008742.9345703125
30319870.9683874100 1054674.3261718750
30432263.3034485579 1060831.6044921875
30018613.9127812311 1040408.7949218750
29629470.4853387885 988527.4980468750
29549314.7515776008 955541.1093750000
30815681.7767854743 1066939.5947265625
30159660.4214549884 1047541.5605468750
29710506.2531042993 1003094.8027343750
29644396.2889267989 991251.2509765625
29533893.2819950618 945869.9213867188
30902065.2686419189 1067494.3105468750
29598310.2972690836 975218.2563476562
29722306.9704228044 1004105.8447265625
30611125.5768685527 1061371.7998046875
29679165.3664196432 997816.1386718750
29546249.8280684538 953109.2929687500
30342735.7601086795 1056046.8935546875
30254213.8969720714 1050308.0322265625
29834321.8195447624 1015738.3886718750
29882559.0357376449 1025394.1777343750
29567198.7335977927 970030.7373046875
29847435.7899845913 1018662.0019531250
29605600.9927755147 977318.3051757812
29778393.8536148407 1009652.7460937500
30934417.0397157930 1070215.8369140625
29545464.9093808942 952291.2241210938
30660288.6253037415 1061583.5927734375
30679161.8096390516 1063346.1044921875
29566439.6054958738 968307.7446289062
29605875.3656139560 977664.2026367188
29825528.2089729719 1015367.8017578125
29831593.1934190206 1015630.8349609375
29787367.4205238745 1013721.5292968750
33664978.5585770607 1075943.6367187500
33277568.2284983993 1074218.0429687500
31691511.7617214769 1073321.6914062500
