133363093.0827108473 261222.5195265654
137208579.1326773167 452261.1259752214
133639103.9570353925 287903.5510006398
137720360.9406435788 468483.9041459560
133460395.2862986326 270901.1093072146
134849129.5764827132 363539.8846075535
138005827.0839531124 477434.5676554441
141599761.9317665994 545441.5154457092
133724329.1369250715 294806.4438872784
133790477.4052166045 300377.7391638607
135867405.3603850007 409723.2774242461
133113472.9433121383 212633.0945464019
135458891.2947304845 394856.6374444067
133670020.4991694987 288581.0504513234
133649394.4784941971 287938.9670309275
141177113.4030282199 541582.7590980530
133616686.5486416668 285912.2535152882
134231469.6653115749 328519.5616158843
137882433.7145622075 473360.6235234737
133316344.2164650559 254956.0446620435
137351596.0467384160 459723.2159715593
133453833.8770744801 270255.4095391482
133322905.6256892085 255601.7444301099
133433474.7575757056 268764.3336224202
133333830.5643477142 256240.6656393260
133374734.2252494544 261900.0189772490
133562863.9916847795 280181.4162496775
133289180.8053695261 252819.2689772490
133630202.7353396416 286889.3511170000
135907426.6111787260 411121.2227743566
134351736.1635061204 336272.3388714790
133738201.3464364707 295661.1017818898
137243242.8369557858 452592.8166795671
133200162.4702415466 238089.9887343291
139219161.3113697469 512292.1725023978
135903976.5706104934 410813.3555155694
134423048.8340731263 338876.1051428169
136101271.4611695111 419925.9454278052
135917198.1637328863 411125.4864949286
133654385.1843657196 288079.6535450071
133838096.0806782693 302673.7999490350
133894267.1877908558 307201.2256140560
134321985.9345041811 333633.8149936646
133187282.5368774831 236653.0862379912
133856538.3707633466 303757.3779856414
133866587.1692201793 304036.3413645476
133095753.9226577431 192227.7564145881
137961505.8759316802 475945.9941422939
141020594.0292669535 538565.2014808655
143929266.7574324608 570145.7870178223
143675743.3423715234 570108.2818908691
137691093.5311908126 467857.3159062862
138939952.5916575193 504534.5506848090
134851987.1280439198 363684.3102282286
139467368.4537400305 516524.5071759075
139255948.7239241898 516149.3547619574
138456681.7240260839 489059.6896972649
134393005.1662379503 337235.8601186126
151021348.0093795955 612046.0524291992
139064228.3583364785 505053.7547167533
139071777.9573785365 506482.1494902365
133118566.9225924313 213946.0974684600
141481521.9933798611 545177.6192054749
133719009.6032819152 294611.4858679622
133106690.6913501471 206375.4217616874
133134020.8025913835 221703.6482497100
144061805.8725565076 578147.3994750977
133630530.2595839798 287089.9745345954
135431092.3474147022 394201.5364922583
139055678.6995697320 504616.8481701605
134282276.1688776612 331790.5326916426
141847318.8508657515 549415.2924217664
133253342.6551512480 247198.4938807935
135366275.0754594505 391639.4217976630
141620565.2636531293 547628.2905921936
134125991.1758728474 321021.3592783064
133776305.5683882684 296956.2900339812
135349673.3623938859 390971.3235310614
140887332.2422084510 534819.9348793030
140867148.8303841352 534759.5874671936
134148868.5658837259 324034.7528696507
133799245.2139278799 300766.8740515560
135383079.0277569890 393154.3646200597
133526217.0262295306 278198.8024798278
135208629.0387381613 384532.7082479894
133266471.3149458766 248353.8164015654
133907854.9320818186 307505.9889138788
144645201.2536827624 584827.1946411133
138739562.6495394707 496776.9999035590
141461853.4033566415 543242.5641517639
144402629.3974227905 581687.1973876953
133583969.2380499244 280977.2037159055
133232278.3677068204 245458.4337111358
133708389.5464014709 293943.3876013607
133139231.9631407559 222457.8017378692
133118608.5084838271 214725.6248427276
133104788.6490471363 205760.0613567191
134573978.3131918907 349919.8351950496
135407771.5308860242 393158.6283406317
133828047.2822214216 302394.8365701288
133624900.9085750282 286417.1027423386
135233321.5418672264 384536.9719685614
133385452.6916636676 262570.6025807504
147185337.3461622298 587779.5482177734
144459457.3444968760 582415.8047485352
135513858.5914975405 398661.9359578192
140595195.4160154462 529520.5734901428
133098583.5409378558 199340.4788142997
133113939.9334003776 213589.3006984550
138183914.9644351006 481498.5772297382
133109781.9586042464 206770.8211147147
134764689.8600041866 360780.0383717865
138186269.3832361400 481635.0128636360
134809959.5338027477 362209.0622985363
140747873.0613831282 534438.8963050842
133125816.1646426320 221159.9764052276
138826923.6480742395 500789.2840832465
138148200.5405949652 480925.5638890266
140479508.6429033875 523231.5303382874
140505888.0750384927 528734.8379554749
141046578.8444330096 539959.0366859436
136636351.3055908084 437197.7803734541
135274817.9972938597 386056.1785115302
134184643.0379763991 325700.0747324079
135011141.7911314964 371957.9105651379
149681172.1775229573 589606.2306213379
136694007.3825844228 438650.1918514967
138112570.3038624227 477918.9846454859
133412129.6895843744 264647.0783998221
149695864.9212371409 592674.9296486378
133219774.3012876809 239950.5658522490
138498179.1896438897 490328.5098718184
142794904.2358674109 563903.2568817139
134783992.6589312851 362161.6160435677
133152290.6223948896 228116.0080824737
134965785.1166933477 370735.4198171608
134039940.3040099740 317600.4013071507
139157164.1134028137 509673.6524914496
133686701.3666965514 291067.5056048278
138442966.9269123375 487984.9765604734
139192551.8137238622 511431.6935070746
150532629.5941792130 597265.1450805664
135041909.5258799195 375030.3191685677
138539873.1916071177 491596.4267272942
138628848.7388717532 493102.3506835197
137190743.4238097370 451965.6651903093
136077518.7464737892 416916.4985658824
133288620.8272224069 249210.6344160289
134236988.7455046773 328790.1906170845
140364969.7660831809 522006.0250892639
139081187.5736241639 508199.1510266059
133205730.5075637102 238389.8242463712
134865370.8856991231 364512.6923995614
137530617.7770906389 464773.0475487709
138186635.5694134831 482226.5267257690
138294113.8033573627 484020.6686863386
134532797.1659910381 346631.6730714887
134811446.1725351214 362864.1632506847
136596240.1723509729 434983.9669321434
134632653.8493065834 353066.0246339887
134987706.9290116429 371289.8122985363
135020196.8529386818 371973.9761386812
134242807.9016323388 329837.9873089790
133245866.1119977832 246147.3750276212
134833275.7334044576 363532.2615172863
134766760.7626301944 360823.5754152387
144053564.5655795038 574995.2579345703
134206226.7865187675 327176.7474619001
134933132.4167200029 369966.6130797863
138206208.8968194127 483197.6290708780
150594818.6474841535 603944.9402465820
134816309.7858103812 363484.8152623177
133199304.0303534716 237946.3063307647
134335894.5764416754 334997.8614953607
134745917.3115465045 359456.8391530365
136661791.7896126509 437498.8591615856
144351394.1088594198 580134.3597412109
144026089.6792858243 573610.8170166016
133125774.5787512362 220380.4490309600
135495600.6661490798 395144.4893426001
134038598.1895187944 316581.9653882235
134023130.7244048566 315263.5396951288
133924664.5116869658 309842.8505259007
133978493.1913193464 311721.7654567212
133148969.4131135941 223494.1674872283
135377051.7638629079 392415.4812764227
134067089.2780606896 317944.5068037361
135052974.5612411797 376353.5183873177
149985995.1988434494 594984.4826049805
150078503.9713624120 597183.4572143555
136698362.3876241148 438740.0727394721
134916166.4691259265 369919.1668248177
133110086.9458672702 212622.8982497100
134697324.6751177609 355734.8875713348
133138582.6842659712 222079.6344061736
134979756.6539566815 371239.6521043777
133135263.9392134547 221841.0367079619
133210161.8111312985 238657.3457594756
133967027.8097402304 311510.1552412361
133106840.0218502581 206635.7519942168
151345059.2417853773 623523.8657226562
150729491.8847049773 605110.9849853516
150815173.6995584667 607573.9239501953
133621933.2211645246 286230.5431143288
134106165.3181983083 320742.3958994001
151199638.8996886313 622985.5510253906
134620614.4257487059 353022.4875905365
133281594.4921555966 249167.3928676099
134678934.9909007549 355683.7274376154
133504581.7308303416 273219.6529346555
133425183.8431730717 265336.0197163075
133399605.4289413244 263833.5019337777
134654399.4754576981 354368.1513091326
134227558.5800702870 327223.5430251211
151719329.8170674443 625526.9355468750
151175913.1419834495 619467.4331054688
134229028.5674861073 327426.7761026472
134776088.1301833093 362118.0790001154
133681073.3076655865 290678.3707171325
135084949.3218480647 376445.9260123074
133175552.7091495693 231266.5313673858
135357826.6690274477 391328.6536189020
151391733.3112199605 623819.7221679688
142283236.2741098106 554417.0110092163
134496203.6569205225 345264.9368092865
133170026.2066972405 230899.7949782256
134399050.5176379979 338830.5852467865
135198561.6415546834 382485.5703782737
136608371.6269167960 436123.8273322284
134321809.1727482080 333331.0345464200
133280364.0648069680 249021.9146681670
134456582.7449625432 342465.0648610443
136759038.2545260489 443188.6225287616
133717157.3551127315 294332.5224890560
133101830.4649548531 205062.4188396292
134595537.5261245668 350967.4682563990
135177834.2793157697 381207.1537361443
137740792.8958639801 469894.2958436310
133620080.9729953259 285951.5797354225
138423446.4126413167 484664.9467015266
138735918.8943264484 493563.0188750029
136856800.6588375568 446788.1458696425
133180288.0347202718 231545.4947462920
135521940.6718803644 399258.1219275296
133201005.2131823301 238225.2697096709
135321766.2348174155 387869.2610655129
133481116.1172421128 272229.9739242438
134462810.0311332643 342467.0477136225
133288606.9233094007 249183.4442321304
137389257.6786980331 461085.7996463701
133101830.4649548680 205062.4188396293
136960260.2849838436 446893.6411398649
137090699.1571874619 448496.4837579727
137501531.8350166380 463700.6577081680
137675510.7416478693 466164.3852472305
137284997.8899625540 455956.6940851212
137024054.2397966385 448185.5561456680
137005386.3438823819 447770.3287134171
135559491.3355328739 399944.0891516507
137297961.8855944872 456761.6225519180
137251793.9357381463 455943.1069269180
135881800.8986086547 410790.6285193264
137126418.7070388198 449565.4484796524
133545280.0318743289 279053.4603744391
137766510.0226087868 471306.6262421906
137460085.7747494876 461613.3053531647
136318566.3796633482 427607.0846108496
136298511.3420947790 426564.0198801458
137500694.1390267611 462547.8807893097
136223922.7326234579 422869.5222057998
136515860.7112788260 432693.4554971755
148600883.9931631684 588740.5499877930
134270967.6056406498 330386.0270607919
133604695.8787009120 285098.6770492438
133700660.7608330697 292856.2278304938
134492263.3307995498 344577.9294045419
134476858.8784443438 342862.3894441575
134395110.1915169954 338143.5778420419
136399535.9528115690 430451.7350353897
136340009.0129217803 428288.6630825698
135588657.0963408649 401245.4436806738
133214210.8751277030 239273.0664015654
136396140.9801051021 430306.0964717865
135501020.6070539355 398590.0236609280
136370260.8808309734 430279.9605679214
136254088.2807570696 426011.5552944839
136009782.4996246696 416756.1564907730
135721038.0156893134 405102.1906531155
135739506.3146608174 407648.9289712012
135660832.5492351353 404356.2769568264
135667972.8251556158 404737.9848425686
136133650.3525786400 421475.2379144728
136235363.3741784692 423210.5817837417
135965714.5719811320 414539.4891323745
135715603.7331337631 404992.1674993932
135981305.8761102259 415453.0310024917
136001632.7993037403 415579.6689419448
135951070.6949646473 412541.1995843947
135929256.6413158476 412287.0169275701
136159647.0845013261 422669.1214565933
