30269604.5635174587 38657.4122668765
29654178.7198082395 36499.9873268604
29494244.3303589001 32072.8097045422
30804340.5661197565 39847.4435446262
29506090.3126385920 33021.5361791849
29514543.7234390266 33871.7364623964
29512017.9065570757 33713.7575179338
29494547.8944740370 32801.8279525042
30054581.8948884271 37828.4416198730
29821345.9191118032 36774.3885723352
29849150.4535849057 37569.6849392653
29582245.1499963738 34904.8841160536
30155071.8886565827 37984.6351928711
29878464.8364559896 37693.7023391724
29592239.9840117693 34968.9103163481
29834071.9718526639 36783.2110136747
29726193.1006394625 36706.6256293058
29661672.1654604562 36606.2591084242
30253457.3500063345 38533.9497756958
29636952.5587761365 35744.4562765360
29506150.6197723970 33067.0419558287
30323967.8742541894 38864.0464091599
29629007.3539373651 35631.4242402315
29701992.6069105081 36682.8444927931
33621670.1770147383 42897.7867507935
29815807.3165741414 36715.5303169437
29542026.1862732358 34019.4464787245
29558048.4702098817 34729.4553601714
29534006.3509788439 33995.4682961702
29554018.2472918853 34714.0305792093
30099025.2549528703 37897.4928126633
29497616.1752555631 32960.6765214801
29506248.8345623836 33082.8732291460
29536229.4514003508 33996.1382972002
29565819.7566756792 34802.8519898653
29601641.2665352449 34973.7929735718
29611443.4771868363 34981.5867338715
29553658.3606310003 34092.4920167923
29542824.1135576293 34023.5019770420
30050808.6478244551 37770.0643386841
29846282.0744438060 36884.8754425049
30239367.5490514934 38465.8936233521
33974458.0777794719 43703.0321350098
30708264.7813560702 39569.2065358162
30664005.6863192245 38912.2317008972
30676497.3693684377 38933.3772968650
31022540.1683885530 40523.9796524048
30876687.4620275944 40016.2790908813
31093659.4510284550 40681.5521202087
31254139.9058085792 41885.6394424438
30986330.3669477105 40326.1792335510
31161424.1924220063 41300.1672134399
31038555.2587988228 40635.0538406372
31555788.1996729188 42083.3740844727
31988638.8760246336 42295.5946044922
31906386.1507619023 42117.0325012207
32563678.6514769793 42616.8031921387
32432777.9757903814 42336.1907043457
