29588950.4771235622 970974.5590820312
29780554.2018267959 1004301.9995117188
29980222.3666980937 1030498.9951171875
30045788.4594029225 1034318.9531250000
30620447.8608994409 1070488.3046875000
29557974.1026455313 950670.5976562500
29610236.4529705048 971822.9667968750
29582306.9707510658 965759.4331054688
29619622.2138452306 973597.9956054688
29666349.4375846870 982737.7128906250
29756327.6949064359 999836.0649414062
29917825.1567321233 1021310.8427734375
29625344.2110436521 975786.9653320312
29879370.6234326512 1020248.0615234375
29829224.3558401279 1016251.2700195312
30841129.4136659838 1082351.8613281250
29675511.0659321323 983972.0234375000
29935424.5163274705 1026069.6157226562
29573535.3225910813 964436.8447265625
30381926.0754945017 1056943.7353515625
31378060.7670363188 1096920.3134765625
29979308.1780696809 1029616.5048828125
36880453.7504788116 1109256.1416015625
29660885.2361312732 982276.5122070312
29635495.9444755539 978318.0375976562
29702530.9461042471 990561.3798828125
29807679.7997022830 1011445.9599609375
30421536.6546797268 1057384.8320312500
29691213.5607714355 989071.7441406250
29916524.4016683288 1020910.4228515625
29641833.8201214224 979549.7597656250
29635149.7549435906 976830.0874023438
30282120.1388101466 1051583.0781250000
30167987.7266313583 1044041.8310546875
29804278.6773084477 1010926.7880859375
29656446.9474571757 981081.9301757812
29659398.5477684811 982067.6884765625
30000226.5185222961 1031847.4316406250
37771349.8556611836 1109331.8574218750
30113323.3272730224 1039632.3837890625
29957595.8622711711 1028275.9970703125
29816984.2654008567 1014261.3159179688
30112225.7351993360 1038988.3056640625
29582716.7347581051 968572.7250976562
30305704.9156738967 1053277.9248046875
30578703.9135148637 1067175.3652343750
29847374.7083045766 1017728.1005859375
30118438.0838773623 1039663.3330078125
29547887.6450920328 940998.1533203125
29787749.1987227313 1008580.1743164062
29546364.9808944762 939961.8125000000
29655900.5606397279 980770.1098632812
29709199.2348012812 994549.5410156250
30571904.3516821712 1066452.3173828125
37597087.3767330647 1109321.7714843750
29554897.6889336221 945480.7321777344
30587501.3762592785 1067705.1953125000
29834572.7730620280 1016730.7729492188
29945109.4816826694 1026429.6079101562
29541246.1888379417 936396.2968750000
29702856.5342058465 992161.8408203125
30015834.3952731453 1032861.8652343750
30264121.7576981448 1050508.7880859375
37589678.4891270474 1109317.2060546875
30227050.3217722774 1046114.3242187500
29856117.4666364789 1018226.7373046875
30608683.6031982340 1070227.8105468750
31329865.8044069558 1095238.6748046875
37994023.5897628590 1109363.3603515625
30607682.7690370567 1068711.4160156250
29839650.4608147293 1016744.9287109375
30632090.8343338482 1073617.1914062500
30603786.3661335856 1068181.6025390625
31112898.3693651743 1090010.6601562500
30463879.6953259744 1064159.4882812500
29802944.3408828601 1010430.0581054688
37935327.3330695331 1109342.5185546875
30431063.4807781763 1061964.3896484375
29657007.4756094366 981883.8525390625
29974303.6480850279 1028944.5673828125
30810800.5479392856 1079631.8535156250
30126029.3176621683 1040571.9589843750
29643655.2751620524 980073.2075195312
30607881.7121289745 1070078.6425781250
29618344.0102072805 973408.9311523438
30162872.9700270258 1044010.6630859375
29677116.2656147853 987053.1035156250
30198166.5519052297 1044072.4345703125
29875007.8836342096 1019788.1015625000
29719736.0095838010 996792.8623046875
29551248.5484875143 943405.6206054688
29673567.3792975806 983458.4433593750
29622895.4359915517 975193.4638671875
29798598.3027139902 1009878.5834960938
30767617.0079266205 1075839.2412109375
29573529.1471079960 960205.2509765625
30285622.2794381641 1052521.5771484375
29900992.0767970905 1020671.8115234375
30236740.4611029327 1047349.0195312500
32092446.4691028930 1104112.8457031250
31416893.0280613266 1099381.1132812500
30124931.7255884819 1039927.8828125000
29920522.9691549391 1021688.7470703125
29764204.6779215932 1000795.0537109375
30483895.5624581948 1064359.4628906250
30026430.3325902671 1032906.3339843750
31570627.8827115037 1104108.5058593750
30922115.0277022384 1083188.1250000000
30262964.0393224768 1049368.2763671875
30028733.4869349115 1033234.2089843750
30264984.1720950045 1050579.3378906250
30264061.6313961670 1050012.3837890625
30728658.1694035083 1073655.1494140625
31320804.8791319132 1090621.7832031250
31021070.5414627753 1083461.8300781250
30328383.8580807112 1056257.2578125000
30585521.9120956399 1067191.6943359375
30606262.4687122367 1068379.0400390625
29928647.4689229354 1022191.6503906250
29759462.8106618263 1000113.5195312500
30314151.6258378513 1053468.5507812500
30161386.7404816449 1044000.0820312500
30251072.2429294176 1047951.0361328125
29773643.9464456402 1003874.7211914062
30304793.9172636010 1053262.9267578125
30072496.0742208697 1037331.7275390625
31363238.2132180221 1096768.9775390625
30137457.1587822512 1042770.5966796875
31130655.0688941292 1090591.3808593750
29806110.8189524449 1011401.2104492188
30944688.7461032085 1083195.3046875000
30135958.0608520247 1042453.8613281250
30291380.4525688365 1053255.8496093750
30534104.8307927586 1066215.8085937500
30292270.2730532438 1053256.7626953125
30437711.4743932597 1062699.1875000000
29813116.7822637595 1012082.7788085938
30140124.2113485001 1042802.2666015625
37887040.1051411852 1109342.0390625000
29644790.2275446393 980658.4575195312
30215790.0881000571 1045287.4560546875
29770331.7502047829 1003658.7495117188
29675044.0808621719 983755.7294921875
30195233.6348845810 1044043.4570312500
30218390.5336232558 1045305.7626953125
30129651.4467915073 1041033.5322265625
29878854.3463359922 1019967.5937500000
30282111.8209634870 1050712.6953125000
30423688.5444787107 1057492.8994140625
29743204.1289667040 997787.5590820312
37077900.0276193321 1109270.7001953125
29666581.5356473885 983109.0878906250
29930886.3128871992 1022622.8603515625
30572654.8261258155 1067175.0039062500
30132318.4993577525 1041065.2031250000
30271208.8408325948 1050711.2451171875
30442818.2631053254 1063135.3583984375
29765570.1055970341 1001219.8691406250
37478677.5610364452 1109312.5722656250
37573052.1344416663 1109315.9394531250
29716789.8692223057 994735.7358398438
30747843.8463637009 1074376.1113281250
30737103.7691363655 1073977.0400390625
29747016.9473102391 998262.1464843750
31074430.6117642298 1083641.6435546875
36888006.1925827935 1109266.9414062500
36777198.2744534090 1109249.2431640625
37344256.5908729956 1109308.5712890625
37148899.3403264433 1109307.7382812500
29673755.4699443169 983523.3144531250
30768748.3721757308 1076772.3037109375
36582602.9176956043 1109220.6962890625
36035455.1174769923 1109218.0068359375
35989090.0817337632 1108950.3017578125
35865273.6527651548 1108816.8789062500
35844651.0782296732 1108304.5644531250
35674990.2827300131 1107785.1201171875
35468092.9979804084 1106426.6171875000
35825199.9875815585 1108108.0371093750
35738519.7312378213 1107861.7500000000
