85009163.5594524592 31716.7920855805
85597710.2873572558 37072.7048913389
85256724.8961246908 34931.1707712337
84740827.3564083427 28250.3495528698
85030950.9282700121 32295.2260049507
84976344.4524204135 31462.1603228375
84606412.5968540907 25542.0948480410
85097543.4479864091 33182.6463483498
85235479.0210803896 34348.8218125626
84492553.9395011961 20227.2533235727
84703120.3394288868 27597.9538251087
85437118.5111022145 36669.3363659726
85324573.8042227179 35130.3045295402
84897800.5717527121 30541.3862559125
84587088.5764658302 24868.0188543126
85104274.5227956474 33186.5613876507
84619920.9868241549 25723.1759556723
84843759.0245773196 29629.4566904828
85246565.4791868925 34927.2557319328
85750429.9931144118 37811.0507205129
84537955.4176889211 22643.9423402795
84612186.3860721290 25708.3493289277
84681874.4643845409 27034.6260144040
84511879.1554320604 21266.6886802493
84526497.4837637395 21976.7339142277
84730142.2223419100 27780.2310198587
84818198.4294194132 29528.3828200027
84685716.3840596974 27200.6117755100
84566646.8874417245 24092.0274134916
84585363.8040279001 24742.4951466364
84605253.0870181024 25113.5090748263
84625694.7760421932 25889.4304365590
84692078.9076392353 27244.8873954937
85433153.9406619519 36558.7821556479
84952034.8669741452 31322.5709591880
84764156.8822440356 28616.4532545730
84681874.4643845409 27034.5559353158
84612186.3860721439 25708.4194080159
84676100.6751665026 26868.3014544290
84577102.8785138279 24248.4170460030
84670833.0325949192 26681.4895057008
84735916.0115599483 27946.4855007455
84673222.9288872927 26707.8976895139
84692078.9076392353 27244.8279751465
85989536.3687491566 38816.0096896291
84694468.8039316088 27290.2466481850
84694468.8039316088 27290.3068391010
84646940.6510865092 26452.7689060047
84633432.2611164600 26271.7472187206
84633432.2611164451 26271.6877983734
84581314.7872477919 24701.6942943376
84577102.8785137981 24248.3469669148
84703120.3394288570 27597.8944047615
84591744.6970480233 24932.4279671949
85371821.5237159282 35858.9909588024
84570695.9042218179 24132.8282657904
86346410.0614394397 39549.9410865903
84587088.5764658302 24867.9487752244
84556661.1894897074 23472.4256051821
84566646.8874417394 24092.1023384375
85271011.5934261680 34990.1064965725
85141313.0762561560 33364.2739584543
85398465.7956662029 36035.6036256459
84500238.9687788486 20436.7615222288
84496455.9049334824 20411.1304863943
84493238.1126387566 20258.3166566240
85517732.8312220871 36721.7482971102
84539170.1709020734 22675.0114126378
84523920.7029568255 21965.0293791466
85109799.1865770221 33210.3164364122
84771801.5282994062 28617.0400950834
84521880.4061097056 21922.5450464436
84548524.7292405069 23292.4576220135
98723751.9670646489 50855.9127197266
98097177.9973677099 50642.2785034180
84532132.0569964796 22557.3166712173
84488027.3881452531 19364.4041522993
85176068.7311754823 34031.9691325685
85226310.9547172189 34272.4030067921
93773958.0784752667 46412.9972934723
85771110.3793099076 38472.2033196837
85649416.5470771790 37751.5401933193
85204235.9589174241 34125.4897941276
85860954.4125614911 38584.9698665142
85039703.3481419384 32373.8361011669
84540971.9707540721 22716.6080037695
84558000.4079677016 23861.8220361122
85226726.6012084931 34344.9773597047
84502838.0024448633 21045.7594819413
85162974.5977917314 34019.1266835951
85021071.8214025050 32187.2102161571
84528083.0402163863 22516.5158189186
84521012.5774299651 21900.4862172813
84926282.0840783417 30629.3835417405
84957651.7841365635 31325.2431969568
84855770.5991519988 29757.0353989601
85180838.4627631307 34043.7504278347
84548524.7292405218 23292.5277788262
84924738.3142710179 30556.8091888279
85190132.3764082938 34118.4454847500
85006358.0166688114 31618.6560256481
84542750.9400224686 23127.4095667251
84774370.1820353717 28691.1483114883
84485481.3036360592 18577.3118672324
84553788.4992337227 23383.5547730927
84816411.6840769798 29499.9585586712
84828411.7292107493 29603.0778769180
85159592.5877188146 33461.4014691636
84538539.0312884748 22672.8558137039
84538539.0312884897 22672.9259705166
84714804.1493663937 27703.6850222275
84665389.8951615691 26618.3334032819
84646302.3185259700 26404.4868417904
85286269.8715566695 35055.5679773018
85484706.0525785685 36688.3021922112
84506055.7947396189 21198.5733117117
84518097.3422643691 21896.9140106090
85262596.5256334096 34933.8598867901
85079979.2565464228 32702.6669188514
84533346.8102096319 22606.8960441002
84521305.2626848966 21908.5553452028
85118833.6317103803 33334.2520687208
84631495.3565541357 25908.2979881093
85867938.1052867472 38690.0943089128
85386855.6732076257 35887.9489870220
84649872.0411521345 26472.0619496182
85269474.8589139283 34935.3503764117
85034564.4542346746 32299.1410442516
85012526.7616784275 31902.8931289837
84596382.4901109934 24950.5593346488
84856186.2456432581 29829.6097518727
84880493.9913945347 30417.0541637912
84706051.7294944823 27617.1874483749
84509838.8585849553 21224.2043475462
84886943.1720825583 30421.8148081228
84877432.1206875443 30411.8881241009
84484835.2276531607 18483.3167433692
84827868.2847951949 29554.4652488157
84735077.9734739661 27944.5400096700
84937710.8107315153 31211.6619139686
84756323.8485182822 28526.8183818981
84867260.7830632329 29884.3422403261
85343721.0195396990 35845.7888211161
85341066.7955831289 35761.1117333420
85250661.0214563757 34928.9807757013
84488067.7503515780 19382.1141539859
84537129.8740549535 22632.5270799347
84934966.7252059132 30695.0178486630
85091307.2412411124 32749.2912439033
84998580.5221402645 31563.7316047400
84591137.5932459384 24908.7496275231
84797871.9405212849 28946.0338613316
96585680.9038415849 50090.0906372070
90783852.7997222841 45277.4774299264
90248176.6430461705 44515.7584205270
84604614.7544575334 25065.1675902647
84970615.2780853212 31386.3728119060
94861320.1726853848 48267.4759006500
85076616.0543204546 32553.2724208258
84727082.1528800875 27732.4220255762
84937356.6214983016 30721.3559533879
84586674.3613383621 24774.5622435850
84795482.0442288965 28919.6256775185
96020504.9091485292 49943.8732910156
84762686.3720978349 28571.0940018818
84734011.9492050558 27882.9340254590
84489685.4912081808 20133.5123548461
84583098.2175740153 24702.2225898155
84562049.4247478098 23902.6228884109
84700343.8657013476 27316.3569868729
85887869.0766571462 38805.5405178666
84596497.1673364937 24956.6976411738
98513541.4382139444 50703.1104125977
93858963.7795700580 46841.3748779297
84502153.8293073326 21014.6961488901
84625056.4434816390 25841.1590310857
84795482.0442289114 28919.6957566068
84656234.5647316873 26535.4388857763
85076453.8551038802 32455.1363608934
84625056.4434816390 25841.0889519975
85095472.0330723822 33090.2027064585
85028019.5382043719 32253.7223712131
84671752.4187410921 26681.5595847890
84547381.5249417275 23267.2987047085
84563774.1971857399 24003.1565814023
84516041.4926916361 21818.1751200212
84814772.0497541428 29147.9502237166
84762686.3720978200 28571.0345815346
84886116.7618151605 30421.2725259587
84642726.1747616231 26354.3577781450
84968225.3817929327 31363.1927538645
84799777.3329113424 29068.8014041632
84934966.7252059132 30694.9477695748
84621480.2997172922 25791.0299674403
84645116.0710539967 26377.4784158394
84571399.3577301949 24134.8671783008
84658624.4610240608 26558.5595234707
84623870.1960096806 25795.1294571683
84602380.3967621177 25024.6382427369
84712414.2530740350 27680.5643845331
84652741.2315984517 26490.6469467804
84656234.5647316724 26535.3794654291
84712414.2530740201 27680.5049641859
84486059.5323415101 19331.3608064605
84642726.1747616082 26354.2983577978
84646302.3185259551 26404.4274214432
84621480.2997172922 25790.9598883521
84601038.6106931865 25015.0385266193
84550957.6687060893 23358.2084493083
84572006.4615322948 24139.2380598825
84576055.4783123881 24180.0389121813
84543332.5081616491 23226.4978524097
84531290.9606368989 22528.1571535124
84795066.3977376521 28847.8978013992
84539675.0035437793 22690.3699662895
85076365.2301717103 32381.4560809620
84790451.8950284272 28704.8384584319
84489611.8437933922 19534.2054330362
84790451.8950284272 28704.7790380847
84563358.5506944954 23930.6913380232
86993219.9303202927 40005.4780664444
87974324.0548058897 42740.8848896027
87756729.0675399899 41147.1099166870
87527746.8765583336 40311.8044090271
87879384.9440210760 41297.6204147339
87807083.7167977542 41262.7500877380
91697251.2467005551 45461.1354637146
87891629.8167354912 41918.1755847931
87807083.7167977691 41266.6272163391
87904185.6762052625 42064.5160255432
87891629.8167354912 41982.3738269806
87855217.8603352457 41289.0729389191
89038922.6633251905 43246.4684200287
92992661.7419506907 45630.6192016602
93065284.7773274034 46118.7774658203
93857167.1589532644 46460.3557510376
