140748551.8199957311 576022.2755126953
135609428.6511988938 392121.1511012148
140994100.3284441233 582640.6892089844
135874053.9963603616 406903.3196005821
137168444.7606415451 459022.2340446711
142019985.7391470969 605482.4177246094
135577473.3440448642 390132.3765786719
137687450.2781241536 477664.7028192044
139288884.0948462188 534282.2772805989
136133120.5391483307 415724.9754271340
140486061.1376183331 569499.6598510742
137430406.2957395911 467947.8080609799
142320655.8918463886 612416.0136718750
140574418.6867204905 571516.6225585938
135112486.8864904046 365523.5606810879
142143745.8983835876 607935.3410644531
141976733.5375384092 603433.3693847656
142295443.3698262274 611758.8039550781
136090364.4017257392 413726.4472459555
135109365.2150143981 364705.4747459292
136372048.3095317483 428803.2796298265
141702804.8224286735 599459.8322753906
133938213.5627790540 269066.8644983738
135020727.3372218907 357622.4185902905
138158667.1698211730 496033.6182208657
133802049.3209259659 246675.0896393459
141396661.6877807379 591564.2047729492
140881857.7531470060 578513.7643432617
142524217.2736979723 614860.5798339844
137846909.8888437748 483430.9561151029
133855683.8985981196 251392.2164322536
136561865.7275291383 435821.2857128382
133888475.6251931190 254414.9499985378
143265186.5162068307 626434.0332031250
139352732.6350258291 536655.7844974175
142204497.2539236844 608338.7500000000
136400973.1249240041 430055.0324169397
133797048.2715813071 246657.3992172878
136349179.2658546865 427564.7731976509
136210307.9307529032 421491.2287230324
135517857.3877760768 387067.0401325058
137193231.3167511523 459145.6822814941
135448799.8527148664 385082.7538552117
142248548.0417678356 609709.7556152344
140397008.2305976450 566987.4873046875
137810602.3755967915 480238.5499835610
140267485.8700046241 565121.9183340073
140405109.1702034175 568284.6655979156
143155858.7928577363 624021.5283203125
141988150.2247202992 604988.7172851562
143012652.1720411777 622460.4960937500
133937101.3676813990 268364.1156236704
140298794.3269570768 566443.6633415222
136503183.0653319955 433331.0264935493
140244021.6886377931 562299.7007541656
134135867.4291772842 292432.5250494312
142620806.9182408154 615946.9145507812
142031402.4263289869 607037.7656250000
134871449.2330574393 349933.5123481750
140530042.2135406435 571032.1472320557
142476311.7581530511 614615.1362304688
140113971.2104307413 560998.1536350250
136187438.8870758116 420200.3250093292
137858850.1530049443 484501.1116290689
140904165.2804760039 580555.6713867188
135032500.4286424816 357691.0631294250
139450313.2545408309 538468.3991127014
141872793.3577999175 602576.2124023438
143141413.9961594641 622979.7739257812
137645237.7140139937 476061.4105828763
136036062.2882451117 411568.1946534943
135176075.6106117964 368641.3667557091
140614158.3416053653 573045.7654514313
139573459.4999194443 543129.7747697830
139637020.1243486702 545342.3672890663
139942089.4571944177 555859.0518283844
140315064.9474776685 566611.4138889313
140330676.9113369882 566676.3338623047
141105923.4309211373 583597.6080579758
136143387.0713409185 418002.5462159943
134568173.1067426503 330827.0720293373
134487802.8494032025 320869.5202005953
135612400.9137822688 394921.9753085207
133841789.2073338032 247160.3559877342
136588383.6744376123 436787.7161669564
139977390.1292470396 556058.8718376160
139324320.1300370097 535360.4632148040
142663844.3721525669 616288.3879394531
142861458.1793445051 621294.9313964844
135271684.0084418952 373377.8218329491
140254089.7396685183 565007.4607496262
140904248.0865000486 580967.4375000000
135407767.8425552547 381615.2006350588
139842559.5355274677 552243.3665113449
141450776.3417564929 592878.4039306641
135307566.3397734165 378794.8570566010
140074184.5988617837 558715.7863864899
134607395.3904772103 331295.4449522328
134291840.2522527874 308079.3881728482
134184103.6774897277 293125.0647676289
142676946.6645679176 618438.5991210938
134194116.9151336253 300885.4630284142
133815442.2620219290 247086.6486705102
141576289.6669013202 595824.4554443359
140670593.5656919777 573081.1955718994
142348400.0619843602 612672.3458251953
139651412.4110469520 546088.8118934631
134189274.9458553940 298673.0104610771
141459848.9892487824 593934.5074462891
140065243.6970550716 558686.1148156528
134336098.9676868618 309355.3191786837
136041931.6347272694 413033.3180533648
139692268.2067718208 547933.7527551060
140137085.3732385635 561604.8704319000
142953786.3778439760 621644.1860351562
139366926.2028831244 537456.6958160400
135253020.2285605669 373134.9675912689
142532828.7707368135 615528.6781005859
141650610.4700904489 596790.8397216797
142280294.4265711606 610897.9312744141
140528490.4336106479 570828.9665641785
135196139.8103390634 370738.8332528900
142823851.4767836034 620134.3361816406
141128833.0524874330 585598.1843261719
135587497.6711154878 390696.5316781998
142431339.6659449041 613977.0458984375
139887264.1228159666 553679.5713586216
133903699.3399954885 266435.7634413093
141513875.8810628057 595236.0545654297
134508163.6922618747 325002.8103498053
141281869.4150097072 588927.9639892578
133968702.2826152146 274721.7141815275
133924692.5533137470 267405.3347111791
135077044.0608689785 364370.7055673432
134633656.4630601704 331709.3991577458
135545168.2450820804 389371.5850257874
141698214.9489373267 598830.0711669922
135384117.0494970381 381614.0342445374
135432299.3514169455 382938.9808969498
135220705.7920562625 373028.6037607025
140497181.9766582549 569507.2215566635
134733233.3994735181 340078.9666284155
135351618.1555082798 380281.6740545463
134037699.8745305836 288207.5939152092
134737464.5306294560 340367.6048633885
133944958.1144217402 271312.0765242255
140832711.1716322601 578236.0650625229
135084750.9058880210 364512.3188299369
134637049.2387258708 332255.8806436490
134806199.5431689322 346990.4570495915
134694970.8211568594 339236.4826857876
134426723.3208323121 320611.9969273657
135053901.9260581732 363726.8040170502
135275564.6817923784 375449.0318255257
142606732.3740994036 615916.6833496094
140015318.2730828822 556282.5513343811
134785606.9455282390 345815.7629349083
140506789.6765826344 569751.2132043247
141048480.1394487321 583589.1047363281
141187971.0849676728 586654.2878417969
141456470.2607973218 592930.6740722656
141113189.7787826657 584838.7129440308
134947255.8777420223 355785.7662834954
140720950.3938501477 574867.4765014648
134397911.2653864324 314887.5524334908
134936173.9855523407 355642.1749739479
134001892.0940745473 282655.1104413103
140057331.7844920456 558121.1007859707
138971555.4415840507 523960.6452484131
133886267.1307871193 253885.6669773888
136027310.8240286410 411394.3833021950
140791656.5108062923 577016.9975585938
140697421.6995652616 574829.7180709839
134556834.3241755068 330012.5232138297
134287858.9075330794 306946.5146999359
140969636.0850453973 582023.5410156250
140232257.5769989789 562066.2883470058
134283234.3718304336 306004.6612145733
141248383.9070717990 588299.9272460938
142976790.2058854401 622353.6931152344
134671854.6381416321 337691.6349928211
134764758.6768084168 341151.7662978005
135188842.5004481673 369309.5703606438
134234003.6416263878 305795.7194020748
143631186.8936255574 628483.0815429688
135841301.6527965367 403429.5594248604
138884310.6411205232 520482.7928924561
138903396.5264640749 521151.3426055908
141446747.7500919998 592032.5358886719
133968337.9023522288 274288.7860939461
134919863.2130883038 352227.6793627571
136546425.4043869376 434640.6225590706
141759876.5589620173 599610.4692382812
143526256.6581592858 626990.1176757812
138502756.4584061205 507404.4254760742
138245299.7205006480 498085.3873291016
134350903.2011865377 309813.0931546520
141277779.7506114542 588468.3239746094
137736105.8488512933 479052.1753234863
141624111.7987075448 595893.2642822266
138533336.8054728508 508736.9944000244
138086420.3892454207 491758.4578247070
138582767.4628133774 511252.4101121724
138340569.5116443634 501627.9722071253
135637769.0418606699 395381.9070544075
138290528.6658941805 501167.3694915771
137607690.8088261187 474507.8554673195
137396280.5997373164 466754.3196959496
135922554.0408524573 409237.6130480599
138539271.5122280419 509690.1484832764
138081057.4543953240 491606.4941836968
137896342.9742846489 486145.1975708008
138846926.2677220106 518377.2297380269
137815942.1099645197 481635.1210632324
138467788.3361361623 507259.0299377441
136694130.1329896450 440934.9369455948
138754516.0151262283 516491.2364349365
135725699.2972024977 401816.2586169075
135812403.7257890999 402945.1858630013
138345070.2183443904 502708.0628509521
135973454.9213741422 410702.7366442513
135943057.8853431642 409571.6123243775
138362948.5427747667 502829.3556365967
137117840.9210401177 456451.3286229372
138654129.1403670907 512720.3265506402
138036822.3646147847 491284.2993774414
139155955.5611096621 531059.9288644791
138090595.1390384138 493778.1468200684
139123603.9276473522 530499.5465257466
138880420.8844147027 519587.1172332764
139159751.0216142237 531577.0749907743
138690885.7403979897 515275.4040985107
138150049.2755640149 496028.2676849365
138663883.7795525193 513973.8569793701
137243602.3449518085 461507.8246092796
138798594.2339262068 518316.4437425435
138412755.5461595058 503701.4944818318
136309182.8006584346 424017.6685614586
136988356.2134225667 452849.9390501976
136463026.2662487030 431516.1277562380
137120564.3948560059 457989.0408568382
136792894.2377785444 445093.7558346987
137961363.2255581617 488291.6971015930
139041337.9158547819 526535.3013734226
135648444.6567893922 396677.1568102669
139010680.3817308843 525491.8821272850
138980936.8009925783 524903.4812483788
136635092.1315197945 437630.2046507597
138394081.4128074944 503515.8395288289
138703428.1064212322 516057.6989288330
139240865.2240121067 533215.0965394382
135646907.5666646361 396050.0053210091
136603136.0457986891 437520.4924407005
137210603.0688615143 460585.5490698814
138935838.7782171667 523819.7513597310
139083950.5115284920 529433.0116136372
138441023.4575732946 504201.8067529500
141375246.4974336326 590978.3575439453
136892409.2623555362 449297.3750096560
137590531.7099905312 474109.3531470299
138747566.2078876793 516391.5119188130
139229728.3713634014 531611.6892127991
135852540.6136281788 404434.7075915169
138644582.4613373876 511307.7773818970
138582196.5603454411 510316.9274804890
139786804.5224315524 549381.1168622971
136791089.5165725052 444758.0177823305
137268945.6737038195 462068.4961152077
136786193.8904406726 444233.3224211931
137775664.4907908440 480190.6225767136
139501008.9755884111 540893.5185632114
141838306.8867217600 601271.5123291016
139516214.7826127708 541758.2800025940
137756832.7410018742 479522.5945258141
139541465.1420732439 542183.2685890198
137449258.5051705539 468610.4842162132
136842419.7230904698 446609.1253600121
136820849.5677168965 446294.2947020531
138875730.3223510981 519336.5536284486
134757937.5422114134 340650.4106530976
141962988.5658882558 602718.3350830078
136107566.2533710301 415239.0081954002
136278325.8572475314 422679.2974260449
136093694.0438596308 413945.8299570084
137817001.1132101417 481887.7023595944
137534703.8683520257 472993.3793128729
136340944.5420198441 424997.8933343887
137480162.3159017563 471452.6859534979
137334187.8690559864 466313.5841468573
137846643.9135097265 483013.2643971443
137875445.2753447294 484578.5942387581
137196470.3545270264 459812.5266383649
138016555.8562428355 489469.1451106071
138213594.3295466006 496518.7839970589
138197247.1867122948 496270.2330622673
138244692.0240711868 497226.6963240319
136669102.5873319507 438658.1564993858
137106680.6298892498 455262.1608374179
136957540.1563992798 451893.5960135460
136998331.6784788668 453014.1526809931
