29468618.6021542512 37274.0285015106
29483601.0012735911 38280.7688439190
29476288.6904505007 38169.9838293195
29473260.5880302340 38104.1772012711
29486204.6722972691 38286.7826452851
29469753.4631368034 37372.0600301623
29708870.6189175695 42168.4033326181
29537741.2408420332 40124.9696130753
31043278.7595980614 45422.3503551483
29733188.0936935805 42173.9134559631
29460031.3205739856 36380.6973534524
29482331.2316450812 38193.2638807297
29605525.6051078290 41029.0811424255
29491881.7399470918 38414.1050122082
29509158.1097871773 39216.0337421894
29461427.7305946201 36460.1304647326
30093537.2009487338 43964.4459670847
29463663.6656505801 37249.9728375673
29513758.0823464133 39252.9810943604
29475602.3060585335 38105.6406316757
29460327.6704493389 36380.7318307757
29462588.4040310420 37192.2476358414
30142061.8705381639 44012.7056801319
29467757.4799304269 37261.7000858188
29620879.9831610620 41205.8253335953
29533519.6305683218 40021.5995025635
29459409.6686932966 36352.5947082043
29563270.6341868341 40293.8957681656
29503797.3187736720 39213.0400476456
29743321.4067655765 42194.7743544783
29674036.9796926267 41929.3148803711
29517537.9809422940 39256.0160961151
29616557.4228790589 41044.5915215015
29469372.5432591029 37279.3798643351
29543102.0318555348 40127.9633076191
29492124.9260049686 38414.1742402911
29765617.4673687294 42223.5466704573
29490094.8619976416 38333.8262678385
29482545.8797688670 38262.9652864337
29550879.3340707086 40247.6775825130
29465037.0499685518 37261.4044399261
29498910.0136340596 39109.6699371338
29462516.4128211811 37189.3749389648
29634131.6383326501 41305.0078163734
29464036.4682672657 37250.7060176134
31888193.0681223162 46053.5596384406
29795818.2743503489 42836.8367808864
29619572.9975290783 41159.4397020340
29754754.3284140304 42203.8285231795
29598231.7957674898 41007.7046203613
29502962.8760710508 39184.5312614441
32783906.8580682576 47105.7926559448
29482464.7848759256 38262.5262069702
29894050.7541544475 43139.6476531234
29524229.8386666141 39363.6308860779
29602714.5682696216 41023.2558947206
29552641.0441353805 40251.3287324905
29672067.8868324868 41367.9357261658
29524493.3641879372 39381.9662027359
29537330.9058347233 40093.3789078891
29518150.0116387159 39323.4422416687
29518413.5371600389 39341.9192819595
29593489.1203472987 40350.0543251038
29626274.4667506739 41246.3663825989
29468354.0964346416 37263.1485933363
29481501.4324714653 38184.8024580181
29994295.9471629858 43715.8365301434
29840625.1949164644 43067.3519377913
29690312.7948408313 42055.6932258606
29819634.7803006060 42892.3688276708
29999292.5039640069 43831.7954144478
29489904.2068677321 38310.5275532007
29497978.2254628204 39017.5701971054
31860254.3345763311 45757.2157716006
29783800.5724009946 42325.1310057845
29573350.4713721201 40340.2681388855
29613511.3831554279 41033.4779945184
29674370.9790665284 41947.2439632416
29627999.4880585372 41261.9838905334
29988520.7572817542 43697.1430682008
29624254.8757669143 41226.5934646314
31381547.7592175379 45535.8439953327
30053431.6885508820 43838.9499316216
29618097.8584281430 41108.8567657471
29480466.1738538258 38184.0312645733
29479127.3251905702 38174.0897264481
29480944.5859285891 38184.5023336411
30149278.9949420281 44119.4671577280
29687272.6938143931 41947.3732550144
29477723.9141672105 38170.1281335950
30119862.7523762025 43979.0759780407
34237663.3466044515 49012.7957153320
31887386.6852466650 45811.3344192505
30578263.4390135221 44975.3734645844
30089060.2235639915 43901.1817584038
31426939.6936262920 45695.0396769047
34188574.7073728219 48222.7585906982
29673778.2298582792 41826.0340151787
29596190.2961956970 40911.9312753677
32836426.6719066650 47127.3932418823
33589255.1295631602 48215.7312622070
29602869.7792566083 41027.4099932909
29494162.7951934375 39003.7206504941
29597536.5969251655 40914.1051465505
30135186.1278175637 43996.2563757896
31533236.0877982080 45698.7553062439
32036205.8536683843 47017.9064464569
31920857.3006095141 46108.5302391052
30158905.6376288347 44276.2477677464
31694742.3598052524 45704.2148342133
30160227.3890997618 44619.1088279550
33567742.2773795277 47723.3194427490
30184421.3012318499 44627.7366530895
30705899.5021018907 45172.9574837685
30080139.9913472012 43862.7566027641
29989043.8604160435 43713.9852145975
29983076.8999407664 43693.3208084117
29981050.2276768908 43693.3208084106
33068691.3324925266 47172.4315185547
