30460648.2979949042 1090485.4931640625
29867387.5062693655 1045637.4550781250
29615882.8837178983 993822.2104492188
30668594.6661239490 1098586.6015625000
29777801.2782373391 1033134.7583007812
30601766.9627128020 1096125.0195312500
29595207.5753086954 990324.8222656250
30479588.8261346743 1091728.5341796875
30358343.4677068293 1082740.4785156250
30158897.2656392455 1072968.0712890625
29650368.2493355572 1006084.5683593750
31031350.7561082542 1109671.5849609375
29687034.7778419293 1020346.4990234375
30672192.0802416988 1099357.6230468750
30802516.5437317193 1104843.2109375000
30385736.0106484815 1086246.7021484375
29583856.3597946353 981395.0996093750
29785327.6089052446 1037440.6318359375
29855261.3653114960 1043452.7949218750
30283725.7103572935 1080487.9755859375
29981330.1203642972 1055638.1494140625
30900304.4646581598 1107131.8466796875
30028044.6768213846 1059263.0693359375
29709412.6740232967 1022903.3193359375
30960496.1257609688 1109144.8388671875
30095513.9337408096 1066012.6367187500
30069275.7260631211 1061836.4628906250
30856078.1036390848 1106277.2324218750
29927326.5888047591 1050007.0732421875
29877466.6537940875 1046390.3247070312
30593085.6417672597 1095761.8427734375
29963090.9732969217 1050515.0830078125
29758461.9162978753 1030773.1933593750
30016206.1890340224 1058543.9882812500
29666990.8608295470 1012076.5097656250
30678473.2553958334 1099786.0390625000
29709540.5101960562 1023201.0649414062
29670424.8550917357 1012561.8007812500
31043314.2798180506 1112155.9599609375
29754767.2152019627 1029525.1860351562
30414530.0270668641 1088614.2021484375
30683491.8966264278 1100751.5917968750
30337402.3256317899 1082243.9375000000
29729483.1832535751 1027518.6640625000
29712729.0304356627 1025820.6020507812
30201764.5203914493 1073796.0195312500
30553738.1254069954 1095163.5732421875
29901613.5084859990 1046971.6435546875
29799451.1167433336 1038678.4106445312
30668243.4613593556 1096861.5791015625
30728321.3640615158 1101253.1191406250
30618963.3077601008 1096162.6992187500
30883108.1196108609 1107094.1669921875
30942158.7565622814 1107621.0908203125
30518793.9921247177 1094230.7158203125
30075576.6148297898 1062895.5087890625
30251881.6058286726 1077992.1845703125
30127861.7378978021 1067043.7558593750
30514209.8579022661 1091919.5146484375
30226127.7627352998 1075041.2353515625
30574724.0966187455 1095581.0009765625
29627951.5865975581 998470.1699218750
29603632.3476741798 992564.3334960938
30027012.7975516543 1059044.1132812500
29707063.9925542809 1022089.5546875000
30770175.6559656374 1101742.3632812500
30779774.2207827196 1102559.2978515625
29739630.8876948133 1028273.8867187500
29845427.6712594368 1042598.3437500000
29617286.3169071116 995618.6293945312
29596014.2034659274 991354.4047851562
29989167.3216103539 1057404.9199218750
30010065.0212298855 1058334.2363281250
30370511.4676629081 1084541.5556640625
29670818.4074348509 1015077.3408203125
30625705.4517416582 1096680.5703125000
29803211.2324136943 1040711.8422851562
30711125.0190142207 1101215.4394531250
29581630.0432439260 980774.9160156250
29607205.0645691305 993687.3247070312
29651202.2118774429 1007821.7666015625
30015605.8382695466 1058542.9238281250
29759003.1858569458 1031079.1894531250
29750321.0905064344 1029070.1181640625
29591694.5351368561 986500.2675781250
29580033.3411109000 979639.0458984375
30543930.9956938401 1094699.7255859375
29655685.9800306074 1007975.0034179688
29858278.0269785374 1043626.4072265625
29854646.7218272574 1043275.7753906250
29631932.0495559685 1002548.0493164062
29686203.4252171405 1016257.7353515625
29834747.9089206159 1041620.5996093750
29626819.1176570319 998386.1879882812
30001214.2124216706 1057490.0654296875
29861306.5781480409 1043722.3105468750
29976466.7266013250 1054723.7441406250
29641721.4568215273 1005884.0791015625
29964375.9093326442 1051345.2695312500
29912763.4459713735 1048091.3437500000
29620399.6417688392 997550.8525390625
29656878.7426756285 1011132.5429687500
30015466.8231805936 1058359.2753906250
30031652.5552664436 1059621.2460937500
30054914.6728418134 1060618.6796875000
30158683.6250667013 1067118.9492187500
29618618.7214804217 996682.0712890625
29966787.6275812760 1053663.6279296875
29973316.5216156729 1054161.2353515625
