253612374.3378227651 15220.7541343580
297458814.1709032059 42113.7374591827
253928006.8801134527 17388.4255873730
253627117.1402424872 15462.7290110003
253665656.7898013294 15801.5536869775
254283049.3226858079 19079.0167457741
253694193.8645495474 15884.2259745310
254349569.1572677791 19111.4818069618
253911307.9731263220 17335.0165384694
296700488.7803150415 41878.1171817780
253627117.1402424872 15461.6326084147
253627117.1402424872 15461.6752061258
253627117.1402424574 15461.3219776462
253627117.1402425170 15464.7453755747
253627117.1402425170 15464.0414723764
253627117.1402424872 15461.3861102472
253627117.1402425170 15463.2132710825
253743214.9222637713 16204.2111184011
253681680.3894201517 15840.6733301888
253681680.3894201517 15841.1246241342
253681680.3894201517 15841.1069158326
253681680.3894201815 15844.2431658517
253756159.7730563879 16228.4896720658
254097533.6009139717 18304.8902230432
254045011.5175749958 18128.5195776095
253681680.3894201517 15841.4015786062
253681680.3894201517 15841.6677957784
253681680.3894201815 15844.0603965531
253940417.3206451535 17454.3757102175
254014659.4085088968 17903.2591130902
253681680.3894201815 15843.9211586724
253681680.3894201517 15841.3680055152
253681680.3894201815 15844.4728420983
253769001.1992530227 16271.3098998974
254395760.4702576399 19161.1421631734
254349569.1572677791 19111.7822525185
296672220.6317862868 41794.2375125885
253681680.3894201517 15843.7695957433
253681680.3894201517 15842.5016125451
253681680.3894201815 15844.3876370202
253681680.3894201517 15841.0631688844
253681680.3894201815 15844.9279807816
253681680.3894201815 15844.5761173974
253681680.3894201517 15841.1134237061
253681680.3894201517 15841.4390749942
253681680.3894201517 15841.6473974000
253756159.7730563879 16228.5751198541
253891518.4873769581 17140.9785462330
253864796.2873327434 17022.7560068081
254097533.6009139717 18304.8895516564
253911307.9731263220 17338.4191901369
254097533.6009139717 18304.7743973901
253740136.1734375656 16181.7545512925
254097533.6009139717 18304.7727608850
253940417.3206451535 17455.8754694148
254007498.3163052797 17898.3641090196
254119130.2800053060 18343.3913864893
254678381.3396320045 19465.4499732237
254274078.4036426246 18686.7740405227
254395760.4702576399 19157.4356081943
254097533.6009140611 18308.0558118989
296846627.7561038733 41912.1003360748
254782458.4823516309 19802.2469086508
253985901.6372140050 17859.6785561015
255001416.9376969934 20084.2437865894
254480713.1268853545 19188.2714585225
254203395.7664706409 18355.7119317556
254775294.8852940202 19710.8935095231
253779437.3894293606 16365.3850452910
256253048.9548177719 21417.4422499004
255095892.9838238358 20331.3033262530
253843416.0232380331 16723.4100643231
254845977.5224659741 20036.2340638321
254464802.5327489972 19161.8888719992
254203395.7664706409 18358.7019173048
254242081.1067091823 18602.6013172020
254143724.9139037728 18351.1067954947
254251452.3166337609 18606.1989032675
254203395.7664706409 18359.1220296992
253816206.8724454045 16675.1875467311
254213685.3387025893 18529.7514037659
254097533.6009140909 18308.1952929666
253981359.6716583669 17680.7685860564
296312450.8487980962 41650.4379296303
254775294.8852939904 19706.9844509523
254551192.9235911667 19433.9459682863
295850866.8486220837 41253.9702649117
254567211.2660296261 19434.0127026877
255598915.9114951789 20649.1462538515
254617616.2206338346 19462.8677668289
295937723.5726975203 41573.4109234810
296001762.9732107520 41608.1772427559
254487244.5058517158 19323.5527480207
296039992.0315027833 41610.4681744576
254683054.6448532641 19599.4221547004
291793781.1141065955 39536.3278380632
291897694.7468539476 40555.7631678283
255385107.9805232286 20648.8497468101
259892587.5841961801 22360.6057871736
255623503.4370069206 20833.8310054947
256943384.6501693130 21991.5409452256
255613125.1014772654 20772.9196796217
255598995.1067098081 20657.2099094880
262306809.7831075191 25164.8541326029
255865502.4331626594 21328.0990781319
256482308.5080283284 21698.9105855326
255697932.5093138516 20986.5364826317
295247539.1620509624 40787.3789105415
295605203.3485447168 40924.0918316841
290967357.2239140868 39436.2551922798
259870345.2137916982 22248.2226330967
260762721.2778210938 22434.7699498391
261103039.2631749213 23009.0029577869
260953767.5627186298 22673.5913846153
260806606.1633248031 22441.8968941282
261044354.4448403120 22968.1109199184
261044354.4448403120 22968.5111452597
260957327.6225410104 22684.0720609563
260849518.5874467790 22594.8113616753
260836489.5490233302 22477.1085822838
260827530.2942763865 22471.9070284525
260600814.3760129511 22425.9147427240
260904883.9318548739 22641.5969995963
261354323.8696138561 23171.4064852395
261299452.5308083296 23163.6157198348
261043776.1689470708 22713.6510266410
261288994.1537756026 23111.1507028686
261358905.0667215884 23183.0696968185
261563626.8958905637 23715.5660845251
261521041.6574110091 23566.1616956298
261521041.6574110091 23568.4128724639
261521041.6574110091 23569.3520967071
261521041.6574110091 23569.3751651351
261821695.3814317584 24173.8042089590
261821695.3814317286 24171.0391108640
261871475.0318101346 24668.3803745159
261821695.3814317584 24173.1163575300
261821695.3814317286 24170.3375994810
261821695.3814317286 24172.3315330395
261821695.3814317286 24168.9835822233
261821695.3814317286 24169.9675374874
261821695.3814317286 24169.8984204181
261821695.3814317286 24173.0588891157
261821695.3814317286 24168.9069527634
261821695.3814317286 24170.9724022993
261821695.3814317286 24168.9817092069
261821695.3814317286 24170.3699018606
261821695.3814317286 24169.9697452434
261821695.3814317286 24170.6101586469
261821695.3814316988 24168.6021005758
261821695.3814317286 24168.9858863004
261821695.3814317584 24173.2999703535
261821695.3814317286 24170.8176176199
262037870.2884029150 25022.1214120262
261871475.0318101346 24670.9879953512
261871475.0318101346 24668.4071694263
262038242.6286969483 25057.4958348447
261871475.0318101346 24675.1241085180
261871475.0318101346 24669.1447784551
262355656.4806098044 25266.3367712148
261987350.7186160684 24960.3759774812
261971691.6959221661 24746.0806545862
262837096.8781886101 25505.5085922950
262357537.5552541316 25315.4554957696
262301673.8786364198 25130.5504794666
262735094.4889822602 25416.1372550155
263046487.0187940896 25621.1426114799
263732924.0325919092 26694.2247608672
263220583.9395108521 26045.6920352946
263515618.2044844925 26317.5703853727
263515618.2044844925 26315.7235504747
262962966.6025626659 25584.5119678960
263239018.8980199993 26249.8555598282
263199702.6867994070 25944.3047374845
263124521.8768413365 25700.9317854405
263174194.2031392753 25734.0615311624
263174194.2031392455 25716.9255636693
263652166.6473788321 26446.0091302157
263548305.1496838331 26399.8709355765
263704102.9281027317 26523.7576288343
263693669.6290955245 26511.6464729779
263704102.9281027317 26522.5240894915
263739892.8755344450 26805.1180116297
263739892.8755344450 26803.7945131422
263739892.8755344450 26805.7441453100
263739892.8755344450 26806.0305360914
263739892.8755344152 26802.0276044966
264411635.4262279570 27394.5712846280
263739892.8755344450 26820.3169588209
263739892.8755344450 26802.3052808405
263739892.8755344450 26802.6859667660
263739892.8755344450 26805.1162327887
263739892.8755344450 26805.3368806005
263739892.8755344450 26803.3011659742
263739892.8755344450 26805.6911954046
263739892.8755344152 26800.1918214918
263739892.8755344450 26802.4382467628
263768873.4836080670 27157.7923875325
263891894.9122292697 27255.0041561075
264152196.5640235543 27385.4613656276
267010445.7124446034 27491.2866439274
280955736.8675926328 35559.2563040257
267417178.7635259330 27578.0796597650
268391205.9696942270 28363.9712874889
268564679.4690408707 28532.0313155651
268445607.0162853599 28491.9984176159
267922963.0439054370 28154.7291835001
268864316.9875559211 28894.5435473919
269172647.0918844342 28946.5877401829
267548023.2387167811 28057.7408918142
268564679.4690408707 28530.1423766613
268564679.4690408707 28532.3383224010
268564679.4690408707 28539.2004945278
268564679.4690409303 28611.7230937481
268647861.9140744209 28754.4661452770
268564679.4690408707 28530.3141906261
269550317.5730386376 29568.8407200575
269332324.2568295598 29528.1829909086
269238140.7828435898 29202.1462849379
269271907.2141790986 29295.9399031401
269580515.9332931638 29631.9055002928
269428601.2941250205 29529.0246561766
269271907.2141790986 29296.6533221006
269271907.2141790986 29339.0597780943
268751362.8275248408 28757.6323449612
268613793.9456018209 28721.5609366894
268564679.4690408707 28537.5752961636
268564679.4690408707 28530.8882491589
268810592.6567585468 28860.2041709423
268564679.4690408707 28533.6713531017
268564679.4690408707 28539.0796325207
268564679.4690408707 28530.1792495251
269271907.2141790986 29293.9333781004
269271907.2141790986 29299.5769785643
270241603.7579979300 29696.8344453573
270296802.2031602859 29716.9691957235
270343581.4599054456 29724.2876229286
270089811.2213976383 29687.1434658766
270171195.8729456663 29688.0948971510
270638710.6736998558 29883.0500942469
270497798.2880900502 29869.3279386759
270740834.7956045866 29913.2084814310
270798374.3809179664 29959.8130117655
270854057.5763781071 30169.1291455030
271285218.3717951179 30203.4747778177
271474691.1386563778 30239.7621366978
271508782.8836565018 30355.6026700735
271549120.9109502435 30426.7847417593
271508782.8836565614 30357.2476056814
271860691.0460353494 30598.5631860495
271816968.5255718231 30462.2779630423
272107777.0549461842 30809.7878912687
272367181.1297614574 30858.4879000783
271973061.0571572781 30681.3044384718
272675218.8251394033 31124.1065078378
272475192.6764321327 31100.9851420522
273471652.1909341812 32303.1443752050
273746719.8114989996 32393.0647217073
273040942.9404001236 31598.5508509912
272981078.3717122078 31273.6922091283
272981078.3717122078 31276.5626767911
273348590.8494087458 31895.7753582299
273276264.2261642814 31671.6843915284
273286381.4841567874 31754.8387900628
273276264.2261642218 31671.5504508317
275002825.4604730606 32585.0602554083
275464472.6607408524 32632.8022130728
276396002.3008355498 32730.3966339827
279787294.9236781597 33839.5037169456
276693779.5404594541 33082.7644606829
276967555.7930156589 33178.7154937983
277276917.7352430820 33362.3834797144
277168908.6673286557 33343.1721891165
279952464.0849831700 33885.9732184410
279952464.0849831700 33887.6842856407
279952464.0849831700 33885.3135924339
280004366.4363890886 33942.2398447990
280215909.6604536176 34324.3695483208
277276917.7352429628 33354.7385631800
277279696.7664480209 33389.3563877344
277461226.8870556951 33782.3482815027
277279696.7664480209 33391.1729351282
277279696.7664480805 33421.5797077417
277279696.7664480209 33397.4536968470
277286541.8369572163 33640.6124454737
280004366.4363890886 33990.9025721550
280684487.8804216385 34526.3912930489
280318665.8420775533 34343.6676478386
280800630.1123663783 34560.1893115044
280466242.5341160893 34451.9656205177
290117454.9119822383 38189.7494955063
284531752.8828009367 36581.2206807137
284327721.6184269786 36350.2147908211
284489763.2284458876 36495.4707722664
284741698.6398264170 36763.7305245399
284741698.6398264170 36761.7075371742
288084046.1213166714 38135.2192311287
284741698.6398264170 36763.7381463051
285137132.8107142448 36820.1992650032
286685096.2024027109 37027.9335279465
