9830840.3306094762 533879.6589965820
9830569.6357471030 533698.4690551758
9867027.5211045016 554278.4238281250
9836798.5482579973 543256.6666259766
9843118.1382871792 545158.1704101562
9837862.7608504649 543362.9566650391
9884181.3024470117 562511.1103515625
9841891.1655698139 545156.4396972656
9834394.8556880765 542465.5339965820
9828994.7550225984 532172.0802612305
9843586.8937443923 545507.4233398438
9876864.9865609258 554833.4755859375
9828077.9853527434 532085.2822875977
9825011.8610239644 521648.8286743164
9846961.4771906212 552024.5185546875
9850989.8819099702 552259.4370117188
9838912.9990654718 543544.1466064453
9825526.8498602118 531143.2322998047
9828289.1951169446 532116.3418579102
9848586.1893400475 552130.0216064453
9851966.1366779972 553925.2353515625
9839340.0300772805 543673.5620117188
9834247.4127654657 540766.3476562500
9833820.3817536570 540745.5694580078
9836886.5060824361 543257.4536132812
9829128.2235677503 532875.5778808594
9840567.0027946457 543791.8320312500
9838625.6280311514 543363.7937011719
9831843.7201955449 540702.2168579102
9853661.8648525756 554276.2189941406
9846723.6775392313 545509.1540527344
9869339.3038440496 554523.0141601562
