269444685.0659422278 35101.7647855867
270194608.0044379830 41624.7144394443
269265613.0352530479 34056.5683081139
271621329.5743985772 46954.2820389606
271573242.9155396223 46727.2921750508
271977629.5481519103 48254.5543103544
269455926.2903676033 35153.0248251435
269374079.1358421445 34242.1733459186
269435182.7450998425 34267.8019775476
269774803.9280979037 37056.7797775928
270148593.7737470865 40932.0808990523
269887412.3352310061 38049.3383584608
270626363.8305822015 44223.6614377722
270295970.5287550688 42420.7112238333
270433338.8629365563 42707.1756331636
269521918.1267533302 35177.6807493716
269596546.5903549790 35983.6683788177
269891836.9404363036 38055.1803506006
269451886.8916183114 35123.8656870537
270613498.8760955334 43039.4235121919
269980037.0917666554 38056.7126923192
270898600.8382870555 45421.9308015593
269374079.1358420849 34236.5992201518
269325691.3391835690 34197.9437304016
269257242.1229311824 32521.6141204003
269839417.4226002097 38006.4145516332
270027405.8726703525 39484.0353584204
270003549.9068319798 38924.0725211080
269325691.3391835690 34203.4227002140
269982078.0100306273 38786.9400271502
269243743.0950484872 32516.0330654744
270824079.1334348321 44510.0012361296
273015309.3614675999 52290.1586541450
269230719.5878080130 30960.2701555591
270094710.6920590997 39489.7443449412
329409546.1254070401 115054.4412164027
269230719.5878080130 30954.5633498531
269230719.5878080726 30961.7738453251
269682078.5413960218 36911.5195380662
269755138.9645013809 37050.7739429724
269257242.1229311824 32521.5120352868
272274406.2278181911 48385.6854017265
269722384.4102618098 37017.4897469495
269839417.4226002693 38006.4564112600
323509340.7170417309 107607.2742902152
323578536.0392045975 108337.8469678275
271425932.2387846112 46278.8484092839
271302874.1462831497 46203.8695007678
269817125.2989729047 37875.0104617205
270125351.6634268761 40279.7682641521
335474805.9194557667 123899.0118074417
335730072.3524938822 123951.3512849808
325753494.1936579347 111612.6034297794
273194176.4759160876 53195.4734363845
287673466.1294924617 67057.2121654069
269817125.2989729643 37875.0523132410
269636974.2114539146 36139.1541629655
269722384.4102618694 37021.7458793137
271823233.8783022165 47459.2329569189
272670007.1066487432 50282.9290282046
340717053.1769772768 129343.1594238281
335764345.1246418953 124206.5514192581
286806585.4092950821 65467.5215153939
320446232.0078688264 106447.1570850015
336909788.6188783050 126985.1009597778
271504642.5753753185 46351.5830382174
269784742.9208988547 37070.3810321417
270289125.5908420682 41778.4672786831
270214832.3070392609 41774.1660905853
272695671.2415452003 50494.7150389468
269980678.2959238887 38718.4780908626
271823233.8783022165 47457.2321024267
270398862.2637421489 42689.9708890556
326997297.5124919415 113175.7718323916
327446156.0604588389 113639.0077943057
270111021.0673379302 40065.5671373420
273165954.2590081096 52840.9228483951
322822779.3539134264 107332.4160997426
272883581.1603192687 51928.9932829654
272720180.0560852289 51400.0601164615
270289125.5908420682 41778.0413236259
335981743.3986387849 125395.8032684326
333853026.8521994352 121160.5286564827
269815738.9272327423 37074.9701396551
340127940.4036084414 129114.9561157227
271201575.7661153674 45450.4782062238
340042466.4432477355 128955.8836669922
330889500.8184258342 116044.1618851870
337069686.6108494997 127221.9523010254
336764537.2576982379 126363.2729187012
332219490.6570656896 119134.5863488913
332321337.7186447978 119322.0665124655
272161978.5436359644 48385.2144861547
339710737.5436629057 128485.5730590820
339718361.8551592231 128792.5953369141
337026495.7204604745 127176.9584350586
339549365.3937696815 128259.5800323486
288362078.8021734953 68160.5179136689
335238028.1704679728 123886.5056428909
272398513.0803278089 48803.7044311007
286878288.0097649097 66107.2121477042
285767055.4908548594 65144.9067660326
285715338.4849579930 65140.2476244920
273011669.5772532225 52072.7298452631
339200106.2583437562 127918.8751678467
272286789.4639808536 48646.3205811242
336114077.6673919559 126063.0468139648
336711208.1127779484 126200.6181640625
272963093.1870845556 52061.3306143060
273011669.5772532225 52081.6714393869
340002796.3006696105 128819.1468505859
338595467.7904450297 127573.1466979980
339350355.2478354573 128196.3098144531
330627936.6120402813 115501.1029212847
328265004.6540284753 114224.1147289518
328302234.1480027437 114310.7860546354
273777474.1966006160 53349.0764867738
331252565.0660094619 117055.4852574661
289456348.4503713846 70623.3993824432
289502849.0458437204 71221.2404468963
273602495.4811440706 53341.6846789457
335151281.9608981609 123560.2304706573
291193652.3317483068 75004.1546704406
291160940.9554522634 74960.1676098937
273899714.7670416832 53352.7270938717
326326514.5100944638 112875.5281683424
326443438.9967615604 112909.3311468581
273922484.0755521059 53375.0464893654
272569478.6451995373 49698.7280862937
285445369.2660554647 64262.6082610292
332154379.4343152642 117468.0632898360
278184337.2858742476 61783.2374245978
277970471.9257677794 61016.4263284064
274644966.0996526480 54651.7269374388
274567293.8548120856 54296.4901472586
334535957.3081104755 121793.1001434326
334648339.2734491229 122015.6094894409
274232997.5749979615 53684.0458613890
274392875.9083150625 53762.9823695677
334344682.3243639469 121255.9987106323
334349617.0368890762 121296.9476852417
333284039.2595779896 120919.7257537842
278805344.3902989626 62019.1459996987
278004560.7984048724 61266.0721689321
324004212.8611679673 109819.6264765263
275890415.1047180295 58044.7850705594
327424880.0941784382 113280.0832281113
278946249.6226688623 62591.5942668277
278952433.7281732559 63632.3702372867
278725796.0854949951 61877.6550883610
275020523.4981604218 56611.2347809364
334990812.2712140679 122075.2342834473
274763185.3523713946 55489.1584869911
275722811.5174658298 57134.1807835906
278845304.2895931005 62576.8748454410
274442857.6072095633 54117.6017552133
274910167.4050801992 56214.5996185829
276009103.7157087922 58730.0155685305
275754091.9898281693 57919.6677762478
275722811.5174657702 57126.0071011990
274731904.8800091147 54695.4978119422
332448197.4048305750 119758.2036209106
277030534.3062119484 59682.6013286114
276202640.1766891479 59141.8898746687
279072920.6892541647 63804.3958353359
275005751.8612137437 56418.7766968299
276709144.1611847878 59355.0598270613
335051289.6649083495 123051.3166351318
278817970.8961166143 62180.7772592861
278631866.6507050395 61877.0207342464
274558648.6765920520 54291.2396418740
333268443.9491765499 119934.9505233765
333772290.5469762087 120922.9744262695
277808563.8360816240 60698.1973676569
275632725.9799126387 56856.2471208062
281859661.2873263359 63916.7049319936
284962184.7764946222 64086.6168799808
287575686.6715085506 66939.5494645834
287303211.3261975646 66758.5616258383
287105434.1134916544 66199.3431047201
289808135.1348890066 71883.8546864986
288789900.7085646987 68292.2325799465
288822911.3190992475 68638.8954303265
288822911.3190991282 68623.7726724148
288916324.6565952301 69443.4149529934
290247551.4834985733 73750.2411475182
290171475.1275834441 73167.9466032982
288905527.7204391956 69265.7476894855
289009287.4950266480 69573.0914690495
288822911.3190992475 68626.5926187038
289103428.7253183126 69746.8578088284
288789900.7085648179 68300.1227424145
288822911.3190992475 68626.5231606960
289968663.5128914714 71993.2396192551
290033154.6105496883 72232.7830219269
291071505.7192389965 74033.1318640709
290031528.7833570242 72136.3339653015
293400047.1665394902 79323.1720361710
292365250.3598721623 75385.9825057983
292437252.6208098531 75731.5727176666
292591255.6549896598 76299.5645484924
292641961.5386444330 76578.3676109314
292641961.5386444926 76595.1012897491
292641961.5386444330 76579.7543907166
292641961.5386444330 76576.3820762634
292842979.7835254669 77925.6582384109
293115249.0605341792 78656.3617296219
292641961.5386444330 76579.1845054626
292734395.3311638236 77533.3826799393
292934595.4105197787 78505.5251398087
292647460.0396786928 77244.6207933426
294535511.2750514746 81229.2771205902
293383125.4038658738 79189.3324356079
293974388.9505739808 81051.1348743439
293752153.5598119497 80077.3867588043
293793025.0735142827 80845.0331592560
293699776.5321131349 79775.7595310211
293699776.5321131945 79782.2047557831
295805178.7895558476 84239.5816497803
296718824.5600962043 85062.9857673645
295892802.8454995751 84648.5167617798
295889316.6950757504 84326.7776489258
295597877.0519620776 83576.7318420410
295936983.6439431906 84747.6966209412
295021784.4024615884 82294.9567375183
295053459.2488859892 82979.0331916809
294567580.1123567820 81955.9450092316
295379432.8525266051 83130.2079219818
295470224.3803513646 83561.7192726135
295315102.8172119260 83122.5047454834
296086085.7669139504 84968.9979171753
297009324.1685965061 85247.4686813354
297068671.5782553554 85425.5464076996
298134018.9998852611 85488.6449193954
298161515.2042042017 85702.3190917969
298202325.5318313241 86169.6235351562
298161515.2042042017 85694.5850372314
298696486.0671833158 87248.9454803467
298766488.8170875907 88826.3940677643
298272768.7637282014 86225.0223293304
298712394.5664994121 87280.6367111206
298385689.7944008708 86535.3647727966
298713719.0668998361 88092.8795108795
298754578.4032159448 88318.5555591583
299151774.3495372534 89660.5547046661
299294879.9779704213 89876.7945575714
299021663.2048377991 89627.2397327423
298908237.6665797830 88949.3034992218
299278837.2732470036 89780.0922260284
300656822.2155191302 91392.5702209473
300315319.6152559519 91055.3934402466
301921888.2411127090 93161.8673591614
301675186.5172769427 92094.6704826355
301675186.5172769427 92123.0059318542
301744387.0803757906 92133.4169425964
299498958.3493372798 90657.3791904449
299968277.4112836123 90752.7834339142
301595827.7683886290 92047.9884757996
301595827.7683886290 92076.3239250183
301588852.6426517963 91997.2966690063
303679194.3458442092 93557.9988441467
304069160.8992257714 95428.3919181824
303897435.9033727050 94753.9977226257
304464226.0816321373 95545.4893150330
303946124.2201462388 94810.1264457703
303897435.9033727050 94807.7427558899
306414860.6986314058 97432.0130577087
303660578.1874631643 93346.7140998840
306221699.4244636297 96538.5363197327
303888880.8700884581 94553.0187950134
304338261.1062262058 95447.3470497131
303888880.8700883389 94547.7167320251
303810997.6563310027 93876.5669364929
305040409.6209937334 96403.4190330505
306342453.1742619276 96553.9943618774
306372853.1210509539 96643.8367958069
306221699.4244638681 96544.5958290100
307314439.5965101123 98106.6949882507
307192935.0047385693 97775.6787223816
307776422.1613966823 98607.8905029297
307968487.9653638005 98761.9232406616
308118201.1557330489 99880.9871978760
308118201.1557329893 99850.8098907471
308049094.9534378648 99207.7022933960
308619730.9357678890 100186.9746322632
308544974.3658500910 100100.0970306396
308871971.5838879943 100382.6328506470
307453091.8468285799 98158.6439361572
309268466.3548998833 101122.4006271362
309048298.2371472120 100814.2697753906
309541893.0531564355 101733.0948028564
309672618.0438880920 101901.0885009766
315807035.1631403565 103338.3277854919
315807035.1631403565 103354.7048912048
315871617.7832326889 103409.4465293884
316013063.7508189082 103784.8222160339
316180759.2060418725 104873.1855125427
315705127.3085540533 102301.7839279175
