29780242.4143855385 1509824.1689453125
29792721.8336351775 1509977.6123046875
29480529.5374753438 1338767.2724609375
29743261.8123154864 1501380.6728515625
29888318.5655718148 1522678.6416015625
29865173.6673718132 1516205.0166015625
29538565.0560245514 1435779.6337890625
29491376.6605744325 1358203.2099609375
29501784.4146107584 1382793.0908203125
29534381.6336150244 1433511.1220703125
29493879.0173340291 1364956.5048828125
29498338.7069808617 1374169.0146484375
29549496.5349875726 1443924.6923828125
29815049.1324430630 1514337.2197265625
29515019.4800319560 1407040.7001953125
29554634.6630733684 1445940.1826171875
30057430.4139598012 1539032.7314453125
29622279.8358625881 1473677.5791015625
29733255.9206967093 1494948.1376953125
29684856.3228346743 1494003.8427734375
29733871.2682749406 1496340.9033203125
29520929.6600418054 1414923.7333984375
30764259.9069024101 1575532.4892578125
29844441.2149726190 1515281.4619140625
29904007.2988436818 1523548.2841796875
29514600.7553600594 1405002.9990234375
29491464.8805574290 1364437.0556640625
30331969.7401104420 1556690.5869140625
29626544.7895687185 1475961.8681640625
29663576.7074329332 1484965.3056640625
29624381.1602200791 1475925.0810546875
29647028.2294998877 1481932.5810546875
29498467.5666668303 1376309.9248046875
29495455.5099290162 1371357.2236328125
29486326.7891952656 1354220.6396484375
29738526.3399249688 1496344.3408203125
29621738.6803034283 1472726.8974609375
29678421.0072200038 1485592.9033203125
29604630.2905238718 1466334.9462890625
29568293.6199196503 1456340.5654296875
29535253.9597271197 1435108.1240234375
29547169.3897927925 1438419.6591796875
29635068.6130243577 1478949.4443359375
29550621.7724041715 1444354.8291015625
29646107.6062074415 1480596.5634765625
29913201.8581215292 1523715.4619140625
29968808.4154156148 1529772.0205078125
30152979.1183852218 1542278.0400390625
29899577.3329328671 1523164.0361328125
29885699.6322199516 1519136.4677734375
29505388.4312209450 1389157.1767578125
30203310.5295863040 1548603.7587890625
29894848.3674648181 1523055.7783203125
29645327.2679863907 1480217.0927734375
30006577.2042129077 1530953.9345703125
30196164.4754904211 1547662.7783203125
29573206.0016184635 1459070.3681640625
29495541.5695809871 1372263.1572265625
29632991.8176819421 1476110.3974609375
29805460.7333945744 1510016.1806640625
29634671.6831436306 1478752.7412109375
30698746.5951059833 1572916.8720703125
29544271.8109981753 1437940.0126953125
30072782.8614317030 1539465.3994140625
29684093.4496189132 1493603.8603515625
29594701.5155300312 1460510.3447265625
29640281.7441502959 1480041.6669921875
30235852.7886727490 1548847.8408203125
29547449.1413233280 1443678.1318359375
29917438.8172137402 1523967.8369140625
29523823.2930657752 1417371.9091796875
29921660.6382451504 1524129.1689453125
29554918.2633527853 1446250.5654296875
29804922.6956748851 1509978.3115234375
29543365.2856906280 1437751.1904296875
29500466.1242417768 1378824.0126953125
29942065.5363789536 1527588.7548828125
29837954.4194592647 1514741.5458984375
29487740.8477342315 1356718.9345703125
29612842.5673088506 1467781.3798828125
30020135.3585121781 1531170.6240234375
30196654.4758667722 1547764.0986328125
29619180.9164568931 1469769.5791015625
29533899.5342676938 1427652.0439453125
29510996.7387498766 1399051.0478515625
29497059.9556905180 1374000.3935546875
30682908.9410387613 1567593.6142578125
29487352.2645933591 1354440.4912109375
29935578.7360377535 1526691.5556640625
30265294.4829454944 1549896.6337890625
29730985.7439346462 1494430.1044921875
30513571.2670945749 1565358.4501953125
29506713.6812003888 1393188.4169921875
29596386.6517718621 1462817.2822265625
29591370.6943062022 1459218.5068359375
29536160.4850346670 1435296.9462890625
29516425.8939578868 1407417.6396484375
29565528.6654664390 1454137.5224609375
30022770.8604370989 1536727.1142578125
30174421.6726886407 1546516.5478515625
29494303.8742667586 1366643.1630859375
29565028.7768480517 1453919.3818359375
29540426.2870083638 1437536.9287109375
29533111.8844994158 1426791.6845703125
30365199.0161699355 1557255.7705078125
29491460.8986975364 1358398.7685546875
29495095.2278140672 1371016.6240234375
29495728.3695387505 1372285.7333984375
29540315.4786034487 1437432.6318359375
29566888.8203651384 1456086.2978515625
29526355.0576910004 1419049.7216796875
29518110.4347381443 1411957.2861328125
29532588.5422472060 1423331.9833984375
30116605.2984965406 1540222.5673828125
30202193.3296435960 1548238.5439453125
30003098.4041403010 1530499.2431640625
29502771.3965431824 1382871.8076171875
29806686.7825577408 1510363.3232421875
29940602.7946312539 1527253.6259765625
29842024.4228452668 1515071.3798828125
30021622.3327263109 1534266.8310546875
29526720.5501121990 1423305.1787109375
30411241.9684917070 1557986.2001953125
29521427.2826820761 1417117.0478515625
29541222.0039109997 1437621.4541015625
30046748.3728392720 1538524.4189453125
30281030.0078889318 1550505.9306640625
30000192.5100149326 1530017.2236328125
29494593.1396567151 1367590.3056640625
30201150.2985979058 1547805.8759765625
29906800.5560553819 1523617.9228515625
30032121.8068780228 1538016.4423828125
30119676.4415608607 1541123.4892578125
29524597.8857531957 1418709.7001953125
30109649.4791908488 1539741.9853515625
30386535.4802665077 1557495.1650390625
30527821.7458519824 1566394.1298828125
29514410.6890926808 1400639.4658203125
29483742.9247771762 1346301.6845703125
29488766.3231323175 1357944.7568359375
29834341.5483316071 1514638.7119140625
30274060.4452870823 1550281.2197265625
29933090.6045508012 1524790.2001953125
29500973.8391567208 1380908.7158203125
29845085.0193696134 1515922.6591796875
29869833.3636024259 1516373.4931640625
30186270.6564330347 1547222.2548828125
29778115.4494892024 1501420.5888671875
29959566.4318673462 1528953.3916015625
29967249.3063810021 1529386.0595703125
29942647.5771226734 1527926.4658203125
29507738.0375042260 1393982.3076171875
30420842.8692900874 1559353.6376953125
30349202.7170617059 1557188.3173828125
29522452.7580801658 1417133.7216796875
30190666.6535656601 1547286.9267578125
29515926.0053394996 1407248.8369140625
30474332.9656948447 1559419.5791015625
30348275.0065507293 1557011.6884765625
29878476.0269645080 1516707.5888671875
30493780.4395381398 1559663.6611328125
30054884.5281269215 1538914.0712890625
30112056.0951693915 1540181.7626953125
29509557.3553101420 1394207.8427734375
29885629.4938635901 1517018.3974609375
29863615.8194452077 1516084.5087890625
29956742.1406334303 1528878.0830078125
29927882.4291280657 1524459.7373046875
29935565.3036417253 1524892.4052734375
