305313356.5111047626 1143690.4602050781
309344548.6568323374 1175415.1770019531
305403979.3098783493 1144631.2341308594
304243127.4289987087 1128482.4575195312
303486102.2682552338 1118141.7095947266
301633348.9269893169 1081351.1590576172
309703798.2858964801 1178300.1228027344
302810590.1836166978 1107914.6622314453
303067958.3761364818 1110828.8555908203
304384035.9114378095 1131992.9919433594
305400126.7576342225 1144184.5070800781
305580599.0508455038 1147026.2624511719
308541537.2060041428 1174388.4396972656
306303569.9042495489 1155474.6970214844
307247743.3329240084 1164453.3679199219
302839329.0087088943 1108125.0332031250
306248526.6148546338 1154208.0520019531
303273816.0137371421 1114413.8393554688
303566590.1478561759 1120560.8330078125
302574027.2778943777 1101640.7711181641
302132029.2424683571 1094633.7047119141
303080898.8979535103 1112580.0611572266
302598067.6790142059 1105506.9522705078
308320734.5336034298 1173913.5446777344
305060252.5283420682 1139769.8601074219
306936547.7555738688 1164257.0915527344
304896791.0849304795 1138159.0607910156
305805439.7951029539 1150730.5876464844
305938775.0476481318 1152232.7424316406
304322852.1308920383 1130271.1467285156
304322852.1308919787 1130154.6687011719
302347677.8461057544 1098102.7730712891
302998043.6908818483 1109609.6851806641
307851785.1836045384 1168547.0773925781
301977536.8217834234 1090892.7575683594
307475823.1791419983 1165823.7126464844
304152741.9582290649 1126299.1121826172
304200294.3472778797 1128274.7907714844
306925865.4557778835 1162766.2121582031
304594756.1899984479 1134434.3107910156
306217606.8954545259 1153738.1743164062
304601538.0908538699 1134441.6538085938
301902221.4526845217 1083492.5339355469
304322852.1308919191 1130146.0192871094
302155882.4551308155 1094832.7751464844
303708310.9452345371 1123176.6123046875
304339277.6476727724 1130773.6281738281
304320184.0659570694 1130004.3813476562
305676606.1064971685 1147307.5856933594
301756403.5588154793 1082427.9367675781
301946514.8068734407 1089204.2196044922
303422409.3021195531 1114938.0180664062
309155423.3260160089 1175274.2106933594
310427787.8569827080 1179717.0986328125
305465300.4186390638 1145660.0866699219
307851785.1836048365 1168627.5378417969
301298798.0919748545 1057124.0228881836
302574027.2778941989 1101450.7047119141
304018149.1710249186 1126182.7324218750
306144759.2238734365 1153486.5627441406
305805439.7951028347 1150695.7482910156
303048232.6747353673 1110323.9835205078
302479855.5693209767 1098552.5161132812
305255155.0597308278 1143427.2131347656
305060252.5283418298 1139753.4802246094
306563300.0755301118 1157704.5402832031
302552071.4236794114 1099767.0289306641
304158370.4686481953 1126553.9686279297
305938775.0476480126 1152232.2521972656
306282749.1348424554 1155157.0451660156
304200294.3472778797 1128258.0446777344
306893884.4138173461 1161793.0485839844
306722506.7212783098 1161387.5095214844
303780129.1254229546 1123979.7083740234
305780578.1109848619 1150648.2150878906
306617673.3328707814 1158486.2783203125
306072603.7759342790 1152815.7639160156
305140968.0507322550 1141954.0622558594
305465300.4186391234 1145695.0158691406
312795208.2713488340 1182312.4934082031
302779301.0700591207 1106172.7906494141
304594756.1899984479 1134345.8142089844
307127204.5555310249 1164289.3522949219
304018149.1710250974 1126275.5444335938
305748761.5544363856 1148184.7512207031
302983173.4270753264 1108757.8223876953
309890548.0162794590 1179098.5358886719
306236277.0985469818 1154107.6809082031
304867154.3762864470 1137955.3532714844
304896892.2468836904 1138323.7131347656
305465300.4186391234 1145679.0344238281
305525244.8364096284 1146493.7849121094
302479855.5693209767 1098487.3110351562
307568324.0478075743 1166136.4768066406
304384035.9114378095 1131954.4392089844
303556926.0835808516 1119163.8481445312
306354904.5827818513 1155978.4333496094
307873199.5028589964 1171807.9826660156
302751653.4255006909 1105695.5797119141
304972765.9777446985 1139740.9978027344
305478456.1271964908 1146491.2937011719
306662918.2855021358 1159124.4020996094
307127204.5555310249 1164332.1066894531
307830101.2963434458 1167566.9963378906
306423833.1094913483 1157394.2460937500
304279201.7641449571 1128985.9309082031
310758900.3355012536 1180700.6674804688
303930720.4348739386 1124590.9062500000
310060765.1989543438 1179245.4772949219
304896892.2468835115 1138323.4074707031
305116290.6142179966 1139811.7370605469
311295409.4506998658 1181746.3388671875
306094085.0074466467 1153047.6579589844
305477549.9349468946 1145790.4572753906
304896892.2468836904 1138347.5344238281
305221224.6147905588 1142140.4113769531
303432762.8035590649 1115078.3253173828
304311204.2644493580 1129631.9647216797
311519493.3326197267 1181909.2958984375
304537116.9275008440 1133958.0905761719
304654344.6257746220 1136754.8303222656
309195799.5508571267 1175399.3117675781
305465300.4186391830 1145756.5861816406
305723394.8157103658 1147384.3039550781
305439933.6799130440 1145088.8220214844
303367470.3524482846 1114891.2081298828
304459679.5976706743 1132003.9421386719
304594756.1899984479 1134299.8825683594
307792721.3782383204 1166716.5561523438
307830101.2963434458 1167628.5788574219
302751653.4255009890 1105712.7315673828
304837003.4201775789 1137311.3107910156
309483437.9236828089 1175539.8110351562
306580600.7503787875 1157851.0034179688
307661938.7927526236 1166539.7834472656
307792721.3782381415 1166691.9160156250
305748761.5544362664 1148094.5510253906
309120509.7981348634 1174776.4665527344
305465300.4186390638 1145674.1188964844
311251704.1552290320 1181064.6452636719
313281980.3583786488 1183092.1877441406
307315733.1976968050 1164712.9550781250
312983346.6961464882 1182625.6174316406
312795208.2713487148 1182062.4060058594
