48103736.6600921676 449225.1116333008
47606829.5694061667 405647.9921474457
48134761.8786029816 449343.1819458008
47638418.8338569999 406497.8564052582
48192847.2713351920 454729.0776367188
48915576.0528122410 461932.5771484375
48053680.3787758276 447997.1970825195
49271762.3770441785 462995.1894531250
49042992.6478066966 462625.3066406250
47865175.0233174488 428966.9726257324
47717430.4374445230 413730.5678138733
49132856.4557104781 462676.9394531250
48887967.9419034049 461543.8691406250
47818387.6103821918 427654.4721374512
47904232.2755110636 434400.2328491211
49360865.4032053649 463738.6025390625
48689021.3788815439 460276.4804687500
47922424.5946469232 435139.0136108398
47787863.7959218547 426892.7944641113
49487343.1374300867 464302.1723632812
49322565.1334488690 463379.7778320312
49274746.7731158659 463239.2910156250
47702486.4875436276 413227.3944740295
49985034.7382528037 465024.8344726562
48756323.0696040690 461010.8789062500
48719326.7245186046 460571.6542968750
48578890.6806774065 459416.3032226562
48302358.0115334392 456602.1977539062
49481076.9690305665 463865.4672851562
47998117.4220316783 444700.1336059570
48288706.8676349521 456531.6513671875
48021727.3201379627 447422.5379028320
47886787.7939309254 434183.9209594727
49175000.4893485308 462680.5136718750
48256175.9690680280 456042.5175781250
49133348.2134467959 462680.0600585938
48597120.1021676883 459878.9248046875
47794777.7122759148 427574.4150085449
48439888.2741314396 458487.3642578125
48719876.1833799258 460614.9301757812
48637659.6695840433 460164.4428710938
47836689.5251215696 428157.0448913574
49578145.8061035946 464733.2666015625
48159437.6147754267 451248.9975585938
48399762.2972817793 458069.5366210938
48149430.3794720471 450034.4387817383
48169237.3732289225 452006.6733398438
48734875.9489378482 460739.1020507812
48805445.3546081036 461072.3999023438
48213901.7236970365 455150.0302734375
48535689.1037126854 459304.2656250000
47865678.4275038838 433817.0023803711
48171324.9950339869 454237.5786132812
48312679.1982665583 456920.0258789062
48242903.5526515320 455956.9921875000
47599612.2072781473 398868.5923538208
50417349.9366972893 465508.7890625000
51304108.4803454950 465563.1513671875
49190898.3408073038 462988.8354492188
48393125.4215277508 457915.6376953125
48093305.8777555078 449141.9514770508
47771776.7861196697 420722.5906677246
48320550.3306692839 457340.9785156250
49323157.0103282854 463622.5942382812
48224332.5060336888 455233.1904296875
48301141.3096726686 456534.0166015625
47737291.4473644197 419443.8438720703
48475646.3694780841 458692.6547851562
47977737.5021703243 439965.0160217285
48334201.4745677710 457411.5249023438
48237983.6499321684 455303.7368164062
48179196.1274367124 454658.5312500000
47744205.3637184799 420125.4644165039
47875637.1817116812 433824.9730834961
47992681.4520712197 440468.1893615723
48106578.2941720039 449227.4768676758
47947545.0734742433 439893.5301818848
48511350.4455440119 459062.0234375000
47804736.4664837122 427582.3857116699
48071872.6979116872 448735.9778442383
48365515.6712739319 457832.4775390625
48829457.4227227494 461431.8315429688
48269827.1129665077 456113.0639648438
48139109.1927389354 449716.6106567383
47775621.0591155663 420861.6480293274
47675087.2599442825 406830.2270278931
48029598.4525406882 447843.4905395508
48983543.2678563073 462133.8076171875
48117009.0765086636 449310.6370239258
47725301.5698472559 414151.5204505920
49489106.9010699987 464432.7661132812
48633454.8419278190 459922.2006835938
48278276.0852983072 456448.4912109375
47909152.1782304272 435053.4882202148
50124492.2629288957 465256.6796875000
47930261.5446574539 435420.4067993164
49866727.9529293999 464973.9365234375
48040029.2348773479 447926.6506958008
48688561.9866737649 460193.9775390625
47628304.2408799082 405698.3867530823
47890581.1316125840 434329.6864624023
48058600.2814951837 448650.4524536133
49311855.1490917802 463253.8720703125
48008076.1762394756 447351.9915161133
48422820.6160407439 458172.9750976562
48536238.5625740066 459347.5415039062
47703779.2935460433 413660.0214271545
47930674.4545316473 435544.9872436523
47841202.6926858276 428578.5981140137
47759149.3136193827 420628.6377563477
47819680.4163846150 428087.0990905762
47678876.5894373432 413147.3373451233
47688835.3436451405 413155.3080482483
47784303.2143035010 421291.4609680176
47784037.4306493774 420914.1558227539
47851523.8794189543 428896.4262390137
47994260.0070559829 440553.5093994141
