29539487.7233695239 42361.1608971953
30278453.0660682023 50479.9139556885
30339136.6402864456 50605.3743591309
29999163.2216268443 48852.0434875488
30130600.5565030575 49711.6488037109
30009673.4093946852 48886.6679992676
30005109.6124238335 48879.5520019531
29886562.6016738154 47776.6199501753
29971095.0120160095 48647.7804212570
29989357.6275943033 48695.2586202621
29930085.5301042907 48040.8738231659
30183507.7189719304 49803.7137756348
30126922.4358754978 49699.3358612061
30201368.7394203022 49881.6057891846
30174488.1849723980 49789.5408172607
30286229.4778175801 50513.3093872070
30444569.2436277196 51260.4920501709
29780885.0042106770 46829.5587602854
29590440.4311200604 43460.3079780340
29890234.5965239629 47872.1009712219
30612044.2009081058 52074.4655761719
29734658.5065641217 45973.1224784851
29699114.3030320592 45297.6214156002
30107746.6004632786 49455.8324099779
30322994.2943663932 50570.1189117432
29902723.9542137831 47893.8429584503
30122824.1447536871 49569.5446395874
29576747.2017745152 43332.2454317407
30107437.0055384114 49362.6293123960
30030761.4477729946 48966.0600280762
29561915.5519930795 43190.8362140254
30267053.6424053609 50288.8162879944
30136320.5996818617 49732.7312927246
30010249.9289960526 48926.5823516846
29888920.5522919297 47856.0338178873
30448856.4179179333 51293.8874816895
29615621.6561334580 44239.8995494843
29906268.3681967221 47944.6069583893
30179198.0337240025 49802.9136505127
30328179.6808256730 50583.4917449951
29960901.5976241790 48150.6260623932
29683945.4063768238 45244.6552710533
30188049.1316467933 49859.7231750488
29991817.9787342139 48770.8168430328
29579475.1855598912 43425.2432980537
29903026.9764320329 47901.2138404846
29968761.0167418048 48163.9414806366
29846396.7985820174 47148.8580360413
29720413.4486228153 45827.2918720245
29941756.0114419311 48115.4330234528
29672822.1213991009 45180.9704702812
29525539.1594956592 42233.2043196559
29711327.6939957328 45308.5651161929
29795194.1812065430 46960.9102312326
30443628.7152242661 51254.4098052979
29685187.1383225545 45271.5536841303
29752234.0308903307 46183.4832495600
29830898.4264463745 47095.4199795723
30351185.3987072892 50640.3012695312
30148386.0135659650 49746.6381225586
29624055.0788323916 44252.8390699625
29978312.3485322259 48656.2713508606
29615094.9359247088 44160.9600683451
29819047.5980551168 47086.5061064959
29531663.7734294124 42259.2786381245
30513450.4717771374 51385.4679718018
30064026.1325159296 49079.1450805664
30233886.5049367584 49915.7218475342
30518366.7970762663 51406.6956787109
30393669.1127824262 50696.2999420166
29998362.9689262845 48790.6862602234
29541047.9000655711 42369.1507191062
30163413.8036366627 49767.7206115723
29808441.8741906956 46970.7415591478
29736696.9381317757 46002.7282387018
29565421.0223211683 43298.4049672679
30350121.7220724784 50618.4810638428
29927148.9302592576 48017.5349557400
29985653.5386406593 48674.4210529327
30170021.2379910909 49781.2626342773
30115113.4070883915 49563.7078800201
29636261.5284901597 44358.8720263243
29995716.3249799237 48780.5339221954
29528300.4476419091 42259.2436150908
29717388.4025808647 45820.6607633233
29766221.4365720004 46194.2888197899
30591954.6552153789 51459.8323059082
29941724.2353294976 48051.7199954987
29978086.1335427649 48652.6790657043
30317242.3238052651 50548.2987060547
29874952.9519915320 47741.4883257151
29911336.3177085370 47978.2336521149
30310255.5965228602 50535.1920013428
29536989.1563882604 42351.1174096465
29812639.2531719394 46974.0117634535
29648765.4616853744 44926.6952503552
29577197.9796964116 43351.9862473393
30318644.8618729338 50561.8407287598
29564919.1452908926 43208.8892426491
29913999.4251831733 48003.2046623230
29824767.6412339211 47089.6357054710
29713872.9375690036 45807.4734598398
30501928.1405852735 51364.0698394775
29742538.3522839844 46094.3750384438
29744064.0462368764 46177.1980921030
29831175.3092747554 47106.5413036346
29735161.8871642463 46000.4445870488
29591658.2006077096 43480.8748969808
30045398.7753428780 49035.6738586426
29642183.8440271281 44908.7311979131
30059285.2033236548 49035.9842376709
29558689.8837249130 43159.4910464376
29716425.7330703884 45808.9978204966
30096994.1401009522 49135.1437530518
29578928.8054959103 43354.3516850471
29625552.8603702337 44260.9159868956
30256351.3423243053 49916.3767547607
29635919.4308260977 44274.3063637667
30062815.7276199497 49058.0625915527
29836753.8203345649 47121.8720378876
30061752.0509851389 49036.2423858643
29573451.9689879604 43303.1664313078
29817512.5470875837 47084.5319673854
29659088.1991519928 45129.4507589340
30557002.9159681685 51439.8469848633
30489227.9864137471 51350.6970062256
29652268.1261275262 45022.1295325160
29592445.1791811585 44075.5413667560
29612823.4652584381 44138.1420408086
29612145.4601234049 44112.7455174923
29721090.9072115794 45936.6545349925
29836903.7432942577 47123.5986201763
29607746.7208950594 44100.3042018414
30038690.9726823494 48987.9426422119
29614394.5557725802 44146.3085728884
29553040.1340502240 42429.0163133414
30479329.0446491353 51328.8768005371
29928413.7344382219 48037.5410099030
29936216.3153167441 48051.6428489685
29730717.2548095137 45941.6399533749
