156069926.7033468783 1975362.9326171875
156875363.3739391863 2141204.8232421875
156906127.2810059786 2146490.6123046875
157743115.8420370817 2252980.1777343750
157972934.1646503806 2281043.4541015625
156384889.7437301278 2048472.6376953125
156469681.1076314747 2065872.0664062500
156428615.8489721119 2060277.6894531250
157370649.5923558474 2210814.2802734375
159152723.9788666368 2401679.5820312500
157145353.6419453323 2181134.1621093750
157453872.2637471557 2221672.3798828125
158499754.6029519439 2340483.9716796875
160703377.7458838224 2507085.2509765625
161441974.3431155086 2555119.1328125000
156329929.4189288616 2036607.3984375000
160318496.7990149558 2489274.0703125000
159846412.0920252204 2456774.7031250000
156026555.2920036614 1958961.9501953125
156930616.0949272811 2150420.9443359375
157839018.3404309452 2266921.6748046875
158751392.7992956340 2367098.5224609375
158191164.7020070553 2304791.9492187500
160356762.3536745310 2491881.1914062500
187709479.8929366767 2868869.3066406250
155975843.3447713554 1948440.3759765625
156007351.1423177421 1954288.8583984375
157233055.4909257889 2190579.0556640625
160248888.1931938231 2481564.7500000000
156850868.2748191059 2138859.7421875000
157253747.1440049708 2194088.3359375000
162727831.5890747607 2598426.8847656250
156052731.4694552720 1971072.1708984375
156421480.4733744860 2056042.6455078125
156781589.8150009513 2129275.5761718750
156774360.9615245461 2126310.9511718750
161112173.3648260236 2530319.7607421875
180508633.4454900324 2838758.9335937500
156204944.2297095358 2008992.8261718750
156134149.4168297052 1991754.8398437500
156868152.3810392618 2140540.2001953125
159171268.4350125194 2403333.9150390625
156727316.6542125344 2115254.2900390625
156663637.1902427077 2107601.7509765625
156732915.6500608623 2119174.6455078125
156904626.9059801400 2144116.5585937500
156201635.7035965323 2006443.4863281250
156621566.0873315334 2095053.1103515625
156652869.6471829414 2100675.5927734375
156483380.4121316969 2067982.5439453125
158244652.3554215729 2312539.8671875000
160253753.5756057501 2482585.2597656250
156366823.5764455199 2044776.7753906250
156945621.7862101793 2152825.9648437500
156928135.7674486339 2147905.1210937500
161748091.6454407573 2562330.0292968750
157610897.3099286258 2236445.7363281250
156285530.2546206117 2026657.9189453125
157574014.4868840873 2233593.7304687500
158977063.9138492048 2383150.4541015625
161984920.4258671701 2573543.7558593750
156262920.1961551607 2021623.1181640625
157006188.8781025708 2161360.1826171875
161396043.3754142523 2546863.8603515625
187669336.3079108000 2867639.1484375000
156407781.1688742340 2053932.1679687500
160742855.7726647258 2512270.9814453125
159269640.6666708291 2408602.8759765625
159461040.2922143340 2418529.7080078125
155979636.5868460238 1951597.7070312500
157039387.9022557437 2164600.4326171875
156127525.4182003438 1990860.3544921875
156139715.3643386960 1992115.1064453125
158843889.8654870987 2375944.6240234375
162832452.1163334250 2599568.2226562500
156390176.9135230780 2050420.1630859375
159282591.7510722280 2413043.7050781250
156844059.8140878081 2135582.3408203125
157119102.2638334334 2175319.7294921875
158637887.4395225048 2354368.4619140625
156913338.2739059031 2147155.2353515625
155973481.9402811527 1937792.6005859375
156591571.4868829548 2088363.1855468750
156571187.4704219103 2084209.5527343750
156602491.0302733183 2089832.0351562500
156285296.5344774425 2024428.0156250000
160765359.6580554247 2513927.7412109375
161155569.2066089213 2538813.3857421875
156309200.1186128855 2033034.2675781250
156269774.2420836985 2022170.7666015625
157993393.0020961165 2285753.2470703125
156089920.1869987845 1976899.9189453125
156174766.2037339211 2000668.8759765625
156370887.0113575757 2045762.7910156250
157802220.2525662780 2261514.5839843750
157272128.7691280544 2196589.8994140625
157175123.8850864172 2182120.8544921875
158974344.8232054114 2383107.9755859375
178958579.5279121101 2814391.9707031250
156083066.1410702467 1976352.2705078125
156684356.4197805226 2107670.7373046875
157073358.2370383739 2166915.1796875000
156975110.5495776832 2157232.3085937500
160143271.4360645711 2469410.9941406250
159340561.0926348865 2413672.2490234375
158015513.1454085112 2285940.7480468750
156902749.0442724228 2142125.9082031250
156895538.0513725281 2141461.2851562500
159022708.0120957792 2385375.1503906250
161837987.5369277894 2564188.0957031250
157925331.2967895865 2276962.5605468750
159001384.6183082163 2384890.2568359375
157194495.3060867786 2188862.6552734375
157348702.5155404508 2204893.9980468750
159090569.2736222744 2395880.5146484375
156546852.2285979688 2076861.2832031250
157139139.9290223122 2180860.5449218750
162016711.3766724467 2576617.4882812500
159653853.5007038414 2435805.9033203125
156095256.0872085989 1977607.0224609375
156036768.4285025597 1969095.0156250000
156515033.8025697768 2074444.4082031250
157844478.1617037952 2268761.5449218750
157040619.1057944894 2166724.3652343750
158162638.7458539605 2302425.8740234375
157085953.9712750614 2167235.4091796875
157848970.0639600456 2270990.2109375000
156626461.3557456136 2098115.1484375000
174609822.4354793131 2753481.9707031250
177578736.2499646842 2803320.0117187500
177688449.4820809364 2804473.5839843750
156993241.5940004289 2159792.4394531250
157013399.8710025251 2162024.8056640625
159677466.3972122967 2439730.2363281250
161280246.5343213677 2543664.8310546875
163884329.7534391284 2639348.7871093750
158267409.0682191253 2313017.1318359375
156151362.1128891408 1994418.4267578125
163009906.4626046717 2606714.4277343750
157688708.2152252495 2246977.4589843750
158795795.4047708213 2372484.3554687500
157841759.0710599720 2268719.0664062500
158615979.0533687472 2353256.5107421875
172450675.1338589787 2744496.4511718750
156012687.0425275564 1954995.9619140625
157292281.5635011792 2197074.5068359375
158028026.7458575368 2287795.5869140625
160854287.6720016599 2521141.5712890625
161741390.8021313846 2559791.9414062500
159713725.8485620916 2443733.9179687500
157536682.6995506287 2230142.4423828125
158540569.0068068504 2345343.4755859375
156452076.8522802889 2062360.0615234375
158215587.7595411241 2307115.5136718750
158365245.9690564871 2323931.9228515625
160526371.1208716631 2502423.4472656250
158072519.2253615856 2293012.9892578125
179028218.3386552632 2819593.9667968750
157946835.5607509911 2278665.2597656250
161116091.1798279881 2533615.6806640625
158041555.7472064793 2289735.0996093750
174949277.3542845845 2768396.0117187500
157428994.5760508776 2215933.3544921875
157982353.7937719822 2283017.8476562500
159653430.1283919513 2432507.8720703125
157485501.9054098725 2222295.8681640625
160803129.2748219073 2516374.1337890625
160898016.3359572589 2525473.6142578125
156005173.2050825357 1953457.7333984375
158442351.5802732706 2331306.2890625000
158338135.5852560699 2320099.2744140625
157657509.4850196242 2242968.3447265625
155992983.2589441836 1952202.9814453125
159551205.7238039374 2428524.8496093750
156534381.7474480271 2075810.2001953125
159917087.5200258791 2459787.0712890625
159621960.0529011786 2430862.6943359375
159495935.3755707443 2423454.6689453125
160069749.7175798714 2465080.1279296875
156232028.3237976134 2014893.7294921875
158885215.8780069053 2375974.0136718750
159819757.8985672891 2447172.6650390625
156238882.3697261512 2015441.3779296875
158687756.9353788793 2361393.9042968750
186673338.1572785378 2866477.7988281250
158956136.3039709628 2381043.3867187500
161032856.9264704585 2529928.7412109375
157825139.0033983290 2263324.2236328125
158603970.5979690254 2350527.2949218750
160494655.3993370533 2495525.5283203125
158706144.4849583507 2363251.6523437500
160638035.5899467170 2503613.7353515625
162264510.2598657608 2579161.1582031250
160643985.2640546262 2506737.8554687500
157296888.8369378448 2200691.6123046875
158454492.3795726895 2334110.2871093750
165738488.7008439898 2686794.9375000000
158915375.5468183458 2380348.3662109375
161006925.8237262666 2526911.5478515625
165881459.7356247604 2687585.5546875000
159839136.7907507420 2448746.1552734375
157360206.2890330851 2206357.2724609375
161729400.6278141439 2559381.5644531250
158516144.1891697645 2341950.2011718750
174914110.7926522791 2766730.9433593750
174672893.2134832442 2759730.0449218750
157527228.8865478337 2227042.1181640625
163709314.7300657928 2633519.1621093750
158499102.0647993386 2338989.4248046875
180000784.0855992734 2831476.8593750000
163334399.1722034216 2623917.0058593750
158451947.6200297177 2333960.4960937500
158763043.9004012048 2368668.3007812500
164073975.3917955160 2644781.3593750000
163688312.3271265030 2632972.6582031250
157712072.0679133534 2250933.7783203125
179343317.0363394320 2821718.8437500000
179422924.6311766803 2824755.5292968750
186796014.9422400296 2866742.1855468750
163044908.1355952919 2607980.1347656250
165963976.0085542202 2689924.7578125000
181652437.8273251057 2838926.0058593750
174403150.1203083694 2749466.6660156250
179187879.9674913287 2820133.7968750000
158290376.8959727585 2316393.0322265625
169810092.0383988917 2719204.9589843750
157613691.8382387161 2237428.5625000000
176772384.6929124594 2785682.7265625000
170474379.9323008657 2732695.3203125000
165520166.7031300962 2675835.3828125000
186136647.3624421060 2864932.2500000000
163878939.6238667667 2638199.8808593750
169950096.1600673497 2722316.0039062500
167317438.2485498190 2710082.4941406250
185523845.9533715546 2864254.4980468750
185402468.8362969458 2863311.5214843750
157981954.4988816082 2281905.1044921875
170404733.4001617432 2732229.4316406250
185506151.0148461759 2863680.5078125000
165408279.4022230208 2672435.6035156250
168775650.6567605138 2717490.3125000000
178825694.8070952296 2810553.1953125000
185350269.2740536630 2862494.0664062500
157745327.0756873488 2253161.6640625000
158998947.8735654056 2383737.7568359375
178195902.0363439023 2809665.8906250000
169825136.6294670403 2719924.3066406250
163119141.5711776018 2614847.8242187500
158176625.4520624578 2303475.5634765625
160220494.4956247211 2474984.0800781250
164682232.0999222696 2661770.8457031250
164396944.4311433434 2649330.6738281250
157912105.9568592310 2274320.0322265625
176524205.2031557858 2778968.2265625000
177788708.6526487768 2805290.7519531250
184898593.7891777754 2862397.8730468750
184492167.8499299288 2861681.1386718750
184585526.5666303337 2861695.5761718750
184234686.3452922106 2861476.4570312500
170542455.2283549905 2733440.5898437500
179382527.0270995796 2823294.4394531250
169958109.4099790454 2729093.3496093750
184114274.7796773314 2854851.1621093750
183170571.1820878386 2853455.1152343750
170699754.6150611341 2733731.0117187500
182997434.8568067551 2844626.1601562500
165629540.0939948559 2679612.5195312500
163262784.3874292076 2616182.5605468750
165489135.7309798002 2674282.1757812500
165703136.2123216689 2682878.9433593750
159809542.8387669623 2444418.8886718750
171888734.3614847660 2737781.2773437500
182074941.9412131310 2840316.3359375000
171977398.0285511613 2744070.6269531250
163856869.8820319474 2637379.9082031250
164102890.8836647272 2645162.5937500000
177403958.4846661687 2794127.2011718750
170740626.7440412641 2735468.3222656250
177107682.9582760036 2792253.1152343750
165092587.7900977135 2670194.7773437500
167128614.2464813292 2703487.1640625000
160056299.5414721668 2462336.1269531250
170193586.3046801388 2731658.1035156250
161689311.5905980766 2558938.1171875000
163588878.9657381773 2630913.6601562500
175951204.9656400979 2776461.6367187500
176232416.7646246850 2777423.1601562500
162977053.1389421225 2606325.2851562500
162975433.4275749326 2605669.4375000000
171780711.0303839743 2736735.8085937500
166187428.7725856900 2696989.5000000000
162439241.6891888678 2595098.8339843750
161879737.3271752298 2569621.6484375000
163971037.5687550604 2643248.8886718750
163764438.4936684966 2634468.3886718750
164324412.1168515384 2645459.0312500000
164946790.3351572752 2664828.8417968750
164596588.8010261059 2654301.7890625000
172936266.8136187792 2748198.9023437500
172529361.0681871474 2744821.7714843750
