44566521.6241585463 632516.1301269531
44759413.5614764467 659413.1250000000
44455740.4708603770 599239.2162322998
44529778.7615186796 623614.6778564453
44620080.0084464476 643243.0620117188
44524826.1019722000 615043.7172546387
44486941.3565506265 600953.6882324219
45168610.2874905020 687380.3725585938
44503955.3342063949 613905.5021362305
44656218.2550615892 652082.8862304688
44934166.4214127138 677107.0266113281
44933791.4993212670 675255.4296875000
44770226.2393339351 659662.9350585938
44429027.1962908059 589648.0445861816
44527024.3728274703 617354.7012023926
44624990.0919788033 643369.5495605469
44632570.5019576997 645716.5258178711
44918950.1969051659 675040.7199707031
44801786.3585984707 662861.8886718750
44526528.4669180959 616025.3028869629
44788981.7494865358 662661.5749511719
44885897.4252853543 673407.6791992188
44528647.8935507089 621038.0799560547
44968621.6162497550 684022.9926757812
44661128.3385939598 652209.3737792969
44911594.3339281976 673690.6887207031
44818096.7889783010 667716.6816406250
44491764.2488276660 609815.7432098389
44931184.9120328054 675111.7529296875
44600976.8189955801 638336.3327636719
44473577.2728481218 600866.2268524170
44690673.4498986155 657903.0888671875
44503577.4101261720 611295.3739013672
44963777.8317245767 677464.0502929688
45155612.2406055555 686005.5942382812
45235692.6882904246 689344.1284179688
44767701.0179253519 659532.1596679688
44908533.6456321254 673653.1242675781
44801900.4833862260 663112.0000000000
44785282.9628055021 660357.6763916016
45421761.9879075363 692604.4233398438
44656108.2818108052 647162.8017578125
44553451.8968662396 626282.2457275391
44823436.9443235695 668481.7775878906
44866952.4518086240 668500.6232910156
45701349.5607060790 695785.4897460938
44527603.0873102620 620271.8625488281
45655766.1643304005 692653.0112304688
45061953.7928971574 685986.7485351562
45689425.4462075382 693748.8833007812
45505921.7676119134 692652.6733398438
