29656992.1582957879 186331.6865234375
30276949.9586469308 194383.0932617188
29511379.3968019560 167231.3286132812
29560239.8268628195 174826.9182128906
29599019.7421714030 178666.2060546875
29797260.8637282699 190172.6225585938
29813596.8141194060 190280.6906738281
29722612.6438872926 187254.2537841797
29475021.6038886793 159608.7458496094
30356115.1722805165 197874.8271484375
29468468.5993841104 145829.4012145996
30060316.1566420011 194065.0180664062
39483511.4953301400 201284.7695312500
29471758.9585701786 159519.9729003906
29487035.8483702019 163399.7677917480
30468741.9939722680 197940.2875976562
29549719.3228709437 170967.5876464844
29535011.2994253151 167248.2050781250
30225495.4742527939 194278.6088867188
30153724.2100281566 194123.5549316406
30001224.4892067164 191165.3885498047
29557770.8680309802 174803.3576660156
35391556.2251986861 200208.2133789062
29484518.8561874628 163394.9453125000
29564850.0945199281 178662.6655273438
30486483.9642487355 198209.6520996094
29494529.2901409008 163458.7347908020
34731311.3532115668 198616.7888183594
29471327.4597070105 148520.3968505859
29501072.7734666951 163838.2991082668
29637893.3420123085 178761.5153107941
37820422.6331373453 200427.3945312500
29537595.7650607377 167670.5921366215
29607042.4859761819 178761.2272491455
30823731.6172369495 198268.9448242188
29640332.3024937250 182490.3168945312
29499873.8277187571 163834.9800760746
37178438.4581392780 200253.6335449219
39572520.6913718283 201289.5593261719
29541007.4917360358 170944.0607910156
29469305.0398999602 145971.6688537598
38758723.8553353474 201087.5659179688
39076061.7596689388 201167.4846191406
38995143.6847025156 201155.1472167969
37836608.1834343225 200435.3996582031
29552767.2125924639 174803.3349609375
39153706.5016548932 201255.6057128906
38649082.2955761924 201006.3574218750
38646606.8981868923 200936.8198242188
35060921.6253692210 200170.3605957031
37511204.4434708133 200386.2500000000
38287717.6649721265 200867.1408691406
38524019.2798065841 200869.1765136719
37939422.8482800126 200715.3994140625
38091167.0073078051 200792.6831054688
38165311.0630232915 200840.7734375000
37892350.8312742338 200471.2521972656
