129548422.5887602717 1287610.9548339844
130461150.8001402169 1402110.8596191406
131467861.3185407817 1494513.2597656250
129669807.6652135700 1314689.6015625000
128345987.3140392303 1090312.7092285156
130523713.4297460616 1405913.1848144531
153820721.6594127119 2023499.1914062500
129952316.6352606416 1350243.5683593750
128346885.2305731177 1095158.2434082031
128264850.0708462745 1080081.9412841797
128556766.5228734910 1136151.0766601562
128542254.4285852611 1130101.3808593750
130070754.5512340814 1363575.4951171875
129848270.1329892576 1340889.1552734375
129751601.9445795417 1322235.5468750000
128135513.9587399513 1042556.7158203125
130747720.8827157766 1422894.0419921875
134591382.0081933439 1700373.9746093750
139878119.8990412951 1878564.4980468750
128501046.3377392888 1124261.0620117188
128431165.9926831573 1109097.9470214844
129833604.0546424836 1335154.2763671875
130023203.5513384938 1361290.2470703125
133422239.8415831327 1645168.5146484375
128206270.2762141526 1060312.7835693359
132459945.0816568881 1573378.2534179688
128376907.2920174450 1099657.3110351562
136697366.5955746472 1791749.6835937500
138465185.9645407498 1852566.8388671875
129019242.6097915471 1221323.2966308594
135462412.8455230594 1746773.3955078125
128326063.1276765317 1085148.6356201172
128597974.6137194186 1141991.3955078125
128235007.0009477437 1070360.5589599609
132812399.2233242244 1599385.2426757812
132534673.7199349850 1581438.2084960938
133564370.5406490564 1654261.9653320312
130596525.8078332096 1412811.2521972656
128613721.3091611713 1146706.6049804688
129400654.3214364946 1273041.0781250000
131659098.7969737500 1510070.8779296875
128984677.7071572393 1216024.7152099609
154483015.2224428356 2026667.4707031250
128130347.1990267336 1041964.1508789062
133694276.7861324549 1660732.4301757812
131022177.3234053403 1454935.6137695312
128415364.7346942127 1107471.3215332031
130903074.8688345551 1448853.1645507812
136424715.7642955780 1778053.2578125000
128643460.9075010419 1146724.3354492188
130839485.4874557257 1440822.6057128906
130365284.8366931975 1392969.1799316406
131161610.5460765213 1470001.8168945312
128162231.8233491629 1048600.6624755859
133952534.4088847190 1671947.2153320312
128106777.2340063155 1032508.9404296875
128305056.9551817477 1084257.6278076172
128465107.6319226474 1118410.1047363281
131175070.9311013520 1472766.2802734375
128185923.3732180595 1050100.6512451172
129069207.3358343393 1228395.4174804688
129219532.0671905428 1252147.7221679688
129142673.5507585406 1244519.0209960938
129092301.2314783186 1237991.4379882812
129303932.1701553911 1263465.4050292969
137054016.8750336766 1797443.8544921875
137439388.4674555957 1813563.4619140625
131090980.7041487992 1466421.2358398438
133565043.1995837241 1655068.8676757812
129067769.6089114249 1227031.4565429688
129427271.2097670138 1284145.5751953125
130781083.3455404788 1435521.2377929688
131894429.2230859250 1531117.2636718750
131691180.5364626795 1513116.6621093750
137903583.3041021228 1838582.4169921875
131918850.2326548547 1535279.2626953125
129253559.8508751690 1256937.8220214844
133622907.9848702103 1658332.7558593750
132776250.9641056210 1597201.1020507812
128395730.2112677395 1101251.4924316406
137984045.4055546224 1841225.6845703125
128654750.3519529402 1154110.3872070312
129638021.1127131283 1309991.3376464844
133698268.5659556389 1662403.7636718750
128744808.0718875676 1172552.1701660156
131087539.8332754225 1465133.4096679688
132699828.3608722538 1593867.1743164062
129596755.6651529968 1303701.4086914062
128738263.1971421838 1169719.5579833984
132154290.4165546000 1553288.1977539062
136715145.7100562751 1795438.0566406250
128818901.8092022985 1188654.6654052734
129728787.4857695699 1318962.0600585938
132708487.8450661004 1594668.7949218750
132660367.5605685711 1592400.6025390625
128707789.4157897234 1165135.9699707031
128871011.6213261038 1197341.3522949219
154336241.6719958782 2025138.0605468750
135346985.2098404765 1744131.6982421875
136816677.6979901493 1797048.4150390625
130715099.7196903080 1422457.5480957031
136606414.8079647422 1787700.9082031250
128537944.9520592242 1127665.4670410156
129995251.2203924507 1352081.8156738281
129620042.3460772634 1305346.6469726562
137764903.0505330265 1830670.5654296875
128685190.3795167953 1159087.6223144531
130601304.2575115561 1414728.2651367188
140877302.4574924409 1906139.0263671875
128401707.4991734028 1102202.7238769531
131300543.6040212810 1486446.4296875000
138501835.9592814147 1858010.6289062500
128321445.2465427667 1084461.1330566406
152157202.9577771127 1998199.4394531250
131585546.7376733869 1508705.8945312500
137102769.7908321619 1801982.7353515625
129717395.1005368233 1316850.8254394531
154572173.4730251431 2029688.8515625000
129339416.4497697800 1267561.2094726562
130272033.0281904787 1388113.4916992188
132374461.4727203846 1569596.8310546875
131659320.7611756623 1512081.3310546875
131785386.9074526876 1523280.1142578125
131517811.0622964501 1501593.6884765625
136585624.9758153558 1786031.1289062500
130995517.5021400750 1454656.3627929688
133611476.1099359393 1655490.4379882812
131510663.2250290513 1496327.4921875000
157144006.6411013007 2043996.5371093750
131472690.2382887304 1495360.9121093750
140015910.2729276121 1884238.7265625000
128892984.3307181448 1201204.3870849609
129043211.3202812225 1226856.0756835938
131894651.1872878969 1533127.7167968750
155312013.4656414092 2038747.7363281250
141162981.5769030750 1917759.7646484375
129774136.9167000204 1323880.7851562500
136504928.4505525529 1783883.3906250000
128923443.9064045846 1205458.4857177734
140932180.4757695496 1908009.4013671875
139920058.3703827858 1883272.1464843750
140886930.8568390012 1907775.9101562500
153395915.8275275826 2020845.0800781250
129354549.7678792179 1268884.1252441406
129923924.4232747853 1345124.8469238281
133460506.8702030778 1648846.4321289062
128830805.3633362204 1188927.2259521484
131199990.7876465768 1475751.1435546875
128838167.2167791128 1190521.2209472656
130766235.8034251183 1429682.5749511719
128890902.5928574353 1201140.5765380859
136629166.1420108974 1788410.2753906250
136390041.3453657329 1776099.0664062500
139056091.3096600473 1868417.0722656250
129250697.0707327574 1255052.4772949219
131338830.5169819444 1491308.7617187500
128839911.5130928159 1190572.4514160156
130895353.5219013095 1443218.0324707031
129944832.3686584681 1346224.2075195312
134461098.7740619779 1696356.2202148438
134823739.8711663187 1714617.5849609375
135166278.2806151807 1735254.0175781250
134563325.7059027851 1699661.0585937500
133460212.8283234090 1646135.0947265625
136572931.4220862389 1785970.5087890625
134439553.2590222955 1694689.3701171875
148103823.4535164237 1981127.7919921875
148607928.5947695673 1984342.5595703125
129804327.2520388812 1329624.2832031250
133405137.5971876234 1645084.5439453125
133125682.2152615041 1615803.8710937500
130884673.7193985581 1443014.5017089844
130145030.4030239582 1369157.1662597656
133130378.8759022653 1620363.6796875000
131974490.1542529762 1540715.1596679688
142832857.6512642205 1928596.1708984375
156646821.2971717715 2041427.7265625000
130541179.8864990175 1407498.4418945312
139629688.1770095229 1878479.4980468750
129905027.1937465668 1342953.4882812500
132225816.9225480258 1558357.3476562500
132284228.9834862053 1558979.2802734375
137210309.6504820883 1803078.6513671875
133033463.9747636914 1614374.0253906250
128816532.5467731655 1183018.3273925781
145559637.3011878729 1941481.4775390625
145114870.9620474875 1936134.5712890625
138102610.7892447114 1849369.0644531250
135613409.5454981327 1757309.1464843750
135480422.5505420864 1747231.4306640625
130691688.1823899299 1422252.7895507812
138169051.1306075156 1851645.3232421875
137864336.9444291890 1838396.0986328125
137535249.5863951445 1818918.1484375000
129010852.7438715100 1217079.2177734375
129203719.0919670463 1248719.3991699219
153216298.2163784206 2019105.9785156250
132846247.8296826929 1608923.8715820312
134213330.7604766339 1689213.3803710938
130561016.5876191705 1408998.3037109375
131713434.6221493930 1515169.3994140625
132588716.0619473457 1583205.9692382812
136115857.6802066863 1763983.9921875000
132708709.8092680424 1596679.2480468750
137288848.0387372077 1806756.0224609375
131814320.4851855189 1523940.1118164062
141251764.0260016620 1921598.3906250000
129500653.8990034908 1286227.1071777344
137692592.3715625405 1824005.7919921875
134269339.4954287410 1690330.6523437500
132436854.1075150371 1572631.5195312500
138233913.8821181655 1852228.2304687500
132474262.0179603398 1574882.8027343750
132168360.7628782094 1553851.2099609375
137633710.8516784310 1821557.4541015625
133727405.1354579180 1664043.9995117188
131827257.0417498201 1525168.7353515625
131837836.7775832266 1525740.2246093750
141011069.8278555572 1909122.0732421875
130410179.3885900676 1395172.4860839844
152895378.7337481380 2004792.1347656250
152911729.0919376612 2013257.9570312500
140016132.2371295393 1886249.1796875000
138331650.5715715885 1852346.0976562500
140838290.5216297507 1905457.1787109375
132685595.9212445319 1593367.1826171875
138015985.4587540329 1847947.9482421875
141331155.0450362861 1923760.0878906250
133361520.8072100878 1642192.6235351562
133530681.2420680076 1651066.9252929688
154203685.8792239428 2024630.4960937500
141056850.5110765696 1912611.2724609375
156890851.4948153794 2042226.0078125000
137945033.4696919322 1840543.8369140625
138484266.2220612168 1853260.1679687500
134686652.9846496880 1706153.3046875000
148346591.2079922557 1982671.2412109375
137802144.6784393787 1834593.9375000000
153169528.1999103725 2013322.5429687500
130232385.1104342639 1377804.7929687500
135570150.8685839176 1748590.1191406250
132307743.7189176083 1561170.8701171875
130230802.5599648058 1377510.5466308594
133274441.0765977949 1634075.8041992188
132979303.5268100202 1613548.3779296875
135583263.2908532619 1750870.4199218750
133071827.6270481795 1615175.2060546875
132628577.1379390508 1591024.0307617188
132967866.5003726482 1611914.8774414062
130758891.1561439484 1426420.5185546875
129551192.5048295856 1292133.8359375000
147185388.7856530249 1955864.1455078125
131744614.3275189847 1515228.7421875000
147368082.1564644575 1970435.3662109375
132372268.4130400717 1567468.9907226562
151521036.9606206119 1992121.5859375000
132542966.5495278984 1582353.3574218750
135907922.7202539742 1760658.9150390625
144463581.0125145614 1934056.8603515625
156577785.9713653922 2039103.5019531250
146421156.1632745862 1942961.1533203125
133834959.2599626929 1665202.3701171875
136203428.4153147042 1774711.4804687500
141534031.7332489192 1926869.9023437500
156374458.7100490034 2038747.7753906250
151257366.8531113863 1989601.3085937500
152395436.2761810720 2000853.9365234375
152491072.8707445562 2003434.3056640625
151413775.3157747686 1989894.6806640625
156811365.7419522405 2041702.4609375000
145311987.8491375148 1937820.4033203125
156795543.7306624055 2041664.1914062500
139503592.8723813891 1871491.0244140625
151842985.1046084166 1993712.8447265625
135311473.1816658676 1737352.4833984375
141551192.4390614331 1927604.3115234375
154824429.3163900673 2031062.2285156250
155016055.2186503410 2033970.7324218750
133882022.5575768203 1669807.9101562500
137243574.1982598603 1804144.6123046875
135099674.5848841965 1729062.5761718750
150838466.5610258877 1988781.9824218750
135939690.8624292314 1760981.3710937500
135949214.3514333963 1762040.9472656250
135984180.0445242822 1762599.1513671875
134540412.9754299223 1698459.4375000000
134884131.7716737092 1718444.0419921875
134423731.8836684823 1693536.0170898438
134441025.1482816339 1694911.1171875000
134462829.1873614192 1697848.0229492188
147001136.1564375758 1947605.6865234375
140347441.8169654906 1892192.6210937500
140520780.6770085692 1899907.1542968750
140191128.6884367466 1891363.3261718750
140381906.8203606904 1899229.6191406250
140734271.7839783132 1901669.3808593750
140223862.1469849050 1891482.9082031250
141031767.0678682029 1911487.2119140625
150216002.5078811944 1987143.7734375000
150248847.5671598017 1987289.5253906250
