67794533.1121982783 2486885.3574218750
66565281.4393595532 2411968.1171875000
68346420.0783349276 2506295.3789062500
66461184.5906741470 2401029.8652343750
67126162.9478522390 2453577.8925781250
65937976.6559197828 2344952.9511718750
65705496.6602728367 2265529.9902343750
67748260.9603828192 2484899.2285156250
68185008.5057010800 2501806.9726562500
66411890.1975416243 2396563.2890625000
66179339.0515168458 2376608.3710937500
68259572.2091774195 2503947.4550781250
68553056.4038597643 2512781.1289062500
67657595.5218096077 2481070.8476562500
67437529.4956126958 2471486.6152343750
66698852.9128602594 2422894.9609375000
66572506.8637094274 2413218.4746093750
67807036.0195693374 2487237.8046875000
66947714.4226665795 2438655.1289062500
66544099.7647748664 2407541.0078125000
68115561.3267619461 2498572.4843750000
68248019.3783904910 2503102.7382812500
67844533.2315061837 2488278.9160156250
66825326.8848982006 2431465.2636718750
66990369.5381892100 2444450.2480468750
67260687.3384137601 2462884.9882812500
66560312.2341708690 2410569.6367187500
67787083.7361641973 2485844.2460937500
65832732.9084535167 2320617.4492187500
67631193.9199966043 2478316.2636718750
65921223.8912907168 2343259.2089843750
67354067.2025861740 2467022.7636718750
67280639.6218188852 2464278.5468750000
66338850.0193336904 2390043.1738281250
65906860.9650035277 2335947.0136718750
67711453.7960367054 2483566.0253906250
66412350.0736946687 2398401.9550781250
66459524.4474158585 2400686.9531250000
65989420.1183928922 2352218.2089843750
66596708.2087416723 2414157.6855468750
66820043.1132714152 2430646.0957031250
66424469.4788042903 2400212.5625000000
66422783.3423555270 2399663.7207031250
67417577.2122075409 2470093.0566406250
66999780.8304628134 2444793.8281250000
67691501.5126315653 2482172.4667968750
67958496.2780188918 2493653.8867187500
68098807.3591220230 2498260.4023437500
67127723.7878022194 2454807.3222656250
66279158.3355242386 2385497.4160156250
67431601.1151021570 2470257.1855468750
67411648.8316970170 2468863.6269531250
66960218.5900902823 2442671.9765625000
66975594.4281432778 2443400.2695312500
67524405.8528504968 2475060.4062500000
67450978.2720831931 2472316.1894531250
66689464.2857182845 2421095.7617187500
66812438.0619715676 2429674.5644531250
68024663.4077901393 2495038.4433593750
67470930.5554883331 2473709.7480468750
65709429.5012280717 2286292.6582031250
66836035.7437315732 2433544.3320312500
68485913.6435584575 2509761.9648437500
68078825.4532960653 2496877.9414062500
65837960.0188381746 2325302.9453125000
66673312.2378650755 2418467.8515625000
66501111.7843016014 2405587.3828125000
67334114.9191810489 2465629.2050781250
66574193.0001581907 2413767.3164062500
65987618.0050038248 2350132.5000000000
68304785.6182581037 2504728.3437500000
68168674.2902056128 2500413.4140625000
66277472.1990754679 2384948.5742187500
66715609.9499439150 2424416.6875000000
67544358.1362556368 2476453.9648437500
66476059.8525995687 2404743.2226562500
66115169.3964589015 2368428.4375000000
67099802.6587995887 2449561.0449218750
66229631.2389038950 2380153.7851562500
66563595.3029107898 2411419.2753906250
67028048.4075236470 2445798.3750000000
68044615.6911952645 2496432.0019531250
67101896.9776135236 2449887.5761718750
66161249.2010422125 2371603.4707031250
66735834.0328481644 2425364.3984375000
67734468.6665897369 2483815.0644531250
68500526.7617443055 2511155.5234375000
66893658.8642162383 2436065.0527343750
65776784.9216905758 2305854.5898437500
66825307.0410848558 2431452.8359375000
66834129.2735552564 2431875.5253906250
68765673.8000616282 2520159.0468750000
65686463.8261814415 2255703.3144531250
67982647.6254153997 2494257.5546875000
67052484.1548801214 2447929.5136718750
66949400.5591153353 2439203.9707031250
66076928.3392802030 2364013.4882812500
66712678.7824711353 2424124.3906250000
66053589.7734508365 2360398.1425781250
66626532.2669127434 2417755.7812500000
66846633.4409789667 2435892.3730468750
66222239.4825602621 2378728.6347656250
66022791.4283848405 2356178.1406250000
67387623.7291403413 2467309.2714843750
65784220.5394141003 2319588.9335937500
66061429.9170348346 2362714.4257812500
68959163.5041990280 2521958.2460937500
66961904.7265390456 2443220.8183593750
66159563.0645934492 2371054.6289062500
65959019.2047981843 2350119.5429687500
66202229.2301058620 2378547.6289062500
66177291.9721493497 2375380.3652343750
67254064.5653988570 2459029.8828125000
67218290.9892626703 2457476.8593750000
67637643.2384044826 2479677.2890625000
66763331.9127769172 2427564.0136718750
67348800.9533589482 2466364.2539062500
66295201.1066313684 2389274.3105468750
67108345.4344718754 2452527.9140625000
66761986.8701648712 2426302.2480468750
66899299.9646422714 2437240.5000000000
67314196.1483730376 2464565.0546875000
66347540.3733859137 2393262.7753906250
68126658.5078308731 2499632.5253906250
67938514.3721929044 2492271.4257812500
65845434.2428687587 2329946.0078125000
66688255.2156128436 2420546.9199218750
68122958.7065185457 2498864.0703125000
65915537.0426555574 2340524.0195312500
68266969.5889340192 2504239.0410156250
66449310.1074989587 2400451.1621093750
67218507.4936482161 2458286.5878906250
66549129.3915063515 2409340.2070312500
67407576.0125454664 2468702.8300781250
67201725.2986443043 2457196.7851562500
67169232.8026033342 2456606.5214843750
67256614.5192621946 2459156.9257812500
68326099.6781442761 2506121.9023437500
66596939.2750183865 2415826.4765625000
66814124.1984203309 2430223.4062500000
65708985.9598379880 2273660.7304687500
66169547.6515840068 2374130.3652343750
67334148.4317781627 2465958.6132812500
66231031.4515734240 2381094.3769531250
66897613.8281935006 2436691.6582031250
67050798.0184313655 2447380.6718750000
66012758.6842222586 2355833.5546875000
66624846.1304639652 2417206.9394531250
66512928.7295084223 2407257.3085937500
66765018.0492256731 2428112.8554687500
66754680.6426512450 2425764.8144531250
66659588.9869128913 2418316.5312500000
67651849.7233147323 2480917.8164062500
66270513.2839015350 2381282.6972656250
67242906.4402506799 2458630.1679687500
68029493.6779973954 2495453.0859375000
66488352.3339411840 2405018.3300781250
66085720.3082933649 2366379.2304687500
65742848.5937414169 2295401.2792968750
66175061.4868388325 2374559.1640625000
65687835.4664348960 2264013.2207031250
67914230.9744645357 2491023.1328125000
66371843.4121286869 2394649.1308593750
67801692.5259066224 2486896.4550781250
67167755.4404402077 2455257.9589843750
66162437.0632155985 2373619.2050781250
66499425.6478528455 2405038.5410156250
67724158.6133906394 2483662.0332031250
65761848.3195549026 2298414.6171875000
65899173.7222928330 2335660.0195312500
66547443.2550575882 2408791.3652343750
65825301.2745508403 2320077.5078125000
66697166.7764114812 2422346.1191406250
66475122.6091100648 2403652.1855468750
68373493.9123302996 2506413.4882812500
66472377.9510699958 2403268.8437500000
68076676.4339652359 2496586.3554687500
67078835.7605671436 2448336.9570312500
65895404.0743376464 2330655.5195312500
67997319.0538002849 2494598.9042968750
67372263.8860946149 2467188.0429687500
66156000.4856874794 2370787.5527343750
65883570.0102316439 2330353.8691406250
65750485.0203563198 2295914.7597656250
66925651.5703292862 2437647.9433593750
67617022.0689577311 2477609.3457031250
66038091.3512054533 2356893.6074218750
66463448.2870381847 2403236.5078125000
66317606.6997514293 2389681.7539062500
68642196.1641685367 2514784.0761718750
68797552.9392155558 2520326.5507812500
67509046.0098047853 2474939.1777343750
68376198.9500098377 2506840.5937500000
67043095.5277381614 2446130.3144531250
67507634.8983322531 2473969.2832031250
67776030.3756889850 2485502.8964843750
66508603.9593685195 2406265.4511718750
67853308.1713847965 2489223.9335937500
66397116.9717073515 2395948.6523437500
66369945.9665059745 2393670.2187500000
68497172.1136990786 2510053.5507812500
68428728.5921252966 2508466.1992187500
68408776.3087201715 2507072.6406250000
66276894.6699263155 2382466.4785156250
66657961.9113490731 2417913.9863281250
67666643.2050635070 2481862.8339843750
67697946.2748353183 2483092.2636718750
67833355.8879796714 2487830.3750000000
68642135.6275064647 2514180.4082031250
67646690.9216583818 2480469.2753906250
68420899.5026442558 2508124.8496093750
68536994.1754626185 2512127.6972656250
68516163.3338876218 2511447.1093750000
65775582.5283304080 2301293.1093750000
68709780.8693498522 2518106.3359375000
67641418.4840891212 2479865.6074218750
68558928.7971151769 2512950.9785156250
68700241.9510799199 2517814.7500000000
67084236.7062269002 2448874.5312500000
66934297.5166788921 2438185.5175781250
68569469.7882467061 2513499.8203125000
68654554.6874133497 2515292.9296875000
66799502.4168925583 2429057.8730468750
66681920.7333124951 2419511.9687500000
68534725.4648483694 2511836.1113281250
68923134.3067232817 2520384.7617187500
68459847.8140677810 2508711.3281250000
68408797.3412690163 2507085.7226562500
68643973.9730373174 2515125.4257812500
