30066552.3614896759 181062.2182617188
30577660.0674461648 198808.2344360352
30162640.0356379822 188087.0926513672
30538506.9188159294 195935.9368286133
30152540.2498898283 187700.5234985352
30261762.6412534863 188686.6844482422
30001325.5186634362 176898.2861328125
30190918.0408151112 188392.5662231445
30082411.1267848425 184228.6340942383
30032685.6288842224 180756.7446899414
30274914.4686983079 191558.9820556641
30554330.2607849799 198502.7608642578
30663245.2026428767 199102.3526611328
30097459.1110489331 184615.2032470703
30513074.5829753056 195641.8186035156
30298244.2753594927 191864.4556274414
30433852.3266991116 195336.3450317383
30148160.0991859846 184920.6768188477
30274361.5680602528 191172.4129028320
30362395.2631403096 192464.0474243164
30716687.2990500070 201974.6502685547
30410522.5200379267 195030.8714599609
