86424428.4214620739 82623.8943430781
91698662.2384351939 249485.6395438910
86501360.4582668245 83948.9352366328
95565958.4186204225 318038.4377593994
87490894.2305083871 132266.1048238277
88340708.1158572733 170753.8824067209
88850355.3036294878 184951.1645644903
86931507.0315664411 113129.7424085438
86319563.6838457435 67108.7927805781
90501322.5823300034 228993.0649318695
88557282.6621724665 177221.6565059423
86614968.8091130853 91154.7101637423
86382944.4358045906 76041.3208101094
88389702.2916219085 170786.1714844797
95375015.0864522457 310801.6173248291
86479808.3391237259 83399.2400735617
95097754.3817444891 304854.1834259033
86946532.7557650357 113432.1321409047
87546806.3647948951 138944.8149068356
93025487.0782621652 274086.8453743756
86947060.0474976450 113877.7000580132
88784678.7816216499 182874.2792274952
94345639.0843019634 283358.1591188908
94527986.8294830322 284431.0712153018
86614127.5818337500 90787.3707945347
87744478.8260059804 146702.3656880856
90842480.6903584599 233767.2427563667
86501777.6008715928 84361.7532297969
86385558.4224895537 76604.2024485469
93366525.2425848693 274858.4857359231
87154815.2181876302 120887.2931897938
88599282.8728870600 177630.6154922340
87439862.5779061466 132160.6965714693
89686057.5446903706 209450.6897337530
87104994.8439259231 116069.9685693979
87190055.9817430824 122748.6786524057
89393475.8815529346 201693.1389525030
86607922.0421691239 90647.3172760010
91016971.9359894246 234592.7504467964
86509330.9534436166 89831.7499612570
86847750.9505215585 107409.1325720847
88615207.7775042504 177892.5079180002
87173572.7114336491 122461.3329223394
86478382.4770291746 83029.8200132847
86630601.8988316953 98362.5984955132
87936293.5094266683 154427.6273915768
91591536.9873180240 245339.8667879105
91224000.4503216892 242090.8694043159
86912369.6738951951 113128.2769991457
87004789.8726073653 114703.7821410894
97898883.8647686839 325891.2659454346
86775117.6545233727 106120.1492767632
88122226.4550775439 163156.1370934341
87855184.9361451268 148719.8762291763
87095683.1790407896 115545.4803774357
95420171.0815718919 312796.6930084229
91539556.1656688303 245023.1868646238
90902652.2591626793 234333.3186230659
86346929.7511923760 74493.3810251057
92637388.1799117476 266722.5193550885
87391026.2099723518 131154.9750478268
92840624.1374535710 270364.7766793072
89012238.1746774912 186997.7260196209
88328044.8140252829 168594.2225482464
88628001.3127643168 179107.9479541779
88821724.0416943282 184109.3241107464
94706783.5698197037 291098.4056112766
89957350.0747731775 212552.4329252262
87456104.4493500739 132233.8157460690
89201383.3614755124 194758.3517627716
86873525.8495751470 108181.2150232792
88781405.7525429577 182788.7578976154
94424149.7751718163 283365.2804718018
89298389.4237791151 194779.3162155151
86622356.1238949895 96841.3430930376
86731152.1370883733 99651.5817908347
94676755.2611890286 290573.1718707085
86683107.3286246955 98364.0624629557
90706223.3098111451 233409.9451967478
89014701.5944297612 187274.1338031292
86584893.0196620375 90645.8533085585
88821948.5533568263 184278.8050963879
93059250.1307935864 274626.2074697316
86751814.2689077258 99717.3991762400
105248505.0869702101 365783.9221496582
87046899.9331696779 115481.7714446783
92615107.3134718537 261348.6592476666
86846481.3281466663 106919.0971957445
87373223.3834605813 130996.8730071783
92591185.6380936205 260702.8274605572
90377110.8011805415 225052.6057324409
90300871.3935139924 223199.3874303102
93041873.5649975389 274480.0701363385
86999951.2956903130 114676.6479769945
88002712.3886187226 155948.2388756275
94178234.3697427660 280762.0635879000
88465770.4002862871 171900.4707643902
90165005.9058933854 219914.7537980173
94970413.5177531838 294789.2042922974
95821347.7975043356 325553.3701324463
103362139.3091236502 356357.2296752930
88079247.0377228409 158099.4449067209
93319676.0440840870 274687.3799247220
86807929.7512789220 106145.1906441152
87121967.3669055700 116655.0101699233
89128389.8070372492 191695.1306990385
86694115.4558601677 98403.4040898085
95126558.2748142481 305629.9054641724
87771204.8458546400 147641.0355309341
95384394.6158565581 312228.0235748291
92885257.8504785448 272875.2608101666
86702724.6020439863 98408.4324683249
99481233.0858695507 328628.7994537354
90194316.5282604098 219925.7903833482
88019031.5483740121 156723.6272057388
98819605.5124914050 326746.0668487549
87796145.4950240999 147988.8296051025
88243522.4928652942 163815.4676196893
95325102.3416216224 306301.3238677979
86947331.3457060307 113943.8887293339
90280174.5630208552 222217.2597093582
89675673.7028460205 208766.1080094669
86801927.3563154787 106133.8377028704
87695467.9801984131 146510.2711423635
86868508.2095299214 107817.2701797783
87657884.5955757052 140546.9406585693
87276704.5252543390 124406.2169703543
88959180.9472723007 186266.9975413084
89639877.7244786173 204175.5329423044
86755298.8850367963 105372.1916272938
87695975.6132975370 146670.0766103268
87595245.1135485917 140237.5667226315
87201119.1993142813 122990.0515199900
90149724.0923846960 219711.1893820448
89065973.1520167142 188079.6416797638
88102404.2993169278 161866.3604114056
87680166.5509277880 141613.3844236135
86711333.3676017821 98903.6241413653
101338230.2826037705 328712.4422302246
86812327.2673408985 106224.6638038158
86553935.6352447271 90610.0105324090
87987033.4941923022 155533.8885582779
87294511.4525488764 124429.0758334398
89970945.3070739210 212754.8677201364
86996392.5451831967 114241.4663134813
87890045.7608001828 153530.1927289963
88396125.0473947078 171350.3971729279
87356843.7458346188 125938.7689591646
104464943.8204534948 363878.2270507812
87825334.0786422044 148307.4620702267
89987173.8902386725 215036.5935254097
87046741.3535935432 114978.2099114060
87863711.4248581529 153214.5308942795
87214734.6373554915 123079.7614894211
87581381.9918439090 139604.0511586666
87306008.3758675605 125294.8628207445
86843363.3702468127 106483.9155322313
90545169.7103195488 230686.9973340034
88285797.3862192333 164589.1208724976
87509800.3713915795 137866.1101722717
106166374.6961469948 380083.0096435547
88218220.1492918134 163510.2801742554
88708628.9150765240 179243.2502002716
87641978.7608859986 140298.9272572994
108665083.6803047508 390897.8927001953
87255854.0284236968 123374.6244720221
90409309.3125842065 225187.9079785347
89389919.8723869771 198524.6803286076
108814304.3728894293 397045.1340332031
108476761.9308316708 390612.6241455078
87940246.0739622712 155398.5863121841
110203358.4188565016 398633.6169433594
89957313.2571336031 211976.6251134872
88944076.0045950562 185495.9429881573
89586387.3648655713 202907.2818968389
87217842.7820740491 123239.3222259283
90342555.0287888646 224721.4055371284
89537698.6351411790 202171.4380893707
90034845.2075128704 219555.3322587106
87754841.8147691190 146805.3788564205
108327062.9988332540 386152.5867919922
91405156.5603416264 245010.5351959495
91930695.3023424596 260603.4375854759
89460919.3932950050 201828.4411985967
90017550.3566383868 217432.1730790231
89078486.7702588886 189009.3864220474
88911434.7546015084 185210.6733758543
90206887.8740011603 221197.6105085611
87538371.4202320129 138912.5258290768
87242086.8286740333 123241.6365653276
89738746.1916522533 209674.6222977731
89657644.8795787543 204238.4346375559
89309754.4994931370 196766.9372032974
89813828.9402189404 211797.7814774606
91735813.4763243943 250838.8012297153
90072856.4538624734 219690.6345048044
105834779.2005860955 379212.1186523438
89041612.5055793375 187571.9138174150
89600624.3786803186 203445.0110678077
89076099.4201482981 188527.4453950021
89866203.0660607517 211933.0837235544
106630186.3262781352 385970.2351074219
91029039.8306417018 236958.9734274149
101402245.4065775126 341311.2086486816
91805794.7198747694 251233.0450470075
93742473.2324401438 276157.9104232788
93943938.7449639589 278900.6031620502
