9848501.3430372104 1366987.7441406250
9819425.3035265654 1327029.0048828125
9834729.2819268946 1366400.1679687500
9822377.0091778208 1341515.1347656250
9828124.4654976595 1354803.5664062500
9826861.8711572047 1352480.7187500000
9833754.4771829192 1363876.7500000000
9822631.9138813261 1341958.3554687500
9821876.0642595366 1341276.9082031250
9819864.8874998968 1329185.6679687500
9831512.8999160007 1358526.2382812500
9848573.4480726309 1367032.5585937500
9826973.4830540791 1353228.2578125000
9828655.7682167888 1355079.5898437500
9849624.9112595469 1367347.7539062500
9845526.1144887544 1366913.5742187500
9824592.2794011086 1346786.2167968750
9821301.0374840051 1341140.1328125000
9829459.2662560046 1358128.2890625000
9822909.3063137364 1346059.1992187500
9823446.5496724173 1346616.5097656250
9833280.7913735043 1358803.0332031250
9826742.7592007909 1347330.1093750000
9834638.4232234769 1363993.6035156250
9834327.1652339119 1363902.8886718750
9821209.0329073630 1333305.1953125000
9831183.1738043539 1358330.5917968750
9834894.3871697448 1366602.4707031250
9826381.7607977483 1347269.3593750000
9835777.9424007554 1366798.1171875000
9847090.8661688939 1366987.3769531250
9834323.9340815414 1363882.3007812500
9833187.7342837919 1358557.6464843750
9831484.7661194950 1358377.5429687500
9820895.8299600407 1329316.2070312500
9852078.9072835445 1375069.9960937500
9830084.9313766528 1358212.9824218750
9825665.0685131177 1347224.1367187500
9823018.9667962752 1346308.3222656250
9842918.3798661139 1366829.2871093750
