49177322.6561653018 463553.0981445312
49107598.3126375303 463209.1992187500
48891641.2150587216 462015.7241210938
50340130.7448943853 465742.4931640625
48932434.1423582286 462420.0278320312
47547998.6640095338 399002.3888320923
47524623.0250488371 393039.9493431486
47569661.3217111677 406370.6169815063
47910090.3603099063 433842.1756286621
49181778.7064512223 463616.7597656250
47956455.6828234121 435102.8788452148
48078621.4079818130 447563.3562622070
49400982.0460897088 464313.6596679688
48026797.2678743377 440816.0617065430
47845548.1451443583 428234.9427375793
47510475.3619364351 392277.6844412722
47916692.2419954240 434370.6957397461
47661225.8578636125 414273.7435989380
47544220.6540808380 398911.0444412231
47889564.6999627873 432959.4442749023
48110102.4384908229 448063.8064575195
47860010.2062096596 432948.0184020996
47950726.6222995445 434737.6143188477
47624642.7811302096 413802.1244583130
47537447.6952655166 393142.7182640471
47582485.9919278324 406473.3859024048
47653891.0425449908 413802.5883255005
50033030.7530743107 465446.5708007812
47965563.2428614125 435485.0075683594
48419127.7155771330 457956.6469726562
48339926.9679044187 456880.4838867188
47685643.0189333335 418981.8799476624
48223057.7683019042 453862.9482421875
47728000.6536985710 421166.8170700073
47734920.9232130572 421415.2769813538
49192894.3595008329 463693.0903320312
47567428.5526169464 405870.6306533813
47972250.1941814050 439274.7716674805
47891491.2367186770 433448.4685974121
48051937.8171046674 446556.4085083008
47696519.6231895611 420666.3668746948
47718798.8421295732 420936.2652626038
47826949.0215531215 427841.2357063293
47813676.6051366329 427755.7103157043
47566119.3443487585 405787.5803604126
47703439.8927040473 420914.8267860413
47622410.0120359808 413302.1381301880
48042919.3489578217 441295.0734252930
47499182.3574185222 385580.3768028654
48079065.3591372818 447967.6599731445
47488246.1934825182 384213.5557486452
48390496.0360988006 457380.9340820312
48639397.4627964050 460453.1152343750
47484078.4668797627 377312.8634745516
47689564.2771852240 420142.5577926636
47773463.4349834919 426982.8467445374
47832343.4510394260 427956.6758460999
48094424.3085628077 447989.0984497070
50087333.4178616554 465452.8847656250
48553796.4137636125 459592.9379882812
48330544.7367673814 456572.6606445312
48239424.6459068209 454707.9218750000
48055800.1613193080 446888.7791137695
47782195.5746276230 427255.2601203918
48266837.3115525693 455274.1997070312
48479079.0149085522 458764.9204101562
48011438.3184488118 440794.6232299805
48226920.1125165448 454195.3188476562
47555721.2880017981 399133.9888076782
47509553.9623418748 391855.0788504519
48142772.7843521014 449266.1209106445
48254332.7781623006 454761.2958984375
48303132.0711216405 456006.3828125000
47919916.5426024199 434554.3025817871
47938666.0400647447 434629.0142211914
48195808.6415966004 450083.8294067383
48366484.6416383758 456986.3662109375
48289504.8000070602 455602.3798828125
48375866.8727754056 457294.1894531250
47994461.2305977792 440275.8659057617
48062088.2712862417 447448.9026489258
48056244.1124747768 447292.7820434570
48077447.2207117677 447470.3411254883
48167513.9649146572 449595.3826293945
47839036.7502954900 428115.4373664856
48220549.8221591637 450413.0911254883
47905617.8058491275 433836.3221130371
47988617.0717863142 440119.7453002930
47999377.7362140045 440686.0231323242
47899773.6470376700 433680.2015075684
48890235.7990295216 461856.7841796875
47910534.3114653677 434246.4793395996
48617532.5025603548 460165.1342773438
49226864.0641246140 463714.6655273438
47541987.8849866316 398411.0581130981
50685258.2700713947 465799.6938476562
47545529.8623490334 398994.0947341919
47611152.1188865229 406915.0696487427
47794193.5205210373 427474.8889770508
50327756.3911735415 465741.1479492188
47845588.4455648437 428395.6641273499
47686022.2998227999 419558.9616012573
48962520.9347869307 462505.4687500000
48128211.0311023295 449007.6663208008
48041748.5411742926 441075.7086486816
48040088.9340295121 440899.4853820801
47760281.0683719143 421775.0040321350
48204064.0456860065 450236.9583129883
48176651.3800402507 449670.6804809570
48051201.7592768222 441526.8063354492
48828387.5539147481 461387.5034179688
49015492.0191173851 462515.6015625000
47621100.8037677929 413218.5282669067
48118828.7999652922 448699.8430786133
47753360.7988574207 421526.5441207886
48205190.8727336377 450391.6526489258
47773084.1540940180 426649.3474121094
49552473.0332582444 464642.7636718750
48221961.1928707659 450650.1072387695
48713108.6309391558 460910.2651367188
49490972.2090069652 464429.8525390625
48830333.6527013257 461617.3745117188
48902635.6874832362 462192.0336914062
49398407.8299757540 464205.7739257812
48861842.7601837218 461787.7299804688
49077799.8577625379 462981.2050781250
47845992.0962998271 428639.2464485168
49197366.9139615893 463698.9438476562
47835231.4318721294 428072.9686164856
49022202.7436822876 462909.7724609375
49137481.6666578948 463385.5087890625
49267091.2574893534 464042.8427734375
48579156.5589224622 459952.6650390625
48614974.6203621179 460084.1108398438
47556642.6875963435 399557.7711563110
48312514.3022586778 456314.2060546875
47769663.2995089740 422082.8272743225
48502003.1236000732 459124.6474609375
50811744.4552071691 465812.6337890625
49817459.1136898249 465002.9550781250
48392962.8251489177 457698.1923828125
48581242.4129918367 459959.4794921875
48530673.3447974548 459459.0292968750
49732823.3246392608 464919.8461914062
48742059.8562233225 460999.5971679688
48530025.5747502297 459153.9497070312
48403279.5384211391 457860.1665039062
48322831.0155308992 456476.1801757812
47564365.3115886077 399689.3711318970
48152155.0154891312 449573.9441528320
48453848.6066155210 458360.6166992188
48422811.5272619799 458264.4702148438
48139157.2361382023 449134.9558715820
47611624.1470153779 406989.2786331177
49817072.7796866372 464987.1230468750
50137909.7584335878 465464.4101562500
48691496.1518891975 460694.9272460938
50199410.5826848671 465677.3212890625
49353276.5225630403 464181.2109375000
48586912.3276183456 460051.3818359375
48536343.2594239637 459550.9316406250
48677417.7498640418 460476.9936523438
49886888.5279217511 465168.4877929688
49794324.1488905400 464944.4091796875
49878665.0086452588 465037.5000000000
49663007.5764041469 464781.4780273438
49948389.3521730304 465381.3989257812
48183369.4007127285 449798.4714965820
48185927.2829109281 449879.4949340820
50312391.0552694052 465734.5219726562
48455903.0782008693 458570.0209960938
48477801.9251978695 458736.0893554688
48789481.2004885152 461374.9331054688
48373699.2353262156 457186.0346679688
48687276.6551440209 460658.7700195312
48574992.0770097747 459596.2666015625
50589571.6074743494 465747.4619140625
48847734.6809968427 461698.3979492188
49713867.7487483099 464790.9848632812
