30562204.0059350058 612391.7026367188
29962312.7813718319 550850.7448730469
30430011.6517540738 605151.2446289062
30585533.8125961907 613326.6386718750
30531608.1730774269 605969.1328125000
30046779.2014244162 571011.9353027344
30269413.3695443124 594603.1813964844
30722802.2881447710 620567.0966796875
30182865.3260585964 588800.4565429688
30406681.8450928926 604216.3085937500
30200063.4148393646 589735.3925781250
30084588.9445375949 579187.3293457031
30381517.7538628839 598728.6748046875
30690068.3582297340 614144.5268554688
30353239.7486857660 597793.7387695312
30120788.9177101217 580625.0625000000
30159545.6598276980 587865.5205078125
30269966.2701823674 596040.9145507812
30137053.4215934128 586427.7873535156
30360355.7242524289 597910.7866210938
30056321.0797907598 578252.3933105469
30293296.0768435560 596975.8505859375
30721730.5486763231 617480.9355468750
30097459.1110489368 579690.1264648438
30018511.3366775773 570076.9992675781
29995050.6827405654 568639.2661132812
29973723.8415412232 560463.8720703125
