29721305.3817421421 1617982.6132812500
29524901.6249710768 1516089.4863281250
29886139.5367824212 1654343.7695312500
29573228.1069893055 1555386.0585937500
29966105.3365484923 1670525.4121093750
29748772.8635991141 1627223.0859375000
37535235.2648568675 1683704.2089843750
29617083.5729377642 1575012.9785156250
29779913.3620246574 1636925.9355468750
29649596.5639459267 1588844.4296875000
38018237.5896116570 1683793.5488281250
29581435.1093075313 1557731.9306640625
29838617.1944784038 1651794.3320312500
38444518.6108160838 1684023.7402343750
29726092.2033745237 1622069.5019531250
32235453.1603815407 1680476.2363281250
29715816.3933485337 1615652.2148437500
30019161.8731612787 1679542.4472656250
29641477.8784084506 1581221.9580078125
29598863.5661054701 1563660.9296875000
29528238.0583898388 1517883.3310546875
29535232.1367196776 1521309.2910156250
33989983.6098608002 1682469.9082031250
29818504.7627864815 1649949.2597656250
29623536.5101474002 1581079.5634765625
29774050.8328248374 1633597.2080078125
29560747.2775548175 1539498.1914062500
29696547.3315596953 1603441.1494140625
29874104.3485239446 1654336.3046875000
30069590.0225167237 1679632.2148437500
29722432.4333426133 1619898.7089843750
29513059.3369365968 1485939.7255859375
29948742.1962792836 1666366.2187500000
29538023.5604413673 1524839.1318359375
34649624.1512187794 1682701.9882812500
29814844.9927545525 1649798.9677734375
36405724.2008522972 1683240.3164062500
36077797.9566330761 1683235.2031250000
29659872.3739719167 1592475.6640625000
29610428.9761824757 1568498.3505859375
29684373.3053971902 1598653.8642578125
29843678.3064620905 1653090.6718750000
29819906.1047382392 1650919.9628906250
29565880.6249062829 1548172.7617187500
29515782.0145151094 1488666.8671875000
29706224.7310612276 1606887.0058593750
29689902.0036871582 1602909.0537109375
29658812.7949431017 1590287.6718750000
29706781.3495548293 1608792.7324218750
29712156.6233166233 1613481.4218750000
38619000.5072008893 1684092.3691406250
38565948.8972764388 1684034.3515625000
29564532.2301213257 1542661.9404296875
29610100.2881268039 1567274.9121093750
29611409.7921549752 1569322.1865234375
29556073.2639445961 1536345.0908203125
29672836.6049451903 1596332.9248046875
29544063.0587403178 1529770.0107421875
29902082.9802995138 1664932.7441406250
29899472.5837010965 1660417.7109375000
29700590.5626740530 1606429.6416015625
30191625.9756216258 1679937.9824218750
30318436.9776905850 1679938.0234375000
29611316.7907489575 1568790.7158203125
29608162.1099229530 1565116.1103515625
29766117.6490679868 1633444.5478515625
29519383.3811465576 1507187.7050781250
29947492.1355354637 1666232.1875000000
29510460.4754232131 1478420.1308593750
29840369.4663958885 1652195.0566406250
36837404.8238024190 1683322.0800781250
29686452.2648688853 1600270.1240234375
29606835.5740481541 1564953.7216796875
29854675.1092152633 1654295.2324218750
38420190.1544037014 1683825.1464843750
30103631.9981907681 1679892.4863281250
29907144.0922832005 1666229.0839843750
29621434.7794731595 1578407.3642578125
29615433.6326848380 1569571.4326171875
29778072.4008080661 1633925.2382812500
32354262.1467726268 1681141.5878906250
29679626.1936611719 1596344.6337890625
29763762.3244216368 1633428.9277343750
29778117.3272252455 1634142.9521484375
29800797.9874498472 1637713.5419921875
29836960.3018833026 1651127.5000000000
29646080.0248304419 1583032.0546875000
30454356.7212630324 1679974.1132812500
29511984.2822929807 1479732.9628906250
35538665.6054628417 1682865.5722656250
30531585.4209873118 1679974.3847656250
29508502.8292745128 1473045.3154296875
29802062.2758162990 1638448.5419921875
29507125.0064944550 1472754.2314453125
33518151.5368685871 1682229.2285156250
30859042.5933650434 1680230.6718750000
30375623.2930520326 1679968.2714843750
29805859.0994335227 1639004.4345703125
30576303.3727296218 1679982.5117187500
30640646.4319970608 1680008.1679687500
30671681.6349937096 1680008.2675781250
30858806.4343577810 1680011.0273437500
31570576.8980699331 1680370.7226562500
30860483.3908360414 1680361.2226562500
30618976.9875266589 1679984.4511718750
