126742731.6450909376 1224738.4375000000
127871845.3838483989 1403199.8583984375
133117342.9175123274 1789719.0761718750
132016243.8055849671 1750592.3515625000
126303418.7742244750 1125401.1865234375
133732534.4213202447 1814001.8339843750
126188937.6348357350 1093746.6630859375
126335233.4360707551 1133459.8232421875
126624603.7687973678 1205469.5068359375
128331824.3598964959 1464453.9296875000
133349186.6050181240 1803172.8671875000
126247484.6907218695 1116712.1093750000
129430989.8877638727 1573859.8164062500
126530891.7807054669 1180410.1582031250
126573465.5042702407 1198446.3349609375
126691002.7603401989 1219457.7978515625
127031728.4310109615 1275854.4169921875
127219701.0543808341 1298271.7871093750
129527404.9289121032 1581360.3740234375
129556734.6278240085 1586998.9931640625
129915742.7306733131 1607802.9560546875
152527962.3558922112 2022844.9628906250
126206138.1688121408 1097989.2919921875
126152447.8902209550 1075398.0253906250
127928086.1334093362 1408531.6582031250
129493520.4518787265 1578757.2402343750
133275305.8201021254 1799459.6601562500
133275922.3506381959 1802163.2675781250
137787779.3276695609 1912564.2421875000
135324660.6129681766 1857742.6152343750
135614714.6875631511 1862047.1328125000
126925763.4500108361 1255611.1601562500
127062850.5970974267 1277563.4150390625
131787516.2553447336 1738410.0283203125
150681686.8090940118 2019169.5429687500
126292701.0422475189 1123270.4960937500
126571512.2258310020 1190082.2871093750
126363221.2408616096 1150223.7080078125
127892245.0788637549 1404695.3603515625
127995848.8034922183 1417056.3740234375
129434567.5690493584 1575404.2792968750
134132563.2093547136 1821150.9902343750
126132947.8002018183 1068014.1738281250
127752130.0646130890 1384597.1250000000
127050446.9714682847 1276760.2998046875
132385717.0832546651 1772504.9375000000
138060966.8288392425 1919584.9316406250
126607110.1199965179 1203731.0898437500
127163783.1599305719 1292860.3740234375
126837175.2478817403 1243957.5244140625
127844684.4419606179 1399240.9853515625
133785916.9597363919 1818530.1855468750
138033653.8659292161 1919524.5527343750
126233498.2489091903 1112125.8027343750
147613535.5119172633 2006293.7031250000
127903960.5289404839 1406708.4755859375
129749926.2461875081 1597001.3222656250
135230440.9218445718 1857339.5136718750
126471939.5148991197 1171420.7431640625
126499283.9205380976 1174299.5439453125
126402611.0799033791 1161536.7685546875
126779926.2586997598 1230154.2275390625
129727537.1537202448 1596475.5195312500
126331196.6184925288 1132484.8085937500
126812391.3660897613 1238805.1142578125
126866339.0756197572 1248732.5410156250
127674226.8063917309 1370813.4316406250
129180395.4033741355 1549468.6083984375
137727725.7731526494 1912123.6406250000
133805074.9153265506 1820268.5000000000
133371469.4988221079 1805534.2910156250
130969168.7241652459 1681613.4042968750
126894641.2839243561 1253965.3242187500
126955258.8762091398 1261359.5830078125
128993587.3949121088 1524837.1630859375
128866504.8011867553 1517794.2128906250
131682450.9091672748 1727133.5898437500
126181823.4834213555 1078182.4345703125
127966688.9707730263 1412208.1035156250
126169502.7762628049 1077383.2509765625
126717728.7472902387 1224036.3027343750
126697893.3500492275 1221328.6054687500
128376407.2001496553 1467097.3671875000
128777970.6936917007 1507486.9941406250
127629501.8171581626 1367274.4482421875
136646770.1910959184 1884788.4921875000
133155163.1990248412 1790042.2832031250
126667138.7267240286 1215237.7822265625
126831346.4413770735 1242958.4667968750
129658828.5634556413 1589042.1503906250
133350736.5158539265 1804875.4101562500
136668345.7486333847 1891544.2773437500
136280532.1558409631 1879750.8457031250
137773844.2645038366 1912435.4863281250
136025463.8555646539 1866431.1503906250
126644996.9663910121 1205890.3837890625
126991056.0099019259 1267743.6396484375
127914443.4207532555 1407188.2236328125
128263606.1651135534 1454935.7880859375
131692458.7399751544 1736044.9238281250
127528987.6607126147 1349004.7812500000
134596485.1401882768 1844581.6679687500
134320937.6991740465 1832654.0566406250
132527924.5427169651 1775839.1367187500
127560563.4896256775 1357130.3173828125
128528643.7878741771 1484686.4150390625
126657756.1917676181 1212394.9472656250
127989361.7806080431 1414444.2988281250
138320085.2624731660 1919819.1210937500
127015847.3666893095 1271468.8906250000
150380045.3418916464 2016586.6347656250
126806420.6245565563 1237545.4531250000
126798886.6749572456 1230993.3779296875
126932075.7243160754 1256227.5000000000
127977171.8625857532 1412605.3007812500
127595742.8209548593 1362850.3476562500
129302562.4621486664 1560811.9316406250
132243465.1584025025 1762441.7011718750
127086126.8468223959 1284753.7509765625
128089307.1505655199 1429388.7792968750
133234992.9986391962 1790179.5937500000
131325939.0899909586 1711430.3652343750
133578615.3302620202 1808333.1777343750
127402143.0808370113 1328819.2617187500
127396825.9694094211 1326816.0644531250
129349986.2387467325 1569211.7626953125
131972683.0979732722 1749689.1035156250
132363434.1894506663 1770184.1152343750
126395747.5995515734 1155724.6220703125
126534285.7078449726 1182914.3427734375
129846331.2004295141 1603391.8359375000
126320171.2136642188 1126728.4482421875
127990814.5752418786 1415275.7685546875
127502821.0736307353 1347264.6914062500
131268884.3949721158 1706249.6396484375
133430475.2215621769 1807660.1347656250
126322346.8349103779 1127319.9326171875
128275699.4635819197 1455209.0029296875
137398393.8411642015 1906689.3320312500
132265748.0522065163 1764762.5234375000
128636973.0544148982 1498097.5712890625
155382251.0220366120 2031419.3320312500
126447410.3756491840 1162908.4052734375
130390721.4629252702 1646876.4062500000
132313029.2413692921 1769026.6328125000
130520036.8371589333 1655662.8251953125
128146551.4030747712 1433331.6279296875
127368384.0846337825 1323140.5654296875
133523898.7024654150 1808051.4687500000
127934136.4267259389 1409927.4609375000
135482247.5821613073 1860789.9882812500
131345449.4577633590 1714389.9843750000
127896071.6277425587 1405978.8173828125
132703124.4022606760 1785233.0078125000
148544732.9577651322 2012830.4589843750
127697546.3693003953 1379489.2753906250
128081002.8979275525 1427410.0302734375
129618905.4889002442 1587095.7236328125
126315113.5750318766 1125511.6630859375
127708029.2611132115 1379969.0234375000
138455102.2770769298 1924080.8144531250
135576671.8557765484 1861885.2539062500
135075098.0169934928 1849869.5781250000
150073537.8578354716 2014713.2812500000
134569612.8681918383 1835097.0703125000
127776967.5886456221 1389874.4121093750
142864672.6714828610 1938638.1738281250
132630062.5211399198 1778729.8222656250
127811076.8181446344 1396307.5703125000
150471557.4857253134 2017294.9160156250
129554858.3438065946 1583436.5966796875
154539110.6895355284 2027895.9531250000
129241140.6471410990 1554875.9326171875
133718372.3687913120 1810792.9863281250
132369272.1860031188 1772244.9433593750
127572278.9397024065 1358845.7333984375
137667062.0100448430 1909717.7832031250
128216984.5171343088 1443364.2568359375
129919514.8817994148 1612713.2158203125
132697031.2124910802 1784396.4355468750
127158753.9218101203 1290612.4902343750
127456064.2155759037 1340546.5996093750
126451506.5131521672 1163289.7871093750
132461224.0387654752 1774902.9335937500
127188321.5496843308 1296000.3593750000
127621044.1693747789 1362855.2460937500
129151864.4506594539 1544486.6582031250
136830355.0108249485 1895529.2890625000
143372313.7036840022 1946663.6093750000
144881348.6167160273 1963677.8632812500
128736538.2688277215 1504249.0917968750
128027994.3595938683 1423089.5732421875
128439568.0605910867 1476712.5136718750
127322877.4987811446 1316230.8691406250
127757156.7682603747 1384851.3681640625
131008555.3714039326 1686529.8300781250
129467944.9422490746 1577715.8232421875
131296340.4436786324 1708423.6250000000
130648124.5923520923 1666281.0107421875
128147248.4750042558 1434662.8925781250
126295188.8746741861 1125042.5458984375
128149742.5812238306 1441098.1279296875
129675692.5665302724 1593042.2304687500
126453055.1200020313 1165635.2451171875
138002969.5748091042 1915161.7812500000
129117528.0746739060 1540867.6318359375
127265518.4969808459 1306642.2929687500
130665530.5659849346 1668778.8056640625
154533358.4387142956 2027768.7382812500
126353947.6554485261 1138781.3427734375
126383267.4729742259 1153665.1152343750
126401808.7202557474 1157105.9453125000
129820263.9311160296 1602223.0166015625
150898678.7982085943 2021774.8984375000
153663611.4615769684 2025066.7949218750
131583661.4013286531 1726414.6425781250
131164234.0904909670 1700716.4042968750
134978217.0140737891 1848463.5019531250
127401516.6609422714 1326847.8994140625
145843901.3226962388 1983696.6855468750
128513750.6592231393 1482777.6699218750
130834540.9746962488 1678410.9736328125
135782592.5239260793 1862781.6679687500
130477991.3898628652 1652790.4013671875
128322973.8887373805 1455879.1591796875
127678400.3236508667 1372702.5332031250
127195606.2865673304 1297274.3925781250
140425358.9072170258 1932992.8789062500
139949768.5473206043 1928428.4140625000
146212536.6626759470 1992330.9296875000
129062936.4337587506 1532930.1123046875
128940631.8746021837 1520185.7939453125
128404624.2411177754 1467995.4765625000
126346250.0487082452 1134630.9541015625
128076399.7605626136 1423344.2294921875
150572046.5225620568 2018442.8222656250
137343287.7113248706 1902281.3710937500
131929562.7522750646 1745664.8808593750
153932460.0734211206 2026767.5136718750
128698481.2303806990 1499391.9433593750
128829577.5484360605 1510863.1093750000
128784152.9407660812 1508072.5605468750
128416363.4987609982 1471149.6416015625
132683823.0135280341 1781830.7343750000
154791606.3592563868 2029103.5898437500
153774095.2970537543 2026217.8886718750
126340535.0588139147 1134520.0810546875
128915249.2588214129 1519205.8281250000
154909119.8759916425 2031168.1757812500
128964315.7104720175 1524769.7324218750
128818909.6663430929 1508818.8085937500
130542319.7309629321 1657373.1308593750
127492075.3473785222 1343866.8417968750
127414303.3875026405 1333150.8359375000
128937717.8676482141 1519792.1601562500
127438823.4070435017 1336762.7138671875
132051646.1139965802 1755427.0703125000
130972059.5803534538 1685181.8486328125
154450860.7324103713 2027452.9296875000
130819223.0715981871 1674800.5888671875
129349078.5927164108 1562701.1894531250
130312139.9940943420 1643153.7343750000
142480194.9037921131 1935403.3300781250
130876658.9592626244 1678947.0175781250
130816845.4418518841 1674752.5400390625
136611840.8838219047 1880225.8945312500
128855642.8082204759 1513017.1416015625
127312230.3872337043 1314115.5410156250
137662671.6293914616 1907809.6855468750
147425939.9946469367 1999250.8398437500
131899145.2316317409 1744159.4355468750
132874428.4124567509 1787177.1386718750
127280662.1699042916 1307104.4179687500
130124776.4465717673 1627700.1347656250
130231654.8832096308 1636377.5244140625
130262688.8733519614 1639182.3193359375
144068896.3454589844 1962918.8320312500
130104693.5347643197 1627436.1591796875
137289196.7219720185 1896940.7246093750
131933868.7748493254 1746769.4863281250
154760077.4996577501 2028048.1953125000
130014949.6561352164 1619981.0478515625
152505038.5286436975 2022436.5722656250
130566134.7902446836 1662930.2021484375
145270067.3579590023 1967601.9042968750
130131983.5899974406 1628401.1679687500
145479154.6355229318 1976221.9414062500
129977596.6802782267 1616786.9003906250
130254434.5257493705 1637922.9433593750
129798122.8041318953 1600298.8300781250
129877569.3029370606 1607306.3291015625
138433894.1841815710 1922470.1796875000
129918898.3810474128 1609112.3769531250
131520793.5171209127 1723483.8554687500
134256205.1003451049 1827636.3808593750
131473392.1637700051 1718269.3652343750
134254362.1577429175 1824725.2968750000
130918712.2341259122 1679948.8574218750
134251453.6819338500 1824597.1816406250
136094958.8864058554 1867486.2656250000
