274986868.4819533229 4836755.2500000000
274221708.9221152067 4727190.5468750000
275511793.5125212073 4896371.6132812500
273617808.1397358775 4637072.4257812500
274932172.8845502734 4830784.6875000000
272680715.5912709832 4475650.9980468750
273205791.4312434196 4573100.6015625000
274435007.6690811515 4760656.6347656250
279221631.4280996323 5210379.5488281250
273559634.9461916089 4625925.3203125000
274882400.1464654803 4822375.7265625000
272691654.8648300767 4477502.7792968750
272550150.5160264373 4434758.5273437500
272970467.6615235209 4533204.9218750000
275735493.3383971453 4918566.8652343750
273693909.6969005466 4644120.0410156250
276405404.6613208652 4985665.2910156250
272455935.8981850147 4415888.1464843750
272607051.9750520587 4452640.7988281250
272582054.2142455578 4444374.9531250000
273101477.2984138727 4553951.3906250000
273247095.6149451733 4584050.6777343750
280568437.3350945711 5278071.4277343750
275865639.7948516011 4931700.6972656250
274639126.3687474728 4797193.4902343750
272580699.6225885153 4441862.4453125000
272864746.7361980677 4508608.7519531250
272511300.3043357730 4427422.4941406250
272793238.6906620860 4492159.5683593750
274571726.2741147876 4786043.7265625000
276826325.3973808289 5028849.4257812500
294407077.6581928134 5684926.7363281250
273215169.2762064934 4580810.6406250000
276790819.6813347340 5024952.6171875000
272833599.8276740313 4499470.9238281250
273914959.5440859199 4681803.9023437500
274764548.0071059465 4807978.3535156250
275255259.5146788955 4867001.3398437500
274901954.3071230650 4827732.6562500000
273357337.6395977139 4603138.9062500000
274527253.1407418251 4779993.4902343750
272797622.1066712737 4494251.6191406250
272997244.9953642488 4540399.9042968750
275563082.6760501266 4901728.5429687500
274720102.6747758389 4800278.1777343750
276439896.4690908790 4989547.3398437500
273139171.2893459797 4559664.9335937500
273033724.6253985763 4546113.4472656250
274605899.8597685695 4787007.8339843750
273823564.2346651554 4671429.7792968750
272877189.3142859340 4508919.0839843750
272908336.2228098512 4518056.9121093750
273087603.7443106174 4551311.9335937500
274296561.8020153046 4739482.1503906250
274821634.4931760430 4812687.2714843750
276299261.4398505688 4974837.5371093750
273025622.3387213945 4544940.8417968750
274509700.0464499593 4776994.7773437500
291022655.5922943950 5634050.8066406250
273269048.3951184154 4586009.1269531250
289205508.2167329788 5600612.8867187500
272881558.8889690638 4510861.9296875000
272846640.2077237964 4501815.1660156250
274307780.6253666878 4741539.1933593750
338603466.3055067062 5919687.0019531250
274564876.6106867790 4785865.9980468750
294314461.4961926341 5681054.3691406250
273588166.0482596159 4628872.9199218750
274458662.8088793755 4767631.8867187500
280860576.3625162840 5301427.4160156250
274619572.2080897689 4791836.5605468750
274348790.6472396255 4753076.3066406250
285982327.3075517416 5503885.0683593750
334437184.9320049882 5908500.1152343750
286053397.9492112398 5505382.3593750000
287032224.4619616270 5537220.9785156250
272578748.5891525149 4440194.9375000000
273800500.3412852883 4658177.2480468750
275839958.4391122460 4928661.6679687500
275670413.5029595494 4911110.0761718750
293325183.4814818501 5665465.4433593750
338765582.3004333973 5920181.2402343750
273725874.2320515513 4649476.9707031250
280722887.6799703836 5290351.5351562500
275357826.3645572066 4877740.1601562500
275396735.1900554299 4883035.7929687500
275208533.0738085508 4860856.7441406250
286197848.2291946411 5515313.8300781250
291965052.0633329749 5642132.1914062500
280824497.1651820540 5298582.9121093750
274373681.8189121485 4755133.3496093750
295501904.8270307779 5705403.1562500000
273753955.6437791586 4654498.5468750000
326640377.1602003574 5877335.1328125000
277330317.3903716803 5061691.8164062500
276762156.0125774741 5021461.8828125000
280945886.0488049388 5305689.8203125000
300016595.5022409558 5736961.7304687500
276782304.0699188709 5023866.4277343750
280706903.6770077348 5286431.1757812500
278754539.9437518120 5167859.4042968750
274721291.9719026685 4801517.0839843750
279331261.2673556805 5221607.6308593750
273398342.2733920813 4603710.3847656250
286653239.3189007044 5536345.2929687500
277837823.1408394575 5105263.6484375000
289019093.3453952074 5597094.5351562500
273402857.3682754636 4604066.9980468750
277880003.7899511456 5107361.9335937500
306596795.5635300279 5767518.1035156250
306380942.0510083437 5764499.8066406250
273448550.0663641095 4613822.6777343750
273797786.6874350905 4658103.2578125000
274610781.0242663622 4789092.5742187500
275459083.2382354736 4889350.1464843750
276194451.2801783085 4962313.0390625000
291122474.5141351223 5635299.0781250000
277664772.4018162489 5088804.1855468750
312758169.4230694175 5811408.2597656250
337896011.9458242655 5919427.1699218750
275083947.3677743077 4844053.5546875000
327920348.3527145982 5889298.9804687500
327552438.5036979318 5884271.5156250000
280403278.3571888804 5274549.0996093750
275817514.0457449555 4922195.7519531250
284853164.2424530983 5461082.9121093750
338721948.9501399994 5920015.6230468750
276088435.1529592276 4950441.3632812500
279877315.9614365697 5251376.4824218750
295309860.8794897795 5702947.8964843750
288382808.0856812000 5575423.1894531250
287783981.7048662901 5562233.9062500000
317798960.4832942486 5822373.2402343750
291474296.0030200481 5640121.3105468750
274112417.9625073075 4715129.1953125000
295520203.9000660777 5707295.4062500000
293276757.0675448179 5665325.2070312500
292779678.5949878097 5664600.3984375000
290642832.5875771642 5625612.4765625000
277205944.0497249961 5059206.9902343750
275243009.2535445690 4863733.3496093750
306568998.1211323142 5764754.8964843750
275286924.8032039404 4869090.2792968750
274251881.8633641005 4731063.1894531250
294886719.5847504735 5694613.3378906250
279430956.6976726651 5226356.5605468750
279178196.2703751326 5210117.9687500000
280837410.4506047964 5300368.6855468750
276578490.8967897296 5006651.7617187500
277798971.6622579694 5101352.0859375000
288944626.2712019086 5595475.6035156250
279064161.4585038424 5200413.5097656250
312386372.6813704371 5805340.4902343750
333591562.4507874250 5899767.9355468750
295108299.8190751672 5700396.8203125000
279090945.8935115337 5204926.4648437500
289048671.1347075701 5599860.4589843750
288196964.9067302942 5566391.1992187500
295036129.5613284707 5697571.5292968750
273979374.6471619010 4690989.6621093750
277744825.7966910601 5098247.8164062500
287619054.5005651116 5556728.9960937500
277699999.1780335903 5093643.7851562500
285614727.7017934322 5483788.0488281250
280919496.6889169216 5303223.1777343750
279117512.9765059352 5206553.0898437500
273963983.3408728838 4688061.3476562500
274034531.3434755206 4698929.6816406250
282981278.6429644823 5398697.7734375000
294641500.4036685824 5687074.7343750000
276162122.4396373630 4956937.0937500000
279389461.9150659442 5222977.7988281250
319196055.2662461400 5849632.0507812500
287553315.6196337938 5551169.9375000000
279238944.8042181134 5215372.0273437500
280749875.5317212939 5294907.9218750000
276636007.8866989017 5008978.6289062500
288537269.9167379141 5581689.0585937500
286454022.3595017791 5520712.8027343750
275925154.4913055301 4938673.5468750000
285930344.8282517195 5498878.7304687500
276386019.8177566528 4983056.0781250000
276484064.8231830597 4997109.1914062500
276389559.7604463696 4984105.1230468750
276676025.2938086987 5013147.6953125000
295229227.5226712823 5701705.8261718750
276011571.7008937001 4943914.6640625000
287188501.3058165312 5545983.8242187500
276424279.5503367782 4988009.1289062500
274257566.8102340698 4732262.8144531250
334199845.7673279047 5906929.6113281250
278371672.8158183694 5153436.4140625000
294642611.6956318617 5693224.5214843750
280625078.1879956722 5284755.2402343750
275889648.7752593160 4934776.7382812500
276517198.0492008328 4998661.4609375000
278169726.5056703687 5136990.3496093750
299681055.4648552537 5731837.3281250000
337258838.7538284063 5908809.2792968750
337528400.1514037848 5910017.4199218750
276962961.1193265915 5038018.5468750000
304243786.4629940391 5747699.2910156250
276987079.5714089870 5039739.1953125000
317393185.0084309578 5816650.5000000000
324545986.0993111134 5876068.0195312500
274425877.1552953124 4759676.8339843750
328173918.7723793983 5893734.4980468750
328458160.8782277107 5894129.1738281250
278255905.1096810699 5142298.5312500000
277960377.8898326159 5121663.2792968750
278280687.3256779313 5144736.8730468750
278095493.3246092200 5131776.1230468750
277120420.4490453601 5053480.9335937500
274215335.9514174461 4726259.0429687500
282987831.3585425615 5401086.7050781250
290825174.3665829897 5631902.0664062500
309207013.3796063662 5778931.0800781250
278845687.9886640906 5185682.2148437500
286381178.2822012305 5518919.3339843750
276131889.4500170350 4955178.7070312500
278611247.6039118171 5167059.3574218750
277096770.0493877530 5047640.6015625000
278917965.6228518486 5190534.4492187500
290647594.0614417195 5626738.0058593750
312208301.4165850282 5789329.4082031250
323331592.6438262463 5863228.0683593750
312169133.8267016411 5786745.4863281250
321256959.6106317043 5856155.9218750000
278982470.3727898002 5192322.0644531250
285536889.0538185239 5481871.8632812500
278552343.4902034998 5164925.3828125000
311956945.6198400259 5785854.0253906250
279666052.3780115247 5238345.1875000000
292087453.2844300270 5643088.6796875000
292558941.0683180690 5654301.7890625000
292290769.2434910536 5651501.5214843750
314329346.8537752032 5816561.5078125000
289335452.2050039172 5601229.8066406250
280153827.8178251982 5260767.0410156250
280952716.9349432588 5312259.1484375000
323700901.5706904531 5870554.7285156250
277460377.4148450494 5073833.4003906250
277594116.3958964348 5086015.8613281250
308467973.1248816252 5776466.3144531250
283047424.7858992815 5401511.9472656250
283288590.1593070030 5416107.7031250000
281743387.8159482479 5349068.3027343750
280064252.6592913866 5256106.4296875000
290197569.5559689403 5617144.6875000000
305137597.6084238291 5757349.0332031250
282392137.7028600574 5387783.3691406250
282170868.8664048910 5373800.7363281250
281830396.6029808521 5356171.3632812500
293476984.1450349689 5666405.0566406250
281936905.6301409602 5362296.5332031250
298203598.0646871328 5716973.7480468750
297758965.6678510904 5711764.5957031250
335560704.0399190187 5908514.4121093750
281372656.5489141941 5325549.9394531250
283984424.6674855947 5432996.6269531250
295442812.2503144145 5703152.5878906250
281436404.9535526037 5328143.9648437500
280344979.8543869257 5267518.9101562500
281429799.7529935241 5327376.8574218750
285738806.1919271350 5490077.2324218750
285793756.5545700788 5493745.4707031250
304917758.6254050732 5752154.5625000000
281518863.0709272027 5331211.6347656250
283798092.3198287487 5430204.2753906250
309970735.3876475096 5784422.4375000000
327275914.9553238153 5877890.5234375000
306297713.1366708279 5760407.0253906250
306115840.1118890047 5757413.7148437500
331924902.2828832269 5897670.9921875000
312356851.4797210097 5796222.5625000000
323432224.4187071919 5868739.1816406250
294069169.4913364649 5678856.2011718750
284214448.7204002142 5444254.7285156250
281552035.2146577835 5332635.5449218750
280514945.6424178481 5275960.3828125000
293917153.6300358772 5670434.4257812500
282696493.6183781028 5388267.3164062500
285158249.5613935590 5477708.4355468750
283080247.6318911314 5407540.2460937500
284060532.5424323678 5442219.2617187500
285113698.9956755042 5475872.8222656250
302702313.6218510270 5738505.3378906250
284939947.2158133984 5471167.2031250000
294527229.3741311431 5686316.5605468750
318546540.3444591761 5830850.6523437500
284024634.7549706101 5434121.3593750000
282877881.5129817128 5396018.6777343750
284892096.5057980418 5465659.3378906250
283958828.7435457110 5432091.7011718750
318047201.1633567810 5827713.0312500000
318813606.3016334176 5833009.0585937500
318268403.1195380688 5828936.9179687500
291709973.2949939966 5641805.0078125000
318279024.5549805164 5829808.3964843750
316369876.4970986247 5816635.0878906250
