84593793.7503002286 606120.2998046875
85167140.2303250432 719608.7810058594
85434370.3158968836 748981.6472167969
86126025.6658260673 814049.6965332031
85445027.0937937349 749677.9108886719
84701112.8426828682 641511.5058593750
85492084.1314986646 754798.7565917969
85913951.9280926585 797278.7036132812
86114773.9623833150 812452.9709472656
86668934.7380770594 844436.6408691406
85891085.3652782738 796773.7675781250
85494074.1048518717 755360.3415527344
84575433.7877607048 597618.9545898438
86469810.7358835340 834008.1203613281
85123770.5562631339 712262.5192871094
86268048.5575017184 821005.3627929688
85445482.4743405581 750026.6647949219
86363177.8096251041 829398.3117675781
85672007.9854137301 776177.8300781250
85448131.3348879367 750116.8845214844
85423857.3889942914 747669.4558105469
86312262.9760406017 826792.7551269531
85723844.8104925156 781853.2373046875
84579063.3950809836 599367.9968261719
84665315.8472961783 629653.3952636719
99363771.9855350852 903766.4824218750
85433582.8776652813 748075.8513183594
85625523.2376512438 769919.5642089844
85584413.1332277209 764877.1442871094
86676202.3445148319 847219.1313476562
85498500.7215624452 755458.4626464844
86058357.1312924773 808634.1213378906
85789604.1220040768 785414.7438964844
84672687.2179879993 632044.4880371094
86322817.3407807946 827357.2785644531
84645848.9639037102 625692.8913574219
85604414.4698624462 767036.2812500000
85999114.3686561584 804230.3759765625
85652480.8560499549 774475.5888671875
85608340.1543731093 768738.5224609375
86340916.7622061670 827865.1274414062
84680523.8182011098 635273.4487304688
84673687.6263217479 634315.2475585938
84534092.3911919147 578088.9877929688
84626233.6441437453 615278.1528320312
85756086.0634317845 783650.6611328125
84628567.4384647757 618933.1655273438
84658479.6554168165 628695.1940917969
85818704.6944620460 789831.0043945312
85659556.3333078921 774565.8085937500
85790050.9082964510 788761.5449218750
85724474.1772051007 781948.4199218750
84558872.9732209891 591943.3784179688
84562502.5805412978 592930.3374023438
84537994.3566241562 580456.0668945312
84576071.4913076162 599336.7497558594
86493189.8402513862 834678.2524414062
84524352.6366190165 568147.6660156250
85236359.4117196798 727081.9099121094
85701257.6250623763 776763.0239257812
86754522.8164355159 851407.8339843750
86857233.3598761857 854598.8115234375
86386044.3724394888 829906.1606445312
84693668.6433405876 638604.0976562500
86634135.8265755773 840583.3007812500
85520439.6915967762 757589.7155761719
85922749.4288175255 799145.3889160156
86840682.8416923434 854148.3642578125
85926174.4993372113 799382.4853515625
85303875.7409082800 734785.9108886719
84749062.6480062306 651709.6240234375
86562030.7961644530 840125.0058593750
84554555.1711638421 586893.7263183594
86536600.7946256250 838196.1914062500
84607978.4139830172 612695.1826171875
85082985.4534302354 707423.3671875000
84641441.6150486469 621363.4602050781
84665090.2371058911 629151.6232910156
84782750.8172964156 659230.7937011719
84607767.3888800442 609112.9497070312
84640104.9513732493 621053.4020996094
85746012.0380437672 782746.2416992188
84630640.9929987788 620072.8378906250
84616456.3293159902 613497.9550781250
84542997.7547716945 580549.5085449219
86108702.6641023904 811324.4885253906
84782289.3012584150 657304.4716796875
86275200.4219036400 822110.7602539062
85832217.1592633724 791028.3095703125
86237654.9002172798 820408.5190429688
86546226.8051080406 839549.9711914062
86521670.3273201436 838083.9726562500
85074489.3368420601 706452.8193359375
84690301.1330288500 637751.6164550781
84655626.2787314504 628171.0590820312
84683464.9411494881 636793.4152832031
87108168.7804903686 864344.8593750000
84534364.7493038476 579469.1079101562
85418087.1041936874 747135.7053222656
86439817.0699589550 833045.7065429688
85214094.1638783664 723065.0681152344
85860597.7682458311 792569.3603515625
85968340.7503041029 801649.2500000000
86413641.3239422590 830627.3642578125
84988311.7737288922 693645.1191406250
85762951.5113652349 784155.5971679688
84717554.5268474966 644212.7814941406
84739598.6896317899 650791.1103515625
85218356.4092599154 725436.0671386719
86959931.8846458644 857204.3681640625
85456351.5934220850 751728.9060058594
84533549.5430160314 576916.7167968750
86301603.6404538006 825414.2851562500
85639449.3395749927 770233.7478027344
95492242.8189549744 903338.9687500000
85197021.3122347593 721537.2683105469
85170132.1340984702 719626.7321777344
84603605.0516204536 607609.3613281250
85693867.1122507602 776672.8041992188
86733217.8679261059 849768.8164062500
85959128.4564332217 800847.6301269531
86031976.0977080315 807394.7080078125
84553331.0891974121 586600.9194335938
87135090.4747383744 864405.1298828125
85043917.1648708433 701941.2812500000
85780198.4371766299 784294.9094238281
85851385.4743749797 791767.7404785156
85734956.5804853290 781961.0068359375
85914364.8846049756 797279.9145507812
85071629.7411199957 704878.6013183594
84941501.7296013236 685625.8972167969
85120576.0607898086 712257.2409667969
84520723.0292987078 567160.7070312500
85017966.0393715054 699107.6982421875
86140005.1010859013 814851.3164062500
84732762.4977524281 649832.9091796875
85113658.4725057483 710515.6540527344
87269576.6570824981 869359.6816406250
85852945.6003572196 791775.0573730469
85027429.9977459759 700026.2119140625
85034453.2064964026 701022.7675781250
85189439.7629545033 721491.7653808594
85020957.9431449026 699147.0439453125
86185818.0864731967 816553.5576171875
85721350.4520086348 777912.5571289062
85117584.1570164114 712217.8952636719
86896725.5857116878 856597.5615234375
84981475.5818495303 692686.9179687500
85826586.8587691784 789901.0551757812
84964844.9064908475 690769.8583984375
85134071.3241413087 714132.9645996094
86268466.0171641558 821664.4414062500
84529774.1667764634 571996.9223632812
86067330.4390723854 810332.0061035156
87459819.5762149543 874179.8437500000
86195429.9575452656 816892.3496093750
84546921.6329901218 584102.7043457031
87393784.2585564405 874089.6240234375
84763504.5326695591 655823.2451171875
85287575.5906544775 732909.1960449219
85359883.9473633170 740382.0270996094
84710576.8010573238 642430.0195312500
85592295.2975348234 764947.1950683594
86981665.1378080547 861976.4599609375
84568592.0267145038 595685.7514648438
84543894.4961879849 582738.7036132812
85247198.2979526073 727698.5876464844
87172040.4753689021 866446.1630859375
84841740.0559968501 670015.2373046875
85944727.5754013658 800017.0595703125
84694276.6508035213 640553.3046875000
84666437.9883854836 631930.9484863281
86197817.7860737592 817490.9155273438
84623332.0870452374 613658.4279785156
85874206.8663063198 795005.1806640625
84679068.6798985749 634933.1770019531
86213600.7275279015 818772.1877441406
86046822.9433196336 807473.6679687500
85941612.5524832457 799947.0087890625
85251037.3062913418 728924.8034667969
86482587.7308656722 834388.2661132812
85502426.1677571982 755813.1218261719
90777115.8566441089 888386.7363281250
87492969.2890362889 879448.8564453125
86294551.1000867635 824947.5239257812
84772968.4910439998 656741.7587890625
84967980.3184980303 690811.1943359375
85761436.7222962528 784106.7832031250
84964988.4147246331 690771.8486328125
84651230.0174805373 626310.8208007812
84986837.8646383882 693119.4040527344
84941883.2244488597 686603.1279296875
84906511.8010206819 681925.2675781250
84903519.8972472847 681885.9218750000
85466966.0638280213 751809.1638183594
84952645.1008388847 689263.5703125000
84981288.5649784356 692648.5634765625
84912983.8556217253 682804.4355468750
84895749.9246306121 679279.1933593750
84919913.9323105067 683350.4921875000
85263498.4482064098 729575.3024902344
85003138.0148921907 694996.1188964844
85506526.9284202605 757499.4958496094
85052263.2184838057 702373.7673339844
85394156.3145631701 744816.0563964844
85194592.7725957781 721503.4470214844
98680839.8418514878 903612.2070312500
85098739.5233175457 708470.7792968750
84815676.5256756395 666021.3632812500
84866130.4441107959 675024.5263671875
84936214.0825643092 685227.2070312500
84840525.1733252555 669863.7636718750
87060933.7860057652 862546.5566406250
84562097.3555402011 592539.0490722656
85528659.9501308948 759201.7370605469
84844450.8578359634 671566.0048828125
84867909.3732075989 675383.0791015625
85202121.0499373972 722107.4343261719
84851609.2229537964 673506.3642578125
84879940.0800623000 676289.4714355469
84720231.5231572688 645496.3964843750
84858445.4148331583 674464.5654296875
85490395.4609024972 754608.5363769531
84799089.8870019019 664144.6484375000
84727067.7150366306 646454.5976562500
85240122.8206946254 727608.3679199219
86662863.4397961646 843308.1584472656
84572107.8647451997 597364.5065917969
86971178.5282588154 860870.0498046875
90622731.0595697612 887912.9531250000
90718465.4913234264 888111.6171875000
85256422.9709484279 729485.0827636719
87672972.9215987176 881795.6064453125
85414681.7302631140 746191.1745605469
84851287.0497153252 672524.2060546875
84556699.9264129251 591860.3247070312
87152345.9926789403 864807.0957031250
84641452.7026528269 623832.6530761719
84795301.7514224499 662284.4101562500
85547086.4412278831 759419.4255371094
85483451.0938239396 753673.9675292969
84547367.0003209859 586184.4140625000
85551513.0579384565 759517.5466308594
85098244.0584862679 708432.7138671875
87236704.3661338836 867266.4531250000
85351489.9066500068 739527.2607421875
85330872.7401828766 736944.7922363281
85348986.9379874617 738181.8225097656
87206950.0968970060 866706.4023437500
85475847.0036797971 752567.5031738281
85368104.2058974355 741994.0485839844
85407077.6401189566 745084.7102050781
85558457.4250169992 760353.9943847656
85433656.8041963577 748330.3288574219
85577746.8403121382 762906.1618652344
84585882.7926278412 601916.4367675781
84591280.2217551172 604270.1503906250
84625032.5387685299 614663.5322265625
84756668.3407902122 654865.0439453125
87465859.1138674766 878478.9052734375
85273273.0607404709 730391.4750976562
86835227.7713912576 852078.4482421875
85331363.7628719807 737294.3627929688
85561705.3191147447 760569.6301269531
84728366.2365015596 647972.6708984375
85209180.6830661297 722319.5722656250
85216016.8749454916 723277.7734375000
85009168.3983093947 696608.6914062500
86867787.7246163934 855163.3349609375
84772825.3428839743 656385.9580078125
84748296.5617646724 650909.3903808594
84756085.6546343565 652812.2260742188
85063390.8995811492 703114.5302734375
87590326.8457081765 880902.7490234375
84749249.4627550244 651854.0249023438
85151089.9809346199 715416.6845703125
87349880.7486779988 872814.4926757812
84823579.7486695349 666584.0761718750
84600280.5464053452 606210.0637207031
84814115.7902950943 665665.5625000000
84560935.9110872746 592448.3710937500
84601441.9908582419 606239.9411621094
84834305.6478040963 668022.2270507812
84790539.9101661146 661133.6293945312
87649218.7355514616 881472.8457031250
84827469.4559247345 667064.0258789062
84605677.9755325913 607697.5461425781
90295097.6285810620 884423.1191406250
84573603.3284402043 597617.5849609375
92461864.3195908815 900783.9677734375
93158319.1088839173 902588.0283203125
91220585.9156538248 898195.9179687500
92982161.9090752602 900854.4814453125
94188143.5287909508 902848.4531250000
84572441.8839872777 597587.7075195312
85343364.8274389803 737384.5825195312
85364323.5506265908 740575.8762207031
90589187.0690141320 885324.3574218750
89610837.3516193777 884237.9482421875
89829665.0533755124 884263.0000000000
