9834581.2396137081 900509.4843750000
9827466.1124397982 891111.4873046875
9841021.4944381006 907299.1035156250
9896809.2542414889 921980.3486328125
9965833.7001788411 928005.4404296875
9919135.9761000425 922167.5410156250
9878448.8913192842 918346.7490234375
9845930.8228886817 909352.0888671875
9928588.5873754360 927949.3759765625
9834280.9710559919 900314.5585937500
9981718.4197700471 928092.1298828125
9849765.4445803817 911756.5107421875
9837674.5409842934 906992.2539062500
9833304.7162879650 899765.2919921875
9955121.6820157748 927960.4960937500
9846140.5691953190 911152.0058593750
9830813.0658936054 898341.1269531250
9887678.4980552811 921459.9609375000
9932816.7375566065 927951.3544921875
9837182.2065311633 902392.7783203125
9901575.3783556633 922022.5849609375
10458637.3743840288 928356.9023437500
9922132.8264638279 922456.6376953125
9862355.3898636363 914733.7705078125
9828400.9827543274 896104.1787109375
9935520.4611122254 927952.5888671875
9841229.0660628937 908648.4726562500
9856545.7480144929 914323.7382812500
9959241.4597935304 927999.5449218750
9834929.4284373932 902089.9511718750
9881420.2494210638 921048.8603515625
9865980.2652486991 915256.0566406250
9898971.9403239209 922019.2626953125
9978079.3217100278 928009.4951171875
9864882.5612426307 914916.5771484375
9852920.8726294301 913719.2333984375
9832089.5892193466 899085.3193359375
9940181.1895717271 927955.7822265625
9844200.4241646715 909023.8261718750
9847754.9492432717 911189.9677734375
9924836.5500194468 922739.7763671875
9892480.7063660398 921642.1181640625
9896249.5241684243 921681.1269531250
9860340.0244243629 914713.1054687500
9825901.5627611801 889628.3813476562
9850458.6727988906 911817.6904296875
9880746.6243184917 920442.6396484375
9982333.0227321461 928097.8720703125
9886053.7859058529 921051.1093750000
10185766.7661778349 928351.0527343750
10463554.2333503608 928505.8710937500
10070727.8610046878 928098.7265625000
10164324.9358972684 928140.2753906250
10182119.9834085815 928150.4541015625
10279624.3622669540 928352.3242187500
