29709000.9710053019 1023365.1079101562
29527301.5835497752 911428.7873535156
29803197.6272082441 1036494.1484375000
29590827.3683288097 997514.7060546875
38010069.1199133694 1073967.8056640625
29649415.4955996685 1013747.4775390625
29638379.0408373848 1011648.1083984375
29858957.1705847904 1036509.6503906250
29985004.2810841352 1046488.0073242188
37416810.3651914522 1073723.7705078125
29575775.9036786184 984054.4677734375
30854316.0128151700 1070618.1650390625
29707554.7026363388 1023063.0781250000
29553743.7128991298 979663.5234375000
29605862.8169719949 998594.2700195312
30112030.0365832187 1057360.4619140625
29584008.3580992743 984256.3237304688
29633575.1196943931 1001035.9409179688
30705439.9288497306 1070618.0712890625
30069085.6185243055 1053760.5986328125
30007896.8102549240 1049759.6884765625
29633583.4052209705 1004996.1518554688
29586586.2348338328 996000.9663085938
29647272.7740114778 1013102.2436523438
29587094.3440865539 996313.1142578125
29624052.4559002034 1000630.6250000000
29718559.1449007131 1023528.7553710938
36879763.0573574379 1073474.2646484375
30087127.5116607733 1053813.7500000000
30042907.7582721598 1053520.3027343750
29944739.5412171707 1043894.6230468750
30987474.3691063486 1070618.3427734375
29757913.6564683691 1024025.8666992188
29978758.8236724027 1044854.5029296875
29885928.0481687039 1039634.4550781250
30088526.7962958254 1056285.2431640625
30434902.2719809525 1070578.5888671875
29918520.7926095575 1042299.7558593750
30162601.3043272533 1061434.1601562500
29530056.6198084913 956403.6503906250
30305783.6844271384 1070185.3134765625
30143160.1265557297 1061245.4736328125
29860617.3154215291 1037749.8706054688
38142117.9088015333 1074043.1123046875
29764159.1138801016 1025523.7578125000
29787524.3278854191 1026570.9770507812
29536178.9759498388 957501.4418945312
29920607.0873866901 1042312.8242187500
29968104.7552224882 1043935.7207031250
30038887.3792969361 1051587.5781250000
30276413.2970940731 1065246.4492187500
29543792.8418540694 968895.3205566406
29880822.0097678266 1038630.0541992188
29938635.0110133663 1043433.1621093750
29784363.8082264028 1026538.5444335938
31494786.8895763010 1071189.7705078125
30244922.4132470936 1064857.7812500000
29993268.3412732705 1049648.2880859375
29892173.5055804327 1041267.9594726562
29981574.6456438303 1044878.0693359375
30118444.4183274694 1057970.0190429688
29570031.3161829114 982420.6308593750
35117782.3792417645 1073166.7880859375
31067557.7951682135 1070655.5595703125
37324617.8857152387 1073515.8642578125
30119286.8857367337 1058625.1767578125
30122275.2227552123 1058664.5380859375
29950691.4961172082 1043911.3115234375
30003313.5061060637 1049737.1123046875
31685670.1942566857 1071637.0556640625
37269088.3618822843 1073506.8818359375
37408106.7994578481 1073536.2177734375
