46650775.3435546160 478637.2133789062
44919747.2548486069 402460.4722900391
44706146.3904974759 382514.5604858398
44994390.4800932854 405850.4744262695
46194942.9202474207 464151.2592773438
46621908.3824578002 478053.7973632812
45176395.4451329783 415227.9976196289
47462892.7881118208 483804.3344726562
45757849.2298471704 447893.6464843750
44770414.5376308188 384736.3360595703
45112874.4367895052 412436.3073730469
46112149.3148107827 462811.4760742188
46516328.0926902890 474472.2338867188
47017253.8265392855 482993.8090820312
46135663.6830804199 462969.2827148438
45288442.9696472362 422671.5944824219
45594616.2217023149 441038.8117675781
45067695.6628902182 408996.5776367188
44916831.3194939792 401530.5836181641
46660172.5635920465 478809.2631835938
45782320.1593440771 449043.6708984375
45085556.8772623017 409840.1392822266
45988925.4091653600 456354.6972656250
46445035.3133973256 473609.2875976562
46412880.5775272250 471645.5708007812
45572697.9773609787 440877.0158691406
44664728.6448578760 372310.0480346680
44693838.0012229532 380752.1002197266
44607297.6606784612 369303.7532958984
44667644.5802125186 373239.9367065430
45609827.6109263375 441689.2180175781
44748752.4719968140 384224.2795410156
45079118.8171531782 409777.5808105469
46211172.2863490283 465108.8886718750
46534421.0422435477 476164.0375976562
45946521.0416004583 455615.8632812500
45644633.3826351836 442180.5236816406
46376675.5332319066 469826.4653320312
45028751.1394843832 408381.9754028320
45011913.6700867638 407193.1638793945
45115741.7371472865 414907.5776367188
46041491.8997623548 458683.0625000000
46233329.0203549042 465353.2548828125
47651460.0045914799 484141.8989257812
44822284.1074360758 388894.2858276367
46160231.2140214294 463206.1108398438
44726255.7534611076 383520.8439941406
46347897.7889998108 468613.9047851562
46395724.9205611497 471027.4799804688
45255081.0015623346 422431.9426269531
48362162.7927993983 484997.4487304688
47246701.7542340681 483541.2622070312
47014540.6549401283 482709.7260742188
46749549.2477134466 480728.7094726562
46383879.7290173694 470123.0180664062
46049871.8262994662 459132.1489257812
46424704.5703310743 472442.6313476562
45290702.7164279372 425926.0266113281
46357698.0219175741 469211.5639648438
45708241.6162374094 445107.4841308594
44812499.4077260122 386116.4282226562
46734264.4610589743 480096.9584960938
45549506.5981278270 440030.2121582031
46827488.4563913196 481478.8686523438
44836777.6089436114 397936.2100830078
46315293.6543526649 468472.7299804688
46844724.8226110190 482130.8217773438
45532020.2622647211 438907.6311035156
45778011.2397483289 448174.0263671875
44967807.8667465001 403002.4003906250
44970652.2739496604 403046.4755859375
44676919.8509842530 379282.1851806641
45096036.9673918784 411247.4958496094
45846680.8861694410 449887.4765625000
45428997.2074802369 433199.9887695312
46293055.9313055426 468428.0766601562
45204636.1733913273 417956.6152343750
45732712.5457343087 446257.5085449219
45794929.3899870291 449643.9414062500
45519190.5736022070 437098.7746582031
45719745.1631096825 445584.8811035156
46726351.3550147489 480076.7563476562
45665754.1117999107 444752.5915527344
45529175.8550615683 438863.5559082031
45247614.5035104230 420938.1057128906
48100614.8581897691 484671.1059570312
46369978.3841872886 469739.1679687500
44825200.0427907184 389824.1744995117
45978690.9333743975 455841.4851074219
44852062.3955980912 398567.9610595703
46742289.3666717336 480303.1000976562
44984726.0169852003 404472.3154296875
45207552.1087459698 418886.5039062500
46186681.6841610074 463949.6655273438
46181898.3760658428 463826.3256835938
46660575.5764723644 479234.8725585938
46681187.6196248084 479235.7739257812
45818535.1491130218 449883.2685546875
45744216.0926065892 446734.9055175781
46388196.7396783382 470578.1840820312
46009940.4651981145 456781.2080078125
46165126.6900187433 463729.5297851562
44721431.1771519482 383146.3114624023
46076481.0473575145 460874.1098632812
46601296.3393053636 478052.8959960938
46230101.0515122414 465172.2163085938
46911153.8261559084 482567.2983398438
46576825.4098084494 476902.8715820312
46815978.2512583360 481165.1860351562
46888358.9463375360 482340.9545898438
46263782.1866841465 467041.3925781250
46280349.3226676881 467272.9067382812
46510751.8578959331 474462.5151367188
45868574.1161103696 454402.1440429688
46097719.7141732424 462136.3491210938
48114499.0812332183 484692.1538085938
46260156.6428374052 467019.1601562500
45738870.1921889633 446610.3791503906
46589303.3049326837 477093.2504882812
45796980.1549707651 449663.1328125000
46522575.8506997824 475259.5756835938
45476522.6223027334 434139.5961914062
46709206.7471474409 479938.7387695312
45222878.6917828768 419844.1718750000
45238740.7278797701 419890.4648437500
48401177.3889545500 485126.3569335938
45477805.1940731481 434231.3208007812
46627531.7603339776 478479.4067382812
46072855.5035107806 460851.8774414062
47552536.4004119560 483989.8569335938
45998186.6428536102 456538.8388671875
45416682.5989746228 431828.9350585938
45245981.1399261951 420099.9416503906
46688447.5006665215 479661.3833007812
44656095.6796640605 370733.8917236328
46783623.0755640864 481063.4956054688
45451625.1632539183 433593.7983398438
46784905.6473345011 481155.2202148438
47841856.8045141250 484541.3959960938
45509375.9580660090 434815.3872070312
45368258.1789842248 428533.0307617188
45403043.6342896223 431230.5688476562
45926190.2985342070 454449.2070312500
45467487.1993508190 433640.0913085938
44679835.7863388956 380212.0738525391
45376054.4198517278 429829.2502441406
45709069.9883081466 445291.7221679688
45418328.4209441021 431862.3198242188
45244698.5681557879 420008.2170410156
45852050.7080956995 449996.8828125000
46061819.7054832131 459964.0473632812
45180648.6770479158 415651.8076171875
45809370.4002692178 449756.1142578125
45181262.9871615544 417721.6142578125
45357583.5868698806 427802.2746582031
45419961.7845283225 432700.4838867188
45729802.3987576067 446012.2917480469
46336205.5268304199 468552.8940429688
48009122.2622096315 484642.3813476562
45756654.8253504187 446805.7580566406
45752246.0987458006 446794.1975097656
45415479.3643356189 431457.3605957031
45288843.8953642920 423131.8713378906
45859281.4805473313 450608.1296386719
45727775.1692488939 445644.1730957031
46087678.3853138760 461661.4516601562
46250838.5624737963 465635.7641601562
45391603.6296857670 430754.0969238281
48334980.7142493501 484976.1313476562
45504218.6718437374 434475.1193847656
47764436.7316944376 484280.2602539062
48246676.5906015784 484932.2416992188
47653289.5880344585 484203.8315429688
48212693.5059937313 484703.0922851562
