44794451.9466134831 408217.9624023438
44332037.7687666714 373062.2184143066
45938737.0660697892 463800.5424804688
45040182.0130191818 423204.9108886719
45299617.7048487291 436359.3535156250
45670987.9691660330 453383.9545898438
46331698.6815423891 476071.3251953125
45516585.1524162963 447734.3044433594
45320058.0558580607 437135.0087890625
46052601.1835671738 469152.7861328125
47562218.1608634219 484989.3325195312
44881899.1287343875 414285.8167724609
45591438.3630143479 451807.2563476562
47166896.0103028268 483993.8696289062
46336511.4534823522 476137.5781250000
45482313.6141761541 445480.6254882812
46643446.6449438035 482319.9731445312
44845897.0089473948 412635.7740478516
45666175.1972260624 453317.7016601562
46626986.6625995487 481869.9682617188
46631799.4345395193 481936.2211914062
46571365.6375875473 480892.3891601562
44730752.3277584538 405007.0682373047
47575656.6290066913 485237.2670898438
47464850.5572885051 484834.6870117188
46029341.5603743047 469120.1015625000
44116589.2051552683 323170.7469329834
46093883.5129854083 470159.6210937500
46735365.0818016380 482635.4858398438
46758165.9953258112 482715.8217773438
44786126.1924780458 408075.1010742188
44369436.9237596169 376117.7567138672
45059675.3194325343 424698.7478027344
44268554.9033989459 363087.9649658203
44841084.2370074317 412569.5211181641
44671354.5878631920 401176.8402099609
45563802.7719580978 448821.3776855469
44176691.5536595136 337538.2369384766
46294009.6637420431 475146.8330078125
46100139.9959601685 470455.9609375000
45234893.6856533587 434610.1467285156
46228538.9983991385 474669.2128906250
45408715.7139713839 442612.8491210938
46024528.7884343415 469053.8486328125
44485934.3666118309 389762.9798583984
45225782.0849429443 434247.2092285156
45719282.5593307689 455899.7045898438
44755395.8109835535 406336.3508300781
46566552.8656475842 480826.1362304688
46151926.8547450677 470716.5605468750
45665092.4052726626 453245.8881835938
46289196.8918020800 475080.5800781250
46484915.4680035487 479490.2768554688
45754485.9709775820 457755.8129882812
44802550.7362716347 409544.3751220703
45363258.4782700315 440103.9548339844
44133879.0366257578 333765.5657958984
44517939.3203547224 391096.6286010742
44880744.7159419581 414185.8898925781
45342890.8087028712 438940.6149902344
46480102.6960635856 479424.0239257812
45651578.7991942763 452409.3227539062
45745700.5919662565 457733.8198242188
45347703.5806428194 439006.8679199219
45714469.7873908058 455833.4516601562
45230594.8568829000 434313.4621582031
45444580.5115022436 444402.7045898438
45573817.4861039594 449453.0776367188
44722426.5736230090 404864.2069091797
45740887.8200262859 457667.5668945312
45810878.8814326301 459837.0561523438
45573873.0031826347 449967.4567871094
45690440.2628903687 453893.2495117188
44867606.1898665577 413976.7756347656
45773024.9323956072 458766.4614257812
46687492.5614826530 482386.2260742188
45949014.3087358698 464058.2026367188
45873403.1012100652 462656.0903320312
45510939.8333017454 445877.4128417969
46164488.1313780397 471511.1328125000
46159675.3594380766 471444.8798828125
45505771.4985775575 445817.6569824219
45897196.7817858234 463731.5659179688
45787084.7411728203 458778.9428710938
44126798.7442297712 331977.6273193359
44224466.2200189456 352553.5547790527
45815691.6533725858 459903.3090820312
45307086.3138044327 436730.6318359375
44304164.1636073589 371000.5831298828
45521397.9243562594 447800.5573730469
45288875.5791614875 435328.5195312500
45953827.0806758329 464124.4555664062
46185965.6805073544 472792.6542968750
44684066.4362016320 403481.5518798828
44779711.3576130494 407730.3581542969
44681207.2691928223 402003.1154785156
45849719.6659418046 461860.1074218750
46433439.0236674547 477492.2949218750
46781406.8110680208 482924.9360351562
45248243.2535963356 434808.2705078125
44389502.4034983367 380243.5544433594
45841897.0068447515 460946.9687500000
46846431.2789155617 483212.9262695312
44766572.8315376416 407521.2438964844
44672881.5150573701 401860.2541503906
45138546.7479105964 427064.8659667969
45187723.9937452972 430809.3996582031
45976392.1111760885 466066.0048828125
45284062.8072215319 435262.2666015625
45388297.2677453384 441169.8225097656
45302273.5418644696 436664.3789062500
45336886.5213729143 438052.0061035156
46069676.9648119956 469344.8964843750
45356733.8779276162 440087.7033691406
45496204.4107118472 445784.3273925781
45203470.4577213302 433058.3977050781
47012019.6137889400 483624.2006835938
46696549.2908257246 482492.0854492188
45697393.7753858864 455768.4575195312
45355451.3061572015 439995.9787597656
45445339.2263269573 444746.6743164062
45424931.9974826276 443643.6831054688
46776594.0391280726 482858.6831054688
46608239.3000288904 481583.7065429688
45095801.3034701198 426115.5014648438
45027442.3114806339 422759.7194824219
46077425.4695050046 470073.2158203125
46477265.6431676298 479087.7446289062
45344709.1804699674 438965.1447753906
46072257.3083966672 469981.4912109375
44667055.7590927482 400880.1556396484
45375858.5350015163 441098.9699707031
44377673.4679773450 379395.8092041016
46082238.2414449602 470139.4687500000
44444349.6577057317 383046.6758728027
44717489.5115023553 404243.4411621094
45339896.4085299969 438898.8918457031
45195546.6528423503 431722.5383300781
46105340.4269629940 470530.2978515625
46603426.5280889273 481517.4536132812
46110153.1989029497 470596.5507812500
45380671.3069414794 441165.2229003906
46800114.9380878657 483191.3500976562
44499480.5216371119 390162.5872802734
46340672.5729729757 476243.6650390625
44252170.2238229439 361616.3978881836
44810299.2409646362 410272.6944580078
44180933.9821255505 341397.0549621582
46691736.5188857615 482425.8325195312
44645925.0404065847 398209.5665283203
44339398.6755016521 375645.8156738281
44206007.4832212403 346402.9620971680
45844906.8940018490 461793.8544921875
44373487.0687029436 379276.6143798828
44513832.1846253127 390888.0997314453
44815112.0129045993 410338.9473876953
44121014.7466689125 325774.3521575928
44222623.8322098330 352304.3326263428
44173456.4884282127 335136.8126220703
46000499.2639339119 467113.6464843750
44653044.7450044602 399097.5474853516
45863227.9595670030 461868.2294921875
45218033.5802499354 433518.8898925781
44447659.5741361380 383652.0417480469
46210053.3906419277 472858.9072265625
45202478.6826227307 432421.8029785156
45190733.8809023872 431656.2854003906
46251729.1606720611 474966.0146484375
46434076.3917029202 478970.0444335938
44834394.7467691973 411675.8682861328
46369275.4731486067 476613.4121093750
44371647.2863353640 378069.2199707031
46377023.9778416082 477341.7314453125
46510970.1709991470 480463.8813476562
46300990.9307490513 475935.2763671875
46301412.7703158036 475939.6191406250
45878215.8731500134 462722.3432617188
45004138.9091604128 420934.3132324219
45710369.5351320282 455820.9594726562
45730354.9244096130 456919.6079101562
44849586.4809472263 413380.6700439453
44854399.2528871894 413446.9229736328
44524825.2612455264 392401.4624023438
46343085.1062229276 476393.5986328125
45281879.3006086498 435166.7189941406
45056341.4567338228 423514.8698730469
45715182.3070719838 455887.2124023438
45969437.6692506373 464149.9272460938
45729125.9714598134 456900.2153320312
46005312.0358738750 467179.8994140625
46401111.6879761666 477407.9843750000
46306225.5422557592 476005.8720703125
45763787.5301763266 458009.1362304688
45974250.4411906004 464216.1801757812
45513547.0351109654 447364.5876464844
46730296.7217632830 482631.5112304688
45821772.2822089493 459937.2929687500
44822429.3814767450 410738.1699218750
44172986.8858243302 334845.1668395996
44189141.1298918724 343792.8978271484
44653917.2330173478 400671.0413818359
44662242.9871527851 400813.9027099609
46535665.0073673502 480530.1342773438
46449399.2901612222 478991.1733398438
46454212.0621011853 479057.4262695312
44909468.8991812617 415088.8889160156
44964405.5240703970 418325.5087890625
45691153.3842687830 454034.3530273438
46621918.3025611788 481865.9936523438
44462011.2371243462 384377.5541992188
44912413.6117893606 415424.3200683594
44246084.2237203941 357163.2297973633
45030098.1484963745 423064.7448730469
46589409.1393682957 481410.7377929688
45367422.6247886866 440491.6979980469
44644774.6136774868 398081.5443115234
46481573.5420790538 479457.4135742188
46178946.7912464514 471652.4248046875
45557437.6912181303 448553.5993652344
46590671.4107038975 481439.4829101562
45182443.3848010972 430165.6186523438
45177630.6128611416 430099.3657226562
44608540.0896708965 396528.3621826172
46595484.1826438606 481505.7358398438
47085284.2050770745 483838.8471679688
44600453.6162808985 394391.4503173828
44581251.7197901085 393816.4866943359
46944521.7904942930 483585.1518554688
45542153.9473107383 448488.9538574219
44636448.8595420569 397938.6829833984
45261366.9112218693 435041.6865234375
45027060.0311910510 422695.0280761719
45652075.5001015887 452911.5942382812
47013683.9110687226 483630.5249023438
46583757.4844236821 481105.9438476562
46578944.7124837041 481039.6909179688
47088904.2303244919 483972.7407226562
46741623.0016672090 482713.5874023438
45553426.2820628360 448506.8981933594
45674587.0685909837 453877.9829101562
45540871.3755403161 448397.2292480469
45936248.7090812474 463733.6479492188
46767049.7589809373 482760.0610351562
46932288.2727249935 483561.5737304688
47169352.2591195032 484004.0170898438
47241706.9585015252 484363.5864257812
44984157.6118120253 419163.4237060547
46928248.2387372032 483539.8237304688
44988970.3837519810 419229.6766357422
45016700.1857933849 421728.8854980469
44406587.8745561540 380416.7616577148
47300782.2010205314 484604.3959960938
45890934.9828964695 462751.4868164062
47215141.1845102385 484174.6879882812
44471894.7588632926 386821.7859497070
45564710.7041594610 449286.5434570312
45399435.6809300110 441182.8610839844
45011887.4138534218 421662.6325683594
45050956.5560031310 423460.7917480469
47222538.8022536784 484211.9536132812
45660771.0493905693 452921.7319335938
44561321.3615432978 393082.9796752930
44743462.3555660546 405401.0705566406
47402088.6691749170 484668.6118164062
44799038.1251405180 408342.2569580078
44944449.0398502126 417005.2600097656
45074145.5668143257 425176.8413085938
44546920.7961561754 392616.7232666016
45070114.3320831507 424987.1062011719
45010604.8420830071 421570.9079589844
44562239.5639109090 393192.3459472656
45150263.3194826916 428307.5524902344
44999721.6229099333 419887.8435058594
44908402.3678066134 414989.7138671875
44735136.6014306098 405258.2092285156
45166223.9125839248 429318.8161621094
44923590.6323434412 416609.2131347656
44442780.9941823632 382828.4543457031
44428943.9675654918 381691.7554931641
44953766.9721051678 417373.5682373047
44508229.3757831007 390378.3093261719
44948954.2001652122 417307.3153076172
45291080.3618582115 435501.6823730469
44928403.4042834118 416675.4660644531
44947671.6283947974 417215.5906982422
45135169.1669633016 426594.8229980469
45149363.8071805015 428227.5593261719
45160128.5688735545 429160.8386230469
45164941.3408135176 429227.0915527344
45493415.5253356770 445635.0539550781
44482898.3389456421 387117.0104980469
45144551.0352405384 428161.3063964844
45355891.7379456162 440024.7570800781
44899695.6833916008 414593.9130859375
45141556.6350676715 427911.7517089844
44578282.7249447033 393193.8421630859
47237566.1789294854 484261.0288085938
47178490.9364104643 484020.2192382812
46933856.5928439349 483580.8110351562
47061382.2857032195 483821.6206054688
