29493714.5114658438 4104.2863909677
29521551.6248800121 4117.5127345324
29550794.4363984242 4127.9787598848
29555054.2624476403 4206.1411254369
29505074.3907827064 4105.9929021150
29471956.9976628833 3887.0230495930
29506927.9892050140 4113.9345760345
29518342.4953497611 4115.5718560219
29543710.6012968495 4119.4718544483
29620898.6339617670 4242.8276646063
29485031.1932165027 4004.4744319916
30665988.3651717454 4542.0744723901
34985203.3525350392 5298.4595642090
30269334.9103227518 4443.9522881508
29504214.9306725524 4105.9433376789
29479343.2191453353 3994.8262469247
29482740.0308548510 3998.2674366236
29598747.5810257085 4234.0348391384
29474254.1467730291 3895.0819062814
29478456.8257422447 3900.2724907398
29477766.8961531296 3896.9050268680
29576001.2271884419 4224.8159170151
29511220.4163052440 4114.0216228887
29533537.0112179331 4119.4192183018
29476073.5607618950 3896.8295867145
29473323.3522267267 3888.8072925806
29488230.1580883488 4006.7170540765
29632833.7434719317 4335.4862440974
29559446.6948542669 4223.4817669317
29470587.1057565473 3789.4010830969
29481726.4841256812 3994.9097504802
29471503.9382378571 3792.5287325382
29591372.3660860248 4226.4700578451
30414306.8084958866 4483.5366955847
29624604.4132476076 4335.3308812231
29576424.6219839156 4225.9958906025
29528776.4250821210 4118.3519333452
29543880.5022479780 4125.8715935796
29518314.8410668634 4115.4804823641
29516109.2218321078 4115.4055682272
29872863.4066714011 4357.8142003510
29891907.4757633582 4364.5432218611
30110815.2654242963 4364.6586216688
30249989.4150091410 4370.2148240647
30171891.3826463446 4368.6707367902
30760437.8704270795 4580.1457831366
30856826.8874588236 4741.0999246240
30803598.6546764299 4726.4959504111
30780446.1322238594 4631.3677374823
31212285.8964738250 4780.3917412758
31944507.5896685831 5000.6325941086
31752074.5871682055 4985.8396005630
32180950.2734733596 5003.3097314835
31606627.2220975123 4893.9583270550
31332450.2138922252 4782.4993863106
31597611.3644096553 4791.5635995865
31745492.4847356081 4925.8554210663
31602161.8578860611 4840.2263288498
32867255.2686356008 5067.0352029800
32837461.9292434193 5005.3538711071
32958982.9328090996 5124.0780134201
33613126.2140401304 5145.7283897400
33370203.6595059112 5137.9967222214
34177891.8272823170 5185.4726409912
33770503.8741504103 5148.7789230347
34548551.0682771429 5248.7149581909
34294396.0341080204 5217.0660018921
