161718633.6711724997 197.3358260929
160200798.0435299873 172.0194721213
163293044.5146197975 219.1552005559
160503702.8311383128 177.8253580106
160351550.4593104124 175.6295661104
160069013.4364891350 170.1295430062
160466415.7852210999 177.5979991925
165076833.9930103719 239.8959901426
162011304.4161579311 202.1037041485
161952508.5869547725 201.0301729977
160275612.2174347043 173.2283531248
160074128.5580296516 171.7240790789
158497548.3859531879 135.2064871606
161023900.1200731695 186.7259677328
164699788.9543929696 237.4402393196
161377858.7549036145 192.4132522918
164323757.3608637750 232.3610590701
159023065.7629466653 149.4825403359
159921261.5765090287 168.5098095574
160386946.3607969582 175.6917204391
163351840.3438228965 220.2287317067
158979742.0346552432 148.4569288757
161762919.2332663536 198.8401164944
165008588.2940698862 239.5912976358
161536923.4173922837 194.9142319293
159187240.2823501527 154.3083885726
160904491.7823041677 184.7235397376
159572973.3860677481 162.3748035319
161661548.1846424341 197.1535411412
159701537.7463990748 165.6136646904
159503276.5675355792 160.1994539476
160563568.2824028432 178.2731772435
158833668.8543832898 145.9958049920
159152172.4491287470 151.9289737888
165005798.6160633564 239.1564899776
159871506.5026577115 165.6465121484
161895289.9854525328 200.3108387454
160605520.5012943149 179.3503098822
163131762.6308780611 216.5484531387
159878011.2027589977 166.7200432993
161057875.4026720524 187.3896193184
159914581.7213928699 167.9921957624
159419589.7656998932 159.7087239511
163302437.7952201366 219.3881097599
164214510.0668973327 230.3586310749
163005948.0414051116 214.9825162951
163490190.3130065799 221.8687063903
159321672.4662550390 156.8662270722
162140261.1047412455 203.8093860446
160319118.6757219136 173.9925602495
159097207.7244702578 151.0000769444
162073503.4972295761 202.6618338524
159667782.5034663081 164.2689904459
160162646.5801261663 171.7545499799
164883394.7694497705 238.0168868396
162324232.6480749846 205.4388103781
160659623.1941176951 180.3913824892
159287697.1836561561 156.2025754866
160923443.2187671959 184.8317808189
159514398.8830983937 161.6029108651
160216749.2729495466 172.7956225869
161853065.8550772667 199.8936645924
161872017.2915403247 200.0019056737
161076826.8391351104 187.4978603996
159340623.9027180374 156.9744681534
159369818.8006118536 159.2846306418
160008468.0432052314 168.5598455488
160027419.4796682894 168.6680866300
161171635.9565335810 189.3920473136
162935061.4696909785 214.0484445179
159037421.6725601554 149.8622897216
162199056.9339443445 204.8829171954
159172678.4141246080 152.4680566755
165269674.3393146992 241.7373244260
162958604.4783397913 214.4973235512
164123694.2394629121 229.5807921295
160208427.0780313313 172.5268279730
160432879.2295835316 175.9949882447
160319913.5922749639 174.5211850998
163335422.8551120758 219.9875052734
162372359.2997382283 206.1257491713
159614667.7217645645 162.5527715417
159057584.6579639018 150.3364253589
161195980.1720352471 189.4584594412
161301827.0745452642 191.5806698835
160193231.8515086472 171.8885870629
162891767.9331445098 213.4588601355
160860767.1786715090 184.0335787810
164033520.3752079904 228.9692939273
161095523.2707292438 187.5642725272
161108959.9164379835 188.5938452758
163970402.0045052171 227.5234280080
160897169.7496206164 184.5005048193
160708614.8068436384 181.4745552220
164027162.7663557231 228.1940150708
162489793.8828515410 208.1421271568
162493144.7348520160 208.9952414637
163971613.5534459352 227.8893225640
162253788.5402635634 205.2311988173
165774442.4724589586 247.0351440609
165521044.6864409745 244.1542433202
160226280.4486379027 172.8961781261
159063268.0170506537 150.4331399747
162374133.8933521211 207.1879495383
159188947.5188652277 154.9271764722
162168312.6146280766 204.5560207663
163064743.8706082106 216.0560474459
162017296.5828383267 202.1752227240
162913727.8388184011 213.6752494036
160798143.9107554853 183.2905260172
160703334.7933569252 181.3963391032
161753013.0679018795 198.8225609958
167394045.8504119813 255.3527261615
161217098.1059934497 189.9989787260
158962775.5405653715 148.4422384449
161811329.8029719293 199.1119019692
162385203.4466592669 207.6213493411
161496334.5056363642 194.7171438975
161402701.3619993031 193.0921369238
162876991.3528217971 213.2768343990
163010641.1777848005 215.0149748389
158465834.6274909675 131.1955274661
161630156.9353995919 196.3152290254
162054605.8843426108 202.3461035793
167668808.5664894879 255.4248213172
164016354.2489867806 228.0624515279
162743669.0997673571 211.2784290915
161777170.1525360048 198.9823701387
162098870.2288303971 203.5934521263
161289613.3156722784 191.0834664149
161477365.8334587216 194.0702910227
158943824.1041023731 148.3339973637
164255657.4689729512 231.9306837325
162195712.6998052597 204.6577501360
158604151.9454641938 135.4623644297
164148379.7504991889 230.0404115997
165999124.2781422436 249.0276318192
163640109.8517524898 223.6174155921
161492915.1269784570 194.4546200676
163361233.6244232357 220.4616409107
164100259.3974384069 229.3652335487
161470500.0818131566 193.8833344937
161511206.5063883066 194.7364488006
158827962.6799177229 143.4264400270
161565309.1992117167 195.7775214076
165597073.8021762669 244.8731816709
160774834.8592812717 182.2494534101
163266424.5070247054 218.5674539967
161633033.1016702652 196.6465163529
160747312.1775109172 181.7857298456
165767815.1243150830 246.7320220172
158473060.7056953907 132.4229202588
163548986.1422096789 222.9422375411
163446709.5500586629 221.1368189617
159156865.5855084062 151.9614323326
162718886.9504679739 211.1750359242
163195366.0848845541 217.8839642199
163141263.3920611143 216.8428916128
166821306.3051062822 253.5035650134
161545815.8347241580 195.4438023329
161238311.1660810113 190.5183739582
162558792.2309388816 209.5621784334
164657073.7711443305 235.7510753875
164922251.5418508351 238.6507229656
165102517.9423715770 241.1129404306
163124196.2385703027 216.5163272684
160300128.4078680277 173.7216180685
165451847.3998100460 243.1569310129
163164902.6631453931 217.3694415754
163046128.3711133897 215.4107155269
161392432.2143562436 192.7777227521
165911920.7884037197 247.9887816906
165853291.0499505699 247.4072000682
162813696.0678664446 213.0692228382
161586522.2592992783 196.2969166398
164183225.3144989014 230.0798749929
165684614.9231379330 245.4867777824
162759593.3750430942 212.0281502311
161292413.8589044511 191.5594465653
164898732.8240897059 238.4813119266
163219005.3559688330 218.4105141824
161963482.1747997701 201.6709255283
162655908.4058239162 210.4655091469
166720158.7063474357 252.8283869624
162711871.8081831932 210.9635020425
161162995.4131700397 188.9579061190
162670078.9258855283 210.7114921217
158420093.4282060266 129.7464362179
166128891.8169080019 250.5581466556
166012377.6897097230 249.8829686046
165865566.1820017993 247.7103221118
162917419.9673683047 213.7444008892
163307130.9315998256 219.4205683037
164670481.9220094979 236.1215609317
166719323.4001127779 252.7338415980
165920042.4312261641 248.8418959975
163747368.1192302108 225.6704538018
163934461.1929569542 226.9125688225
159104608.4666979015 151.7990506153
163645091.5270791948 223.8650352224
162584603.0002500713 210.0363140707
160809830.8824265897 183.4278354138
167015335.2919817865 254.3751944900
160837717.2532348335 183.7422826491
162462072.9174187481 207.7372928863
160562465.6346717179 178.1174473610
165723390.1629920602 245.8704939783
163259599.6709467471 218.5350167518
163866069.5088197887 226.3969034106
163832844.0448656380 226.3456318527
158714208.5506748259 139.5924688970
165620056.2493363321 245.0004349649
165626683.5974801779 245.3035570085
160049730.5870523155 169.2629055657
158729896.3440453112 139.9355411922
164426524.4773561656 233.4554813509
164341048.5517207682 232.7803032999
166115760.5596334934 250.2550246119
162327422.7020030618 205.8241082929
160847804.6539962292 183.7766313754
163791816.6846267581 226.2654448673
164468136.4454583526 234.4053102737
165413459.0112977028 242.7808622718
162503695.4402698874 209.0765415063
163332106.3553416133 219.4382286163
165541207.6718447208 244.6283789575
167297443.7832095325 255.0480336547
158729931.9192245901 140.0322558080
160933863.2087140083 185.1720444761
165913415.0830823183 248.5387739539
160941402.2224540114 185.3049237333
164224471.6670377851 230.5896322802
163915145.2278710902 226.8843095675
159020936.1699987650 148.7624401119
166005750.3415658176 249.5798465610
164418344.2690396905 233.0569757824
160993565.8321140409 186.2388827704
167897217.9753169417 255.5704862475
163583018.5259621739 223.2743516713
164513153.3864381909 234.9511626964
160991830.1032654643 185.9119863413
158755930.2475048006 140.2804799472
158806183.7209961414 142.9031824117
163889048.9717325270 226.5532434136
165531120.2710834146 244.5940302312
163377188.9339624643 220.5240068003
166465351.3722468317 251.9403585792
158736978.8110418022 140.1722388660
158935497.7843519747 146.3387706955
164417694.5650863051 232.8996171393
163004804.6368198097 214.6896600517
163138237.6382161677 216.7100123556
163108489.6060389578 216.2523011359
163389149.8088367283 220.5461354107
163492834.7780559063 222.1087764949
166596397.2749272287 252.1434530616
161202937.8066827655 189.4631721592
165479565.9652813077 243.4544270933
158825135.1574591398 143.0114234929
158763616.1551227868 142.7885009781
164459050.6936148107 233.9100900894
159280416.3141067028 155.0921446052
161725578.9572320879 198.0183205009
158639526.8435008228 138.0757030045
166918733.2247793674 254.0705019832
160433923.0596515238 176.1330285322
160646541.3951227367 179.6746808100
165243836.5215135217 241.2124429345
168210201.8235864639 255.7990877032
165760508.9013421535 246.3675985932
160640990.9082890451 179.5418015528
166460926.3322461247 251.6356660724
166816392.5421057343 253.3922078013
166745787.3816838861 253.2757009864
164979706.1510745883 239.0613846183
166809205.3987534940 253.2794267535
167190000.6971748173 254.6343228221
165425223.3412362635 242.9765146971
166743843.7882987559 253.1674599051
163674404.7254662216 225.2600763259
165474343.5710538328 243.3470002413
166729566.9592565298 253.0310654044
166600973.2058607340 252.6139661670
165300448.1674576104 241.7383503318
165893234.6746867299 247.7319102883
166377037.8629713356 250.8977155089
165357474.0201380849 242.3059276342
165485986.0488223433 243.6508399248
165095157.8011882305 240.1024572253
166407072.8569274247 251.1405860782
169448740.9415720999 255.8072883487
169494912.0708709061 255.8076176047
169145899.2525400817 255.8055059314
