29877788.5622516945 34635.3185792789
38102987.2770727724 43643.0460815430
29786886.5049506798 33763.4467928316
37766045.7542893067 43632.9925842285
30062727.5050304048 35653.6088167628
30325538.9417791776 36699.1192510556
30365307.2566532493 36815.1918682456
37262136.0149468184 43612.7429504395
37904173.8814411089 43633.2877502441
37326522.6926308349 43612.9255676270
30722489.8532292284 37444.5423955601
29660629.8659510314 31956.4216732655
29712870.1925280131 32865.1801628172
29918594.7296384238 34658.4171541929
30296233.2860500701 36511.0175457796
37220938.2410029173 43607.1826171875
29668891.0847580470 32024.7293638885
29857031.5194262192 34067.9208013117
29835030.3857314102 33976.7719927654
29721210.2263606936 32868.7792435270
29777983.2360102907 33737.8023353145
29969331.9619592316 34986.8248904925
29742538.2700530142 32997.5772071406
29898168.6064126045 34639.4055428630
29646334.2647510618 31945.8914430067
36951927.5595505610 43597.3979187012
29918675.4663933702 34785.5940835178
30773551.9305158965 37453.4306401890
29726696.7662416473 32937.0363065302
29715426.4951607138 32868.5690733790
29655064.5110444129 31952.3319210682
29927255.8858483545 34826.0930260345
29750314.5053494498 33728.2771058902
29943130.6780543365 34875.4420691654
29796708.1079855412 33814.9043981135
29689211.2068580724 32817.6908326969
29744530.7741494775 33728.0838685855
29702396.8234573156 32831.9887977168
29732971.9383346848 32983.5282520205
29779681.0493387319 33739.8013272285
29675166.2568510920 32071.6690318137
30296585.1579218097 36530.9186193049
29816659.9484453723 33963.4487175848
30028702.5333665572 35527.8813165352
29686135.0611254871 32085.3988702279
29814103.6458126754 33960.0429046974
29776981.8854283616 33737.5125098750
29642241.5708410181 31202.5956462622
29663115.9801432416 31959.6430839598
29724666.9457806125 32934.5474431515
29883572.2934516743 34635.5118165836
30044186.2310407050 35533.4368783161
29633267.4398657531 31145.0066343546
30192906.7340784818 35907.6103513818
29850981.5671018437 34006.2939501628
30477048.1445597485 37444.1152105015
29639685.2682083100 31199.0767579675
29845003.5746606737 33988.5857945979
30284193.2757218406 36510.5292356592
29886128.5960843749 34638.9172327425
30406057.5010639057 37391.4855604395
30377185.9875914194 37330.8114055222
30203093.5071960986 36509.4527586084
30117023.1527305655 35687.3835645821
30034486.2645665333 35528.0914866831
36372414.8763211221 43566.1136169434
29625006.2210587412 31076.9201439619
36557132.0990296602 43576.6378479004
29898957.2612360194 34643.3436897919
36018927.9704728276 43505.9884948730
30052739.4185839109 35617.2025243342
30157896.7197378911 35901.4639280420
30148419.2010379322 35740.3456190731
30151405.4260831438 35833.9623699391
29730942.1178736500 32981.4871110767
36036932.8619549125 43508.1634521484
29639542.6119587943 31191.4985798448
29677747.7221851647 32085.0001929998
29657620.8136771098 31955.7208926652
29680351.3299255073 32085.1887000799
29655302.4284822233 31955.3333804581
29630781.3256735504 31142.0063933730
29738755.6695346646 32983.7214893252
29616954.7519599088 31069.6089505527
29675765.2068317719 32078.8549293280
29637056.4977665879 31188.9460612983
29619222.4898587577 31076.7268761396
29710840.3720669784 32862.1499087784
31013033.1764826328 37694.9689917564
31061074.2697486244 38114.4595007896
31343863.3804587759 39814.5992507935
31029062.8094207644 38060.8440070152
31277741.7926239967 39285.4137344360
31421340.9724482372 40029.0529479980
31693656.7044055536 40038.0220642090
31205788.7500458732 38939.0371665955
31102523.5469185784 38854.5541648865
31356860.7907575630 39836.6184158325
31416486.6747126468 39845.1307449341
31241573.3436190635 39212.0295181274
32068169.1263339445 40061.4100494385
32095868.1027200371 40190.0862350464
32324914.6475029700 40878.8329696655
32301748.9616829306 40373.9944572449
32198227.7332833819 40372.0567436218
32467417.0671546198 40897.3167343140
33569596.9158098772 42210.8708801270
32853398.4659554660 42048.9386596680
32533152.8029701672 41253.8173675537
32818502.6534118690 41370.2593078613
33483764.3959414549 42170.9492340088
33775289.9922972322 42451.9571533203
34199038.3376073688 43092.5706481934
35049499.3410105407 43480.7165832520
33911334.2414480448 42554.7026977539
33854211.7255255580 42465.4776611328
34066331.2582367435 43055.1349792480
34041992.3953742236 42796.2771606445
