43871363.9482822195 10027.6603003144
43841801.4818466306 9314.9576424062
43893343.3791981041 10412.7843667567
43907903.2736402452 10715.7774630487
43962118.5912262127 11178.5496852398
43862111.9509247616 9984.8280211091
43875311.5971292034 10054.0164419115
43878028.9830076918 10356.2810240388
43937060.1550003737 10811.3721888959
43899063.4103474170 10419.5561559945
43865815.3628311083 10016.3162206411
43870784.1192804053 10021.7892850637
47939736.3464235142 15519.6418190002
43931247.6792377234 10804.2908042669
43844239.9579733387 9315.1931377649
43918627.7329673320 10790.8340972662
44229294.9561943710 12030.6185700037
43887536.0642770082 10388.1102300584
43846353.8314397410 9357.7899216115
43849637.6254436970 9686.4106453359
43862630.9468897134 9985.3835610151
48903248.9943384305 15853.6849060059
43847945.9278922305 9643.5783661306
43953220.4686996490 10817.1415522993
43961001.9666607752 10833.6663764715
43865768.2392734140 10010.2306719720
43952370.0024337098 10815.3925447762
44010491.8236561120 11186.8569390009
45018475.7364901155 12973.8188633062
44790942.0194038227 12669.3629764654
43884015.6096075550 10381.6836749017
43858551.5777702406 9978.9570058584
44247564.8569818735 12408.4581221640
44140477.9089433551 11998.0534957983
44055534.8574649468 11567.7353282998
44068349.8796028793 11590.8305873312
43973634.4049864560 11184.5640814304
44012146.1480360031 11492.2340764533
43915353.1445456371 10753.4748824835
44092233.1457649544 11669.8256276250
44118385.9792207479 11980.5055393316
44105024.8640639856 11945.4103831686
44005211.7694521695 11186.4903256819
44073609.5422363579 11620.0758870244
44044191.2409322262 11528.7663067410
43869847.6083928794 10016.6572271287
43906490.9305546880 10426.2923065424
44062758.0818794966 11581.0366130173
44052055.5757201388 11542.1555348039
43874771.6866124570 10047.5898867548
44975446.5904367641 12713.6762128547
45864607.5335723758 13758.3638443947
45934552.8344412372 13762.5046484470
46000352.8763263077 13781.0637572408
45302981.2734909281 13450.6021900177
45290510.5897931606 13055.6304516792
45987626.7586100250 13776.9036848545
46295435.6347818151 14241.1712074280
46261075.4197652936 13875.8247385025
45821700.7519452348 13483.8178153038
45781620.9742721394 13471.1063990593
46520575.5731179640 14549.1864328384
46284648.2403539568 14098.7002191544
46046556.3881427348 13853.8169250488
45846761.9174248502 13721.6713190302
46103643.2945797518 13875.7515915632
47244160.8259223178 14725.0967254639
47023501.9618440494 14623.2513427734
46957800.3487447649 14598.6445398331
47516828.1082435474 15023.3695983887
47155706.8271282315 14627.5859370232
47482200.5166463554 14923.8082122803
47495233.0927924216 15017.4521789551
47460553.1117716581 14862.8349456787
47478167.2569525838 14890.7260131836
47481469.1942735612 14914.6013259888
47519025.9602903128 15465.1832122803
48105070.4198637307 15763.4560852051
