82076533.0158174783 234102.0627695322
82149823.2463521659 239667.6306432486
83346457.7720360905 304181.4228363037
82388950.3501960486 252144.0835554895
82171483.4285815060 242310.0319287181
81844582.1712696403 218383.8183021545
82101442.2223523855 235216.3345897198
83660109.7397230566 316741.6111907959
82094874.1973580122 234348.0903693094
83000360.9580766708 286329.0520095825
83917907.8473154008 328298.0294189453
83167453.7051726431 294889.0054016113
81780112.1121576875 201713.0473756452
82120811.1575732231 238937.1567726731
83159878.8741458952 294321.3714065552
82297058.4580285996 250075.4691353440
82601540.1367037892 265230.6559792012
82499749.6828647852 259514.2098579407
83000503.0528881699 286457.5326767564
83978931.8312915862 331966.9432983398
83175218.3197650611 295113.6067581177
82473772.3582774401 258703.2647501826
82280763.0114909112 247189.0477740765
84490742.6485883892 348887.6726074219
81743001.4961970598 195159.0950262209
82653160.8034927547 267230.9567604512
83852200.0227150470 326327.4920043945
81901639.6991892308 219958.7202949524
82241445.2769110203 244623.2942174673
83418550.8607134074 306638.0136566162
83359543.9881645888 304474.8862152100
83522788.1823408753 311274.7561492920
82310833.1221797913 250144.4105670452
82521858.2071017027 259745.2088759304
82609278.6408055574 266498.1620482802
82512126.1637755483 259709.5396296233
82838535.2908541709 277370.1923187375
83999154.8462881893 332088.5251464844
82429170.8326592445 257833.0199165940
84101244.6656917334 335341.9441528320
83472753.7337961197 309800.1656341553
82355680.4129770398 251650.3711281419
81909099.9919001609 222828.4529595375
82179893.3570410460 242622.9934362173
83897684.8323187977 328176.4475708008
83069747.6856813580 290383.2115951777
83965409.7683465481 331652.7714233398
83308740.1912237406 302043.8754284382
83486275.7967411727 310114.3375091553
82577680.3315521628 264101.8579788804
81717023.9843614399 191237.4052209516
82448901.8073365092 258084.3211694956
82399100.7219703794 254877.6571236253
82561276.6268756092 263988.3723787069
82524456.6327241659 259938.9808535872
82542611.2639516145 262705.9697886705
82381814.2609224170 252125.0802233219
81939170.1025890410 225783.8157525063
83224576.8396715075 298432.7931671143
81823483.7396761030 215428.4555091858
83289198.9687552750 299932.4747314453
82395209.5382146835 252418.1915155649
84240683.8236935735 340043.9865722656
82613956.0252918899 266499.1249619126
82207550.0284105092 242729.4523340464
83052283.8943520188 289489.6575329304
82737205.9004972726 272351.1522557139
82986980.9899431318 286143.3608017564
84227161.7607485354 339729.8146972656
82860685.0281831026 280524.6180039048
83405028.7977683693 306323.8417816162
82495724.2101422250 259336.5310350657
84421195.5869437009 346161.5013427734
82266988.3473397493 247120.1063423753
82919256.0539153814 282667.0369492173
83199908.0207930505 297318.6866928339
82650834.1141885072 267163.5103005467
82955507.2872574031 283703.1815357208
83241015.2551959902 298567.5515758991
83041352.9294183552 289416.1791381836
82803525.0990259200 276111.5597591400
84065458.9076295346 334729.7160644531
83500170.4560232311 310637.7370605469
84328670.3188710511 344884.3280029297
82672184.7264821678 269140.0051275492
82789125.8121577650 275428.3920074105
83454997.6368283480 307660.1851806641
83872423.0377116203 326449.0738525391
82841056.7825773656 279096.0392990112
84296708.8223932236 342455.9859619141
83418923.4570504427 306847.2413330078
81938573.0100480020 225714.7033715248
81979362.6850346178 225934.6276834307
84477220.5856433511 348573.5007324219
84283186.7594481856 342141.8140869141
82004811.1652704924 230516.8913598061
82044812.5290403813 233472.2541527748
82211257.5911490321 242842.9177481232
83754250.5497958958 321690.7495117188
81812791.7259887755 215070.9021782875
84133464.6282169819 335656.1160278320
81759661.5222522765 195511.6496057172
82547177.7813409567 262979.4499559402
82773331.8465496451 274362.9636917114
83689231.6462049633 319477.3223876953
82808448.9209535271 276661.4222583771
83041985.7635393143 289470.4458115101
82315399.6395691484 250417.8907343149
82076176.7631483674 233692.1784646807
82970832.3009764254 284698.0981552601
83252263.3443256170 298640.6912447214
83559071.3110932857 312541.8472900391
84249683.1175550818 341408.0041503906
82417644.7328291982 255207.1776717005
83146356.8112008572 294007.1995315552
82938609.2560652643 283596.8973560333
82346763.8736771494 250637.8150462208
81842861.8366776705 218026.2649712563
83826181.0604001582 325399.0715332031
84203827.4612499326 339265.5852050781
83929904.7948440611 328490.6194458008
82237910.4589463174 244197.8954290152
83209565.7103864104 297365.5486313105
83219893.9653937519 297750.1355686188
82631511.0053927451 266869.5378242731
82662133.0628876835 267550.8857548237
82363485.4883934110 251992.7927271128
83544661.2558716834 311961.0648803711
82465726.1879653633 258177.2635478077
83698889.3357983381 319524.1843261719
82683441.9758123308 270500.8670867682
83548089.7824068666 312207.6663208008
83399382.9847128242 305118.0521240234
83661299.5280383527 317532.9457397461
84060086.4537376612 333247.1282958984
83674821.5909834057 317847.1176147461
82623340.9947304279 266783.0627905130
83429016.9934603274 306914.8117675781
83195530.4455922246 296718.5960094929
82719575.8626697212 272140.4165101792
83685803.1196698099 319230.7209472656
83373438.6474466622 304998.2857666016
84034142.1164714843 333127.3619384766
83929890.2068955600 328365.5998535156
83607096.6549556553 314370.7937622070
83593574.5920106173 314056.6218872070
82553151.0153572857 263002.0749697981
83254537.3181410432 298881.7234508991
84017627.3738078177 332587.2971191406
83192341.4103476405 296555.6020278931
83356923.9047829956 304458.2209472656
83578739.1246915758 313400.5098266602
83415494.9305152893 306600.6398925781
82874678.5615888238 280883.9074153900
83179015.7029285580 296178.5311901569
84089720.4624851495 335043.8879394531
84064380.2832462639 333626.1339111328
83535003.5662783235 311914.2029418945
83590146.0654754490 313810.0204467773
84275920.5499272645 341722.1760253906
82923635.7008527517 282792.1577255726
82601990.3824367672 265698.6806786356
83728262.1995996535 319890.5521240234
82689415.2098286748 270523.4921006260
83603668.1284205168 314124.1923217773
84204198.3079513013 339559.0485839844
83339726.0454981178 303251.6013656855
82660720.8271955699 267460.3979844151
84528055.9685889035 351316.0146484375
82703141.8671765178 270918.2090263367
83611591.8678930104 314498.5838108063
83360352.4313181490 304704.8223876953
83486648.3930781931 310323.5651855469
83400830.9228370935 305120.8200695515
85296037.7058651447 358596.4409179688
82718275.1483210325 271674.8068401814
84826011.5229185820 356271.6782226562
84433844.8553411663 346301.9573974609
84079626.9260752648 334976.3175048828
83104804.4511517733 291446.3940536976
83110036.5211466551 291458.2139919996
84160873.9250480533 338766.8132324219
84147351.8621030152 338452.6413574219
82285329.5288802683 247462.5279413462
83254909.9144780785 299117.7749633789
83059449.5548686385 290363.9998737574
83122268.2424810827 292339.9481159449
82704792.5881060213 271574.6221681833
84021055.9003429711 332833.8985595703
83471984.3853999972 308843.7453625202
85290497.7683854699 358524.3208007812
82743338.1890450567 273912.3527837992
82875450.5636757016 281659.2749544382
83255050.5199901760 299214.5041977167
83162180.8006594330 294458.4807879925
83182444.2294637114 296425.1326305866
83012111.6871590614 288891.2892061472
84093148.9890203029 335290.4893798828
83761324.7348822951 321933.9132080078
83432445.5199954808 307161.4132080078
82650550.2122932822 266941.7312328815
83744374.1454021037 321373.1398925781
82856880.7720359713 279547.3205554485
82836741.2753622979 276824.7519232035
83322262.2541687936 302358.0473034382
83272001.1094703674 299775.2775131464
84385145.9180179536 345697.2718505859
83326203.9825530797 302937.4294906855
83404259.4493722618 305367.4215099812
84457239.0066952705 348153.8626708984
84354907.7512432188 345198.4998779297
83074448.3306143880 291432.6339584589
85384518.2706985474 359689.1054687500
83293924.9109590501 300274.0494858027
84434717.6498887539 346475.6732177734
83829049.6709100604 325410.2370605469
82585723.3822800219 264414.4408259687
84398232.1341464669 345990.7352294922
83155106.6155730337 294242.6865844727
83212994.2369215637 297612.1500717402
84634103.2996065915 352907.3598632812
83258479.0465253294 299461.1056381464
84443716.9437502325 347839.6907958984
83933318.7334306985 328612.2012939453
83702317.8623334914 319770.7857666016
82650660.8397499621 266985.7621065378
83485767.2411470562 309833.0424804688
83815527.6079650074 325096.0651855469
83891525.6915469170 326560.4177246094
83176419.5384637415 295181.1392849684
82718385.7757777274 271718.8377138376
83548773.1802805811 312522.6355686188
82913199.0922234505 282607.7096680403
83003440.1626002640 287132.7151958942
83728623.7939154059 320147.9758911133
82759855.4856120348 274159.2087637186
85501951.3371030390 360261.5937500000
82223409.1501179636 243465.2023600636
84554293.4009610713 351630.1865234375
85052130.4227976352 357876.8574218750
83747802.6719372571 321619.7413330078
84520928.2721938640 348946.0980224609
84604896.4503311217 352128.9584960938
82643428.8603431582 266872.6204320488
82738173.7402647883 272755.8238899708
84676989.5390084684 354585.5493164062
85336045.9111867845 359163.7578125000
83684254.7932293266 318040.5050144196
84663467.4760634154 354271.3774414062
83742825.8189615905 320182.9239597321
83190980.9324339926 296525.7101135254
84758274.5225230604 355084.3212890625
84834179.4262640178 356585.8500976562
82784398.5031566620 274837.2427045403
83628399.0250611454 314753.5184936523
84771360.7386515588 355377.7846679688
84627988.2583266795 352422.4218750000
83683037.7449603528 317936.3789672852
83129875.0361535847 292517.7592800856
83790097.4558123201 322311.1033325195
83964168.1962454319 329110.9732666016
82927574.0629348010 282794.8888672590
83812232.7300573140 324146.0544891357
85015626.4885307997 357091.2058105469
83564375.6291167438 312572.0809783936
82970570.8606542945 283822.7097042799
83053876.9525716901 289562.3964871168
83142961.2522821128 292811.2226589918
83112447.9783039838 291704.8154324293
82660276.8221776038 267289.9623716173
83652466.6732674986 316600.0355682373
84786252.6801912934 355713.2915039062
83646330.3643146753 316416.5881195068
83451165.8834852278 307246.8015594482
83577897.6920617819 312886.2528533936
85263609.4401386678 357998.9731445312
84952888.1427687556 357084.6220703125
83565188.2175208926 312641.2589569092
84654076.1206289381 353712.9907226562
84640554.0576838851 353398.8188476562
83803183.6719408482 322604.5667114258
84147310.6038537771 335836.1232910156
83518890.8195129782 310723.1254119873
85028457.9204693586 357378.0854492188
