32027731.6174144149 0.8420409649
33839449.0467455238 0.8503184333
32650979.6452611014 0.8457956552
33894167.9500401616 0.8504125471
33600433.2522678971 0.8495759401
30221878.8591386192 0.8267117641
32304744.6120155863 0.8439035001
33328240.9172924496 0.8484473876
33999639.1046379730 0.8509733914
29542951.8284057342 0.6122321560
30229842.9034698345 0.8269360005
32306299.7487955205 0.8439241755
30337839.1086113527 0.8288452788
30023978.4402283095 0.7919548872
33096502.6906033009 0.8477046448
29645388.0225001089 0.7106314410
33044445.5830025971 0.8472186564
30001887.0567307360 0.7894073344
29626470.6801084392 0.6894939799
29684455.1389819682 0.7302515820
30776668.2810671329 0.8339898209
32029286.7541943491 0.8420616402
30070335.1561965719 0.8068193528
29936001.6005023271 0.7870427608
30770379.9539470598 0.8339731651
29537441.3405194283 0.6110637482
29802756.0074592605 0.7499893709
33879308.7913496643 0.8503717980
33089176.0870418958 0.8475854523
30187694.2607757561 0.8119025524
29532567.9554877914 0.5924573249
31113391.9144883975 0.8364185239
32637440.4902776182 0.8457549061
31381783.0437240563 0.8379210751
33438140.2800507247 0.8490493423
33138899.4060246013 0.8478118102
32869178.7169667631 0.8464976489
33668509.4672599286 0.8496726430
34139563.3943603709 0.8516223817
30746999.0421852246 0.8339721314
29560092.0782301165 0.6318524740
33809124.9564346597 0.8498681667
31347477.3097871318 0.8378373082
34194282.2976550087 0.8517164956
30402779.5571753643 0.8301899764
32654580.7401020005 0.8458739142
33172160.4964973480 0.8478423464
30459923.3317974880 0.8306964426
31049075.4192552082 0.8358715284
34088880.2095969617 0.8509734008
29748539.0614967868 0.7498717076
32528007.7613297366 0.8453877601
29576662.2673053965 0.6514190909
31352483.1132198721 0.8378765523
32867623.5801868252 0.8464769735
29603760.7674721628 0.6890017935
30198923.3652838357 0.8132368154
29822199.2556823604 0.7523843840
30307491.2629049681 0.8287777430
30007103.3213646784 0.7917857668
30277861.0575394332 0.8282854347
30170620.9021886326 0.8116575293
29808836.7245185748 0.7500044359
34684430.8195987344 0.8528530351
29733756.4538984448 0.7303866978
29974583.6908025406 0.7890354573
30189555.3002059646 0.8121498376
31346181.7987829372 0.8378106668
32957562.5196325853 0.8472186117
29837758.7592101358 0.7694744273
32179726.7700232528 0.8434380214
29909354.7904422171 0.7733256292
29559266.3792075850 0.6133830427
29917746.5410116799 0.7739698916
32874950.1837482378 0.8465961660
30084846.2953440696 0.8068343862
29905649.2405296341 0.7726462762
30189876.3913913257 0.8122028504
33179487.1000587642 0.8479615389
32787985.1377184838 0.8460366610
31994536.7143353038 0.8417353532
31937872.3715879284 0.8417168274
32940422.2698082030 0.8470996036
32792535.6052060649 0.8460491351
32451581.2174609974 0.8442185889
34443024.4597343504 0.8527101851
30185461.6525737979 0.8118922557
32229656.6370348185 0.8434756617
29631526.8768922538 0.7083552401
33669878.5067398772 0.8497920851
33825909.8917620406 0.8502776842
31980043.3326014914 0.8417170397
30221557.7679532655 0.8266587513
32653025.6033220626 0.8458532388
31444620.0019671842 0.8384906291
30185140.5613884404 0.8118392429
34351731.0043321401 0.8517898503
30579528.4924241081 0.8320237822
30111616.2545970902 0.8089128352
30041432.4196820818 0.7935329723
30156109.7630411275 0.8116424959
33586894.0972844139 0.8495351910
32498500.3193069026 0.8452688730
30111295.1634117290 0.8088598225
33430813.6764893159 0.8489301498
30221201.2756978571 0.8132369532
32799862.2087674737 0.8461683276
35221264.7490682155 0.8539408385
31459063.4290008582 0.8385293907
32709359.5828342512 0.8458803534
29960072.5516550466 0.7890204239
32876505.3205281794 0.8466168414
30486033.1954634748 0.8307868890
29987786.6526906155 0.7893138259
32115084.8496576548 0.8424599222
30497098.5123623125 0.8309183358
32389284.1582509801 0.8441810696
30098049.2572321519 0.8071127548
29818827.1080761738 0.7505462945
30362056.9953061417 0.8301754533
33900547.5998827443 0.8508798885
31912559.4723369554 0.8416448100
30432240.8302211538 0.8306790846
31867371.7501181886 0.8406667109
35114591.6008092016 0.8531208406
32635885.3534976803 0.8457342307
32720424.8997330777 0.8460118002
29639417.4234378934 0.7084868034
30087605.7616927773 0.8068909026
33253527.6078270376 0.8479854851
31248747.1167922392 0.8376514143
32466788.2010970563 0.8442907738
30911709.7981233038 0.8347327034
30233882.3972219601 0.8270002729
31051452.7730580941 0.8358751903
30227289.2040825188 0.8268726910
31845328.5685194843 0.8406290240
30227610.2952678762 0.8269257038
29990340.3520779274 0.7893771353
30070213.1771610454 0.8065887406
31281850.9509311281 0.8377862959
31203760.0780267380 0.8366984925
31068718.5609705597 0.8359556100
31564579.7222714722 0.8396172035
30412797.4055951163 0.8304308294
30151695.0242236033 0.8113319012
30103998.6247377209 0.8071914441
30263349.9183919355 0.8282704013
30147355.8777211495 0.8102575328
30512313.3526714444 0.8317755270
31378822.5521549881 0.8378890133
31684660.4522153176 0.8398548025
32329022.6344442517 0.8439449142
31083780.2744685560 0.8363474566
31399612.8799477890 0.8383132457
31432414.9379170947 0.8384497738
30655080.8797175176 0.8327358193
30589069.7721704692 0.8320608228
31770405.2025371268 0.8404640104
31604910.1391035281 0.8397517609
30026312.9251999483 0.7920798436
30644119.9200600646 0.8325605667
31414242.1802258380 0.8383636638
30006242.8180242963 0.7894174225
31741792.2003411949 0.8403602983
30829406.8802583218 0.8344478342
30414114.1029068530 0.8306614417
30692782.0962227546 0.8338544681
29603027.6642530300 0.6695165341
30601948.9590465091 0.8325603544
29596522.2860494405 0.6524648431
31782122.6171732545 0.8404948558
30690842.5280529074 0.8327492340
32352479.5488058329 0.8440430625
32033110.1582652517 0.8421632531
32084305.5866604298 0.8423257633
30126127.3937445842 0.8089278686
29922338.6477784887 0.7742975705
31425959.5948619619 0.8383945092
30907731.6434258744 0.8346702210
30742236.5799922645 0.8339579715
29988107.7438759729 0.7893668386
31231316.4018449262 0.8376514050
32030415.8072533868 0.8421138017
30513630.0499831811 0.8320061392
31093508.7687478289 0.8363670181
30799594.7594155855 0.8343811645
30976013.0508707985 0.8358205068
30032601.2523200177 0.7920964994
32275836.4370451346 0.8435945488
30107846.0490555428 0.8082575063
30555801.0109967366 0.8320063516
30589689.1454006173 0.8320753607
30045847.1584996022 0.7938435670
32029422.3528707698 0.8420975017
29879929.7202236913 0.7694746397
31153225.5289405286 0.8365636016
30098370.3484174982 0.8071657675
30109162.7463672832 0.8084881186
31141508.1143044010 0.8365327562
29790710.0225103460 0.7498719200
29828704.2112476155 0.7692604876
29917923.9089609645 0.7739869758
31018184.0118843578 0.8358207191
29936050.6362752579 0.7888808503
31889662.3936433867 0.8415826592
31699138.2077177949 0.8402379616
32357566.2158272415 0.8440635405
30787010.1648370288 0.8343406687
31386073.7249643020 0.8382724966
30869994.5742924847 0.8345975629
31434654.5697160736 0.8384581204
32328058.7738044113 0.8439446534
30934297.8270399794 0.8356853663
30858277.1596563570 0.8345667175
31128816.6696557477 0.8364923312
30845585.7150077000 0.8345262925
30734953.0572363138 0.8338546804
32105671.9637745619 0.8423886518
31722171.0299064666 0.8403054546
31447346.0143647306 0.8384985453
31830759.8740524575 0.8405282437
31730074.7857050672 0.8403294529
31188719.9473728836 0.8366360324
31547149.0073241591 0.8396171941
31717383.3410564177 0.8402890279
32381547.6569536738 0.8441097992
31026181.9380910732 0.8358443524
31323200.5128960125 0.8378103911
29676087.3644453064 0.7107662979
31410370.0608325601 0.8383229892
31767946.2663053796 0.8404396134
32010284.3944350854 0.8420065134
32110459.6526246145 0.8424050785
32075465.5523186848 0.8423193726
31696231.0182266273 0.8400562047
31609390.1030270942 0.8397587589
31892539.7739377767 0.8416071138
31880669.3672164865 0.8414877127
31638087.0279011205 0.8398002679
32067561.7965200804 0.8422953743
31821012.8062820248 0.8405125267
31439442.2585661262 0.8384745470
31126745.8563036919 0.8364920816
31526344.5689847507 0.8385996851
