47746561.1295979172 48982.2128215823
47763799.2694433406 49125.2064389978
47747338.7675931677 48990.0385051761
47783686.4329891354 49317.6014934573
47838655.9610804915 49877.5398396505
49442980.0348911062 53136.6563644409
48139349.8077362552 51741.0284790918
47799852.9671411812 49842.4123258386
47748240.6432380080 49013.3647380862
47851378.8849292472 49946.2542742491
47391085.2657223940 44070.5315552218
47962280.6062554270 50793.2669281885
47710523.3924793527 48965.6102742208
47604510.0195538327 48101.4351726566
48552901.9116469547 52558.9490067754
47656122.3434569985 48930.4827604089
47966355.3613195494 50867.4800019190
47793418.1124372035 49342.9564358294
48460120.5080986246 52522.1179478467
47609852.8107446730 48152.3220134769
47598383.4385858551 48038.5632319702
56801781.5187739432 58967.1405639648
47905477.1606246233 50783.2956452295
47986242.5248653516 51059.8750563785
47511590.3471631110 47229.2392103672
47551718.7999250814 48020.6581709385
47620068.6457591429 48213.2768735681
49859656.9866593033 54151.1993789673
47545768.1007875204 47556.8021986485
48000041.7452848479 51246.5137892887
47535552.2657730430 47495.8473385572
47480626.4287392199 46583.8580339592
48259036.8223828599 52394.3296692669
47626019.3448967263 48677.1328458581
47713382.2887638733 48969.3658368997
47706952.8124861568 48942.9172905535
47809584.6465892419 49867.7672682106
48002409.0590173900 51584.6858887598
47757070.4470412359 49015.3934475482
47997630.1077990234 51171.8405677006
47996728.2321541831 51148.5143347904
47368746.2383785173 42604.6938479407
47365443.0580317974 42511.6838794215
47405274.7896476164 44794.0166702731
47592838.0333359316 48027.6662886143
47477666.1219610944 46489.6085628271
47757972.3226860762 49038.7196804583
48957529.1281829476 52681.8990273401
47982929.0117346942 50961.8756018803
47532238.7526423857 47397.8478840590
47490842.2637536898 46629.7551563978
47371602.9748232290 42608.5770311816
47500106.4760219157 47191.6105831861
48152317.5684858561 51876.8539299890
47423161.4894964248 45393.9528468847
47456664.5101292804 46302.1921681166
47426121.7962745503 45488.2023180168
47459978.0232599452 46400.1916226149
56480837.9678332508 58735.7962646484
47866882.3088040724 49964.2193404362
56164616.8052530810 58674.3223266602
47443145.4947680905 45755.8626421135
47496792.9628912508 47093.6111286879
47494155.7768843547 46727.7546108961
47411660.0029691458 44881.4976595085
47520595.5932436809 47310.0162120853
47363916.2821826190 41784.5739627345
47530327.2726917341 47335.3711544573
47489950.7208927795 46613.7930477858
56264263.0801097378 58679.3992919922
47424246.9288514331 45466.4038062096
47374305.7576374561 43067.3921237452
55981622.1763712689 58447.6477050781
56515331.4517635629 58758.3820800781
47495793.3646109700 46785.9047688246
47419060.0038382709 45363.4920976799
47452916.2308236659 46275.4814022779
47374249.4900106713 42940.1369133456
47495891.0872464105 47070.2848957777
47411828.6740050018 44895.7529983981
47390851.2572210580 44002.9500504000
47437194.7956305146 45701.8037431877
47434234.4888523966 45607.5542720556
47386251.5470617786 43969.5746307833
47421916.7402829826 45374.2407549065
47455772.9672683775 46286.2300595045
53043331.1268374324 55912.1982307434
47376234.9892292246 43074.4877856238
47377151.0998622775 43511.7481041415
51286231.6813368797 55658.8483161926
49789772.4888419956 53147.7818255424
47373345.9485377967 42638.0692675574
47403691.7749976665 44789.8807144625
47380659.1657812074 43870.4630089266
47394824.9741427302 44462.3177261813
47365209.0495304614 42502.3685624985
54575987.8019245416 57683.9735336304
47797294.5140628144 49420.2083933353
47443488.3683366925 46162.0455745459
47417779.3731425703 45362.7378616793
47601801.4331302717 48078.1089397464
47446448.6751148105 46256.2950456780
47487093.9844480678 46603.0443905592
47412945.6544819623 45344.3720169528
47405668.7572135627 44880.0889816744
47377617.1340352744 43607.5911007388
47400835.0385529548 44779.1320572360
47434338.0591858029 45691.0550859612
47431377.7524076849 45596.8056148291
47499204.6003770754 47168.2843502760
47395122.4427185357 44521.3740768893
47391968.2376980186 44451.5690689547
47396801.9563586339 44552.5259933932
51780376.1921927780 55736.7802581787
53596111.5883943960 56727.1698684692
52111078.2391400114 55797.6614685059
50620846.1450761855 55646.8396301270
53079237.1736047715 56197.6064224243
55952807.8965713605 57785.7292785645
53749224.4443041608 57125.1483459473
50275906.2071000114 54780.9104423523
53367883.0882875249 56480.7991104126
54393108.9506136551 57431.5992431641
52945005.4988567829 55805.9520950317
47771006.9682786837 49256.9263784885
55792778.8426520005 57716.0993041992
