30048051.5456112623 1532890.9033203125
29610771.3689892031 1461516.3681640625
30318785.9742329046 1551173.4345703125
29891867.5069751889 1517122.3505859375
29936889.1667834036 1525521.9482421875
30552187.4525860213 1567714.5908203125
29882298.1044887044 1516878.6162109375
30398632.5427869707 1558694.8291015625
29674510.8870486170 1483187.6044921875
29924086.7834623866 1523867.7294921875
29820095.2919393964 1507386.5537109375
29622700.5849434957 1466191.6201171875
29936749.1593737565 1525461.4833984375
29985363.1490592621 1530420.1494140625
30051892.7916090786 1535130.7919921875
29665801.1102609411 1479191.3310546875
29660847.7848463766 1476459.6748046875
30205856.4810728356 1547239.2431640625
29733576.8951053321 1493123.5087890625
29813668.1364370957 1505338.8876953125
30298960.8755600303 1550646.1962890625
30397922.4228832871 1558392.3291015625
29766104.8427996859 1500925.9345703125
29739423.0730540007 1496041.9111328125
29694841.3821832724 1486860.7822265625
30403167.5184299946 1558925.4150390625
29790617.3132317588 1502075.2646484375
29733798.5430210344 1494340.9775390625
29560990.4360458441 1436710.3291015625
29544903.6217967682 1420188.8173828125
29536391.0102512576 1394080.8076171875
29540424.5836254805 1413094.4560546875
30202937.1303896643 1546880.2587890625
29582812.8101431765 1444665.4130859375
29610589.5718654990 1458275.7587890625
29701545.1056929640 1488142.0126953125
30200517.0334249809 1546160.7939453125
30059390.2543166652 1537710.1337890625
29588476.6533685662 1448491.6083984375
30204555.0960590653 1547082.3369140625
30222891.3233963028 1548437.2744140625
29580754.5301398225 1444590.8154296875
30059141.7707645148 1535150.4013671875
30358209.5427001081 1556498.4775390625
29911391.4281760156 1519538.1689453125
29841729.9396101460 1510998.3388671875
29959733.5135672428 1526410.8583984375
29849453.4661321566 1513307.8857421875
29636815.9943232164 1470371.4697265625
29764220.7929589003 1499988.1728515625
29681014.9126489870 1483337.1142578125
29861116.4505791105 1513519.3623046875
29783463.2621119544 1501168.2099609375
29687455.6383703388 1485097.0576171875
30515746.3855896518 1566574.4072265625
29828020.3507214561 1509973.1767578125
29533465.2233234085 1384553.3310546875
30449728.1984570399 1559350.3251953125
29643269.1940738671 1471257.4521484375
30311460.3721649982 1551068.6611328125
29833536.2896247692 1510164.2294921875
29580179.5924562812 1441143.0126953125
30079555.1419568919 1538829.8251953125
30371970.5073024631 1557759.5361328125
29537208.6024395674 1395064.4033203125
30222034.8177990392 1548282.5947265625
29731255.1497333758 1492719.5556640625
29938247.8709768802 1525709.6298828125
29969056.1787973195 1529199.6533203125
30254558.4385240823 1549603.1533203125
29597127.2093101107 1453914.6240234375
30392116.7751144879 1558359.3564453125
29810652.5407100692 1504643.4541015625
29763769.0719137713 1499707.9833984375
29979672.3511121161 1529394.4970703125
29922132.9198034070 1523807.1318359375
29515204.9911513776 1375997.7626953125
30297522.0239879340 1549975.3134765625
29842442.2657379285 1513224.7724609375
30473991.9750470072 1560601.2509765625
29890814.5607146733 1517059.2099609375
29816267.2256631479 1506148.5888671875
29628102.4026478529 1466873.0732421875
30205940.2114801556 1547276.9267578125
29613671.7611858398 1462694.0419921875
29854406.9114875048 1513316.8525390625
30405732.9170929790 1559041.1923828125
30612830.2984800637 1568774.0986328125
29528952.7710760273 1380437.2666015625
30678715.7478387542 1572958.3251953125
29550186.6698053032 1430274.2724609375
29540676.8702412806 1415359.6689453125
30700157.9076012187 1575532.4892578125
30036994.5239351243 1532882.6123046875
29539195.8847305737 1404601.2431640625
29625287.1039050780 1466655.3544921875
29726748.1639109366 1492383.7119140625
30370531.6557303593 1557484.0791015625
29950230.3061072454 1525805.4228515625
29865563.7970443033 1514216.8623046875
30168111.5217602551 1541111.0556640625
29572736.7648207210 1438999.0166015625
29586731.5673946030 1446801.6572265625
30514777.6380177960 1566177.2548828125
29726635.3533223048 1491865.1767578125
29723924.2699519098 1488445.2158203125
29681200.9871758968 1483466.3955078125
30506095.1359176114 1560956.2001953125
29925766.3764998131 1525267.0146484375
30319100.4156878367 1551539.5595703125
30596182.7339500822 1568023.7236328125
30319053.8074080274 1551395.6298828125
30279991.5999628454 1549936.4033203125
30104309.7409903482 1539385.3173828125
29907226.0046399720 1519111.5361328125
30301526.2742230296 1550777.2744140625
30450198.3024572842 1559745.7509765625
29596741.5849218629 1449193.7431640625
29659710.7599618435 1475908.5146484375
29906766.2361355498 1518148.2724609375
30208445.9960863478 1547591.1103515625
29874244.1737794131 1514388.6708984375
29673684.0328675210 1479306.8564453125
29627916.3281209394 1466754.1904296875
29836120.0114843436 1510689.4248046875
29807785.1894365177 1503394.5712890625
30297992.1279881895 1550370.7392578125
29920619.1441565156 1523744.2529296875
30357118.0243206248 1556453.1923828125
29545450.8221098743 1423422.6259765625
29615139.6925822496 1462813.5888671875
29607447.3033216223 1455145.9248046875
29603909.3530213349 1454120.9189453125
29547988.9005070478 1423821.4560546875
30330627.9906878136 1551812.0751953125
29733477.9460575059 1492732.7724609375
29535505.4887523614 1391851.0419921875
29553088.3403456993 1430706.0712890625
30242651.1896113157 1548882.4150390625
30233948.1055760197 1548751.6806640625
29518839.1511434838 1377632.3916015625
30538517.9746435098 1567182.3681640625
29514239.6413234882 1370322.7666015625
30028673.5294152796 1531549.8037109375
30257123.8371870667 1549718.9306640625
30236509.2518492900 1548875.7314453125
30596652.8379503265 1568419.1494140625
30302420.6801193692 1550897.0205078125
29555626.4187428690 1431186.9755859375
30310017.6577397436 1550960.6025390625
30333193.3893508017 1551927.8525390625
29785961.5183352455 1501513.7861328125
29874680.7833419330 1515070.8544921875
29827597.5685491338 1507423.6630859375
30376464.2874820530 1558021.1142578125
30366597.0007215738 1557190.4658203125
29517982.6455462202 1377412.3271484375
30201048.2700900249 1546375.1533203125
30246825.8885351233 1549461.3173828125
30243431.3045406863 1549111.5400390625
30227385.1035758853 1548698.8525390625
30191068.6707682759 1545684.8916015625
30322895.4406988546 1551606.3095703125
29526808.5483226962 1379067.8212890625
30645001.6185074449 1569304.6298828125
30212729.8089276105 1547691.7587890625
30666311.3565220311 1569633.0517578125
30463076.0854163915 1560391.4580078125
30201778.9353351370 1546649.2119140625
29895151.5193439536 1517787.0224609375
30692122.5893043801 1573175.0048828125
29743895.2440096065 1498410.3994140625
30261572.0132249780 1549924.3525390625
30190665.0822884403 1542173.6650390625
30190452.6916553378 1542026.7451171875
30451167.0500291362 1560036.5087890625
30363202.4167271480 1556788.6650390625
30201576.8799138591 1546530.4658203125
30528863.8839965463 1566859.0908203125
30202545.6274857149 1546875.1259765625
30213698.5564994588 1548006.9033203125
30512379.4766518027 1566032.3251953125
29878560.3117702976 1515284.8623046875
30202017.0176618770 1546835.2158203125
30351508.7883876190 1555836.9111328125
30364171.1642989963 1557082.2001953125
30217272.7607350126 1548269.1611328125
29730339.1947750449 1492500.3857421875
30101016.2331134751 1539107.9267578125
30529832.6315684021 1567149.8486328125
30522300.8819964230 1566806.2626953125
30509638.5060850531 1565560.9736328125
30354903.3723820597 1556238.7119140625
30367560.3612726517 1557484.0009765625
30120815.8824595138 1539740.2626953125
30144415.3505418226 1540499.4736328125
30189805.3191415668 1541603.0556640625
30225456.7220592871 1548568.3525390625
30167886.8264974095 1540622.2158203125
29801429.6520414725 1502955.0615234375
30132506.3151545636 1540080.5947265625
30120129.1802480891 1539706.1884765625
30116438.5966442414 1539664.9697265625
30186114.7355377115 1541561.8369140625
30143728.6483304016 1540465.3994140625
30178253.0748899356 1541267.8798828125
30159588.5736995861 1540543.1767578125
