30766609.9637900889 209540.7311401367
30295653.0982695334 199130.2372665405
29940604.1969632953 188309.1239268482
29903836.5898844525 187000.0527683054
30621778.0307118818 207093.7933502197
31243746.6214877963 218466.6231079102
30831264.3565240130 211203.3749084473
31372308.0465551093 220382.9074707031
30073888.8885800168 192611.1621730030
30745693.6838109978 209092.6010131836
36352847.2201989144 222163.3518066406
29798395.7622429095 182605.4724426270
29769495.2355883196 182153.6694602966
30452991.6781480350 202971.1923060417
29854952.2494350448 184106.1985473633
31201628.6028509252 218447.1900024414
30177907.1299835220 195942.1888656616
30968480.0992049016 214251.4942474365
29765450.7185860835 182153.5366477966
30334135.2143715434 199743.8266632557
32939768.7273642384 221940.3168945312
30670772.9471558295 207844.5916290283
30676684.1954766512 207865.5401458740
30356934.3030713461 200534.3732833862
31185786.0808642879 218174.8230590820
30489290.2609879225 203624.1482081413
30069526.5014313012 192291.4302062988
30463148.1386085115 203230.4045028687
31760881.4529813305 221716.8134765625
30207291.1775192134 196512.8222071826
37410140.5930985212 222231.6367187500
30288940.5685450435 198881.7815383673
30455488.0076930560 203000.0011439323
37565663.5709467456 222247.0893554688
30242087.2527923733 197288.5196385384
29939444.1790242158 187432.6625390388
30406928.4934334829 201181.0008692741
29870839.4778122716 186334.0027805124
30249447.0727706403 197343.1715621948
30153384.0557625368 195122.7915916443
30409281.9821941629 201210.0135645866
30211349.0292060636 196732.4844386280
30017002.4185778424 191105.8616142273
29869675.3441724405 184179.2372131348
29970484.2560084052 188921.5602378845
30023857.4669048637 191244.1649570465
30430964.9334720746 202057.0415568352
30422921.0336965695 202033.6829142570
31436269.6010892987 220385.4199218750
35282239.2422795147 222150.1872558594
30747386.7947072238 209411.2100219727
30646285.4968966879 207292.5776977539
30414300.6653304137 202033.2090373039
30630315.3678845391 207284.0505981445
30626037.8952925988 207186.6481857300
32132273.6301743612 221834.3886718750
30424063.0416971110 202041.4934611320
29923792.9523211457 187067.4140167236
30266724.4618186131 198324.5780296326
37143587.6931173429 222204.7597656250
30657456.8168727160 207727.9555511475
30331406.2702382207 199387.2916586921
29721607.1876969263 173874.0255508423
36580066.1392681003 222175.1333007812
30582473.8969879560 205318.7615814209
30478718.7034235448 203252.1185450256
30785727.3486993946 210813.5076141357
30430270.7943425626 202041.8254923820
30304682.5852202028 199146.2074610889
29970558.1899044812 190154.1910209656
30900878.1129265837 212846.3963623047
30601845.7171463408 205668.0328216553
30021582.6082905792 191237.1798129083
30843308.7114693671 211230.7432098389
30495080.2039862871 203642.4394679070
34792665.5745079592 222088.0156250000
30610723.9268210679 207057.0906906128
30335245.2945627682 199772.0225143433
30616572.8930553608 207057.2530441284
31066214.2337153330 216016.9808959961
31108148.3496876024 216107.1583862305
30029547.1205558814 191396.2037453651
31062156.3820284829 216016.6005249023
30629782.0473863855 207207.0172882080
30113791.8594693020 194273.2989311218
31114627.3702251837 216114.5219116211
30436540.0117782466 202553.9052451178
37442981.5259813890 222231.7373046875
36545097.5466396213 222173.0676269531
31000284.8704783097 215255.7375488281
30881506.2927682027 212497.1627197266
30939087.6555381678 212913.9190673828
30504031.6471266150 203894.9905319214
30805099.1688577831 211162.7373504639
30191977.2090476789 196383.1792628467
31307777.7884368822 219163.3922119141
30337742.0394070409 199808.8404383659
31123330.5323307775 216127.5409545898
30601725.9824600704 205651.3846282959
30889792.0703234971 212563.3067626953
30412380.2495791242 201451.8519821167
30294793.7443004027 198892.5261672735
30498178.4713712558 203884.3547897339
31559939.3805399053 221656.7277832031
30980913.0503199250 214906.5336914062
30470050.0303834751 203247.0053329468
33726886.2829637378 222005.6594238281
31343448.8445016444 219244.3768310547
34119703.7556331232 222046.5837402344
37185824.0462432504 222222.1730957031
29940294.8394235671 187923.4241642952
30930801.8779828697 212847.7750244141
36600700.8044890836 222181.0051269531
30569861.6702419668 205293.7813568115
31078850.3568758965 216028.8231811523
30095187.7681562155 193215.9895045459
33979799.9925988689 222009.5937500000
30765065.5039693788 209441.8524780273
30134958.8348768838 195025.4699325562
30582550.8042312190 205497.7502746582
31308014.8814515434 219164.2276611328
29734911.6754922234 178028.8808860779
30206498.7776640095 196426.4216232300
30530269.4739487283 204653.7634429932
30481828.7086236477 203313.3698806763
30171571.3608146980 195624.4345734119
30125756.6655144580 194984.6808197498
30024227.7213019803 191387.9703886509
30871529.6210107654 211940.1853637695
36705303.0508472919 222188.6154785156
30366757.5642465316 200729.1547164917
30792624.9756298065 210887.6846160889
29732501.5217074044 177953.1824703217
30655659.8920340948 207727.5585784912
30256349.3798448555 197367.5314784050
30775455.9666800275 209552.7931518555
30038169.3939854205 191858.4591293335
30468224.9583152011 203235.7594833374
31180606.9888351634 216652.1044921875
33701650.6528920159 222005.3574218750
31158601.0108195096 216128.1537475586
31030208.6355345994 215257.8259277344
34068405.3157291636 222035.7246093750
29928466.1963206008 187234.4182697870
30265300.8229851797 197620.0891342163
32348006.0022063255 221853.2243652344
31685585.4616482593 221710.8803710938
31991898.3438154273 221828.4555664062
30679677.0226112269 207869.1583099365
30105029.4122805595 193468.7763697803
30542738.9870328978 204979.1120529175
30344339.9937866889 200032.3915023804
30033858.9725095183 191664.1062223911
30867547.7127510421 211939.0347290039
30712590.0382364579 208830.5348358154
30803716.5151761323 211014.6346893311
30794042.5869959444 210959.1276092529
30161328.6221075617 195223.3342011571
30167665.2904196605 195500.6016266942
30263317.7197253518 197554.5499298573
30533208.8109988570 204882.5966720581
30721293.2003420554 208843.0326385498
30405543.8158842921 200888.1061390638
33285090.8033223040 221957.6948242188
30708532.1865496114 208610.8437957764
30247747.2720983475 197311.7935867310
30523367.1668745130 204629.8417892456
30451781.8425358757 202824.2797794342
30498321.7274548411 203892.3821563721
30859261.9351957440 211872.8906860352
30329052.7814775407 199358.0006430671
30092458.8240228966 192817.9556611180
30996227.0187914558 215036.0137939453
30509108.8821325563 203906.3013458252
33292068.6487805508 221976.8627929688
30621678.2752909511 207079.8524322510
30608723.8071836606 205669.3267669678
30510791.2405390106 204218.6448287964
30576763.5620169304 205307.8931732178
30589233.4904003441 205643.0445404053
29903342.0485497490 186530.9835941792
31343211.7514869794 219243.5159912109
30670973.8605056256 207857.1053314209
31179627.9095056765 216598.0610351562
30693218.2180780768 208481.2777557373
37676378.2315758392 222250.5822753906
31277357.0485622734 219012.5482177734
31923127.3249223754 221798.7309570312
33243423.1865328215 221953.0263671875
30344868.4104790911 200049.9906234741
30392167.3054739237 200876.5866078138
30332310.1423032656 199732.4294464588
30557665.8271588758 204989.3373947144
30308069.0945109725 199157.2595856190
31280169.4005735926 219013.0296630859
30954269.8381813467 212935.0113525391
34894629.8949119523 222108.3698730469
34205153.2899777219 222054.5639648438
30761530.1488333829 209412.6167602539
29953707.6067432091 188369.2191069126
29836723.6254634075 183591.6172733307
31458030.7178219557 221616.9099121094
30705806.6430864222 208493.4415740967
34612439.4574319422 222082.2397460938
31450649.0987292081 221610.9755859375
32640435.4092534296 221889.0144042969
31052249.3238144517 215267.9084472656
30681742.6210216656 207975.1284027100
30562229.3038162105 205004.6476974487
31661609.6454436705 221688.0341796875
30012419.5154481754 190701.0227246843
30476928.1204207987 203248.1442489624
37544148.9992743284 222232.0522460938
33331468.8237597160 221981.9187011719
30764027.2611112408 209422.9085083008
31322756.1173972189 219176.4829101562
36927458.0786319748 222196.1176757812
31330137.7364899665 219182.4172363281
29815684.4051588625 182772.6964159012
30687620.1372008212 208088.5175628662
30351681.9624616466 200081.7060577869
33666311.1421944201 222004.8562011719
29751244.6249207444 181152.4031887054
30329581.1981699467 199375.8946860358
30164263.2390457168 195247.1258308589
33987092.2180702612 222018.0129394531
34200446.1175965369 222052.5463867188
34099613.0173346326 222045.2529296875
31255209.4221479222 218756.8715820312
29754101.9033492617 181316.1110451221
32685051.3672016338 221911.8041992188
31370011.9970852695 219264.1809082031
32855171.3251852393 221918.7182617188
32702922.1227349527 221913.3305664062
32396123.1892385669 221857.4304199219
32428275.1247984283 221864.5822753906
34416762.6853365451 222077.5014648438
29800398.8618235439 182608.8845520020
37007041.9600328356 222198.6625976562
32972256.4235880971 221952.0485839844
29759982.8461616971 181971.1521301270
30858909.5483541638 211245.7894592285
29824146.9599284045 183347.6853160858
31264306.8631650321 218792.2106933594
31480270.1755264625 221642.3525390625
31275797.7125826851 218793.8845214844
31358190.0804473162 219256.6066894531
31524039.6047841534 221653.6787109375
30857358.5870074034 211241.5747528076
32888803.2257339843 221925.8225097656
31563824.6365467906 221658.0334472656
32554048.4597996324 221881.7646484375
32543560.5347799622 221874.8378906250
31276886.7535556443 218816.1862792969
31261355.4674749300 218785.6198730469
31332692.3001487441 219188.1032714844
31300269.9537357390 219049.0489501953
31445178.5927250236 221599.4755859375
31648078.7736653909 221680.4619140625
31284672.9028439969 219024.8763427734
33270738.9697430581 221955.0437011719
32101949.5787684582 221829.7370605469
34247970.2730876133 222058.1518554688
32635429.8195839189 221881.7714843750
29832767.8875320554 183493.2009415627
33627274.0734664723 221996.3408203125
34002277.0933027640 222027.9814453125
33854412.4396124333 222007.0227050781
32347942.7618739046 221848.9428710938
31968654.0985563584 221799.9155273438
31859709.3061630465 221778.7304687500
31857380.6608840525 221729.3371582031
31511843.0051165447 221642.8247070312
31871531.2228009999 221786.3823242188
