30585858.9031530209 7970421.1328125000
30403235.3811489530 7965064.2421875000
30462580.1664163582 7967623.4609375000
30811875.6750900671 7979455.8515625000
30120788.9177101254 7942107.4609375000
30426980.7476111613 7966343.8515625000
30589008.3731363714 7973143.0390625000
30258874.7397638485 7954580.4296875000
29995050.6827405654 7927939.0234375000
30259427.6404018998 7956985.4453125000
30307389.6493837498 7959544.6640625000
29977864.8647264354 7917455.2109375000
30056321.0797907598 7938422.8359375000
30148465.7434313446 7948906.6484375000
30137053.4215934128 7946501.6328125000
29962312.7813718319 7909376.4140625000
30182332.4760367870 7950186.2578125000
30287695.5051487349 7958265.0546875000
30084588.9445375949 7939702.4453125000
29979498.5993859768 7919860.2265625000
30812066.2326334119 7981221.8359375000
30642252.0487207994 7974422.6484375000
30382103.2842099816 7960824.2734375000
30210600.3407836221 7951465.8671875000
30097459.1110489331 7940827.8515625000
30233930.1474448070 7952745.4765625000
30046779.2014244124 7931623.6484375000
30018511.3366775773 7930344.0390625000
30118455.6771430410 7940982.0546875000
