30638538.3715638034 1676419.4863281250
30879399.1450686082 1680225.0546875000
30795293.2974114791 1679796.6718750000
30107371.9009612277 1609871.2968750000
30052154.8433432281 1595976.8945312500
33797483.8508843035 1683587.2050781250
31166162.5872777551 1680851.6015625000
32738075.3383676820 1682824.5722656250
30002865.5611907169 1583421.4316406250
30073357.8562934771 1600804.5058593750
30004360.5538375713 1589056.0507812500
30286001.8417644538 1641993.7695312500
30718464.5230109841 1676515.5703125000
30752448.1432613544 1676778.9042968750
31551732.2548367344 1681570.8906250000
30211219.4392074794 1627456.1513671875
31270830.9825849533 1681169.2851562500
31316209.8752972186 1681256.6953125000
31554228.5100315213 1681573.6171875000
31621646.5731500462 1681717.9843750000
30214176.7006972469 1631348.1660156250
36394940.6938648298 1684522.3593750000
31473823.9171780944 1681520.0292968750
31963679.8502623141 1682144.7695312500
35302952.4289778620 1684220.6328125000
30295220.0461653732 1643251.6347656250
30284334.3506520316 1641345.6972656250
30594448.4928434268 1668520.9980468750
30449867.3674469776 1655937.8261718750
33364943.3939256780 1683323.8417968750
31250268.1647556126 1681114.9355468750
30275608.0521116927 1640205.0195312500
30859148.1905168146 1679861.1972656250
31715371.4056501202 1681827.8515625000
34692339.6931284294 1684161.8691406250
31828550.1107230373 1681958.1992187500
31336564.8201047443 1681358.7343750000
32116247.0333524644 1682345.8906250000
30208729.1475603282 1626846.5136718750
34315878.3982502744 1683974.8515625000
30505458.3857382648 1658771.3007812500
30619579.2425485440 1668543.2812500000
30782344.7590611577 1676801.1875000000
31453261.0993487537 1681465.6796875000
35216042.5505981296 1684187.6933593750
36293504.9486845061 1684467.4238281250
30269127.6562967785 1639398.7246093750
30450803.6129229888 1655993.1347656250
33452953.4257211834 1683378.2050781250
31467878.5292944349 1681496.6425781250
31965601.3347745724 1682167.1835937500
29986096.0866189338 1556788.2744140625
32962395.7247606255 1683010.0781250000
34390318.7523278445 1683987.9687500000
30420862.0054192171 1655819.9433593750
33523812.3458828181 1683378.2109375000
30364209.5110733695 1647012.7519531250
33717856.0528691709 1683507.6328125000
31366868.1147629768 1681367.2500000000
32982096.4255935326 1683013.5566406250
35347356.2597878203 1684325.6015625000
33295445.1777408011 1683265.8613281250
32333300.4442538545 1682484.4941406250
33834414.4149885625 1683616.5507812500
31215747.8313683122 1681019.3457031250
30558200.3852719702 1660067.4140625000
31731744.1940031871 1681881.4296875000
30794223.4797628038 1676928.7558593750
30379995.8155529276 1654272.8339843750
30533069.6355668530 1660045.1308593750
32510000.3783531561 1682651.7832031250
30523805.9599540569 1659406.7343750000
30366148.6210255139 1647018.7519531250
32854253.7257649377 1682893.6093750000
32917917.0909050032 1683002.5273437500
31254517.2238924392 1681134.8691406250
32185758.6770738810 1682399.4687500000
31412131.2657733150 1681398.2031250000
30898028.5084766932 1680258.1542968750
31584864.2027558908 1681614.9960937500
32863858.8239333741 1682965.5703125000
31077674.5250474848 1680756.0117187500
30306400.0836196467 1645733.1503906250
31889401.5329317302 1682019.3281250000
30236069.8432805724 1632924.2812500000
31025801.8738490120 1680753.1718750000
34229474.3591286838 1683858.3828125000
34293137.7242687568 1683967.3007812500
30445992.7551243305 1655842.2265625000
30192351.6286975816 1626683.2539062500
33136633.2125750035 1683098.5273437500
32363399.7075775154 1682506.8593750000
34646600.1579582691 1683989.3457031250
31158079.1179009043 1680809.5996093750
30517522.6019031107 1659215.8535156250
31183415.9157298878 1681016.5058593750
32544191.8786769621 1682667.2050781250
33389357.7604512237 1683353.2167968750
32759105.1257392094 1682835.1933593750
33903827.1728964746 1683708.0156250000
30743595.2727161013 1676537.8535156250
32475139.8928456344 1682640.3671875000
32469775.0241724923 1682622.3867187500
31686365.3012909219 1681794.0195312500
30583173.4992681108 1666962.6621093750
32196651.6262058914 1682399.4785156250
30564536.5080492012 1666855.8085937500
32832312.8440120779 1682885.7207031250
35861803.5166667178 1684456.9941406250
33258291.0864447989 1683222.9140625000
30991623.9668681286 1680649.0566406250
33950894.0054830685 1683717.5449218750
31115205.3374438621 1680798.9414062500
29994654.5280798525 1559269.9423828125
35798140.1515266597 1684348.0761718750
32598622.9508740827 1682726.8359375000
31447272.7076164074 1681420.8378906250
32488817.6193432547 1682651.7773437500
32443184.3592503741 1682614.7910156250
32429506.6327527538 1682603.3808593750
34319728.3891908750 1683974.8964843750
33964571.7319806889 1683728.9550781250
32998810.0527799614 1683052.5605468750
33212657.8263519220 1683185.9277343750
32767560.7865445539 1682835.2285156250
32442963.4751832560 1682607.2558593750
33312158.8049272224 1683304.8652343750
30153280.9007541761 1623395.8320312500
30948190.0548573583 1680405.2675781250
31989638.7229263149 1682176.6757812500
32394417.5499183908 1682515.9667968750
33276402.5825700387 1683236.4707031250
32898874.4957342446 1682973.1367187500
32312117.6852439493 1682484.4882812500
33145088.8733803555 1683098.5625000000
30854971.3058515117 1679827.6289062500
33757215.4594645649 1683568.1992187500
31742637.1431351975 1681881.4394531250
32100154.4301809520 1682282.6621093750
32111047.3793129660 1682282.6718750000
30982134.0859545507 1680521.4882812500
33415948.4253733419 1683360.8125000000
32396821.6732802391 1682521.4355468750
33182266.4726678804 1683135.5136718750
32156426.2720252275 1682370.0820312500
31783308.8086022809 1681900.9843750000
31942497.0912524164 1682144.7636718750
31862669.4357308596 1682015.3769531250
33861005.0799106807 1683624.1464843750
32045385.9864474386 1682275.1152343750
31507611.4566807747 1681530.6855468750
31651995.0994125940 1681763.0761718750
31473241.2548024468 1681499.7421875000
32604568.3387577385 1682750.2226562500
32177609.0310351364 1682370.0878906250
32585525.7435869798 1682720.8320312500
31908126.8893740848 1682113.8203125000
33991162.3969028071 1683736.5507812500
32804738.3858320862 1682872.1796875000
31897758.5185652338 1682102.7910156250
32009058.7429745793 1682232.1796875000
32290169.9487266466 1682458.5253906250
30256468.0851357654 1636663.6621093750
31797471.1893483661 1681912.9570312500
33690250.5336950421 1683480.2441406250
33657714.4808892608 1683449.2617187500
33047503.4510784484 1683071.5371093750
32545257.3521672413 1682701.8261718750
32427868.4046584368 1682582.9335937500
31537914.7513390072 1681539.2011718750
31585354.8867594637 1681664.6269531250
32019951.6921065897 1682232.1894531250
30148522.0856512673 1610157.0390625000
33833505.0579742640 1683598.6523437500
32252735.1695436612 1682407.0292968750
34219484.9294822216 1683769.6054687500
31259355.3710772917 1681148.9882812500
32803246.0880271308 1682866.1757812500
33679267.3489817083 1683455.3007812500
31964994.9498665631 1682144.7734375000
31428574.3224403150 1681412.3222656250
31418205.9516314603 1681401.2929687500
33703347.7409821376 1683486.2480468750
32010373.8425788283 1682232.1835937500
31828053.0915216133 1681918.3769531250
