9830815.2223988902 1358557.4082031250
9819861.0114739183 1337457.4833984375
9825629.6024698429 1350700.2187500000
9857093.5818745196 1367531.3515625000
9838997.5248168334 1367170.5078125000
9822098.8214502763 1346143.8925781250
9825398.3854345847 1347168.4667968750
9819859.6535478961 1337210.6621093750
9827358.5156006366 1357815.0332031250
9826551.0791001357 1354888.3886718750
9831410.4106186889 1358715.4980468750
9820578.2417482436 1339281.9394531250
9820236.7116059903 1338365.4541015625
9819535.3046123367 1325741.6845703125
9821000.6430156305 1341122.3320312500
9824330.8465845808 1346795.6523437500
9827065.6917662229 1355052.7558593750
9824943.1709792614 1346991.1562500000
9826391.3188384827 1354729.0625000000
9819933.0444758702 1338000.4111328125
9828391.6242795717 1358017.3359375000
9825396.3399921749 1347130.2304687500
9838052.3171670251 1366987.3769531250
9825469.1978440750 1350432.4628906250
9820766.1290683970 1341117.4863281250
9825913.8881737869 1353055.9960937500
9827948.8686404768 1357932.7441406250
9829257.6574798152 1358330.5917968750
9821510.8977872171 1343067.2314453125
9827269.4791987538 1355307.9824218750
9828422.9050418008 1358128.2890625000
9831760.4300486967 1358746.6679687500
9821733.3258305509 1344478.9746093750
9836000.1697097719 1366798.1171875000
9858112.1910922173 1375069.9960937500
9834347.8566055484 1363993.6132812500
9824440.5070671197 1346913.2617187500
9832977.8250679374 1358749.8027343750
9821008.2338750754 1342913.4921875000
9828804.4521485940 1358134.9453125000
9823495.2994173132 1346591.9355468750
9829980.4699608758 1358377.4121093750
9822660.5469792988 1346389.6328125000
9825191.9313244876 1347025.2753906250
9823046.4746061508 1346409.7617187500
9823131.7182277814 1346458.7792968750
9823605.7546291053 1346710.9589843750
9824561.5875541605 1346927.9277343750
9829053.2488121279 1358181.7656250000
9830925.6776106842 1358566.6718750000
9854054.7761302814 1367347.7539062500
9856569.1683454271 1367519.3535156250
9823163.2108914405 1346504.8964843750
9824108.4185412470 1346788.8535156250
9848251.1126498133 1367188.3339843750
