29631537.5100807920 166061.8699645996
29558302.9374235421 161515.2487451620
29598242.3879826181 162830.3553414345
29646964.9275399335 166861.6593904495
30234689.6001081578 187043.8653774261
30336089.6829376817 187842.3292846680
29552251.8646603338 161072.2188379355
29903212.9841166772 179261.6778659560
29757778.9719299562 174175.8323984146
29577839.1934405752 162309.3427383900
29503280.5681563765 153938.9173884392
29645808.4625292271 166145.7756101675
29547433.7355605513 158711.7006883621
29756428.4794580527 171004.7840070724
29796977.1647520885 174817.2647476196
29884885.2701103836 178886.2550888062
29561937.6604228914 162270.3475289345
29611683.7148867548 165638.7743589468
29719632.4839726947 170496.0191168785
29511589.6150433049 157570.5274958611
29491654.2282872684 149331.9725599289
29551922.9534140378 158748.4314599037
29555378.1594595313 161455.8975584097
29721669.8586840481 170560.5226144791
29673949.8165914156 166882.4729719162
29544052.1718555391 158708.0443062782
29796768.8910654262 174763.9440536499
29678656.3473869078 169761.0853941031
29832127.6054871492 175254.6449813843
30096087.8610611893 183837.6178283691
29510542.3294779584 154031.5122675896
29903004.7104300186 179208.4177437313
29528670.2266450785 157969.7169885635
29617550.1392953210 165683.2462751456
29530362.0980086215 158187.0317032337
29534047.2258287743 158191.9620506763
29905065.8688991442 179352.8656748496
29701309.7868745811 170131.1744384766
29519481.4123546481 157670.9200317860
29703828.4339040965 170184.1809997559
29497175.1687102430 153476.0647883415
29988899.8906835541 179993.4394378662
29549026.0951159634 158747.0395157337
29693359.5507538244 169805.5054244995
29607502.9111535884 165585.7677976675
29690466.2117565908 169783.8383197784
30001806.5245308205 180074.1753997803
29501667.4554742910 153899.2122797966
29527946.2548888251 157763.4733459949
29905274.1425858028 179406.1399688721
29499354.5405763164 153871.3639521599
29506683.5181064382 154019.2809662819
29694249.5407004543 169828.3102359772
29617940.7286877297 165915.6859889030
30177940.4682921469 183994.8763427734
30231145.5828537084 186326.4896545410
30069474.6772525162 183383.9372711182
29505911.7192932256 153955.2177119255
29820381.8276603669 174863.9905406535
29671144.9589756876 166879.6753007410
29584453.1337215640 162398.4405746460
30190248.9915593602 185303.1621837616
29863919.4102779515 175497.6513682902
30021226.1358214580 182903.9630413055
29821996.5230626538 175093.2013551233
29561381.3358006366 161540.0463010855
29946136.7010389455 179925.8860015869
29807424.6185754649 174817.4054118693
29530314.5965232663 158015.9760332108
29940506.4366385788 179443.9431457520
30562285.6781014763 191291.9158020020
29845238.2360491157 175481.5245132446
29494263.7956737801 153038.2955555916
29903529.6101910248 179262.8982814550
30369368.3267490640 189734.7972106934
29494409.1171364188 153448.2164607048
29493818.1314446665 149577.2419013977
30273184.2026876807 187601.2170104980
30074660.2635184750 183551.8258056641
30236207.3762401231 187452.9276123047
30585617.5474733599 191476.5135803223
29941499.3130095378 179790.4691295624
30637454.5932688303 194851.2546997070
30037683.4370709211 183341.3432750702
30419358.6488915123 191152.0911560059
30412270.3376900442 190195.7000732422
29724939.1575059853 170742.0359191895
30203979.5736065470 185394.2023925781
30020164.5442264266 182405.5944938660
30029330.4654687941 183008.5661239624
29733305.1324357726 170744.5980224609
29740298.9690352939 170764.2605972290
29879888.1432747878 175543.4146129191
30724304.9550146312 194876.3385925293
29845029.9623624571 175428.3444835246
30782039.6964851022 195142.7095336914
29642650.0182993375 166129.6121358871
31215957.5989824384 195210.0511779785
31910750.5849275999 197153.9498596191
33375545.3832920939 201974.6502685547
32854252.5021204948 199609.3834228516
32496806.8692732528 198843.1798095703
