10006925.4231785834 921518.3066406250
10052721.1059431620 927453.3417968750
10079668.9274285063 927900.2089843750
10289617.1096400693 928505.8710937500
9978549.4295395240 921463.5029296875
10050002.7226484548 927353.0839843750
9931297.5951800998 913067.3583984375
9954699.4949114192 919102.0302734375
9918213.5039130934 908574.4541015625
9894363.5692849904 906212.9814453125
9935653.1821884699 914960.8496093750
10014843.2002314944 927231.5703125000
9959503.1168165747 920787.0458984375
10009781.0456209220 922069.6132812500
9912267.5507476665 908461.9277343750
9954440.9622060023 915625.0888671875
