121963.7172174756 121858.7352868375
121922.9366332138 121858.7352868375
121759.8142961667 121899.4957815702
121922.9366332138 121899.4957815702
121963.7172174756 121940.2562763029

122045.2783859992 121858.7352868375
121963.7172174756 121940.2562763029
122045.2783859992 121899.4957815702
122126.8395545228 121899.4957815702
121719.0337119049 121858.7352868375

122045.2783859992 121940.2562763029
121963.7172174756 121940.2562763029
121922.9366332138 121899.4957815702
121719.0337119049 121858.7352868375
122004.4978017374 121858.7352868375

121596.6919591195 121981.0167710356
121963.7172174756 121940.2562763029
122330.7424758317 121858.7352868375
122045.2783859992 121858.7352868375
121719.0337119049 121858.7352868375

121963.7172174756 121940.2562763029
121882.1560489520 121899.4957815702
121922.9366332138 121899.4957815702
121882.1560489520 121858.7352868375
121922.9366332138 121858.7352868375

121719.0337119049 121858.7352868375
122045.2783859992 121899.4957815702
122004.4978017374 121899.4957815702
121963.7172174756 121940.2562763029
122045.2783859992 121940.2562763029

121963.7172174756 121940.2562763029
121922.9366332138 121899.4957815702
121841.3754646903 121858.7352868375
121759.8142961667 121940.2562763029
121963.7172174756 121858.7352868375

121800.5948804285 121899.4957815702
122167.6201387846 121981.0167710356
121882.1560489520 121899.4957815702
121922.9366332138 121899.4957815702
121922.9366332138 121858.7352868375

121800.5948804285 121899.4957815702
121841.3754646903 121899.4957815702
121882.1560489520 121899.4957815702
122208.4007230464 121858.7352868375
121922.9366332138 121858.7352868375

121963.7172174756 121940.2562763029
121922.9366332138 121858.7352868375
121882.1560489520 121858.7352868375
121922.9366332138 121899.4957815702
121841.3754646903 121899.4957815702

121637.4725433813 121940.2562763029
121963.7172174756 121940.2562763029
122045.2783859992 121899.4957815702
121719.0337119049 121858.7352868375
122004.4978017374 121899.4957815702

121922.9366332138 121573.4118237085
121433.5696220724 121858.7352868375
121719.0337119049 121858.7352868375
122045.2783859992 121858.7352868375
122330.7424758317 121858.7352868375

121555.9113748577 122021.7772657683
121963.7172174756 121940.2562763029
121719.0337119049 121858.7352868375
122045.2783859992 121817.9747921047
122330.7424758317 121858.7352868375

121963.7172174756 121940.2562763029
121922.9366332138 121858.7352868375
121922.9366332138 121899.4957815702
121882.1560489520 121899.4957815702
121841.3754646903 121899.4957815702

121963.7172174756 121981.0167710356
121963.7172174756 121940.2562763029
121922.9366332138 121899.4957815702
122004.4978017374 121858.7352868375
121719.0337119049 121858.7352868375

121963.7172174756 121940.2562763029
121719.0337119049 121858.7352868375
122045.2783859992 121858.7352868375
122330.7424758317 121858.7352868375
122004.4978017374 121817.9747921047

121270.4472850252 121614.1723184412
122330.7424758317 121858.7352868375
121719.0337119049 121858.7352868375
121433.5696220724 121858.7352868375
121963.7172174756 121940.2562763029

121963.7172174756 121981.0167710356
121963.7172174756 121940.2562763029
121719.0337119049 121858.7352868375
122045.2783859992 121858.7352868375
122330.7424758317 121858.7352868375

121963.7172174756 121940.2562763029
121922.9366332138 121899.4957815702
121841.3754646903 121858.7352868375
121719.0337119049 121940.2562763029
121963.7172174756 121858.7352868375

121963.7172174756 121940.2562763029
121678.2531276431 121899.4957815702
122004.4978017374 121899.4957815702
122045.2783859992 121899.4957815702
121719.0337119049 121858.7352868375

121555.9113748577 121940.2562763029
121963.7172174756 121940.2562763029
122330.7424758317 121858.7352868375
122045.2783859992 121858.7352868375
121719.0337119049 121858.7352868375

121963.7172174756 121940.2562763029
121433.5696220724 121858.7352868375
121719.0337119049 121858.7352868375
121800.5948804285 122266.3402341645
122330.7424758317 121858.7352868375

121637.4725433813 121940.2562763029
121963.7172174756 121940.2562763029
122330.7424758317 121858.7352868375
122045.2783859992 121858.7352868375
121719.0337119049 121858.7352868375

121963.7172174756 121981.0167710356
122330.7424758317 121858.7352868375
122045.2783859992 121858.7352868375
121719.0337119049 121858.7352868375
121922.9366332138 121899.4957815702

121963.7172174756 121940.2562763029
120984.9831951927 122184.8192446991
121433.5696220724 121858.7352868375
121719.0337119049 121858.7352868375
122330.7424758317 121858.7352868375

121963.7172174756 121940.2562763029
121719.0337119049 121858.7352868375
122045.2783859992 121858.7352868375
122330.7424758317 121858.7352868375
121922.9366332138 121899.4957815702

121963.7172174756 121940.2562763029
121800.5948804285 121899.4957815702
121922.9366332138 121899.4957815702
122004.4978017374 121940.2562763029
121922.9366332138 121858.7352868375

122004.4978017374 121981.0167710356
121719.0337119049 121858.7352868375
122004.4978017374 121899.4957815702
121922.9366332138 121899.4957815702
121963.7172174756 121940.2562763029

121963.7172174756 121858.7352868375
121922.9366332138 121858.7352868375
121841.3754646903 121858.7352868375
121922.9366332138 121899.4957815702
121963.7172174756 121940.2562763029

121963.7172174756 121940.2562763029
122330.7424758317 121940.2562763029
122004.4978017374 121899.4957815702
122045.2783859992 121899.4957815702
121719.0337119049 121858.7352868375

121963.7172174756 121940.2562763029
121433.5696220724 121858.7352868375
121719.0337119049 121858.7352868375
122330.7424758317 121858.7352868375
122045.2783859992 121858.7352868375

121963.7172174756 121940.2562763029
121719.0337119049 121858.7352868375
122045.2783859992 121858.7352868375
122330.7424758317 121858.7352868375
121555.9113748577 122021.7772657683

121963.7172174756 121940.2562763029
121719.0337119049 121858.7352868375
122045.2783859992 121858.7352868375
121555.9113748577 121940.2562763029
122045.2783859992 121817.9747921047

121963.7172174756 121940.2562763029
121719.0337119049 121858.7352868375
122045.2783859992 121858.7352868375
122330.7424758317 121858.7352868375
121759.8142961667 121817.9747921047

121963.7172174756 121940.2562763029
121719.0337119049 121858.7352868375
122045.2783859992 121817.9747921047
122330.7424758317 121858.7352868375
121433.5696220724 121940.2562763029

121963.7172174756 121940.2562763029
121922.9366332138 121899.4957815702
122004.4978017374 121899.4957815702
121963.7172174756 121858.7352868375
121719.0337119049 121858.7352868375

122045.2783859992 121817.9747921047
122330.7424758317 121858.7352868375
122045.2783859992 121858.7352868375
121719.0337119049 121858.7352868375
121963.7172174756 121940.2562763029

121963.7172174756 121940.2562763029
121841.3754646903 121899.4957815702
121922.9366332138 121899.4957815702
121963.7172174756 121858.7352868375
121922.9366332138 121858.7352868375

121963.7172174756 121940.2562763029
121922.9366332138 121899.4957815702
121719.0337119049 121858.7352868375
122330.7424758317 121858.7352868375
122045.2783859992 121817.9747921047

121963.7172174756 121940.2562763029
121759.8142961667 121858.7352868375
121922.9366332138 121899.4957815702
121841.3754646903 121858.7352868375
121922.9366332138 121858.7352868375

121963.7172174756 121940.2562763029
121433.5696220724 121858.7352868375
121719.0337119049 121858.7352868375
122330.7424758317 121858.7352868375
121922.9366332138 121899.4957815702

121963.7172174756 121981.0167710356
121963.7172174756 121940.2562763029
121922.9366332138 121899.4957815702
122004.4978017374 121899.4957815702
121719.0337119049 121858.7352868375

121433.5696220724 121858.7352868375
121719.0337119049 121858.7352868375
122330.7424758317 121858.7352868375
122045.2783859992 121817.9747921047
121963.7172174756 121940.2562763029

121963.7172174756 121940.2562763029
121433.5696220724 121858.7352868375
121719.0337119049 121858.7352868375
122330.7424758317 121858.7352868375
122126.8395545228 121695.6933079066

121637.4725433813 121940.2562763029
121963.7172174756 121940.2562763029
121719.0337119049 121858.7352868375
122126.8395545228 121899.4957815702
122045.2783859992 121899.4957815702

121963.7172174756 121940.2562763029
121841.3754646903 121858.7352868375
121841.3754646903 121899.4957815702
121922.9366332138 121899.4957815702
121922.9366332138 121858.7352868375

121637.4725433813 121940.2562763029
121963.7172174756 121940.2562763029
122045.2783859992 121899.4957815702
121719.0337119049 121858.7352868375
122126.8395545228 121817.9747921047

122004.4978017374 121899.4957815702
121963.7172174756 121940.2562763029
121922.9366332138 121899.4957815702
122045.2783859992 121899.4957815702
121719.0337119049 121858.7352868375

121555.9113748577 121940.2562763029
121963.7172174756 121940.2562763029
121719.0337119049 121858.7352868375
122330.7424758317 121858.7352868375
122045.2783859992 121817.9747921047

121963.7172174756 121940.2562763029
121800.5948804285 121899.4957815702
122045.2783859992 121899.4957815702
121922.9366332138 121899.4957815702
121922.9366332138 121858.7352868375

121719.0337119049 121858.7352868375
122126.8395545228 121899.4957815702
122045.2783859992 121899.4957815702
121963.7172174756 121940.2562763029
121596.6919591195 121981.0167710356

122045.2783859992 121858.7352868375
121963.7172174756 121940.2562763029
122045.2783859992 121899.4957815702
121719.0337119049 121858.7352868375
122045.2783859992 121817.9747921047

121882.1560489520 121940.2562763029
121963.7172174756 121940.2562763029
121922.9366332138 121899.4957815702
122004.4978017374 121899.4957815702
121719.0337119049 121858.7352868375

121963.7172174756 121981.0167710356
122045.2783859992 121817.9747921047
121759.8142961667 121817.9747921047
121719.0337119049 121858.7352868375
122045.2783859992 121899.4957815702

121555.9113748577 121981.0167710356
122045.2783859992 121817.9747921047
121719.0337119049 121858.7352868375
122045.2783859992 121899.4957815702
121963.7172174756 121940.2562763029

121963.7172174756 121940.2562763029
122086.0589702610 121899.4957815702
122045.2783859992 121899.4957815702
121719.0337119049 121858.7352868375
121963.7172174756 121817.9747921047

