9826753.4534437470 37344.7994451523
9851820.1458926834 39067.1912002563
9818118.1717568859 36351.1203424037
9819372.1522026714 36360.0795758367
9836446.8880048115 38202.8241062164
9861473.0040612482 39075.4855880737
9820035.0978511777 36369.3158832788
9865222.4510758780 39108.5819396973
9818498.9399187602 36351.9217534661
9829359.0146734491 37384.3287830353
9829238.5011653565 37370.4238030910
9843521.0505938567 38277.5796432495
9826752.9301455170 37297.3519953489
9831895.6409585252 37400.7244052887
9824041.0063863192 37267.7893699408
9844432.2122893296 38320.1065979004
9819204.1117893923 36357.2412182391
9842821.3383781910 38262.8186569214
9821768.1099909917 37178.6078049541
9820551.0516072270 36376.2660869360
9844094.1589715220 38293.7265472412
9833697.2980290540 38089.2925450802
9918302.1756178774 39893.5001220703
9899075.6240288839 39145.9160308838
9825574.6560088880 37275.8061151505
9818797.7940528076 36352.3274326622
9826664.2633290663 37295.7203998566
9835118.2042019870 38103.8903064728
9823887.8498974126 37257.7117237449
9820819.8918218967 36456.0451394320
9827571.4063815586 37365.9033279419
9902153.9716634508 39177.0205230713
9820346.2807937842 36373.2178045511
9859076.5944214426 39075.4773330688
9821322.5557340365 36456.5847372413
9863219.5614378322 39101.2460327148
9820516.6598669644 36374.0709413886
9830168.5832245797 37390.0439739227
9822732.8189462926 37245.0456609726
9867196.2369623445 39113.6513061523
9824004.0219144858 37267.7736816406
9822371.7806572746 37191.9607410431
9825576.3302028105 37282.6432132721
9823227.1152323112 37245.7338415384
9826360.1399513241 37289.6859874725
9835312.2967262715 38193.0879783630
