44995760.6069132686 93331.9545021057
45122290.0428197235 101552.0917167664
46004334.7051026151 134403.5773048401
45370392.1840482131 113881.5229115486
45639689.0366451815 122312.3932423592
45280041.5272499844 109814.2547378540
49761518.6939850301 165602.3206710815
46750905.3101528808 147099.7320938110
45798222.7494577318 129903.6665420532
45021574.6909625083 97014.0124549866
44997543.8786258474 96960.0410041809
45812037.7953452766 130276.9572143555
45414829.9686628580 117537.6390309334
44934558.9737448245 92848.7679481506
45009800.4967407212 96990.5060044527
45666373.5403959379 126154.6461791992
45326867.5763941631 113415.3279957771
45154170.8293959349 105543.0910034180
45503553.7667369321 121659.9500660896
44928309.2136427537 92837.7299690247
45650101.7013306543 125781.3555068970
50388398.8102461696 166402.6978988647
45399620.5328107998 117536.7334365845
45781288.3885105550 126640.3348388672
46140205.3703801036 138148.2886123657
46423415.0430273265 142648.1993751526
45082195.9939983636 101136.3234901428
46165697.2118798271 138525.8883399963
45112327.7114101499 101538.4051551819
44964881.5437794477 93252.7256774902
46654240.9799864069 146393.0635659695
45920713.6670323834 130629.7812957764
45029284.0899168998 97345.7567329407
44947650.2092273533 92868.1949692965
44981557.0949210525 93293.7830848694
45918983.7631927580 130389.3552017212
45036123.3083471730 97416.0941200256
45419440.4879226685 117910.0241088867
45217224.5007484630 109292.1113662720
45068437.4459157065 101101.3578357697
45982943.3434970826 134399.2682495117
45062718.2856919095 97522.8571929932
45131437.7529612333 101645.1682281494
45476832.8245715797 118041.3358573914
45030925.4800979644 97391.5454444885
45257084.9515356645 109758.3062820435
44915946.8650186360 88775.0842294693
45141767.7511261702 105169.8003311157
44961639.9741434604 93234.4836769104
45280394.7382928655 109832.9177017212
45760151.3464114964 126158.9552345276
46302800.4785965383 138816.4429092407
44958380.7452863678 93223.4456977844
44927553.5575518310 88886.4670543671
44969293.5936330259 93277.4171485901
45091761.5573644042 101513.8564796448
46457967.0883623734 142938.7539443970
45966062.5192553252 134025.9775772095
45644415.9417814910 122418.0508728027
45194942.8464080617 105674.4027519226
45197345.3684102744 105691.9437026978
45330716.6898485944 113787.7130737305
45310896.7347367257 113414.4224014282
47148709.7340411246 155043.7249710038
45948356.6617298573 130737.2384643555
45859636.3933108822 130281.2662696838
44957513.5444289893 93177.1189957261
44949709.8066227958 92887.5178637505
45630156.7655642256 122125.2393875122
47436872.4388432279 159149.7446030374
45304469.8572421521 110051.1177673340
45532233.2877104357 122032.3351440430
45127940.3841900826 101604.1108207703
45276727.4390228465 109796.7137870789
46336841.1003082916 142270.5996475220
45310427.4717870504 110137.2182312012
46129646.5079124421 134921.4116210938
45216777.3305009827 105738.2581176758
45020270.0365958512 96990.7123260498
47361903.5894950181 156041.7467136383
45058547.8505817354 97454.2655372620
44956855.6345776767 92891.7014198303
46982179.6851629615 152066.2039749101
47488557.9663809985 159178.6195541071
46612348.3324297443 146392.9106826782
45371152.4387066960 113919.0248222351
46857512.5644783303 150515.2217178345
46671304.5791500807 146548.5176849365
46841798.3524026722 150213.4821562767
45035409.1629420370 97399.7281837463
49094966.9850372002 163599.6675949097
46366924.1772684678 142643.8903198242
46269034.8155172691 138717.1010799408
45593866.4123042151 122036.6441993713
45182194.7526407689 105595.1101074219
46308425.7885011435 139055.1323242188
45242576.8299552053 109665.4020385742
45300513.2361210510 109896.9800033569
47397653.0014230311 158788.5030166581
45212549.6890317574 105706.0303382874
45634864.1484972015 122163.6468925476
47309213.1966048107 155923.0530654863
45183005.0728274062 105636.1675148010
46114522.8412484452 134594.7900447845
51073828.6631186232 166933.9219970703
47577568.2536403239 160066.3579922169
47650670.3991232216 160066.7850336283
47310165.9313714057 155944.0097855106
46115475.5760150403 134615.7405328751
46888544.7981191650 150564.8376663700
47686220.2309366912 160090.3941816390
52665508.9277382493 173888.0612182617
51133745.3447066694 169303.2311401367
51259169.5364301130 172498.0054321289
52795091.4804908782 176258.9731445312
52970284.3660947680 178981.4409179688
52590646.8417213485 172995.7660522461
47786301.1236578226 160334.4147608876
46771893.6953636482 147226.0329298973
49757925.9470774904 163853.8251609802
48203123.8707495481 163199.8647120595
48140944.0195063800 162370.7877182765
47300618.3167123646 155729.4610861540
48092759.8864678293 161571.9847397609
46790135.8911987916 147662.4290084839
47228857.5377131477 155708.4997299090
46956954.7226331234 151607.1500509977
