85254595.5925948471 256174.0761653781
84618830.8391274363 169714.3005637825
84758969.8627673984 192269.7200004458
84726550.2184728086 190749.5257255435
84765712.0924744010 193186.1971744299
84765712.0924744010 193154.8108009100
85934853.6964405626 309102.3305530548
84618830.8391274363 169754.4604201615
84736066.3412458897 191427.3896411657
84762420.1528498083 193078.5846524239
84758969.8627673984 192326.4271686077
84995110.1381148249 227216.3347022533
85788603.2914049476 300240.6406211853
84725637.1423001587 185925.1356660724
84840428.9872924089 206303.0038309097
84840428.9872923940 206173.7939859629
85042461.3804412931 234804.0881162882
84983068.6583923399 227213.0620199442
84684686.3089812398 181952.0445131660
84706759.2004506141 185630.7670837045
84662471.9976983368 177897.0721514821
84694409.7831490040 182973.5366117358
85886696.6555256248 306565.1201190948
85651753.9350905418 292406.0379938483
86727309.4228024930 347220.5450286865
84594883.2850535661 161887.6215348840
85453068.7533226162 275000.1222450137
88120192.9709828645 371240.0803222656
84679850.4495783448 178361.4698411226
84879451.3425468057 212369.7468130589
86367387.8239793479 332782.3842220306
86235366.6621038765 327170.7628650665
84602948.2839035392 167395.9878635705
85042461.3804412931 234894.5041910410
87324534.4867576510 356533.0108642578
86237673.6092502773 327188.0750942230
88221478.0662932545 373023.3746337891
84594883.2850535661 161819.9085912704
84975882.0089396536 224942.1612631083
86237673.6092502922 327223.2259731293
84889920.8827653527 213208.3812433481
84911740.6559106559 214513.8165845275
85768855.8788169771 299514.2392038703
85651753.9350905418 292389.7779077888
84889920.8827653527 213268.4427667856
84911740.6559106559 214551.1779126525
84585159.8108858019 160758.9386125207
85453068.7533226311 275033.0405494571
84585159.8108858019 160795.5117712021
84762420.1528498083 193079.8668519855
84803571.8486604095 199855.7055580020
84928943.2380197644 219341.7679728270
85055900.0289541185 234996.5837172866
84975882.0089396536 224997.1547857523
85758977.1224973202 295825.1006927490
84585159.8108858019 160691.3621892929
84784239.9259950966 194265.8240501881
85350006.9222091138 265461.4466239810
85426645.0013706386 273364.9880897403
85410421.7948432565 271269.1668006778
87479392.4615262002 359184.8827514648
84576482.7165452987 155769.4926621635
84879451.3425468057 212307.1807154417
85115292.7510030717 242561.7071627975
86326760.8686832935 331124.5531215668
84594883.2850535661 161820.0451116562
84704608.4324886650 184001.0658007264
84889920.8827653527 213235.5091730356
85115292.7510030717 242678.0258883834
85229979.1600524187 251199.4899920821
85873148.6708477288 303203.1079368591
84593770.9819229394 160834.2354337275
85395633.7635722458 269722.8445045352
85651753.9350905418 292468.4588922858
85847413.8113513738 302509.4252085090
85651753.9350905418 292398.2635683417
86918483.2692480087 350298.3290252686
84701624.4200603813 183865.9911578894
84825391.6218057126 201126.9820265770
84639379.5884119868 176238.1861485243
84659180.0580737442 177818.6612274051
84698332.4804357886 183699.5993120074
86463752.3815721273 335297.5327364802
84639379.5884119868 176232.0383237600
85270818.7991222143 258384.1434178352
85758977.1224973202 295873.2910041809
84644911.3312856704 176467.8773578107
84983068.6583923399 227096.7432943583
84947292.5352997780 220611.7188029885
85407441.9119594842 270789.2862541080
97725788.6920005679 397376.5148925781
84618830.8391274363 169770.4138297737
84642671.5280365795 176374.3863773346
84652395.0022043288 177437.4977579713
84642671.5280365795 176285.5736351013
97397107.1111316532 397072.2097167969
84593770.9819229543 160858.1960050166
84933576.7629193664 220062.1560369730
85965690.1722257286 309300.4524784088
86502193.9319046736 339971.4833393097
84609107.3649596721 168585.7540855110
85778869.1043640971 300084.1311716437
84642671.5280365795 176333.5448112488
85918775.5122108608 308147.4353008270
84609107.3649596721 168585.7587394416
84609107.3649596721 168585.6176414192
84639379.5884119868 176207.1627110243
84609107.3649596721 168625.7774977982
85909563.2183400095 307421.6506919861
86123502.0608999133 319858.5446987152
84586968.5088642985 160803.1582735479
84593770.9819229543 160921.6465665400
84602948.2839035392 167303.9658909142
84609107.3649596721 168641.7309074104
84795829.7693668902 198581.5870190859
85251615.7097110599 255835.3236449361
86372479.7171756327 334411.4071483612
85267838.9162384421 257988.7658988833
85798343.0192162544 300390.5538744330
84968873.2164635807 221496.1699363589
85469291.9598499984 277154.7042762637
84968873.2164635658 221485.5713035464
85804603.9638604671 300768.3618354797
87947769.4315358549 367185.2639160156
84765712.0924743861 193126.1356509924
84962776.8168030977 221451.4124309421
84902040.1981542706 213744.0676090121
85423665.1184868664 273058.7292540669
85651753.9350905418 292354.1654352546
84999633.9554350525 227871.6231104136
85426645.0013706386 273421.4011756778
84940241.2333860993 220140.4045659304
85395633.7635722458 269672.2826148868
87572510.6662362218 361842.3880615234
84902040.1981542856 213835.1126410961
85683601.0227135122 295121.8641657233
85171956.0285015702 247207.0040341020
85673116.6390175670 293318.0314745307
86372479.7171756327 334349.0389842987
86022754.2832351178 311662.6728591919
85606127.0937274098 287465.6463617682
85423665.1184868664 272943.8682853580
85945245.2871417999 309164.8854307532
85804603.9638604671 300709.7861518860
86123502.0608998984 319795.1721401215
86894499.6233365387 349897.6025390625
85423665.1184868664 273010.2091228366
87227438.6197258383 356191.9921875000
85032719.1496416330 229123.2145085335
85267838.9162384421 257875.0447074771
85395633.7635722607 269786.0038062930
86894499.6233365387 349925.7691650391
86237673.6092502922 327207.1522407532
85058849.3250758052 235450.2012277842
86123502.0608999282 319864.9797573090
85918775.5122108310 308075.4718208313
96266568.0903508216 396884.0080566406
86097767.2014035434 319238.5486948490
86710328.8907225877 344128.3919086456
84928943.2380197644 219458.0866984129
86084823.5804803520 318804.4760611057
86205594.7525650263 325701.1687812805
85501835.3796025813 279671.8790315986
86228461.3153794408 326506.5645885468
85820682.1480902284 301692.4280986786
86237673.6092502922 327195.7757778168
85106205.9395463318 236662.3840767741
84704608.4324886650 184053.1317186952
95015922.0611081123 390539.2186279297
84701624.4200603664 183805.9296344519
84600430.2706191540 163596.5825383682
85606127.0937274098 287513.8250727057
86249528.4395242035 327370.6322383881
86894499.6233365387 349931.7739257812
86097767.2014035434 319168.7410776615
85077293.0786499679 236045.6619522572
85970652.0321299881 311438.7903921604
86123463.6503040940 319289.4881038666
87329758.1646563262 357379.7479858398
85859268.6416252553 302719.1996378303
86217324.6233162880 326203.6486414075
96133399.2596795708 395103.2321777344
86613149.5392507166 341500.3551177979
84862248.7604376972 207419.2061795592
85749581.6145465821 295686.5274443030
86495711.4969298691 335749.7194976807
85313465.7576015741 262085.8806983829
85212237.4602092355 250793.6831550002
86039788.2995563895 315752.3530058265
85212237.4602092355 250825.8814715743
85368063.6624576598 265894.7050494552
97016183.2654237300 396897.6594238281
86456853.4224785864 334487.5658361912
86189410.0202661455 325391.2851160169
85606127.0937274098 287413.7738031745
86625004.3695246428 342666.4028320312
85590977.9170335382 285911.9095453620
86033581.2448378056 311786.9125843048
85077293.0786499679 236004.9522945285
86894499.6233365387 349897.0914306641
85203100.0155442357 250660.3800067306
86968979.7908528298 353451.6695556641
85074662.8087396324 235464.7032422423
91326462.5365008414 380594.4810791016
85077293.0786499679 236014.9151337147
85590977.9170335382 285905.2958743572
85426645.0013706386 273423.7488319278
85205329.6774127930 250673.4830829501
85619371.4065131694 287595.1208805442
85077293.0786499679 236072.9156734347
87533019.7742089033 360353.0090637207
85590977.9170335382 285905.1885478497
84825391.6218057126 201171.7395319939
86534384.8303937912 340656.1155548096
84940241.2333860993 220190.1809393167
85322911.3983678967 263007.6562106013
85489520.0743526965 278981.3883646131
84832482.2285969108 203936.4714966416
85248157.3362991363 255116.8050243258
85478737.6006163210 278046.9128939509
84862232.3989435434 206908.1673795581
85132349.7695035934 242904.2010192275
85280264.4398885369 259182.2251803279
85564917.9421735406 283204.7230080962
84795625.0899649411 197561.7359701395
85270818.7991222143 258296.1645118594
84899089.5375754982 213354.2807098627
85017377.3427480906 228335.2160560489
86856181.7999581248 348076.8456592560
85333693.8721042722 263827.4952227473
85489520.0743526965 278866.5273959041
84787531.8656196743 194487.8281943202
84801442.5081042200 199153.1920580268
84816146.0850287229 200012.5121926665
84722759.5315280408 185730.5169197917
85234083.4839426279 252929.2973243594
84815539.6850213259 199996.3627526164
85009730.0965618789 228037.3796545267
84949995.0610669851 221065.6612464190
85009730.0965618789 227951.1825476885
85017900.3566010147 228391.4735023379
85628971.2963192761 287935.2516582012
84949995.0610669851 221181.9799720049
85905799.1746269315 307228.0750481486
85353665.0934614390 265570.9681586623
84853003.2236606926 206430.6484721899
85197838.8912130147 250534.3428973556
85353665.0934614390 265603.1664752364
85192048.0916557759 250327.2563163638
84722759.5315280408 185659.6253182292
84853003.2236606777 206378.7415503263
84778682.5463893414 193550.2494223118
84778682.5463893414 193575.2585070133
84876935.9758680165 207739.5104634166
91931660.0418421626 386952.5948486328
91607114.3798924088 380682.9449462891
85333693.8721042722 263797.7038180232
84876935.9758680314 207799.5719868541
86704661.4403016418 343482.9526977539
84816146.0850287229 200044.5966653228
85628971.2963192612 287897.2166240215
85147235.4114885181 243661.8056275249
85564917.9421735406 283204.8379018903
85343704.4731868804 264673.2008883357
96150246.4428422749 395610.5129394531
85264506.0368951559 257361.0351580977
85026749.6758313775 228894.0363571048
85240083.5139617026 254326.5400409102
85264570.3031314909 257413.4495902061
85147235.4114885181 243607.3434044719
85138792.2786580622 243339.1405536532
85170096.1558624953 244269.1950377822
85155697.8350193053 243795.5699669719
86956003.5304840952 350714.4685821533
85090208.7133098692 236191.3284794688
85164218.6723889858 244119.1946589351
85138609.5883762687 243119.0101730824
85233028.6285982132 252218.5068866611
85376170.0610124916 266563.4883338809
85538210.0016297102 279956.8166190982
85538210.0016297102 280009.5661308169
85723833.0372024626 295592.5789287090
85138609.5883762687 243148.3770000339
85575341.5487223566 285899.4158791900
87058319.5518376678 355386.9340820312
85538210.0016297102 280053.9718925357
85213809.6327403188 250912.0637466311
93845321.7994016111 388423.0817871094
87958240.3890423179 370486.4850006104
86164597.7653264552 320792.4336069226
95828000.2921582460 392711.5612792969
85796989.4310391247 300326.0601877570
85564917.9421735406 283322.4646462798
90617382.7212253213 373475.8098907471
95697540.9058923125 391724.3981933594
86038571.3867021650 313216.9735086560
86152742.9350525439 320582.6591776013
87815077.3542073220 366721.1443023682
85628971.2963192910 287973.4475092292
90812563.2784832865 373708.1320343018
