37309199.4766326770 3010856.2851562500
37300257.9876368791 3010853.3320312500
30734493.5703818314 2970517.4414062500
37661906.4913969412 3011120.4492187500
37516257.6920217127 3011081.8867187500
36899967.3752791658 3010790.2695312500
38085246.3158166260 3011196.4257812500
31855359.8698042557 3003911.2070312500
30990788.7309955508 2987944.4335937500
31502732.5922283828 3003696.9023437500
30389509.6784927845 2942179.1601562500
30940872.4731320292 2982512.5585937500
36311506.2980668619 3010700.1835937500
30593619.1323577091 2961377.9257812500
37992616.3997252733 3011133.1132812500
30739323.1578273848 2972172.5976562500
30463195.9132194407 2949645.7460937500
37711018.3827710599 3011124.0664062500
31354097.5861992314 2997932.6992187500
30396007.8521854654 2943198.9648437500
30579675.6919437945 2958210.3398437500
30844054.7603626288 2977836.2148437500
30168751.0186497942 2919978.1679687500
30713296.3488064855 2970484.6132812500
38039204.5409273058 3011155.5273437500
30055952.9061618634 2903465.1289062500
30867550.4293415993 2980055.3710937500
30653138.7717611305 2967610.8085937500
30580995.3417453393 2959530.4960937500
31196896.7990044616 2995896.4101562500
36396405.8218045235 3010710.3945312500
30858608.9403458051 2980052.4179687500
35043482.6431015581 3010595.9648437500
35016500.6939664856 3010512.6367187500
31040872.5214472115 2988465.8789062500
30979275.7770214453 2986568.0195312500
35007559.2049706876 3010509.6835937500
30633044.3866289183 2963186.3554687500
33443023.6145029142 3009791.0273437500
31049814.0104430094 2988468.8320312500
30980714.9444018565 2986574.2460937500
34089989.8742171898 3010300.8632812500
30227851.6244307645 2927472.3164062500
30914172.9313571006 2980875.3320312500
30790258.6864820756 2976766.5664062500
30767806.4841970541 2972204.7617187500
31425044.1948990449 3002631.3710937500
31222142.9132024795 2996524.7617187500
31616048.5071681887 3003875.9960937500
30799200.1754778735 2976769.5195312500
30602560.6213535145 2961380.8789062500
30923114.4203528985 2980878.2851562500
30662080.2607569322 2967613.7617187500
30545599.6884536333 2958174.2226562500
30722237.8378022835 2970487.5664062500
36885948.0182786211 3010733.3007812500
31548453.7749740332 3003744.1445312500
31475258.0030997247 3003393.7929687500
31011546.3520475663 2987979.0742187500
30613377.1865526438 2961404.5273437500
34456279.3242032975 3010496.6132812500
30630575.2753334083 2962661.2304687500
31568087.4091057181 3003753.4492187500
30878366.9945407398 2980079.0195312500
34109747.9284121245 3010327.4648437500
30933930.9855520315 2980901.9335937500
30810016.7406770065 2976793.1679687500
30672896.8259560615 2967637.4101562500
31063771.9564935453 2988699.2460937500
30413548.5589787439 2944361.6367187500
30440234.1199374795 2946124.1757812500
30674335.9933364727 2967643.6367187500
30634483.5540093295 2963192.5820312500
30322420.2032446675 2934395.0039062500
30418812.5570997745 2944378.2460937500
30521319.0389490724 2954207.4414062500
31388113.7131750584 3002169.3242187500
30512377.5499532744 2954204.4882812500
34667385.1618575677 3010499.5664062500
31738675.3273422495 3003879.9804687500
29983198.8863772079 2883184.2773437500
34171344.6728378907 3010338.7539062500
30267567.3932300322 2930977.3554687500
30358720.5143994540 2938776.6445312500
31246481.5156292245 2996764.3554687500
30450159.0139699616 2947896.4257812500
36047155.6030670106 3010637.2304687500
30004725.2046500258 2892175.8085937500
30503546.9354929700 2953526.9335937500
34111187.0957925394 3010333.6914062500
30820397.3970532157 2976802.3476562500
30426139.5073561445 2945430.0117187500
31261512.0132011324 2997793.0195312500
30149083.8185735233 2917747.5273437500
30550790.8219000101 2958200.5039062500
30431403.5054771677 2945446.6210937500
31337006.1517880447 2997808.3945312500
30323864.4221696742 2935118.6523437500
30160789.9868473150 2917761.5351562500
30683277.4823322743 2967646.5898437500
30632014.4427138194 2962667.4570312500
30417373.3897193670 2944372.0195312500
31072143.5296162516 2989868.8945312500
31529182.3044921756 3003714.6210937500
31176798.1217330694 2990858.6757812500
31257054.3760498129 2997788.0429687500
30469826.2140462361 2949678.2539062500
31065211.1238739565 2988705.4726562500
29974109.6646760702 2877165.9882812500
30401271.8503064960 2943215.5742187500
29974109.3890316375 2873852.9804687500
30443528.7131431699 2947863.9179687500
30233983.3423111811 2927591.0117187500
30378809.7634046935 2941880.6757812500
30335390.7077382654 2937800.2851562500
31076601.1667675674 2989873.8710937500
30361189.6256949604 2938809.4257812500
30362287.1307387315 2940690.4804687500
30327520.9277938530 2935949.4570312500
30402139.5700658783 2943439.8320312500
30935370.1529324427 2980908.1601562500
30879806.1619211473 2980085.2460937500
33681259.7194751874 3010137.6757812500
29962312.7813718319 2869998.8007812500
31195180.2233041003 2994450.8945312500
30032489.2848978266 2899909.0039062500
30888747.6509169452 2980088.1992187500
30811455.9080574177 2976799.3945312500
30164373.6635308079 2919374.7617187500
31016443.5897222087 2987982.2382812500
30087732.4171083793 2908545.9648437500
30402301.7942215875 2944121.6992187500
30253650.5423874520 2929821.6523437500
29976837.3832123987 2878499.7382812500
29978250.6878612675 2880367.8164062500
30452034.6956001297 2948347.9804687500
30066590.5686302409 2907055.5039062500
30083356.8427962102 2907727.9257812500
30089536.9570807181 2909050.7773437500
30285244.7705511935 2932054.4335937500
30501651.8388728015 2951976.8007812500
30385674.2644915134 2942130.4804687500
30702746.6381023303 2967653.0742187500
30511878.9670068994 2953963.0976562500
30313767.7957445830 2934379.7695312500
30975115.4568112418 2982558.6054687500
30784075.3902774975 2973998.9335937500
30299200.8749960326 2934379.4492187500
30561171.4782762192 2958209.6835937500
30236561.7167637311 2927957.4335937500
30330126.7096172348 2937783.6757812500
30552229.9892804213 2958206.7304687500
30623757.8429288529 2961413.7070312500
30249054.9378089570 2928633.5976562500
30614816.3539330550 2961410.7539062500
30142952.1006931029 2917628.8320312500
30026227.1967416182 2898214.4257812500
30367551.1288597621 2940707.0898437500
30474822.5611435957 2950109.8085937500
30292570.5741692409 2934346.9414062500
30468459.9113404751 2949662.3554687500
29998723.8450986817 2887404.3554687500
30191661.7916885316 2924051.4804687500
30480086.5592646301 2950126.4179687500
30434970.1218164526 2946107.5664062500
30161671.1618362591 2918695.8085937500
30218884.3394425698 2926880.3554687500
30342619.9306624606 2938459.8398437500
30290143.7007229365 2932610.1679687500
30492710.3498770036 2951973.8476562500
30458664.9964269213 2948380.4882812500
30384073.7615257241 2941897.2851562500
30453400.9983058944 2948363.8789062500
29999271.1144003309 2891436.3945312500
30347883.9287834913 2938476.4492187500
30591303.1334468909 2959549.3476562500
30125274.7233719416 2916551.7539062500
30106762.2679508738 2914207.9960937500
30444027.2960895449 2947876.8476562500
30486348.8467121944 2951317.2617187500
30055793.8758654483 2902987.5742187500
29999136.5172222145 2887431.8867187500
31996564.5356427133 3005537.1132812500
30353456.5162784234 2938760.0351562500
29993322.0077146180 2886132.3632812500
30059811.2476604730 2903812.0976562500
32575059.6110931486 3009099.9414062500
32188593.1841313988 3005756.7851562500
30038669.3991823383 2900944.0898437500
30200371.8840215020 2924536.5976562500
30035217.0034341626 2900145.9179687500
30005085.3482634835 2896723.9648437500
30100400.7647860609 2913650.5273437500
30322282.4884216636 2934381.7773437500
33015460.4253763855 3009623.0585937500
30293936.8768750019 2934362.8398437500
33179869.2510992885 3009695.9804687500
30091690.6724530943 2913165.4101562500
30060551.6583839767 2905241.4101562500
30352090.2135726586 2938744.1367187500
30121822.3276237659 2915396.4570312500
30185300.2885237224 2923494.0117187500
30325481.8366945460 2935565.5429687500
