30215350.0552011281 653862.6837768555
30016773.6687010378 640616.4016113281
29974866.1447255798 638815.4975585938
29764760.5189805441 609818.4867095947
29669935.7948254533 591098.5409545898
29547412.0661676861 550574.6961200535
30029796.3981168307 641509.5275878906
29575528.0617200136 562088.6496601105
29774329.6042594649 610595.6364288330
29649861.0480375811 583829.0599822998
29568781.5596831627 555094.1657505035
29788397.1211970262 616269.9428710938
30257983.3489028774 660084.5502929688
30541756.6140997000 676500.2700195312
29855383.4547030069 620961.0672454834
29594099.9115550593 564426.6078310013
30234782.8486893699 659977.6464843750
29988007.3319191411 638861.3961181641
30075739.1930458471 646387.8954467773
29719629.5712898970 602352.8681640625
29871244.8388021700 624975.4320068359
30229835.9170325585 657974.2694091797
29972481.9849431552 636753.8358154297
30385702.8883141428 668411.3193359375
30122730.5105745345 650779.9909667969
30090228.2529720590 649360.2297363281
30278662.5939428844 660998.0974121094
29962361.1062688045 636684.7628173828
29960377.0847993605 635843.1632690430
29555941.0494745448 552811.1338500977
29711852.6529531106 600647.2585144043
29974696.5586574897 638568.2396240234
29787772.5823035240 615907.0380249023
30128008.3364391923 651516.6694335938
29931840.4611978866 630113.2346191406
29586376.6082305349 562368.7354755402
29888750.1958122253 627173.4755859375
29741758.1395517290 605488.3403320312
30229372.5196959302 657681.1129150391
30207546.5374343768 653170.1000976562
30424497.1482989565 669497.1655273438
30007368.4023280479 640235.2587890625
29531207.2671656311 547807.8506819606
30006848.9523124360 639537.8925781250
29943521.6498993188 632665.4761962891
29859038.1769707724 622895.7080078125
30271809.1074572727 660766.8774414062
29804806.9727964289 618212.3048095703
29898912.1418851502 629987.0855712891
29654232.6786471494 588633.0676574707
29775609.0654910617 612602.7343902588
30070461.5774969310 646201.9130859375
29804507.6624955162 616665.9915771484
30393963.0805443116 669035.7185058594
29669676.6452265978 589429.7998657227
29662472.4348089248 589292.5887756348
29885696.9816114604 626858.9088134766
30122211.0605589189 650082.6247558594
30554318.9044835754 677191.9565429688
29609971.6956348084 565358.8616561890
29890933.1722808443 628103.6087646484
29747259.5161614418 606149.5026855469
29734924.0637727566 603797.9504394531
30242391.8926555850 660046.7194824219
30068121.5703077726 642260.5866088867
29703533.2251669094 598027.2189941406
30720449.0912896730 684789.9091796875
30145158.5063633099 652054.2597656250
29816843.1148842014 618549.4683837891
29861535.4020649828 624047.7994995117
30042510.7511987872 641612.3776855469
29617052.7319082059 578785.3735198975
30085054.3103457317 647135.6607666016
29691889.4021406546 591638.6687011719
30230248.1067716032 658396.9396972656
30318689.6847217306 661654.7980957031
29725024.3079489321 603076.2792968750
30536007.1619110741 676143.7402343750
29846702.7245820872 620912.1748199463
30464524.2390778027 670153.8662109375
29990989.9086003862 639123.2144775391
29693573.7833323255 595099.1799240112
30292185.4174063355 661128.7294921875
30101379.4495897591 649371.1701660156
30338920.4011803195 662021.2045898438
30667416.3905923516 678204.5712890625
30103877.2967770919 649667.9466552734
29737970.8274966478 604646.9347381592
30699598.9673842452 678359.8554687500
30504580.9303861111 670606.6186523438
30084551.9628654607 647118.5606689453
30075351.8869476132 646264.7311401367
29955099.4692504443 635657.1809082031
29590022.4243429713 562679.9868507385
30314763.0524648391 661401.7431640625
30388226.4470116533 668545.7875976562
29948414.5290386304 634111.5609130859
29959989.7787011266 635719.9989624023
30143682.1017772220 651562.0214843750
30374588.9941411018 662571.9511718750
29647077.6283284202 579165.4420166016
29756730.7734621614 607140.9793701172
29994195.6615509279 639172.4538574219
30358986.2015306950 662353.1210937500
30610244.2534234561 677751.8188476562
30369139.8145868964 662445.0688476562
30185370.7213737480 652772.0754394531
30119262.8459370434 650073.3547363281
29615891.0035776421 565445.2720489502
30058184.5165368319 641692.3056640625
30331723.5108823590 661859.0576171875
30351789.3112327345 662190.9741210938
30460485.7450969070 669715.9956054688
29763317.6521300897 607651.6865234375
