9820785.5159963891 35.9637148321
9821777.2545137554 36.0349380984
9820874.6402213350 36.0070690790
9820127.6242729407 35.9635773828
9819222.5106059629 35.7361847614
9819732.4025586657 35.7391836277
9819570.1275631413 35.7389737535
9821052.0797081366 36.0321402471
9817494.1510461643 32.9850954654
9817728.5612863638 32.9862677361
9819928.7501328662 35.7755176462
9818290.9953855220 33.0185461213
9822960.0717923325 36.0624349039
9817953.7433323190 33.0176848650
9817415.2449942101 32.9546931235
9818785.3191929385 33.0538516538
9824549.3834117111 36.0685366655
9818468.4348723218 33.0525015998
9825335.1553804018 36.1301487412
9822808.8162590005 36.0398856662
9836380.1359725706 38.8951665573
9828354.6656831671 36.2158918791
9859820.0151574090 39.4381552041
9837864.5222059190 39.1902891994
9833383.9926912785 36.4247880802
9854604.1235136129 39.1980572343
9856078.0318219475 39.2239701897
9873983.2411514260 39.6494307518
9910358.8936990723 42.3203380406
9917365.5975122303 42.4305769801
9880168.5092796497 39.6995997727
9890911.9314692207 39.8098387122
10137590.0199296139 44.9113628864
