9831669.1424548943 855246.0927734375
9824703.7671830654 840315.9960937500
9826503.1046282407 844236.4804687500
9838388.1035229694 859659.0742187500
9848688.1259555724 867124.6669921875
9833083.1754778791 859163.6191406250
9837111.5801972263 859657.0507812500
9831945.6568110678 857005.4521484375
9840262.5759415403 866631.2353515625
9830934.0176021867 854514.3017578125
9828171.6723454520 849374.7548828125
9830044.3158649709 854387.2138671875
9828994.7550226003 849506.3544921875
9847317.2908234280 866633.2587890625
9847867.5664542951 866842.6630859375
9853711.7652194034 874098.8515625000
