65582738.6643698290 425469.0803813934
65929003.3215667754 455383.6524639130
66047315.5123372003 461992.1091766357
65650408.8227590248 432566.7931499481
65616158.9605869725 430195.4661270082
66079199.7711391225 464114.9299312532
66039310.7145833820 461576.2641887665
65664050.6013515517 433325.5522170961
67121226.4350475967 507418.7639418840
65511856.8798758909 417182.5646701753
67044606.6151378527 506683.8303595781
66875445.8505998924 500089.1364173889
66052277.9191848934 462260.7116851807
66957005.3668531552 501079.6556584835
65596380.4429623187 426227.5113235414
66208943.5771144256 470696.8853450716
67216208.7822678983 508822.5492548943
66983876.1813711450 504840.0121479034
67158363.9736185968 508029.4689216614
75096659.8781999499 544983.4731445312
75015752.9298770577 544877.3613281250
66066890.1343514323 462892.0269451141
66874100.7907378003 499832.5969502926
66423292.5648838878 480777.9857360125
66179495.3494040146 469294.7934246063
65759172.3741569743 441314.9272990227
65925335.5216537341 455101.3868083954
65756767.0223716944 441187.2971134186
75062052.7709616870 544889.9179687500
66063522.1357221603 462567.0151958466
72739427.1600849032 544247.6176757812
66714214.8652393594 493793.7009650469
66049872.5673996434 462104.1062030792
66506479.4184742570 484720.6660401821
75209112.2360654771 545012.3256835938
66726130.5233493671 493924.1802130938
66387498.9118666276 479643.5336322784
66584751.3043956980 487601.5524054766
66993226.0389870405 505112.8467750549
66472146.0893431157 481200.4172736406
66726198.3677693680 493959.6557990313
65532075.7190569937 422359.8718261719
66883450.6483536884 500220.7884894609
65780869.7523307130 444179.1610699594
75078606.0738413334 544943.4443359375
69943319.8087823540 543753.3066406250
74362336.0804938525 544700.4799804688
74648696.8498819917 544874.6015625000
65462662.1474624872 408681.1556706727
73574467.6500706226 544248.8745117188
65778349.4930570498 442374.0045390129
65450845.4067496806 403032.3867461160
65541379.9885804132 422553.7287483215
65792697.8174859956 445237.7710247934
75371940.5529316217 545080.7407226562
66057117.8556063995 462561.5713481903
65539178.3407316059 422395.9640865326
66230556.7271060497 471941.7971261740
70763720.6196084768 543912.5327148438
65810590.5631755590 446557.9375286102
65819900.6711438149 447593.7716045380
67597567.0085105449 521720.9391632080
66039225.1099168360 461241.9316998422
66813665.7585374638 494942.7715473175
65829893.2559257001 447777.1356730461
65802007.9254542589 446273.6051007211
67428130.3231971115 515877.7103881836
67125223.6345439702 507586.3761520386
65837397.7771589309 448340.2728591859
66125956.3098072559 466489.7420955598
65726562.7764547244 440084.3736858368
67499039.3234073073 520733.6738539934
65786293.5373702347 445198.2291274965
67256794.9839286655 509479.3721313477
65795603.6453384981 446234.0632034242
65916710.0218457729 454310.5308971405
66320238.9989601448 475386.8391704559
66354528.6095473468 477131.8234405518
66117951.5120534748 465540.6619943380
72462831.3397534490 544067.5625000000
66103339.2968869135 464434.0232845247
67039368.1294496581 506259.4784117937
66274961.5412340462 473324.4390277863
66317339.0333335698 474378.1196471453
65775944.1412717775 442246.3743534088
65743169.2672371715 440615.9340229034
65737569.8212686107 440356.6740093231
66150916.5480814278 466859.0825682878
66396916.6139025241 479998.4312477112
66279205.1557118893 474304.7749205828
66169481.8276182115 467988.1248455048
66429944.2483861446 480779.2547789812
66099970.2132858559 464423.7268978059
66205076.7484198660 470357.8877544403
66238561.5248598382 472890.8772273958
65768356.9082751572 442190.6404705048
66074852.0700185671 463347.6983638704
65909122.7888491601 454059.6704082489
65744059.8824698403 440830.4872451723
65998858.4447876513 458970.7050167024
66269895.0477436259 473264.7445555925
65912711.0935152844 454237.2644572258
66355722.2471323311 477321.9517152309
66106779.1909071803 465430.6926876009
69876573.0621497482 537563.0050048828
65934602.7675353289 455642.9124774933
66076157.3802330494 463434.4523385763
65978802.2511410043 457906.0996856689
65809380.6140442938 446544.3838176727
65957064.3129672259 456864.4382320344
65979681.3258875683 457911.6277767122
65869282.0359608680 449755.7151432037
66084162.1779868230 464383.5324397981
65441721.0780846924 401603.6333739236
65850148.9405187890 448709.2970829010
66044273.1214310825 461844.8666973114
65937008.1193205714 455799.8900299072
66219384.4059597626 471833.4591670930
65528591.8015787303 422359.0744628906
65970415.2413773015 456889.8288570344
65893408.4007651284 453018.3924846649
65861694.8029642552 449699.9812602997
65902718.5087333843 454054.2265605927
65827487.9041404426 447649.5054874420
65989548.3368193880 457935.4085384309
65902653.8699606806 453050.4541301727
66741536.1194337234 494148.4593410492
65910305.7417300045 454109.9550724030
65875515.6550755575 451698.7528363168
65884825.7630438209 452734.5869122446
65551006.4058869034 423456.2927913666
65518329.9308643267 421177.4600543976
65734150.0094513446 440140.1075687408
65724882.7635697573 439771.4100051820
67183427.1430934668 508077.2937270403
65749179.7893750817 441131.5632305145
70530269.7142897993 543839.3081054688
66097513.1063969135 464407.5319515169
65662376.5355437696 432987.9148235321
65605111.1613743603 426518.3524456024
71415547.5578348339 544048.8266601562
65658892.6180654988 432986.2551555634
67370544.5643796027 515355.2039337158
65859971.9279926121 448719.9215946198
68977979.4093156457 531038.5769042969
66538363.6772761941 486356.5346412659
65626111.7969537005 431206.6399246156
66982751.4277407452 501088.0057561398
66066982.9384605661 463069.1583553255
67728581.9461940378 521811.9918975830
65644873.4824514687 432266.4979263246
65624403.3275844604 430959.9649845064
67342093.2438790798 514434.0206557512
66374819.2832109928 479212.7828670442
74272125.0590467453 544500.5698242188
66590143.6697013229 488094.8023869991
65896249.5898449123 453045.0102825165
73819037.0684759021 544396.5292968750
67026253.6734706685 505892.6414977312
74181894.1560779363 544490.2026367188
67480987.0601518750 517739.7514648438
66387566.7562866285 479725.5741596222
66030206.4137988314 461041.0807323456
66513093.3232423440 486064.8001117706
74245253.9946559221 544494.1269531250
74297992.2687098235 544584.6821289062
67972658.1678460389 530234.1364746094
69410872.0385966003 537347.8262939453
65681265.1150700748 434035.5482158661
65782177.7603864670 444188.8573590219
66850838.2268943638 499687.8109581470
74159025.1721759886 544407.1821289062
66652389.7820471525 489370.3854351044
65688820.2479975820 439311.0365005434
66906137.6811787188 500264.8111945391
66589334.8079200834 487624.4281611443
65657337.0105452165 432688.4467483461
67746895.5807018429 521817.3292999268
65676389.7240806147 433732.4282852113
66817810.5924107358 498736.5156879425
66668805.3609839454 491900.8841854036
65813431.7522553504 446584.5553264618
65623205.9691011980 430211.2539959848
65675499.1088479608 433518.2212543488
66509580.1716005430 485710.5825496614
66579244.0579122454 487409.0297260284
66611596.7087078542 488434.1629867554
66702867.9595059305 493449.4386168718
67881198.6887840778 529130.1912689209
66635320.5845439658 489368.8781108856
68637227.3511899412 530745.8005371094
65623975.2815217674 430361.5620575845
67910879.2569400221 529165.3382415771
66358823.0002586097 478311.8682247102
65682335.3319427371 436424.3689728677
67756850.0123720467 522129.3585968018
67899860.5934710950 529156.9881439209
66680084.4222973660 492004.8523522317
65656968.0892647505 432675.3949905336
67277311.3178063184 512551.3368293047
67033101.3634674177 506080.1626349688
66660800.5632301494 490952.2659982443
66327795.4138570353 475664.1541423798
67579970.2906456143 520905.5997772217
66860188.0845102444 499789.7251158953
67635972.4916361868 521762.5216827393
66198672.4683040977 470352.2114849091
67783791.8996931314 526512.8215332031
66029915.0019485727 460201.3207684457
67032841.6393287703 506040.3490025997
65491204.2353943586 415425.5683784485
66346372.3895164356 477095.7030925751
65552949.8914900720 423656.6367188394
66027762.7883098423 460106.3349286020
65580129.3908483833 425170.4257827699
66417003.8302392289 480777.3553649187
65795539.0065657794 445264.3888226449
65789134.7264500260 445224.8469253480
66683905.9121295065 493312.2310973406
66546368.4750299901 487137.3581725359
66497129.5608583689 484494.4174175262
66529013.8196602911 486083.6775531769
65520452.6143888757 422288.7243671417
65785018.9494662583 444214.4517193735
65878356.8441553488 451725.3706341684
66548582.7485828623 487357.7758407593
65590325.8973664194 425524.8142642975
66382046.8653272316 479561.1248046160
65485836.5263513923 415061.2841525972
65556694.8157297969 423861.5930362642
67061142.7573920488 507231.1604309082
65438814.3533743918 401592.9595457986
65471535.6353662163 414615.0469837189
65596091.9035885483 426216.0420852602
65479024.2833927497 414900.7146053314
66348124.3294315711 477126.1598663330
65455017.8551664650 407334.9903107584
65466236.1714995131 413923.2746753693
65442203.1497815251 401687.3760649636
65438444.6825845540 401472.9110838845
65437107.7200799659 401342.4792601541
65452111.1304561645 407324.3164826334
65447502.6136482358 402379.1483733132
65457410.5943228751 408016.0887909830
66025510.9028216004 459763.0293407440
65502748.3757382259 416450.6373634338
65573719.4065839797 425166.7490249574
66019911.4568530545 459515.9555951059
65494302.0514122471 415959.5818843842
65619642.8780652285 430196.4597793519
68341522.8795112967 530304.9675292969
65438533.5382075384 401477.6454588845
66401014.6343668327 480549.3445274830
66269622.0572225526 472962.2419734895
65445198.7301148102 402349.3014494851
65611484.0946338549 428870.0782558620
66229251.4168915749 471850.2662959993
66482088.3400939554 482962.2151470184
65442292.0054045096 402338.6276213601
65441809.9337076768 401608.3687254861
65436866.8689358085 394399.7184855416
68088098.8362267315 530269.9724121094
65438903.2089973763 401597.6948973611
65558441.6385644749 424108.9271560609
66322226.7859882191 475390.6200543344
66116646.2018390000 465453.9485469759
65564845.9186802357 424148.4597760141
65624013.6349872053 430362.2173310220
66339235.1040414274 476702.5180034637
65447591.4692712203 403030.3999297097
65503303.4785307199 416487.9364047945
65506210.2032410204 416499.0443149507
66197367.1580896378 469727.4455413818
65459475.4573098794 408341.2557036355
65481225.9312415645 415058.4792671204
66441967.1570046842 480880.8788943291
66376170.5103984326 479227.2691951692
66380008.5882335082 479248.9806209505
65508602.9423974305 417180.1530490816
66354710.1394272745 477143.2583919466
65970371.2179193050 456876.3078609407
65969492.1431727409 456870.3061370850
65577203.3240622357 425168.4086929262
66364020.2473955378 479194.5514217317
65686923.3438571915 436696.4288006723
66097469.0829389170 464394.8737483919
66210074.2979914993 470792.8238216341
66175784.6874042973 468513.3975849152
65655501.0210173428 432640.5529037416
66345718.9776463136 476969.5543842316
66194961.8063043803 469570.8400592804
65496774.8772421330 416123.0162387788
66191764.5409177542 469313.5561199188
66357276.6766895428 477454.2870838046
66189362.3603358343 469311.6005535126
65594624.8353411406 426181.1965804994
66340119.5316777676 476710.3148784637
66170185.2414357513 468254.1580791473
65922534.4026782960 454374.4361858368
65631028.1876066774 431773.4903427064
