29909198.0422966145 5174.4217768554
30098382.2222647257 5390.0524028959
30414011.2312463187 5590.3671004297
29818830.6446817778 5058.5441990737
30271320.6285554878 5506.9605007470
30094000.9636208192 5379.5071832957
30000884.5007704608 5270.4744064212
30766206.1457517110 5750.6045951843
30051587.9895754419 5353.8626096814
29733228.0063712820 4911.6863295734
29779531.0764707103 5035.1975791277
29664385.9419525824 4707.5629222710
29724570.1994279213 4840.5514100911
29645843.9829398580 4693.4259476159
30433508.8406874686 5594.7061309814
30294492.7442073338 5516.0238575935
30476122.0643272251 5625.0468387604
30406431.1424556673 5587.3155853748
30448568.6900314838 5612.6582718194
30027378.8321619034 5285.9877728345
30940758.6817555502 5836.5935764313
30432441.5846904851 5592.7793135941
30388597.1345478445 5559.2199925780
30709576.8260307088 5739.4492816925
29674436.7729266398 4797.8778569084
31158970.8454997279 5929.7000198364
29734325.5913150832 4939.8752934756
29902956.1201817244 5162.7277867617
29696880.1134788655 4825.6971982839
31160798.7414315715 5931.6663055420
30756862.1565197520 5741.6840581894
30976719.4810901694 5848.2156867981
30371401.7103395052 5522.6852550507
30645286.2729425281 5721.7255668640
30576635.1339542083 5691.9551010430
30179328.3399069645 5401.2187106134
30256078.9726737738 5493.5484840274
29952319.3852750286 5187.2399502639
29642839.0794853792 4609.2878334448
30751264.8225088120 5741.1792440414
30451161.0420575961 5616.3668770790
30855384.8059625290 5823.3330230713
30510368.3877140805 5629.5513033867
29830191.2628166750 5072.8597342791
30994766.2423770204 5849.0979137421
29672456.4832252264 4722.0679137390
30527044.2594700903 5634.0905919075
30258279.0464279689 5502.7626921656
30953110.4675413445 5840.3906755447
30340520.5339588150 5521.3912968636
29677775.9667386450 4814.0329763591
30804374.1059712023 5805.1761856079
29949556.0530336574 5176.2830620650
30619139.9091575518 5717.5717773438
30472029.3704171814 5623.3684010506
29928234.4762133621 5174.6185563300
29855056.4276627786 5148.8051005546
30198288.2309232652 5462.9578020396
30654561.9369778037 5728.7270908356
30615110.0728012621 5699.4784145355
30133556.1371608488 5396.5204231739
30339575.2380530275 5518.3284912109
30775341.5809639655 5801.0223960876
30191388.6604374871 5401.7837314606
30436607.3425969295 5602.5416660309
30385498.6326383799 5557.5952070020
30515376.9202284887 5631.2258504629
30060527.1464717872 5353.9561180295
29803529.0272903331 5053.7124273600
30266939.3699115850 5506.9164816858
30240793.0061266124 5488.5744783403
29882964.8899051882 5156.3814814333
31011586.4777689427 5906.7836418152
30835966.4576417543 5816.3314990997
29660568.1559160948 4697.3471287638
30045990.7555717342 5339.5027156509
30392246.1261052489 5582.9534170330
30063824.7634795643 5367.3325396422
29848128.5977073014 5136.7209621000
31040475.7087488882 5911.0720863342
30711191.2566988058 5739.8824043274
30900257.0107299350 5834.0552139282
30192782.7980775200 5448.5700106956
30106329.5386829041 5393.3323162915
30995054.2906704284 5899.7821178436
30701915.5926635265 5732.8808803558
31173887.5912614614 5938.7213134766
30237843.4044632912 5479.9710419178
30231450.8188785240 5478.2482903302
30323844.6622028090 5516.8520083427
29902966.1206619814 5163.1725714030
30589415.6975792982 5695.6637063026
30398483.8260374852 5586.2133109095
30285505.6449059099 5510.6691060066
30440988.6012408286 5612.2130875587
29978481.4713737890 5258.2652445976
30809820.0938567780 5812.1777095795
29765929.5968883820 4951.6197498776
29959595.7009269185 5246.1784055056
30216854.5059175901 5477.8651899816
31172228.4022091702 5934.4745407104
29692270.7808344737 4818.5843178602
31089521.0438998751 5917.5058326721
30259359.2811209373 5503.8649666309
29958379.7255671099 5244.4746297719
30210616.8059853502 5476.7829350354
30247030.7060588598 5493.4743709862
31224144.5060637332 5990.2342605591
30006389.9336162023 5283.8819208983
29778110.7717304416 4952.8394326214
29791489.0169621035 5053.2703433561
30605332.5441261530 5697.3421440125
29644055.0548451878 4612.6077696960
30381410.0835014507 5528.4100024868
30570986.7200395316 5637.8418254852
