262431739.8891611397 894627.1119755208
261089780.8713951111 852466.1440460980
267316390.8896379173 1003783.4997863770
265469570.4214705527 968080.8914108276
265944741.4444187284 978961.0568084717
266020856.8790160716 982391.0086288452
261064204.2489033937 851755.5718949139
273019698.1989992857 1064948.7812500000
267581300.0642336309 1009245.3989562988
267581300.0642336011 1008779.3623352051
259015151.0360797644 737622.5023078322
261695790.4765584469 872606.6895263493
260533706.0389945805 831916.8237361610
259248437.1094815135 759857.0033645034
261614657.3809923232 871479.5963064134
265098165.8778207600 962344.5140225738
259069870.3420315683 740093.3280829787
258517703.9499552250 691550.4053596854
258621206.1110762656 693326.1045784354
266866465.7880282700 995976.7926845551
263400282.3354607821 923677.3421221226
263381074.4659559429 922801.8629605621
275871996.5100042820 1071626.4008789062
275871996.5100042820 1071564.2773437500
267316390.8896379173 1003683.2756652832
263589738.2676008046 928282.1504106969
281318098.9514875412 1077835.4711914062
265469570.4214705825 968158.2102584839
272536566.3768833280 1063635.9086914062
281760403.9589408040 1078399.1772460938
266124975.0997884572 983921.7195663452
267953277.1340572536 1016071.0223999023
270821043.0220708847 1050715.4870605469
265203733.6501619220 965163.7042462677
266019407.3274473250 981274.9160614014
259563935.9105404317 779684.8936047256
269082557.0484976172 1032968.5888671875
265754035.7259129584 977308.4082412720
262556696.4505589008 898345.7394152135
265754035.7259129584 976615.8926162720
266866465.7880282402 995920.7892665863
270117582.3006874323 1044967.4924316406
258621206.1110762954 693485.7486214042
275871996.5100042820 1071608.9350585938
264243001.5598828197 940280.4182026982
263125875.7988461554 917669.3217389435
259429947.2988488376 770407.6105260551
265098165.8778207600 962534.2142178863
282126295.2430750132 1078744.9262695312
261614657.3809923232 871687.9210134447
259694415.1271330416 782095.4532707930
274292666.8168928027 1067611.3779296875
260333515.6970619857 821539.8280184567
272711446.2183160782 1064456.7006835938
259349711.6026172340 760466.4100297689
272891290.0137477517 1064629.6723632812
259223359.4513038397 752256.4818071127
270961261.6377933621 1052548.5107421875
258853744.3320519626 700844.4348992705
260805772.0775197148 839419.0815065205
260648551.1520990729 835354.0098131001
270817014.7296550870 1050663.3208007812
260904773.8564797044 845041.1748103797
266291395.9431669116 986711.8325939178
267083853.7136130333 1000289.8647060394
261525942.4976115823 868388.0796364248
275871996.5100042820 1071961.3447265625
267548649.6613227427 1006145.5578002930
266828607.1789826453 994412.2758808136
267437471.9600703120 1004230.5647277832
260683842.1929018795 838977.7041490376
260086160.7485933006 804936.5987453163
260088919.1635653973 806469.5863192379
262656362.9381667376 900163.8877908289
260804394.5937548876 839361.4918666184
266930958.7366322577 998171.4123554230
272579402.8466018438 1064323.3823242188
258890534.0148810148 702099.6101922393
259000690.2853163481 731921.2425422072
259010971.0485102534 736337.9721931815
261507807.2406120598 866144.0297363102
259801741.9673364162 793150.5727123916
260990062.5580043197 850998.1915238202
267754526.8226208985 1014429.9765625000
260229494.6434581578 816698.0339510739
260952177.2663597763 845955.1762039959
261579490.2641267776 871206.6561234295
260161105.1936875582 809987.8501782119
258991649.6443013549 725558.9735450149
271664722.3591768146 1057814.3969726562
262923877.7845694721 910922.7726183385
271165506.3761781454 1054314.6298828125
259349711.6026172638 760731.8900102377
274553087.3209072948 1068987.1098632812
261408007.6457361281 865012.4636185467
259146487.1702951193 747104.9073676467
272579402.8466018438 1063992.1103515625
261249211.2638188303 858935.0884939134
275871996.5100042820 1071925.2851562500
260032397.6802294850 802509.5553784072
261427441.8670401573 866070.3584815562
274508145.5147886276 1068462.3828125000
261249211.2638188004 858878.6168142259
258959214.5037494898 714253.1049994826
259043650.5073288083 739394.3763312697
261816788.0152607858 876529.0778930485
260399423.4116450548 825189.8988192379
275476210.9846782088 1071505.9960937500
274349639.4959827662 1068067.2744140625
272536566.3768833280 1063594.7783203125
260399423.4116449952 825062.8353426754
260179608.3189018369 811395.8828930557
259878873.2604601383 800829.3791241348
259106160.3184558451 745292.4030162692
260399423.4116450548 825142.6248934567
260673525.0935398340 835948.6006334126
268314838.2585157156 1024350.7868041992
259540189.1183685064 774448.9496110678
267754526.8226208985 1014458.4311523438
264111093.1741898358 937205.1175763458
261621405.3658230305 871722.2441016734
261816788.0152607858 876678.8230102360
261627332.0831207335 871835.1455810368
261197295.3032495081 856916.4674228132
260868849.2078173161 844979.0850058496
270699299.6400488615 1049931.4326171875
267610698.7184575796 1009881.1789550781
260518039.5395393968 825762.9808504879
261896287.0088757575 877746.1379005015
264305056.6729727089 943262.3283917755
263959634.7929569185 934820.8044808507
264740615.6530613303 953452.8363263458
268314838.2585157156 1024288.2765502930
260179608.3189018369 812048.3780102432
268019435.9972165823 1019736.9203491211
260850536.5726798475 844462.8627794087
273594814.8113996387 1066709.2211914062
260505045.8277150691 825296.4566805661
260825101.2012452781 844154.0022447407
259976519.7953867614 801776.1411675215
259728302.1006615758 786002.8861740828
275316138.3542648554 1069818.5161132812
260390842.5219385922 824887.1761629879
268019435.9972165823 1020038.5287475586
263822868.3596785367 933899.1574907750
270961261.6377934217 1052622.6093750000
259986176.9834254980 802388.8166851699
259219815.0931892693 751107.5569929481
267969908.4214020371 1018358.1126403809
267807485.7165975273 1014776.9495239258
260150607.1095669866 809552.4070782363
261733679.1589804590 873235.0321876109
261545654.8987681270 869177.9064756930
261765175.1858275831 876124.9390684664
259517497.6360926926 774088.9885992706
261420693.8822094798 865584.4904714525
263161042.9157117009 917942.2619219273
273766984.3159366846 1067403.0610351562
270029846.9070513248 1043962.5766601562
261188446.4024437964 853470.0900390446
271978179.4170102477 1059891.8603515625
263589738.2676008046 928974.6660356969
261627332.0831207633 872209.0703857243
261420693.8822094500 865227.8449636400
265425159.8992057741 967055.2921676636
260109306.2176906765 808255.5516094863
263092438.5829031169 916744.1418047398
273766984.3159366846 1067308.4809570312
264447347.4769029319 947264.3396222442
261739618.3975509703 875345.5694395602
261175664.7562555373 853359.4515716136
273334292.9479951262 1066474.7724609375
265372621.8056517243 966824.8727340698
263186599.7039883137 919126.2018633336
269893201.9323386550 1043097.6972656250
275138659.5817382932 1069593.0439453125
270588216.2404693365 1049930.4716796875
272840681.7577039003 1064524.8227539062
259629759.8854966462 781117.3641094863
259384480.2274378836 766909.8595928848
268008399.1212011278 1019729.4586791992
273169555.6627194881 1065348.0844726562
263425839.1237373054 925276.5564775914
273169555.6627194881 1065306.9541015625
273766984.3159366846 1067364.4946289062
264447347.4769029319 947194.2014386505
269575762.0757184029 1038235.0958251953
270544191.4855554700 1049153.0971679688
269575762.0757184029 1038571.1846923828
265101640.7470879257 963184.0778598785
264631016.9300918579 953091.2519757599
281754404.0011577606 1078349.4760742188
263425839.1237373054 924289.9236650914
273669445.6024465561 1067274.5454101562
264262720.4393146932 940833.0597913116
259833077.0222156048 793841.0546002090
262949434.5728460252 911643.8365831822
269893201.9323386550 1043673.3564453125
271817089.5213674903 1059158.3032226562
265425159.8992057741 966940.8444137573
264111874.0327371061 937828.5880025029
262021378.3444532156 882890.9363829195
264768179.9418888092 954313.1391270012
268507528.0424048305 1026119.5858764648
281634472.2747055888 1078272.7563476562
264499885.5704569221 947943.5476300567
264447347.4769029319 947074.0779034942
262253224.3745541573 889856.8826028407
264842967.2107109427 957631.0938947052
264499885.5704569221 948041.9450909942
262992636.2052053809 912202.6805010289
265819471.6293793023 977899.0878524780
262949434.5728460252 911535.3541613072
262004414.6055766344 881799.5456358492
260107521.8643464744 807890.4928890169
268828390.7870001197 1028768.9525756836
272166178.6895160079 1060594.8999023438
266702111.4740961194 993514.1364212036
267693761.2569953203 1011721.0708618164
262992636.2052054107 912374.7141924351
268511406.7170471549 1026790.3214721680
268704096.5009363294 1028466.9843139648
263302960.8322326839 919548.4743611664
259823737.0781845152 793341.5256695449
259728898.8484259844 787578.2906841934
259728898.8484259844 787762.6441998184
264447347.4769029319 947241.9201886505
265664399.3189548254 972796.0481491089
271424890.1641572714 1055542.4736328125
262844993.5610832870 907430.2565305829
265376094.2088509202 966842.5229565948
265479936.4293558896 969993.9392163604
281019832.3349704146 1076992.1069335938
263744942.3451094925 932364.5400591344
259728898.8484259844 787726.5279888809
272166178.6895160079 1061009.1547851562
262949434.5728460252 911526.6959581822
264447347.4769029319 947246.1115949005
264062808.3423822522 937071.8900804967
260055773.3599335849 803120.9777987301
262505730.6445310712 896077.9545438886
263550978.8463266194 925508.6178179234
258920717.3261618316 706829.5323418975
262699694.1433139443 902476.5159452558
264907427.2193307281 958198.6056134552
264988241.1398787498 958641.9135217518
277750885.6070818305 1074472.5136718750
262112695.9796693921 886757.5891612172
262505730.6445310712 896154.6020048261
258810082.8641286492 694590.0501489043
262205512.6832763255 886832.7449194789
262399476.1820591986 892975.5201880336
277809819.9613261819 1074992.2763671875
269780290.8326148987 1041325.8103027344
266216533.5292545259 985364.6330654621
276415334.9559191465 1072672.9545898438
268019435.9972165823 1019769.2406616211
269633821.6805688143 1040728.9025878906
266577045.8914736211 990535.0553100109
261162213.3673912287 853326.7867003977
274410154.0917840600 1068214.5854492188
265078222.3722696304 959527.7387695312
258916825.2473787665 703267.2790307403
267264173.1794498563 1000824.8524618149
262205512.6832763255 886784.3928686976
276979459.9929322600 1073616.2763671875
269355350.3602528572 1035491.3974609375
269355350.3602528572 1035526.2690429688
267313316.7708216310 1002813.7381286621
269355350.3602528572 1035461.0146484375
266375499.5950836241 987378.9381675720
261936194.4687199593 878988.2423868477
268019435.9972165823 1020154.3007202148
269355350.3602528572 1035597.4545898438
266375499.5950836539 987495.4454917908
266375499.5950836539 987702.5553550720
264114483.4723944068 938579.8816769719
266104395.2985724807 982917.3204917908
272449182.0264310241 1062533.5893554688
269701049.0718021989 1041241.0979003906
265752821.5314668119 974196.1079635620
258938746.5929021239 709477.1189965606
268204591.9401650131 1021022.2626342773
270090442.6713296771 1044340.5705566406
268204591.9401649833 1020611.5165405273
279310979.9396611452 1076762.3046875000
267453264.2577766180 1005473.1770935059
267457372.5953660011 1005766.5159606934
271648739.0697173476 1056623.3339843750
270244606.3446124792 1046913.7744140625
270366100.2382371426 1047650.0288085938
270459496.0560876727 1048514.7348632812
270366100.2382371426 1047598.8706054688
265336245.1956632733 965839.9273147583
271503903.1378546357 1056408.3193359375
265364668.2919494212 966141.8442001343
267641842.2244015932 1010342.2857704163
271496476.7463327050 1056262.5966796875
271496476.7463326454 1055916.0468750000
267069831.6542927623 998816.8790168762
