264308834.4445948303 940396.1644513458
262020329.7309470475 878383.1064615548
260056807.7750756443 797138.3950960934
266107054.3923062682 982690.9126815796
269135981.4176808000 1029018.1990966797
272811938.1302033067 1063999.3813476562
267103627.3157352209 999653.5509481430
261074433.0868091881 847256.4301687181
268019435.9972165823 1019528.5956420898
263831540.7450078726 932071.4706891179
272449182.0264310241 1062533.5893554688
266375499.5950836837 987467.9791831970
269701049.0718021989 1041241.0979003906
265832701.5480795205 976335.4902877808
259033515.0281970203 718086.5581023768
261237216.8770648539 853978.4724952281
264841917.5255892873 954354.0291974396
266485483.3904652596 988555.3712730408
277243016.6552371383 1072678.1098632812
273965122.6012588739 1066703.8232421875
274203902.1945548654 1067264.4755859375
261203072.2197273672 853548.0802987516
263194471.1174649298 914180.2732086033
261735482.9851062894 872575.0363014638
269670663.5444769859 1040319.7416992188
261074433.0868091881 847319.3671804368
268796344.2708273530 1026465.0895385742
273448239.6696654558 1064939.2993164062
264732565.6651898623 951396.6200177521
259002138.1475144029 716973.8212707117
261074433.0868091881 847382.2065359056
266375499.5950836539 987378.9381675720
260027276.5982549489 796611.8375082910
260684171.3899501264 832280.1890492737
264944269.0832388997 957129.8299786896
259413230.6643344760 761026.7427518070
259774801.3445343971 782248.7624666989
268028901.6444840133 1019713.9857788086
265752821.5314668119 974196.1079635620
264944269.0832388699 957009.7064435333
260154184.8367974460 807029.8970492184
262310337.6341066360 887779.1449017525
259859737.8945079446 788450.1743359268
258938746.5929021239 709477.1189965606
261197306.7122476399 849684.0752938986
259300829.1449599266 748192.8396106064
260514489.0087430179 823485.8115683496
273608366.2463458180 1065591.3813476562
273608366.2463458180 1065383.0566406250
259160739.7094154656 732618.6987425685
268863115.3343225121 1027137.1798706055
263299855.9914811254 916269.1588464230
266442726.9863170385 987538.4274253845
259672812.2050907910 775611.1654858291
263106411.8585547209 911990.5304225087
260086348.7655518353 801356.5615429580
261225376.3899973035 853699.9404843748
260086348.7655518353 801363.2597851455
260002446.2547695637 795385.7957263291
261074433.0868091881 847330.9809499681
264478577.4434906542 943740.3557866216
264478577.4434906542 944311.6687749028
259380412.8403473198 756047.2638699710
268484748.3139535785 1023774.1886596680
268863115.3343225121 1027595.4406127930
259611416.1940739155 774560.2289623916
259817470.1920138597 788011.8029284775
281091758.7324230671 1076953.3632812500
260147956.7705983818 802267.2270703018
264478577.4434906542 943945.9470952153
259713405.3335174620 781038.3020174801
259515233.8442815542 768603.5892443955
273608366.2463458776 1065971.4624023438
263152891.8936261833 913428.4677324742
260233922.1303695440 809345.6464999020
259805798.3499301374 784974.4102938473
260369267.1170507967 815748.9857943356
267599732.7241312563 1007044.4633178711
260086348.7655518055 801210.0132031143
267410081.5556371212 1002934.0633993149
268204591.9401650131 1021022.2626342773
267599732.7241312563 1007281.6810913086
259750797.2912510037 781677.0222323239
259271542.7987880707 740680.7826037705
276858714.0248236060 1072190.9355468750
259340110.1372892559 751669.8882307410
262467226.1303592324 891804.0947619975
260712088.8398836553 832345.9964070618
260712088.8398836553 832429.6077351868
259495487.2324517369 765726.1412463486
269364816.0075202584 1035391.6523437500
260423787.0445381701 821347.1125643551
260423787.0445381403 821121.4011385739
270090442.6713296771 1044340.5705566406
268204591.9401649833 1020611.5165405273
268651575.1838811040 1024929.3966674805
268279092.6969408989 1021065.3285522461
260341904.3766681850 814970.9316736758
279310979.9396611452 1076762.3046875000
260274102.3397473097 814775.7679598629
261628484.9929156899 869683.1984799802
259340110.1372892559 751778.3823713660
260423787.0445381701 822074.1223299801
267361994.1931971312 1000740.7181844711
260749528.2531609833 834313.5108380020
260682304.8076036572 828258.3083651364
259002138.1475144029 717163.7680480555
261028576.1101743579 843548.7890725434
260575558.5101355314 825524.8487704098
260234134.1243991852 809493.8838045895
259354321.5515194237 752355.9521043003
259393286.0989785492 759094.5423123538
273020149.4786191583 1064557.5561523438
277528517.2825607657 1072824.8911132812
260872540.3047493398 836653.9648537934
259509148.4857082069 766684.1114542782
259940662.2054196596 793447.7783358395
260914770.4243818521 842175.2477255762
268651575.1838811040 1024641.5343627930
275763873.6958290935 1070429.7709960938
264634910.9637241066 947446.9136784673
259166685.1938418150 738594.8059203029
261839384.9911413789 875741.2882893384
259216945.3876092732 739977.4001585841
262227986.7106101811 886477.9774524271
273841146.0907825232 1066068.1166992188
260201436.5951831043 808359.3399476707
264246456.0188571513 940007.7797330022
264634910.9637241662 947990.2794011235
259423546.3835619688 761043.8638301194
259807297.2620710433 787216.4221232235
263803827.0040546656 929828.1365941167
267453264.2577766180 1005473.1770935059
269981979.7668820620 1043098.2790527344
261799635.0665785372 874696.9697619975
263643974.5151513517 926440.5667698979
263486086.6166435480 923558.7775169313
263803827.0040546954 930005.6981175542
264597210.3415884674 946386.2304509282
267457372.5953660011 1005766.5159606934
276072190.8047454357 1071128.5380859375
259495699.2264814377 765874.3785510361
262583267.2376625836 897572.3893369138
263592123.5860056281 924008.2576878667
262367480.5445541143 890657.6045559645
261724280.6727166772 871868.1844418943
273504290.5240815282 1065210.3505859375
260188761.8930546641 807942.6126253903
261798506.8508043289 873752.4594052732
281366211.7988258600 1077346.4658203125
264045894.0316699147 933446.7407353520
260086560.7595814764 801860.3974804580
269114486.1229566336 1028220.2608032227
271648739.0697173476 1056623.3339843750
261401489.9110730886 859700.5399790704
261085791.4432207346 848024.3614421785
261724280.6727166772 870898.5682309568
260615040.9154539108 827333.9917776883
261066759.8480898142 847196.6118948758
262310914.0364760756 887873.0931037366
275392234.2626602650 1068674.9257812500
275861645.0343877077 1070526.0336914062
264346907.5336632431 941401.2751007080
268299093.2366116941 1023277.3224487305
263341392.9247099459 917169.5765425861
262081816.0134672225 882856.6824277341
261530317.1739338040 864546.4052670896
261903964.5816250145 877238.7914286554
264003405.4636632800 933440.6307347417
261608286.6784302592 867430.1067362726
269064051.6474060416 1028186.9658813477
275580698.2013615966 1069736.1362304688
272387853.7344576120 1061041.1098632812
261374281.3685087860 858837.4140561521
264065709.6966837347 935315.7714360356
272098259.6721491218 1058779.6962890625
262575576.1032221317 892855.2187170684
261043136.0876908898 846520.9985807836
261041051.1067317128 845388.6540487707
261507376.6443683803 863866.6383099258
274466852.0614637733 1067321.2587890625
260900311.7152798474 837941.5992175937
263438542.3930377066 919981.8012517095
275043138.8559666872 1068132.1538085938
270244606.3446124792 1046913.7744140625
264156180.1899551153 936868.9093754888
260882395.7924461365 836748.3251229823
274613446.9294264913 1067522.7924804688
272649207.3489946723 1063128.1503906250
270366100.2382371426 1047650.0288085938
276927119.5505574346 1072257.6181640625
261530317.1739338040 865516.0214780271
265228576.0398612022 963057.4015731812
275405894.9597389102 1069155.6206054688
275580698.2013616562 1069872.1733398438
270459496.0560876727 1048514.7348632812
261466952.3341402411 860959.8267737329
271041506.6531682014 1052392.7543945312
270366100.2382371426 1047598.8706054688
265298264.5546823442 963823.1105422974
272061712.1994546056 1057774.5981445312
264657862.5801278055 948317.9446337521
265336245.1956632733 965839.9273147583
264451389.8173881173 943710.3379719853
278691742.6718631983 1074644.0366210938
262189390.2039709985 885148.8979497850
272649207.3489946723 1063324.2377929688
262121766.8894314170 883866.3188482225
261955291.6169728041 877606.0833135545
271503903.1378546357 1056408.3193359375
265364668.2919494212 966141.8442001343
261955291.6169728041 877804.8572393358
265667714.5958417356 971647.5780868530
264150598.1868771315 936450.4879963994
272649207.3489946723 1063470.0585937500
272649207.3489946127 1062966.6171875000
267641842.2244015932 1010342.2857704163
267782285.7009600103 1013989.2462196350
265569074.2010251880 969339.6327743530
266058100.8842238486 978845.7678909302
267631701.4239491224 1009446.0520057678
278267194.4629309773 1074052.7309570312
263936480.3103875816 932795.9323323369
265523494.8779625893 966964.8064651489
276255591.9954445958 1071420.3129882812
270125810.0602833033 1044776.5339355469
265569074.2010252178 970247.3861923218
275293850.3496034741 1068147.2827148438
267693782.7729022801 1010424.5906219482
261295469.7157495022 854793.7621985376
267693782.7729022503 1010396.1360321045
272174879.8309373260 1059622.2485351562
264600388.0872547328 946433.9116747677
266000013.3794558942 978013.2070999146
266691465.0521592200 989366.1038570404
265138810.7209937572 959579.2869338989
262911456.8398642540 905309.7464917302
265096476.5553775430 959034.8599157333
271496476.7463327050 1056262.5966796875
262576079.2663174272 893257.6382535100
272174879.8309373856 1059655.8251953125
272174879.8309373856 1059688.6606445312
271196952.4698981047 1053028.1674804688
263036508.5596148670 908750.3431779146
262869103.7070296407 904300.7694799304
263023988.4730331898 907778.1591131091
272210333.9559073448 1060491.9882812500
270705251.6905090809 1049137.7441406250
269451854.6009972095 1035815.7175292969
262536486.8801283240 891856.9672552943
262564229.2388758957 892105.4521351159
271165418.5996564031 1052941.3969726562
271225427.8735903502 1054218.3793945312
263794112.7265400887 928192.7823387086
262762901.9998444021 900061.9815389514
269214575.5192529559 1031488.2252197266
262722999.6259123683 899126.5974403322
262753464.4540539682 900032.1123983264
276663481.9323787689 1071718.7963867188
277254310.2522963285 1072774.2680664062
271475427.7341623902 1055218.6870117188
263096901.6531723440 911251.2954002321
271496476.7463326454 1055916.0468750000
269451854.6009972095 1035852.4245605469
266649768.5345409811 989174.3498725891
271196952.4698981047 1053114.6884765625
271475427.7341623306 1055011.3349609375
264537887.4728336036 945731.7490771115
263300319.9717072845 916846.4645896852
263300319.9717073143 917056.1935935915
271196952.4698981047 1053118.1206054688
278578240.3854653835 1074411.8090820312
278204752.8411015272 1073791.7998046875
270858441.9064189792 1050443.9663085938
269214575.5192530155 1031653.4781494141
270001790.9691256881 1043174.5932617188
270044549.6225464940 1043696.0615234375
277658064.4087584615 1073365.5737304688
276973551.5078656077 1072537.4492187500
270001790.9691256881 1043193.2895507812
275347325.9994921684 1068464.1083984375
277159713.9382953644 1072626.3486328125
264566488.3899467587 946126.1677782834
269149295.7556797862 1031328.4466552734
269451854.6009972095 1036110.7814941406
266253697.5153220892 983725.4355651140
266253697.5153221190 983777.9043151140
266012721.5691504478 978430.7581969500
266748480.0079588294 989758.0033760071
267195800.9834054410 999918.6168365479
267195800.9834054708 999946.4239654541
276816421.9033531547 1071771.0063476562
267195800.9834054708 999977.2081451416
266958521.9016612172 995140.8247222900
269451854.6009972095 1035881.2478027344
267069831.6542927623 998816.8790168762
266850957.2099029422 994143.8490486145
266748480.0079588592 989824.4838447571
266958521.9016612172 995522.4448394775
277866924.8919183016 1073430.0307617188
