9828050.7206368707 36.0968530765
9824703.7671830654 35.8688936494
9827503.5114183240 36.0925968513
9828479.7661863528 36.3684859574
9829128.2235677522 36.4284354597
9831758.4820649531 36.7047619224
9829850.0580820460 36.4378837049
9828305.1408906057 36.1329071382
9850961.8680012003 42.1754763722
9838075.3524002861 39.4402955770
9835620.4243550077 39.1938293688
9838289.0010417886 41.8999401256
9833471.2664793152 38.8803164102
9873506.6029287074 42.2134530842
9876941.3834470361 42.2676300406
9965146.6227365285 42.2900003791
9969734.4766749013 44.9113628864
