65603524.7560188398 426642.8526659608
66529465.4230902344 484256.5417480469
65820523.5284905210 446681.4665923715
65826979.7072575241 447122.9568201303
66614887.6575429812 488799.5153064728
66842912.2594045624 497305.6086425781
67969624.0846516490 527601.5942687988
66827430.6631893665 495574.9613494873
65424905.2215261608 388130.5395683125
66283572.7590880692 473442.4446582794
66883850.4378819317 497490.3303222656
65827984.5342715159 447367.6786352396
66040255.0680724233 459345.6788401604
66789582.5204322040 493114.3867187500
66878951.5585347563 497471.2189941406
66660067.9356093183 489376.4452209473
65838349.7716923654 447481.0310968161
67216277.2869710028 505870.6630859375
65424497.3861080334 381096.8692728952
65784854.8978674933 441866.1229244173
65838762.2005534023 447723.9609739855
66453815.4518419653 481155.9038867950
66932820.8719239160 497847.0854492188
66886552.5713348836 497490.8825683594
65725541.9727417305 439852.5570837259
65744719.0916418135 440910.4277807474
67257865.9765052050 509608.2471923828
67559875.9858496934 516923.3339843750
66679814.7758132815 491014.2425537109
65819585.0816533193 446666.0902769640
65787527.5617327318 442077.8316034079
65717142.5201235339 439150.9863035753
65736319.6390236169 440208.8570005968
67914651.6917666793 524077.4341125488
66371025.5138729066 475889.9646606445
66262376.1554059312 472140.0589671135
65646071.8519304842 432813.1426590085
65825195.8303556368 446921.2313762307
65492323.6464662999 416487.0396713093
65839700.6473906115 447739.3372893929
65773302.2810626477 441652.5206785798
65424926.7563203052 394936.2889582589
66258249.1911688223 472114.4317240715
65424395.5775051340 381056.5978797749
67299485.1601744741 510087.5858154297
66918592.0097587556 497724.8660888672
66081092.3750506565 462774.9560273886
67250264.7497229874 509354.5004882812
66437731.4413355142 480845.5151691437
66249096.9277601987 470727.9512670934
66744069.2025354579 491986.9950866699
67367011.9054329991 510313.4716796875
66709061.9404883310 491018.9388427734
65712470.2182584330 438871.6360015348
67052853.4110616595 503739.4884033203
66576013.3658651263 485072.7854480743
65532947.1155295148 418856.6370440125
65693904.7514363676 434624.2139353752
65888671.2108886763 449825.3171977997
67006537.8815386221 503586.2275390625
65781925.9087123498 441810.3860656023
67242942.3203400075 506187.0708007812
67410243.2925278246 512742.1204833984
67394646.5235244930 512110.2156982422
65483631.8757672533 415318.0579258800
67975824.0556653142 529870.2155761719
66505973.0837802738 483093.4205627441
65754711.6764237061 440998.0265422463
66492751.1916046962 482310.4762439728
66424801.0177697837 479684.1353259087
66605597.2987268269 488676.8579578400
65731647.3371585235 439929.5066985562
65735534.5575236231 439940.1558452249
66965573.7380494177 497860.8212890625
66574438.9035152793 484369.4562091827
65718080.9669607431 439166.3587127328
65737258.0858608261 440224.2294097543
66337425.9973466918 474841.1847839355
65625936.6353407800 427811.0524321795
67314871.5784581155 510277.5092773438
67878985.1287619323 523154.8967285156
66380844.4086540714 477154.3240395486
66458382.9794872329 481912.0814685822
66426115.0485601351 479945.7745127678
66513300.1456094086 483198.0545501709
65666187.4176677689 433898.1489916444
69376165.2614571601 536487.9947509766
65720869.6708766297 439613.2107568979
65740046.7897767127 440671.0814539194
66586863.1966416687 488311.3953113556
66839057.9141207412 497113.0532226562
65940156.9583725110 454983.8383516073
65955823.2050999925 455779.9052022696
75392921.2561205477 545190.7919921875
65632282.2369607314 430844.8764788583
65489181.9543604851 416201.0487442687
66354752.1575479954 475842.3502807617
66311388.1847174987 473579.5981402397
67246438.4036048651 506428.0895996094
65743498.3105494753 440677.4605381489
65429738.0533818230 401572.1541808918
66407380.9464749768 479580.3118662834
75768329.5940845609 545320.0747070312
65809313.9094007835 443348.3531627655
66231846.2831184641 470409.6593666971
66084188.9470639452 463012.6051979959
66103366.0659640282 464070.4758950174
66196547.0852469802 468077.7447071075
66120742.0763063803 465020.9929370880
66096680.2246880978 463391.7514934540
66491194.7946707606 482150.5827789307
67797661.6204405278 522244.4078674316
67688463.4072259367 517347.8552246094
67005663.3837179914 501040.8071765900
66259600.4183562621 472129.5948100090
66066735.3565010950 462171.0705547333
66234344.9759607315 470483.9716996551
66105864.7588062957 464144.7882279754
66310057.3858381137 473540.8249931335
66086687.6399062127 463086.9175309539
65768342.3278203681 441339.1555699706
66476809.1492862776 481935.0077381134
67276556.7923168838 509832.2336425781
66249309.2783066034 471861.5883269310
66439082.6685229540 480860.6782550812
66348328.9321318418 475597.0947742462
66314729.4156056270 474548.3070850372
66295552.2967055440 473490.4217395782
67915016.1053447872 525680.2954406738
66226243.6659465581 470155.3095124960
75298666.3718342334 545126.2070312500
67949499.5788625926 527420.4136047363
65498178.2131255120 417071.0990006328
67369979.1263552010 510430.5108642578
65488224.2780610546 415990.8596805409
66401004.1777875200 478644.5296568871
67181335.4560530782 505754.9687500000
67531442.5060651302 516679.0081787109
67697447.2226282805 521125.7057189941
66109646.8211227134 464516.1941161156
66837096.2923020571 496198.3657398224
66404239.2543691620 479331.6794066429
66264272.4481237903 472391.0414447784
66275759.0372147262 472932.3655638695
65942040.8808238804 455002.7488912344
66116070.0465388522 464758.7616343498
66073191.5352680758 462477.6591218710
65936646.0861999094 454722.0345052481
67437728.1552073509 516184.0551757812
66223008.5893648937 469470.5254853964
66108801.3901959285 464264.5147814751
66256458.7262504473 471880.9613738060
65866729.2733695954 448780.4356721640
66089829.0599144697 463170.2667236328
66165704.9898593351 466616.0151000023
65937650.9132138938 454966.9653047323
67754913.4322195947 521394.4552307129
65793767.2692042738 442321.6663494110
65946713.1826889664 455242.9609407187
66078586.3298920393 462758.2553437948
67278757.5076671988 509833.8967285156
67112247.9093153924 504351.6469726562
67253805.7723771334 509463.5190429688
67506490.7707750797 516308.6304931641
65883124.8779532909 449438.7102746367
65897452.2839816883 450043.0182151794
65647010.2987676859 432840.2782946229
74750175.5801842213 545032.9414062500
65641399.5500653759 432572.4761959910
65886151.2655455694 449491.9690794945
65954039.3281981125 455713.2860088348
73877419.0827497840 544564.7065429688
75027085.9586182237 545086.8779296875
66000232.3261300549 458053.5052733421
65758520.2374485955 441033.0705108643
67001603.7413475662 499640.0638427734
65836516.3597398847 447461.5395539999
66009013.3992230818 458271.2311930656
66372449.7317154258 476904.1006501913
65638610.8461494893 432099.0726798847
66033831.8426562697 459101.8984313011
65965890.3015890494 456300.8316377401
65916629.4028817713 451100.9147911072
66097763.4487921223 463816.1260408163
66135247.1654389352 465816.6469798088
66044927.0978399366 459608.3159046173
65956828.0321139768 456024.8360017538
66014276.6597930118 458565.5423755646
65428511.1535603851 400998.0732768849
65969319.3097381294 456389.2988652587
65625701.8949650303 427612.5920286775
74196591.1747983843 544726.6166992188
65936522.8235298470 454639.6440258026
65854385.4705841988 448509.7139619589
66173518.7117326781 467127.4579639435
74200134.0269007385 544727.9565429688
65855693.4786399603 448519.4102510214
66128823.9400227964 465574.0648131371
65677282.6728514358 434159.9888659120
65907848.3297887594 450883.2025432587
66139919.1952064633 466078.8782825470
65657787.9650495723 433156.9433769062
65977133.0316114873 456713.1726074219
75032496.5010605305 545110.6479492188
65459368.1726606414 409893.1983200908
65964641.7539873198 456293.9058049917
65555501.7880857065 424244.8258041218
65432414.5119250640 407386.3507713154
65475336.4973896742 410410.7778978944
72727120.8809831440 537718.7226562500
71864475.7878503054 537493.5672607422
74523181.0957033038 544894.3051757812
74170355.2256671339 544665.3969726562
74665340.3749914467 544909.1879882812
65549891.0393833965 423978.0230392292
65468222.1012078375 410155.6229773164
65447482.8126176149 409079.2470719218
65497088.9642418250 416500.5229648426
65510074.2403156832 417562.3878781199
65515516.8194641098 417824.9658556581
65513769.9966294318 417798.6921282411
65491478.2155395150 416233.7192233875
65501432.1506039724 417313.9595200419
74406947.4685754627 544849.3515625000
67104043.0436220914 504026.8055419922
65723375.7160352319 439630.5642725229
65459329.8191952109 409892.5235154033
65457621.3498259634 409867.5896317363
65445697.0872825757 408787.0018997863
65614829.6198273376 427400.3860366940
65428466.7015741989 395421.6692619994
65453587.9940033481 409655.9955155253
65446775.7510447055 409063.8272994831
65879707.9508052766 448940.5506591797
65469030.4772053063 410376.5084732175
65469968.9240425155 410403.6402025819
67825724.8259506971 522560.3160400391
65461076.6420298815 410139.8693539500
72525614.0418705940 537709.4169921875
65534693.9383641928 418882.8917284608
65486773.5678730682 415564.3837448955
65868184.7562641129 448884.2012395263
66811100.9844970927 493518.2621765137
65541426.9270367920 418984.5210263133
72030335.5738835484 537606.8193359375
65524054.8335168809 418593.9433438182
65538145.4591369554 418890.9978634715
65529251.3592157662 418620.2898251414
65536577.5942330882 418888.1012011170
65430583.4843085930 401825.5752147511
65436513.8803302944 407882.2119144276
65760131.4460320249 441062.0484762490
71029665.1532585919 537010.1030273438
71258301.2769448906 537453.0712890625
65540029.1150058508 418896.4309689403
65766525.0352023989 441289.9397183359
72005910.9532036185 537590.0540771484
74062128.5828978717 544568.9902343750
65624614.0656403527 427428.2200924754
65525801.6563515589 418619.5251767039
65579022.0933479369 426116.1330563426
65587914.3753605708 426378.3267565370
65573171.7626719475 425329.9326220155
65624822.2046092153 427440.0765929818
65592431.3187437281 426386.5403134227
73422958.1877864897 544072.8618164062
65615768.0666645467 427427.5172777772
65610157.3179622367 427158.4417416453
65660576.6689654589 433630.3468930125
65694597.9082699791 434650.4686198235
65608486.2499512285 426828.1303096712
65596110.0849600136 426595.8939848542
65756532.4504205063 440999.1676057577
68513656.1695766300 530258.6374511719
68243434.1183896512 530120.5949707031
68402907.1543926597 530258.5822753906
65631133.1610396653 427839.3271361589
65674141.2528431863 434132.2780333161
65808595.1828605756 442874.1508055925
65609424.9107705355 426884.5460205078
65688706.5310181901 434411.2395219207
65604289.2668965980 426795.5529205501
65905328.3844456524 450549.8656554222
65596933.6331463829 426613.9870482087
65681496.8865934014 434313.8439056575
65588979.7979709655 426378.6851549745
65690869.1904888302 434561.5461895168
65769023.7280446514 441364.2427739501
65801103.0276124328 442868.2714110613
65607738.9697608128 426796.7047760189
65789550.1968254969 442135.1073780060
65812944.3881043568 443379.5629253387
65884432.8860090598 449448.4065636992
65627683.4581754580 427837.8466674089
65704891.0778722614 435355.1884337664
73638028.2663716972 544329.3613281250
72837229.2781819403 540434.7763671875
73372441.9796167910 543783.5688476562
73151811.4955229908 541427.6000976562
73172504.1486276388 543478.1718750000
