30191118.6482390054 595804.8271484375
29686281.7056813724 533479.1240234375
30494408.4576462135 612326.5263671875
30492644.3080945835 611600.4545898438
30665187.0935460776 614805.1074218750
30182424.2280792668 595608.8305664062
30010250.5798579417 579027.9736328125
30227243.5477894135 596985.8349609375
29747394.9330692664 546440.0101318359
30484818.4650471769 606779.1210937500
30200428.5843869485 596294.3437500000
29586155.0147761963 498355.8153228760
30350404.2606916502 604771.4692382812
29653661.6998690180 528992.6655044556
30319292.5002604127 598377.2714843750
30474636.4813840501 606605.2548828125
29889605.5707913674 566416.9852294922
29723524.6243791543 545619.3398437500
29756245.2417931668 549514.2265625000
30025306.8656092994 583034.7761230469
29784967.4760164581 555148.2758789062
30676266.7487461790 620567.0966796875
30140189.7705439404 588449.1611328125
29819348.0019105561 561389.7549438477
30003635.8232950792 578538.4570312500
29776128.0486327820 554759.4638671875
30032852.6522056200 583714.3682861328
30173762.0739662386 594393.2421875000
29600816.5654861219 503522.0363845825
29773275.8306587562 550966.0243835449
29703957.7876078151 542991.8621215820
29884936.2579683661 566201.1585693359
30218535.0982133374 596973.2480468750
29591668.9173591994 501807.9533386230
29589459.5606029890 501326.3215866089
29758439.2627864257 550654.8380737305
29611469.1177146249 517277.3438262939
30301482.6410720646 598205.0405273438
30497575.1958272010 612557.1035156250
29585601.3682398722 490160.9850997925
30326703.1792980023 603359.8842773438
29677345.3639567457 532034.9163208008
29567616.0535507388 480951.9963636398
29666725.1640292369 530121.7008972168
29683215.6317643821 532297.2068481445
29693827.4062711559 539209.0131225586
29667874.4962338209 531117.4689025879
29752924.8706856743 548496.8320312500
30177742.9616857730 594882.7587890625
30211120.4242269173 596736.6928710938
29904396.3308764920 571485.7298583984
30081271.0382557027 586875.3422851562
29923269.7780453265 575765.7261962891
30511507.1010229811 612999.4526367188
30361096.1005316153 605213.8183593750
29838840.5684455931 562350.2867431641
29608901.1806553863 511735.8336868286
29695791.9565449096 540591.8715209961
30087227.7393172458 588271.7636718750
29899123.3482780382 567093.3085937500
29639174.1362272315 528924.9417266846
29572692.5938288793 481570.7583465576
29983716.3462393321 577533.5358886719
30241768.6013729461 597428.1840820312
29931507.8733307086 576189.2042236328
29663125.8930619918 529809.8102722168
29747876.0009389445 547146.6656494141
29969815.0523682572 577474.0278320312
30323737.7502709366 602633.8125000000
29958592.4979649596 576773.7871093750
29580807.6064608395 488817.1504211426
29839833.5300865285 565393.5999755859
29656726.6777680479 529126.5320434570
30061374.3941646777 586163.4492187500
29901260.8108079061 568751.5376281738
30619464.6239553690 614172.8989257812
30060714.7980852574 585926.8940429688
29830920.2289795578 562049.9764404297
30231375.8837269917 597203.8251953125
30037533.9185991175 584440.4400634766
30229245.0564972423 597166.2280273438
29800687.0852532238 555946.4929199219
30238870.1734351031 597228.5678710938
30064374.5681171753 586394.0263671875
30458818.2345885411 606162.9057617188
29637337.4708247222 522023.6344833374
30293441.5700042397 597857.7192382812
30554254.9828614369 613624.5156250000
30357916.7769301012 604989.4594726562
30164887.8466496505 594156.6870117188
30465830.7719336227 606387.2646484375
29850124.3905757107 565806.2712402344
29805395.3827055842 557181.8826904297
30207941.1006254032 596512.3339843750
29792038.8731630668 555670.9051513672
29669720.3200531416 531584.9487304688
30162878.2545269765 593667.1704101562
30675101.7230317071 617944.1162109375
29837277.8589355461 562256.3676757812
30634833.3575226888 614346.7651367188
30044458.8635143526 585437.3774414062
29943386.1675267927 576771.7592773438
29774676.6155272759 554136.0957031250
29721110.8174404874 543435.0635375977
29920464.9724040590 575484.5753173828
29774069.3561600745 551620.0189208984
30053490.7486779094 585684.7099609375
30425335.4107515030 605838.8813476562
29799913.5142420307 555808.0504150391
29961693.3744120896 577376.1252441406
30511067.2306015156 612781.4624023438
29910174.1119148768 573295.9645996094
29884155.4470787048 566092.8853759766
30671761.5028165430 617360.4609375000
