30236460.8967519663 5236.2060718909
33097311.3531891406 5903.5429916382
30840742.5564008839 5620.4871501923
31109932.2506953254 5741.8109741211
30015534.5511978231 5100.2547722000
30074685.4572744891 5127.8596532126
32455728.1499708667 5895.1338424683
30331744.4392603673 5313.0445911912
33768891.8339725882 5910.6743927002
31295906.0773502029 5805.8200645447
30797924.1697746962 5575.5882636905
30747944.4426222295 5563.5588002205
29936932.0579289533 5049.8116792738
30672545.5066328123 5529.1214491129
30356285.1137676761 5324.6982446611
29606553.1247262731 4638.3666112488
31474460.1271134615 5874.6766891479
29764338.1919802465 4856.5841162270
29673319.0681244023 4751.0802204907
31001587.8649538159 5663.9316806793
31413010.0509450845 5874.6671066284
32771196.7946003303 5899.7512969971
30857632.5150586776 5625.5563364029
30710151.4960706383 5546.1908526421
31705644.4976956137 5881.9517745972
30557340.5282925963 5439.3219932914
29617986.6707703322 4638.4038930637
30319404.9909522235 5312.3931477098
31141193.9778259099 5744.9777221680
30303134.5786293671 5290.4297912121
29979959.0571829565 5075.0424920248
30582495.3443607725 5456.9310100079
30265759.9217709601 5265.3894945532
30931195.9660802558 5662.6520576477
30893403.0195286646 5647.9501209259
29982787.4295064323 5076.9253326089
31321884.3286101408 5812.9913139343
36417028.5531386957 5933.2711257935
36016696.0743371174 5929.5773086548
32796315.2102207504 5900.2678451538
32519139.2480444796 5896.6664733887
29657016.1808332056 4743.2968862122
34032636.7303786054 5913.3971786499
29712366.9170905650 4846.0726291239
30157551.0371189080 5200.3593670726
32758527.7831537463 5899.3003082275
29810882.4317849018 4908.8595450744
29917751.8983727247 5007.0684753142
30290496.4481459633 5289.9599578381
30440660.5790801793 5370.9774385840
29974547.4064547457 5073.8794044559
30084480.5694846250 5129.5753433593
30127590.5923487097 5179.1251472537
35106708.7924400270 5923.1332931519
30249465.8005756773 5238.5569495969
31093037.4885822050 5727.1922531128
30435440.3931025974 5370.6581179053
30138427.9963641725 5184.7675181674
33620063.9530423731 5909.0983047485
31208598.6865676790 5786.9272575378
33970473.9128584862 5912.9705047607
29991387.3709547929 5084.5249876752
32977583.0164259747 5902.3415756226
31211828.8980003260 5792.7659168243
30539482.2118316069 5438.5328392386
33098001.7218675762 5904.2809829712
32273714.2533497587 5892.1318435669
36858707.8482704759 5935.2934417725
37377158.7002452761 5937.5029067993
30828359.2933488972 5608.7521253824
31101747.0964614116 5734.4381027222
29700559.1157460213 4759.0109730730
37365327.1930358037 5937.3662872314
30915983.3274247609 5659.7643089294
30949863.7341776937 5663.2478446960
32481043.1747917868 5895.6989364624
30947245.0545553491 5662.9310569763
30826550.9833016172 5608.4176945686
31002321.8388896324 5709.4242916107
31362542.7855949961 5814.2230873108
30431297.5582472570 5352.1714401245
31642021.1829538569 5880.1101379395
37039150.1203970835 5935.6157913208
31393804.5127255805 5817.3898353577
30406400.7904506400 5343.8434256315
29787669.8568070196 4886.5714448765
30577275.1583831981 5456.6116893291
29663137.1923546642 4750.7721853954
30234948.5517237186 5234.4467997011
33188217.2292805240 5904.5292892456
34631110.0924276710 5920.2230758667
31969349.7160169482 5887.2826614380
37517775.7233898491 5937.8875808716
30562333.8704515062 5449.2269740105
30567612.3303929567 5450.9475444555
31061211.6965321004 5717.9933013916
31039838.4352693409 5713.4934749603
31386806.9241071120 5814.4126358032
35846034.1120227724 5929.3594360352
31007204.5812112354 5710.3133163452
33884187.4813489914 5912.6996765137
31182602.0833727345 5786.2519187927
33453918.0758657344 5906.8550872803
33733269.8286779523 5910.4564590454
29792639.7784802951 4891.1213764045
31706553.4857866876 5882.1575775146
32694878.2220864296 5898.4208831787
30604975.6836679131 5461.0810346603
35583745.8824553341 5927.1700210571
30467682.3519540653 5399.5866233110
36149102.0467421114 5931.0443649292
35131957.5869850665 5923.3049926758
34561395.3197721019 5918.6543884277
30592098.2997507788 5459.0918889046
37072103.2321038246 5936.3682250977
30287994.7098411843 5288.9141033934
32203883.3228988238 5891.8267364502
30460131.7709696218 5395.5437048674
30791294.7776119299 5567.0657413006
30286546.5242275260 5287.0183020383
33947737.1518149301 5912.8218307495
30599869.8921410181 5460.7571654320
32485164.3693490364 5896.0790710449
30136634.8174006231 5181.6438743966
30053327.4977494180 5118.7669343408
29666962.6630010009 4751.0718371655
31382692.9344276041 5814.2905807495
31699682.1838700920 5881.9494476318
32776386.0996147357 5900.0894622803
29865742.3356849551 4974.2669617534
33206676.2871371955 5904.9222946167
30815093.2627414465 5605.0216413736
33465579.6294662356 5908.2043457031
29839131.8810967542 4951.2492611781
35000091.1050261781 5922.9093170166
33080143.4054065831 5903.4918289185
30450167.3100223765 5394.1228964007
33318010.0756884962 5906.1144561768
30668155.6870971285 5520.0252548456
30675203.8078599200 5529.4157148600
29733685.0374684744 4856.2518329356
30627295.2639583871 5499.3323308229
29764973.9775102884 4872.1119029596
29769389.1369702220 4884.5402881205
30364642.3781585135 5328.7055936158
31634755.2788665667 5879.9811172485
36316896.3557799011 5932.9837722778
33557086.2469533011 5908.7944946289
33834570.8553152680 5912.3958663940
36676390.4543657154 5934.7000732422
36280968.5287009776 5931.4400405884
30810491.0964152440 5581.7061882615
29956880.4050323330 5069.1263372889
30809305.4366404563 5575.5967650712
29843749.6592262983 4954.6426864550
30487512.3904407807 5415.5426987410
30108270.2767818980 5174.5049459925
30089892.2202128284 5130.7662394699
30160190.3909853287 5203.1810861258
29782563.5291616172 4886.1623156089
33062402.4180998169 5902.4138565063
29900500.6026433259 4998.5917903322
29963339.1634626612 5069.3100073328
32971991.6536143608 5901.8160629272
29804243.9340627678 4893.6106952094
32458426.0728027299 5895.4055862427
32760081.3191183060 5899.6552276611
30046458.1752117760 5113.0887178392
30051691.4866452441 5115.2697269451
30811375.2131605521 5582.1327095628
32122644.6234770156 5889.6288452148
30288402.8699760102 5289.4094477938
32180941.4644407704 5891.8042144775
32972402.4520531520 5901.9997329712
29882513.1737960428 4991.9078664406
30276708.5491392948 5282.1552926132
30448522.2202456370 5373.1070028373
30133273.6217820235 5181.4288933175
34225601.9453551844 5916.5718765259
32076569.0820416957 5887.6232452393
30905239.1073142663 5648.3152561188
34093525.2922379822 5914.6324691772
32157382.2131372094 5889.9900665283
30881021.1056665294 5644.6461582184
31399028.6202502288 5869.9811019897
29824813.7233300023 4944.6255644304
31513157.8810772523 5876.4968795776
31544195.3883539774 5877.2085113525
30893210.5224630013 5644.7071475983
30196534.9786699489 5223.9393219352
30624676.5843360387 5499.0155431032
37160797.1668645516 5936.8974456787
36622714.8430315405 5934.5557327271
29723665.7894035988 4846.2032901347
31513331.5369599648 5876.9979629517
30558381.2964817695 5445.7089735270
30624591.9066874720 5498.7791670561
34144431.1107473746 5914.8200302124
30616758.1939238384 5475.7712975889
30619416.4951509461 5476.0655633360
33376847.2231248990 5906.1335678101
32178221.1079884730 5890.7010955811
30024566.9106524438 5103.8759242433
36724630.3540644422 5935.0654296875
30873246.7498714030 5637.4569568634
30518388.0147649571 5433.3261032104
30167774.3915729783 5209.0766629027
30388606.4362038933 5338.9962838888
36720984.1615161896 5934.9949340820
30390642.4355232753 5340.4780775309
30348228.2532547601 5324.4737839699
36315550.5576057285 5931.4424591064
36144205.7506851330 5930.8831481934
30865324.3381923027 5632.6941814423
30704664.2646685876 5539.0897250175
36109363.9396980852 5930.7929763794
29841481.7768198811 4954.2018744522
30030002.5492533594 5109.7250602595
30729489.7734618448 5550.0360927582
30627250.2079145797 5499.0734328032
30681089.8665043898 5534.1831747293
30024156.1122136526 5103.6922541994
30680245.3713638373 5533.7341314554
34389366.9777973443 5917.1073150635
32964377.1219817549 5901.4517517090
31027420.3118771389 5712.3381404877
33742332.4570949078 5910.5433425903
30835030.6234653778 5610.4854807854
30191231.9444339201 5216.9950703429
30456141.7309345044 5394.7463135719
33532767.6521669328 5908.2294006348
30377490.0045752972 5334.8344621956
32772508.2107107230 5899.9034271240
31890376.5265525393 5885.0400009155
29874032.4488348737 4989.5585529031
37401511.6217533350 5937.6366729736
35393663.0956824124 5925.0487060547
30254028.2541972473 5243.9247645736
30222020.7355701439 5229.7524132505
30633956.2937584743 5502.0807396173
29832666.1784156933 4949.9404401691
35739927.3916286454 5928.8881835938
31026548.9140336700 5710.4111080170
34014344.9951540604 5913.1590728760
31931706.0236575082 5886.4663543701
31941728.3053565547 5886.9862670898
32395215.8831033222 5893.4063110352
30527373.1626363881 5434.8095993996
34677415.3523187637 5920.2460403442
34221611.8808211833 5916.0470657349
30216463.6847948954 5225.2261538830
29854880.6967425235 4963.4500653837
35478856.2070798203 5925.6780624390
32131112.4967163280 5889.6742782593
34876786.8559300527 5921.2884445190
33858564.4897296578 5912.4702606201
31238331.1924268939 5801.5810127258
29834212.7573561706 4950.6550892734
31966946.8471998386 5887.0575561523
36255008.2166418955 5931.2693710327
34316555.7926152423 5917.0729446411
31922115.8372641951 5886.3484268188
34431552.8325723782 5917.3020706177
33416812.5139869675 5906.2982330322
29872396.4377307035 4989.0019641370
36162561.7678694949 5931.0521621704
35752400.0090273321 5929.1094284058
33726754.3714281172 5910.2864303589
34129255.6726341546 5914.7480926514
36695248.3154065236 5934.8703536987
35049428.5793623030 5923.0024261475
34688714.2246318012 5920.3767013550
34726054.0042217299 5921.2489547729
31051674.5230549425 5713.8586101532
35561078.3358037397 5927.0843200684
31825322.0072394460 5883.5177307129
32383917.0107902884 5893.2756500244
35480271.5734453425 5925.7908477783
34896616.7960161865 5921.5301437378
32684058.3427460641 5897.1478500366
35428433.8767148927 5925.1339263916
36045627.7377321050 5929.6651916504
29934043.1522133835 5007.7139236927
35403573.7465275675 5925.0533752441
35162089.3137960881 5924.8487243652
34492150.6240364984 5917.4111328125
31795216.4812612832 5882.6123199463
35739874.4521692842 5927.5798950195
34250812.1669821069 5916.6462707520
35628563.9964383617 5927.1809005737
35455304.5557491630 5925.3534774780
34480490.6478689015 5917.3767547607
34593688.4262961671 5919.3095474243
33716886.3069888279 5910.0455093384
31314021.2849805504 5808.7394027710
31313709.6022312641 5807.6995468140
35686228.1410489380 5927.3634796143
34545049.7743932009 5918.3066329956
35438584.0379775986 5925.3112258911
34541122.6198948324 5918.2328796387
