9824583.0733924359 1389169.8320312500
9841225.1748169437 1410057.2500000000
9874317.3648343701 1426357.4257812500
9838226.7353945151 1410037.5175781250
9847001.1287970748 1415550.1953125000
9843714.1361551546 1410462.8964843750
9824051.1365757845 1388887.6894531250
9829742.4794674385 1399373.1738281250
9856182.7030863464 1418842.4902343750
9829335.9938688315 1398571.1484375000
9822557.0594341084 1381977.4677734375
9824748.1786352862 1390948.9101562500
9831096.2432688735 1399469.3710937500
9822530.5528207738 1379292.7304687500
9864798.0085405391 1419202.4101562500
9844705.3587476499 1410627.7519531250
9846833.5996912923 1410750.9023437500
9826854.9973948374 1395739.3457031250
9831436.7740893047 1406899.6191406250
9831548.3859861791 1407073.5039062500
9851930.8330466598 1418458.2226562500
9835725.1246272512 1407381.8398437500
9841564.3750389032 1410398.4960937500
9831875.3440891858 1407285.7070312500
9828644.4787914772 1396267.3710937500
9826515.1880799066 1393670.6972656250
9844639.9675239734 1410515.5312500000
