30795279.7462818027 45203.3348159790
30567031.1102217063 43926.9802422523
36742395.9622562677 48584.0621337891
30883054.1364767887 45630.2439155579
30881614.9690963775 45629.0205268860
35284556.9357808605 48510.4605712891
30706385.9484375827 44475.1253585815
34991760.1040446311 48487.0704345703
34064617.7079137266 48422.9818115234
32833885.6361891329 48309.4765625000
35073033.1119908988 48498.3333129883
31517575.4190128446 48115.3951416016
36469781.0100905299 48567.9945068359
31299012.7395131923 47419.2168273926
30704946.7810571715 44473.9019699097
30867379.4432890043 45340.6511611938
35407481.6283637285 48514.6663818359
30280050.5615706034 42202.0927267075
31067456.6277296394 46205.8559265137
31611228.2917615920 48144.1436157227
36131091.3823743612 48559.9129028320
31215062.1985526308 46938.3267822266
33456376.7502552047 48372.9889526367
37248645.6274551675 48601.5186767578
31284845.9683632106 47389.4297180176
30686555.0295680054 44471.8035812378
31201030.8789104931 46936.5454101562
36342394.6471555531 48567.3328857422
31098935.5550725609 46654.1644897461
31488174.5424812362 47882.9913330078
31488753.6463348716 48061.3626098633
30754432.8440610096 44986.9072303772
31791757.4667032510 48180.8174438477
31079675.9023143463 46537.6509017944
33397389.6495240331 48368.4265747070
31036707.7150824219 46200.0528259277
31516497.0339936987 48113.9416503906
36974783.7069709525 48589.7628173828
31380676.7886656560 47504.5007476807
34731320.5708101615 48467.9460449219
34638991.9295474887 48466.9823608398
31155040.0730151236 46830.4960937500
34685527.5966930017 48467.4942016602
37328970.6166747734 48602.7486572266
30052217.8287270963 39857.3797952533
31283846.4015061222 47387.8565368652
31140952.1200271994 46800.5892944336
36925149.1788313314 48588.5098266602
36038066.3862826154 48545.6170654297
30152455.4820963368 40917.0837385654
30365463.0792082548 42522.7810926437
31216197.2169175595 46967.9057006836
31139873.7350080535 46799.1358032227
32819729.5461343266 48308.6806640625
31383000.7761969641 47549.5795898438
31156039.6398722008 46832.0692749023
31056953.6751482040 46205.5993957520
31193008.4179881215 46850.0786285400
33902983.5919173285 48413.5797729492
29993322.0077146143 38868.2870281637
31038146.8824628331 46201.2762145996
34800418.1598251611 48482.2656860352
31515497.4671366215 48112.3684692383
35864756.6388194337 48542.8612670898
31200031.3120534122 46934.9722290039
30693004.6610953249 44472.4220504761
30720403.2125958987 44838.5821723938
34394340.3590671867 48451.7751464844
30856876.4907075688 45340.3946304321
37381549.1759552658 48605.3282470703
30268782.3017311543 41756.5492346287
33825939.2473867536 48403.3378295898
34270623.3772722334 48445.3561401367
31523016.3931012824 48124.7562255859
33919177.4613429904 48417.4537353516
31215197.6500604823 46966.3325195312
30646700.8493478596 44247.6587638855
30271931.7717145011 41757.4655554295
35811961.5107856542 48540.2789306641
30898405.5105590783 45776.9217453003
33215866.1937933490 48356.3428955078
30013795.4405964576 39711.6057957113
37346020.2147251368 48603.9952392578
31766763.4247431904 48180.4676513672
31291365.3274707869 47400.2442932129
31055514.5077677891 46204.3760070801
31286363.9539056793 47390.5334167480
31487910.0874766111 47584.9048461914
34341545.2310334072 48449.1928100586
35280466.4916713685 48503.2804565430
30899844.6779394895 45778.1451339722
30061935.2799585052 39937.5012762547
35189770.9087979048 48501.8550415039
33573344.1238379553 48388.6604003906
31673339.0570004433 48153.2250976562
36299843.3112485111 48563.5443725586
37211892.2200606689 48601.1600952148
36837932.2015501037 48586.9263916016
35112872.9579689801 48499.8888549805
30431303.9098493718 43099.7203731537
30091464.5272161178 40579.6997908056
34454200.0336622000 48454.7208862305
30876345.6464776210 45341.6689834595
30376675.2532117590 42611.1749305725
30032489.2848978303 39841.2803982198
37167098.1118789688 48597.7858886719
30949965.2229601070 45835.2889862061
37008630.3876450062 48592.4918823242
34276572.2083135098 48445.8972778320
30381939.2513327897 42614.4341468811
37125198.1669377834 48596.5357055664
32893796.5436438732 48323.9014282227
34325255.2621009648 48447.9442749023
34925157.0469221920 48484.6186523438
31674778.2243808508 48154.4484863281
36732499.7769724578 48583.9148559570
35063136.9267070815 48498.1860351562
30162453.2376168594 40928.4846031666
29999271.1144003272 39002.2965215147
30206215.9917648844 41478.1234161258
30087718.9621330835 40039.4113551974
35660576.0614470318 48531.9805908203
30459571.7745962143 43265.4548950195
31703563.1489684805 48165.1843261719
36759445.5603066310 48585.3087158203
30208340.0240629166 41558.6085951328
32207358.9810635597 48241.1174316406
32052823.9891709052 48221.4920043945
30176966.4588668384 40941.6516249180
30308874.5065047964 42240.2199172974
30288760.6539035738 42207.6402502060
35090082.7100412548 48499.5798950195
34747623.0317913741 48479.6833496094
30289949.3789601997 42236.8672876358
31375134.0153923482 47502.8179473877
32922349.7698781490 48324.0203247070
37595205.0420635045 48611.1784057617
30450630.2856004089 43264.8759765625
30511900.6826506034 43437.9982109070
35790996.4595854357 48534.3641357422
37416855.8456830084 48605.6021728516
30066577.1136549450 40031.0252216756
30410808.9731267355 43044.2240552902
30121316.4680272229 40709.8569824100
30235941.7011851259 41657.7637083530
30151042.1774474680 40906.9576323032
30246065.0981669687 41756.2798864841
30711857.5313152149 44785.9974327087
30658680.4400160722 44289.0587882996
34739971.7654888257 48474.0921630859
30547489.2728478312 43921.2408013344
30387589.6448781043 43041.1649122238
30586698.3102979735 43969.9691643715
35318116.3831971437 48512.0840454102
30558378.7027216144 43923.9836602211
32025518.1482429653 48219.0829467773
30475504.2441862896 43379.3174018860
30954962.8885744885 45976.8088836670
30316976.6124141961 42362.9504480362
30538547.7838520333 43920.6618828773
30969801.1821020097 45979.5839080811
30518980.5394641384 43551.2487449646
30123440.5003252625 40777.2758543491
30578045.9027978890 43966.9725823402
30337142.3712516353 42405.9544391632
30182832.9863033555 41380.6141462326
30382325.6467570774 43037.9056959152
30615204.1447382234 44184.5298118591
30185074.1432867497 41418.8959387243
30673173.7422257438 44469.1002731323
30370726.4221704826 42553.8277416229
31292804.4948511943 47401.4676818848
30468116.2457646057 43320.7468242645
30844370.3473873176 45337.4416351318
30822783.0979247391 45250.0341186523
30188811.0599147156 41435.8762304783
31083584.1809902638 46589.9948501587
31100374.7224529684 46655.3878784180
30223411.6195606962 41585.0008859634
30950141.2818070836 45875.2532653809
30737656.4492719024 44890.8691773415
36539045.5637172163 48570.7459716797
35948359.4803764522 48544.8067626953
31073157.6741953269 46207.4600677490
30854751.0037635267 45339.2439422607
30606262.6557424255 44183.9508934021
30977989.3054174744 46065.4397888184
36340412.0372850671 48565.1397094727
36517414.2590321228 48569.0178222656
35879098.3538208604 48544.7575073242
34613083.0555221140 48465.2526855469
35391436.9098818526 48512.2502441406
30839270.2495692559 45279.3695297241
32008150.5229380094 48215.9831542969
35513612.0427489132 48515.1135864258
30100174.6195490882 40650.6295050085
35572658.7602130398 48525.7277832031
36540003.9859647006 48571.8864746094
30674612.9096061550 44470.3236618042
31068700.0370440111 46206.4873504639
30355824.6614540815 42520.7047681808
35832434.9436675012 48540.4336547852
31095526.3009521067 46591.4747695923
31016559.6330002584 46113.8686981201
30342406.3693726622 42409.2136554718
37029103.8205268458 48592.6466064453
31029958.7591473684 46115.4203338623
30694443.8284757361 44473.6454391479
31132850.8409427628 46725.8406829834
30824222.2653051503 45251.2575073242
31137308.4780940786 46726.8134002686
37459488.3569844961 48608.6917724609
30833163.7543009482 45251.8364257812
30786330.9351034500 45010.5831470490
31951622.7273346856 48202.2514648438
30532416.0659716204 43900.1821026802
30469555.4131450132 43321.9702129364
30447747.2219234630 43121.0467481613
34745786.2749964222 48479.6775512695
30683554.3986019529 44470.9025802612
30845809.5147677287 45338.6650238037
37535620.2748829722 48610.4017944336
30201633.0035806820 41436.3430883884
30951580.4491874948 45876.4766540527
30591661.4172010645 44148.1499271393
30796718.9136622101 45204.5582046509
30805660.4026580043 45205.1371231079
30478265.5054779872 43379.9448947906
30490028.5703824237 43429.7489681244
30498970.0593782216 43430.3278865814
33690204.2071076557 48390.6643066406
29993322.2833590470 38965.8013652265
36935265.6769617498 48589.2938842773
30436272.6986655667 43107.7674622536
35550340.6668291241 48518.1311645508
33785050.9116315022 48401.2794799805
34560822.4557580873 48460.1386108398
34168394.0706717297 48431.2402343750
36295792.5950776190 48560.4970703125
33523120.5209514424 48377.3379516602
33727998.2318742424 48392.0118408203
30011067.7220601253 39049.0793178976
30487206.9944737852 43380.5238132477
32611270.7329172976 48292.7968750000
30636075.2410784923 44188.2891101837
36651628.6576037928 48577.1369018555
30340967.2019922547 42407.9902667999
32943682.4933429398 48325.2383422852
36599179.1697178781 48575.3652954102
30740529.6638057753 44955.9152240753
30749471.1528015733 44956.4941425323
30935199.1817081571 45806.8308887482
32424275.1576805785 48260.3974609375
30668953.1600605920 44309.1471557617
30375990.4202915132 42557.0869579315
32777211.4968865551 48297.0180664062
32291937.4732919186 48256.4007568359
32754129.8834609278 48296.5599975586
32454265.7796056047 48261.4382324219
32021549.6490851194 48217.5347900391
31342227.7894632742 47461.0711669922
32193225.6269538552 48230.3815917969
36800724.5029394701 48586.5500488281
36619149.6783554852 48576.0547485352
30934381.9992351383 45778.8210620880
30941262.2854250818 45817.7944507599
32463493.3044277355 48262.7604980469
32792142.3328706883 48308.6181030273
32789528.5412305221 48301.3987426758
33021997.8550524190 48327.2528686523
33913910.3417793140 48414.2243041992
33487800.5994163454 48373.3770751953
32543019.8925276101 48279.2377319336
34252648.4785948396 48435.9564208984
33434575.1592607126 48369.3175048828
33794160.3384609967 48401.6350097656
33745069.4230136350 48397.2199096680
34118658.0394098163 48429.5374145508
33888043.6682317853 48413.0386352539
32456528.5940274186 48261.7522583008
34145603.8227440044 48430.9312744141
32492278.2290153652 48273.4963378906
33813773.9224348590 48402.1379394531
33194234.0173970424 48343.6085815430
32248988.4421711937 48243.5805664062
33112505.5091112442 48336.8760375977
34128554.2246936485 48429.6846923828
32311406.6290619746 48257.6751098633
32953723.4609351829 48326.9625244141
32580912.1472734623 48288.7796630859
33528384.5190724730 48380.5971679688
31855081.5775942802 48183.1694335938
31999978.8344180509 48204.7145996094
33184337.8321132250 48343.4613037109
33115989.2104893401 48340.5241699219
33100724.2314546555 48335.6526489258
32631653.8107857071 48294.5210571289
32331789.7069303840 48259.3992919922
32108021.5858375467 48222.0354003906
31606047.0673570558 48128.6813964844
