47935743.0045579150 37742.8667429686
47856355.8072366938 35987.5687509179
47961398.5400352553 37891.1653985381
47982835.7958317846 38530.4891373278
47985066.0719301403 38775.4362425208
47819809.2941118106 34237.3664090633
47855477.4676197469 35984.9768805504
47822725.7547562718 34237.5142362118
47956924.2135175616 37766.9777770638
48111111.6464686990 40452.6174484850
47975338.8222628832 38529.6323164315
47894828.3603321090 36807.3928049803
47921298.9667450115 37593.9247263670
47893605.4027536064 36722.5184903145
47942501.0251048207 37749.1467479412
48015011.9251235127 39561.7524961829
48014678.9611874074 39416.5215038005
47855286.8970557451 35104.5733771324
47932984.9952751473 37708.8582590818
48707738.0319318548 45228.9785976410
48265434.3932627216 43135.8689537852
48145463.4962674677 41344.4867553711
48210374.7737576514 42257.5408519562
47883849.9637031779 36669.5690018646
47837931.7242927477 35102.9687476158
47918216.9142146930 37562.5563011821
48318391.3030126318 43179.3869591563
48501946.9918888733 44155.3480372429
54543570.9702523127 53241.4201965332
47975002.2518461645 38502.7640928626
48512369.8537087068 44780.0269305706
48479740.3950530812 44044.7837989330
48134166.1464606375 41246.4484252930
48063487.1721238866 40317.1907517076
48005570.1626248583 39379.5724408240
48580322.1832927465 44984.8048635125
47894005.6983444318 36772.6856634729
50770143.0897996128 49454.1775360107
49815952.6179719716 46716.9329227265
48059150.9086147174 40298.4161392809
48557463.8224062398 44910.6627802849
53799707.4589081034 53101.8069152832
47932720.6885890663 37608.1071570031
48053887.9179963470 40296.4024885506
48647638.2319286764 45011.1437687874
55929414.9251224697 53369.7414245605
47897626.7995230928 36847.2224503998
47964655.5183990672 38445.9720837683
48308867.6208576784 43148.4091024697
47876232.1013184860 36666.6917517297
48336805.9117579609 43968.8975379467
56381172.3722474948 53387.5383605957
48234948.0048537701 43052.2809820473
52211785.4484925792 51818.3134918213
51625075.7295210212 51030.4232788086
48050402.4540503174 40081.5986001492
48093892.1598609909 40345.3963527293
48865337.9321436286 46030.8355138898
48662915.6738731861 45094.1324978471
47972809.7349485457 38498.5522993417
48172095.7023321316 42110.6329313572
48754279.5843568072 45897.8751506805
47888242.2193389013 36706.9040983263
48194469.8046239987 42205.8354213778
48465996.8377485052 43983.4964461867
51697663.7311696559 51098.1673431396
51352882.3149334192 50109.2967071533
53665276.2513554916 52108.5384826660
53720711.6730587557 52613.0244750977
53483959.3009162992 51847.8012847900
49703414.1266943216 46153.7632853985
49186728.2298750505 46121.7323315144
51563280.5565667674 50419.2695007324
50116265.4564164504 48094.0452270508
49907205.5156310946 47262.2677459717
49751126.0360318199 46288.4050636292
49789840.3496742174 46475.6675243378
49968109.8814508989 47285.3837337494
50025618.2565589547 47625.2857208252
50571672.5610023737 48654.1545352936
50435154.9861223400 48548.0634765625
