48403694.4390004352 719840.8818359375
48128462.1015713438 708076.9023437500
48158800.6922626197 709224.6992187500
47917773.7162951231 695250.6791992188
48038369.1067193225 704853.6894531250
48112468.7094842941 707788.6328125000
49153999.4140778780 734191.9570312500
48169231.4745992720 709386.6845703125
47861491.2647851631 687897.9277343750
47593216.5579998791 649906.4446105957
48234675.5508605987 714292.2119140625
47716536.8938523456 668840.5358886719
48392566.7080823407 719379.1767578125
48079281.8008870259 705303.9443359375
48768904.6339778975 728530.9267578125
49243518.4947569519 734556.6142578125
47807989.6323192045 680339.8217773438
48071831.0262090936 705015.6748046875
47701031.2585324198 668480.5827636719
48016846.8304180950 703688.1435546875
48360832.9881211147 718452.5244140625
49305130.6324249282 735449.7197265625
47867682.8835478127 688935.2167968750
49454390.9982765540 736356.6074218750
48848313.2188971490 730402.6181640625
48809030.6108275577 729640.9765625000
48090946.4331830740 706623.0869140625
48599441.8868699670 724881.4521484375
47835729.8249099329 687607.6855468750
47948757.4399997815 696430.9223632812
48726679.9786743075 727423.9052734375
48777893.6536874697 728657.4052734375
48075132.8419197202 705162.9628906250
47588086.8827706426 636638.6069335938
48288377.0187270045 715613.6132812500
47826756.4154408798 686238.7578125000
47976750.3707129583 697799.8500976562
47752734.2830602303 672678.8701171875
48268234.0682579353 715381.6259765625
48707434.3180293888 727327.7128906250
47846160.6072465852 687769.6708984375
47964750.8320868388 696719.1918945312
47698434.8380819038 663440.1956787109
48918091.4923877567 731294.6005859375
47617821.2056799158 651184.4006347656
49060136.7981370091 733195.6582031250
48705383.9282722026 727082.7001953125
48623960.3955283612 725536.7236328125
47970279.7163010016 697596.4682617188
48616032.0417781770 725112.8027343750
49206795.4620233029 734441.1562500000
47802317.4269652814 680322.0727539062
48106939.8252701312 706911.3564453125
48748844.0526307225 728166.5156250000
48709561.4445611387 727404.8740234375
49094258.1289053410 733649.7265625000
47782702.3261228800 679204.7573242188
47646089.5743180737 658256.3248291016
48010382.9429909140 699108.3500976562
48354002.5696950033 718360.9189453125
49298625.6395028904 735095.4541015625
47988860.6666897014 697942.8041992188
48832714.2798873037 729682.8388671875
48322415.8385942280 717077.2841796875
48312886.5373961851 716836.7236328125
48375952.8197933584 719002.9785156250
48483851.7499058619 721921.8281250000
49250023.4876789823 734910.8798828125
48674554.7525713369 726639.1933593750
48914230.3956124410 730813.8642578125
49181180.0972889811 734223.2529296875
49052709.6168897450 733160.9716796875
49214222.6432705671 734475.8427734375
49598567.4676816836 737032.0625000000
47750078.2433173805 672107.2723388672
49151044.7872913703 734169.5351562500
48871996.8879568875 730444.4804687500
48326008.6112986207 717290.0800781250
48647168.9989182577 726096.3740234375
48608604.8605309129 725078.1162109375
47786295.0988272801 679417.5532226562
48322965.2974555343 717156.1982421875
48151845.3462583050 708329.2519531250
49158471.9685386345 734204.2216796875
48212880.1072316989 713054.8681640625
49312557.8136721924 735484.4062500000
48400557.8886890784 719395.4687500000
48184583.8194501251 711447.4560546875
48878808.8843181729 730532.9589843750
47694900.8780078590 662549.5656738281
48568529.5422087237 724480.5732421875
48369995.9617820531 718649.1884765625
48401544.5724779889 719636.0292968750
47783251.7849841863 679283.6713867188
49263447.0403890088 734929.6943359375
48417591.9947527573 720610.3906250000
48329920.6434598640 718051.6455078125
48997602.4721437991 732622.1318359375
48594955.9913776368 724737.4746093750
48753203.3001312539 728355.3076171875
47904703.3506817669 689396.9218750000
48792485.9082008377 729116.9492187500
48457667.3130749539 721207.9335937500
47814250.3690687045 680395.7065429688
49888016.1643964723 738673.8642578125
48535874.7308727652 723031.8564453125
48545320.9388188347 723920.9228515625
48494206.2878068537 722612.4228515625
49325981.3663822263 735503.2207031250
47672241.7334792763 662068.8293457031
47908296.1233861670 689609.7177734375
48668870.1796420440 726309.4550781250
48154888.6601013765 708463.1337890625
48407378.6289815083 719848.8251953125
47642687.0640065372 653378.4284667969
47645407.3392948508 654087.3415527344
48528447.5496255010 722997.1699218750
47758684.9821978137 672799.3474121094
48209045.1067610830 712697.0644531250
49417532.8855225667 736209.8789062500
48284824.2231661454 715612.9765625000
48414466.0289109796 719900.7646484375
48269146.0932381451 715458.2509765625
48956406.6050099283 731628.6630859375
48674563.8434217200 726739.5068359375
48695335.9643424675 726848.3212890625
47747928.3767949492 671902.4197998047
49580401.0021297410 736783.4052734375
48630921.9878516048 725789.0732421875
48608055.4016695917 724999.2021484375
48008468.6308152303 698058.1733398438
48539966.0004756153 723151.4140625000
48297667.7783771381 716239.3808593750
48488372.2313033119 722399.6269531250
48310736.6708737314 716631.8710937500
48201617.9255138114 712662.3779296875
48222170.8668818325 713680.6357421875
48234601.4959799796 714073.1259765625
47962408.5838982686 696578.2104492188
47910030.3698815703 694661.5249023438
48104597.5770815462 706770.3750000000
47816325.6331042275 686076.7724609375
48646619.5400569364 726017.4599609375
48151295.8873969913 708250.3378906250
48291710.9203658476 715885.5908203125
48567980.0833474025 724401.6591796875
48653581.1323801801 726269.8095703125
50660868.9274297059 740170.6591796875
49461818.1795237958 736391.2939453125
48327770.7769374177 717846.7929687500
49705273.7255909294 737690.2929687500
48733900.1027298123 727866.5791015625
49141906.8109571561 734160.1982421875
48939016.6666727737 731371.7617187500
47697050.7445303202 662754.4182128906
47905252.8095431030 689475.8359375000
48156650.8257401809 709019.8466796875
50195084.9056464136 739470.9335937500
49399283.8535305932 735817.7675781250
48959449.9188529924 731762.5449218750
48251635.6020436585 715288.0478515625
48460643.1465159431 721362.1777343750
48080515.6508464217 706461.1015625000
47590986.8114954755 643202.9128417969
48009018.0896765664 698137.0874023438
48975900.4123371318 731857.1650390625
48674005.2937100083 726560.2792968750
47790207.1309885234 680179.1186523438
48585360.9308341444 724558.2470703125
48566616.2831444293 724248.7460937500
49788502.2180222571 737917.6542968750
48669281.7647385821 726468.1259765625
50669114.1967799515 740201.4208984375
48540385.5884115398 723383.4013671875
47788057.2644660696 679974.2661132812
48507726.6813649684 722850.2929687500
48030497.9743165746 703835.4316406250
47938326.6576631293 696268.9370117188
48587049.5353246406 724639.5292968750
48921141.1771633774 731354.4726562500
47616059.0400411338 650627.6877441406
48663243.0035979450 726298.3652343750
49528336.2631035969 736518.3486328125
49057343.7573163509 733164.3623046875
49045226.1568688974 732945.2763671875
48959999.3777143136 731841.4589843750
49285377.6473163888 734961.2509765625
48448678.9807110503 720703.9687500000
48378885.4279494062 719155.2929687500
47759247.5153609440 672932.4570312500
50001724.2216285914 739102.7841796875
47752263.9301778749 672454.9863281250
49034139.2151413783 732911.5703125000
50194772.8633107170 739449.8251953125
47674391.6000017226 662273.6818847656
48182833.5440127850 711018.2011718750
48454900.5072890967 720944.5292968750
49677596.6289552003 737425.2363281250
50235658.6414240152 740009.6718750000
49642739.3995977193 737116.7666015625
49823773.9817568362 737938.9501953125
47612466.2673367113 650414.8918457031
47619971.0722023621 651389.2531738281
47591536.2703567967 643281.8269042969
47719914.2939231396 670652.1746826172
47613015.7261980325 650493.8059082031
47666886.7951360717 661299.3205566406
47634341.7979249060 653204.9929199219
47667436.2539973930 661378.2346191406
48698087.2199451476 726869.5527343750
47738563.7257530466 671512.0419921875
47655821.2537661344 660416.9719238281
50037553.4999159053 739120.5751953125
48523924.1676479876 722915.5400390625
48629262.3477668837 725576.2773437500
48630372.5289902836 725710.1591796875
48462405.3121547401 721918.8906250000
47760043.1815942824 678724.0209960938
47700510.1021174267 668171.3356933594
48909530.5900201201 730766.2666015625
48988170.0467296541 732382.0673828125
48299756.6940656230 716596.5478515625
48593741.5232226253 724691.9013671875
48381035.2944718525 719360.1455078125
48514418.6692629531 722902.6650390625
48940705.2711632624 731453.0439453125
48620367.6228239536 725323.9277343750
48541728.1661144197 723708.1269531250
48277397.0419188812 715578.2900390625
