67206679.1170892864 485503.8408508301
69782553.4774610251 543807.5717773438
67851985.6111006588 510341.7782897949
67716807.1420632452 506355.3378906250
68074283.5655069649 517913.9707031250
67277453.4296235740 490207.0309143066
73367783.2099361569 544814.6948242188
67753878.3506792188 508963.8031311035
67227312.5178823769 486215.8448181152
67078837.0163168460 482270.8031005859
71987015.0570885092 544645.8623046875
68794835.8432569504 540307.5244140625
71617920.5447073132 544493.0600585938
68476136.5086016357 532159.6938476562
67016408.9050428346 478378.4981689453
66976218.0436218977 475083.8616638184
68518720.8397173584 533598.1113281250
69894066.8361666799 544076.6967773438
68267358.2865237445 525647.2022705078
69549088.9112568349 543692.8950195312
68886235.1010307670 542825.3398437500
66926850.5263399184 474191.5768966675
67196585.7180449665 485144.2208251953
68114751.5061002374 520687.5361328125
67255017.9641797990 489472.3860168457
67562142.4538916796 499887.4266357422
67504675.1770499051 497242.0544433594
67059584.6047735214 480874.4442062378
68274783.5237765312 525755.6944580078
68443404.0172699541 530926.0458984375
67246053.0513220429 489293.9205627441
67369946.3381826878 492532.9840393066
67104092.8094858602 482817.7247314453
68092331.6218699962 520357.0068359375
68764204.0703272820 539945.4194335938
67397273.2696329355 494957.6984863281
67426891.4398337603 496707.7396240234
67879172.9789457917 512912.3235168457
69819487.9653055072 543889.8413085938
68176697.4658456147 523178.9924316406
67900051.6029718071 513782.5499267578
67570633.8897706717 502347.0046691895
68393426.2114507854 529650.2554931641
68110103.9792111367 520576.3654785156
70762754.2047902346 544163.4375000000
68312968.4371571392 527170.0250244141
67876173.1256220192 510894.8864746094
67782809.3978953063 509757.2412109375
71360826.3203448504 544418.2001953125
67209694.8187076002 485681.8673400879
67565599.1726815850 501208.9312744141
71609424.0746935010 544427.6967773438
67842101.7703298181 510305.6986083984
67265399.1470644623 489492.0998840332
67949300.4401067793 514195.1005554199
67516618.6866600662 498907.0386962891
67546626.6876388937 499326.5379638672
68025346.2312383652 517731.9404296875
67268505.4137493670 489496.4900207520
66841872.6946826577 466852.6056137085
67693533.6481026411 506042.9542541504
67391324.0583934933 494957.3718261719
67362521.1009298861 492481.7418518066
67345165.6434302330 492134.1499023438
68661216.4260639399 536365.1968994141
67211509.9115356058 485899.4305114746
71238906.1548794806 544361.3300781250
68706286.7094495595 538866.6411132812
67340989.7434914410 491427.7082519531
67695928.5180372298 506296.6715393066
67151874.1499397904 485097.1485595703
68385304.3024675995 529466.8824462891
67514223.8167254776 498653.3214111328
68558105.7560161948 534832.4863281250
68128610.2714839578 521585.7236328125
68833629.5287533551 541532.8510742188
67626046.0132597983 503101.6450195312
67072887.8050774038 482270.4764404297
69281647.8605736047 543522.7724609375
68557514.5252137929 534824.3022460938
68484422.2325269878 532296.0914306641
68670489.0829229504 536627.9006347656
68087570.2927351594 519339.9112854004
67464373.1445792168 497068.5469970703
67966053.8588038683 516375.2408447266
67952600.4720306396 515366.2033996582
68301992.0941121876 527126.8482666016
68165759.1149548739 522810.9550781250
66970268.8323824555 475083.5350036621
66833903.6539972797 463677.8067016602
67666228.1651164442 503785.7198486328
67999815.4324825704 516599.1031494141
68235006.7034805566 524498.8839111328
68341377.0104110241 528361.2232666016
67947645.3776568472 513836.9684143066
68174090.5467706472 522854.1318359375
67985227.5575509220 516493.3146972656
68367949.3147531301 529416.6065673828
68866435.0228873640 542822.2353515625
68860306.1391014010 542604.9458007812
68262596.9573889226 525275.1668701172
68088953.6171358526 520069.6411132812
67778325.3577425629 509111.8915100098
68086587.1579356194 519304.3761291504
68300785.3201962411 526670.6275634766
67100635.6823852211 482439.9980468750
67418084.8965304643 495259.4472656250
67629152.2799446881 503105.5498046875
71034884.9618088007 544307.7592773438
68389677.1803377122 529632.6939697266
67389977.1398451775 492577.2205505371
66922516.0527826399 470151.1867980957
67809570.2360322624 510058.5563964844
69314196.3015584052 543605.3530273438
73077443.7457187772 544717.1396484375
67624850.7668229043 502744.9006042480
67657438.6687547565 503419.7713623047
68706877.9402519763 538875.6699218750
68618109.3733830601 536349.0797119141
67200729.9058498591 485503.4917297363
68454380.3603149056 530969.2226562500
67800605.3231745213 509879.8995361328
68834220.7595557868 541541.8994140625
68091348.4870704412 520323.4731445312
68299190.7243427485 526189.0694580078
68340785.7796086073 528353.6876220703
68969147.7729274035 542874.8520507812
68232760.4102282077 524123.8348388672
68594733.8946098387 535310.0688476562
68433934.9808944166 529725.3190917969
68171695.6768360436 522852.0859375000
68616023.1168939322 535911.2646484375
71692696.7592884898 544546.6206054688
67342770.7734956443 491880.4887695312
67748631.2287965119 506452.2317199707
68021634.0424588025 516717.1770019531
68422137.4683162868 529681.7496337891
69535097.9363531023 543679.5097656250
69406786.4944640547 543622.6650390625
68407900.1567102224 529670.4796142578
69066624.3887134790 543085.6586914062
68599913.2587650418 535376.4965820312
69049509.0758259147 542892.5327148438
68416933.4038564563 529671.5059814453
69790716.2078057081 543834.5229492188
72761837.2552018464 544688.1708984375
68931011.4818236828 542850.6557617188
71017122.7714855522 544205.0488281250
69189737.6867118031 543222.0981445312
68597128.7645444125 535312.1601562500
68662367.1739397496 536444.5275878906
69577912.5687939972 543726.5556640625
69559119.2705483586 543706.9892578125
68615431.8860915005 535903.0805664062
68609423.4427869916 535567.7286376953
69078945.1291240454 543142.7631835938
69140522.7009797692 543150.3076171875
69700770.0394044369 543782.7172851562
68987229.0337784141 542884.2836914062
69064227.4538366944 542927.9204101562
68507477.4536041170 532663.9462890625
69602639.5472061038 543757.6840820312
69175529.4118864238 543171.1894531250
71840717.4973396808 544566.7202148438
71646316.8444216549 544504.9086914062
71942400.3721225262 544583.1806640625
71836041.1576505899 544560.5385742188
