30465197.2063489631 599763.4827880859
32580846.7273033522 657239.1665039062
30796701.1253754087 623600.6716308594
33250555.2968149036 657714.1586914062
30939620.5409388468 630820.3515625000
33414902.6726346910 657783.2143554688
30639647.3761397786 612435.4801025391
30664521.3347256631 615766.4011230469
30722322.0281641521 617934.2219238281
36109741.9490826875 659183.4907226562
33938939.0459886789 658196.8842773438
30807221.8662436418 623687.8210449219
30845791.7264809273 626288.2656250000
32881201.0121959448 657492.0493164062
30295213.3770812266 586479.5614624023
35738972.2788406089 659032.0327148438
31513603.4267344363 656010.5483398438
30570956.3418721631 607382.1035156250
35784331.8688831776 659047.7456054688
30567131.5111315399 607367.2343750000
30572395.5092525706 607391.0322265625
34585142.6145506054 658548.2915039062
31184688.9644177705 642499.6171875000
33475937.8153115734 657841.6157226562
32532363.6402747780 657158.6118164062
30718545.2996704169 616053.6884765625
31798653.8748214245 656489.6811523438
30449191.1182199977 599754.0970458984
35233660.7609358653 658872.2045898438
33622462.4084391221 657984.8295898438
30687392.1336786300 615802.5739746094
35315095.1351138577 658896.8032226562
32917801.6277868375 657534.0756835938
30704946.7810571715 615823.2966308594
33554026.4969708398 657945.2036132812
32274966.4765375927 656943.3676757812
32594292.8102569543 657289.7309570312
30533547.4602126889 604556.0865478516
31068534.0249458067 635704.7902832031
34289382.0993681327 658414.6733398438
30777441.4726171941 621495.6618652344
30919075.3441838920 628680.5627441406
31510514.6601970643 655996.7026367188
32033019.5393584520 656752.5561523438
33899118.7253816053 658180.1625976562
32868460.4660487249 657418.7084960938
32931787.9332725666 657534.4858398438
30920074.9110409729 628692.0695800781
31501867.6812975705 655846.1215820312
31518033.5861617252 656088.0249023438
33142707.7919893153 657613.6743164062
36583413.7483786345 659311.5551757812
36487330.8732743338 659297.1284179688
33767148.1890181825 658062.4575195312
32637846.0948706828 657298.6596679688
33535303.1016721688 657916.6372070312
36334077.5289604440 659204.9018554688
33622479.0353978872 658003.5454101562
33508405.7574968189 657892.9672851562
33264001.3797685094 657764.7231445312
37148157.1629823670 659437.6616210938
32285487.2174058333 657030.5170898438
34734895.4320752770 658661.6850585938
30738395.3865858354 618029.8032226562
31785775.0929066092 656484.9594726562
35855444.6594516411 659097.5561523438
34392473.2373679578 658438.8452148438
35060305.5122747943 658797.4301757812
33296855.9627571777 657777.8842773438
36707436.6105082333 659349.0463867188
34716577.7695405856 658630.7231445312
33932956.6721920446 658187.1479492188
37641913.0190673321 659540.8686523438
37327660.1054859832 659482.8510742188
32454350.3091731332 657054.9536132812
32476976.7093445063 657061.1245117188
31411090.8533333279 650164.9252929688
31116338.7105540410 639556.0024414062
33179052.1407219693 657632.7065429688
30914659.3958592527 627390.1647949219
31314536.8378236592 647841.7541503906
31078927.1083972603 637002.3845214844
32823649.1954801530 657375.4106445312
31448383.5492753983 651794.4682617188
34219170.8531453162 658317.1137695312
30357615.5284890421 591151.0961914062
34570743.0395933092 658498.2670898438
30921360.4550377131 629801.6779785156
31043700.5708600804 634353.5585937500
30596171.0808619261 610973.7973632812
34787690.5601090565 658680.5336914062
31983314.8855986819 656640.7094726562
34628041.5573005676 658566.0717773438
33838125.9408076778 658103.8295898438
34154579.9507258162 658307.1967773438
34306545.2885882258 658421.6586914062
34312527.6623848677 658431.3950195312
31446869.8857280500 650805.8261718750
32191124.7610619627 656807.0395507812
30102774.7700360604 567647.5993041992
30142173.3304625079 570489.0081176758
30004725.2046500295 553489.3161010742
34100857.4759552777 658241.5698242188
36461976.1507975087 659260.4633789062
30653971.7743004188 613141.6181640625
32209702.9473983645 656910.2026367188
30962207.3572585024 632604.0427246094
30289949.3789601885 586455.7636108398
30108589.2795436569 568359.0990600586
30625113.5998852849 611391.3149414062
29984199.5189025439 540983.4076538086
30646700.8493478596 612582.8486328125
29999271.1144003235 548768.9976806641
30108228.8602857739 567776.5014038086
31257907.3059183247 643569.7189941406
32055673.7752280161 656762.3061523438
35894038.8907713518 659104.5209960938
32485678.2528315485 657141.2778320312
32005658.9491081610 656742.8198242188
31460325.6692372411 651805.2534179688
37594379.2670405507 659539.9067382812
32201645.5019302033 656894.1889648438
37551128.6641447470 659537.3676757812
30207787.3073976748 578082.2199096680
31264347.8468638398 643650.3049316406
35672941.5430566221 659029.7700195312
32283560.2696389258 657020.7807617188
30961207.7904014215 632592.5358886719
30052066.2424341030 558629.3868408203
29978250.6878612675 540044.1088256836
31192568.8174647912 642797.0625000000
30526284.6089107543 602983.2194824219
30484445.7331820875 602010.7048339844
31445870.3188709691 650794.3193359375
31949177.8238828257 656616.2280273438
30475504.2441862896 602006.4753417969
29971022.8737048022 529680.1730957031
32004659.3822510839 656731.3129882812
30564268.6160835326 606560.0283203125
30340967.2019922547 589597.9952392578
34411274.1378660128 658449.6303710938
30320087.3356671035 588041.7722778320
30422362.4208535776 596993.7681274414
30511717.6881622076 602982.7624511719
30420923.2534731627 596984.8394165039
31290816.8959158510 646204.6445312500
37439388.2709158957 659522.4780273438
32249083.0046675764 656916.4291992188
37344047.0666451827 659504.7485351562
30659270.5619705170 613496.4230957031
33988906.3681755960 658219.3403320312
30779937.3986461535 622070.6713867188
30173887.5606045388 573076.3922729492
30755854.2231546193 620304.1281738281
31358528.5100048669 649342.8754882812
37559694.0343338251 659538.6381835938
32748972.1060508490 657301.8647460938
30781376.5660265684 622079.6000976562
33228580.2456181496 657647.7602539062
30314823.3375460729 588017.9744262695
30337142.3712516315 589583.1260986328
30255340.4433025755 581809.9768066406
31273830.8677466474 644166.1127929688
29993322.2833590470 547829.6988525391
30380500.0839523785 593613.2490234375
30474065.0768058784 601997.5466308594
33079053.9550593793 657539.6987304688
31625431.7417322583 656172.4750976562
30127677.9711920358 569656.0312500000
31021365.3674467877 634335.5605468750
35969230.1661633402 659128.4926757812
30221258.3446925730 579633.6768188477
30920360.8881806359 629790.1711425781
30770751.5324816406 620792.1660156250
31626431.3085893393 656183.9819335938
30284000.5479189157 585726.1183471680
30555327.1270877346 606555.7988281250
30267497.1766751669 582053.0912475586
34211004.2039763555 658308.2651367188
30066230.4250167832 563521.4519653320
30249526.2094394080 580955.7667236328
36343095.6805534288 659244.5512695312
31438351.3929063082 650702.9970703125
31256828.9208991788 643558.9826660156
30034856.8598207012 555977.0281372070
30590920.3081067875 610279.2302246094
35932837.8119480759 659104.8833007812
30908850.8826531209 627341.9445800781
31929889.5121437758 656563.1479492188
30376675.2532117590 593598.3798828125
30147761.7422458939 570917.3862915039
30829027.9997516759 624063.8676757812
31044208.2830918245 635565.8549804688
30589481.1407263726 610270.3015136719
30910290.0500335321 627350.8732910156
30187674.2937737219 577503.7677612305
31298370.9329595082 647599.8508300781
30450630.2856004164 599763.0257568359
31271392.1335091516 644145.6772460938
30381939.2513327897 593622.1777343750
33253610.7187702954 657717.5805664062
30434090.9671334624 597263.5770263672
31131411.6735623479 641042.5310058594
31306889.4257812500 647702.6799316406
31448309.0531084649 650814.7548828125
31368486.1702070199 649454.6333007812
30740529.6638057753 619664.0698242188
30902409.3011442274 626991.8823242188
31272391.7003662325 644157.1840820312
34470051.6396964267 658478.2153320312
33505217.0371896252 657848.5317382812
30739090.4964253679 619655.1411132812
30903408.8680013046 627003.3891601562
30469555.4131450132 600802.3693847656
37361072.3814538047 659513.0864257812
31233857.0912472829 642814.5478515625
31115898.8207634352 638264.6777343750
33994888.7419722304 658229.0766601562
30342406.3693726659 589606.9239501953
31113460.0865259431 638244.2421875000
30202198.8956142925 577810.2587280273
31673986.3130902462 656190.5678710938
31725481.3217383027 656360.8735351562
31132411.2404194325 641054.0378417969
31661107.5311754271 656185.8461914062
30025198.6375318691 555576.6685180664
33600705.5981141105 657961.9252929688
31359528.0768619478 649354.3823242188
31299370.4998165891 647611.3576660156
31439350.9597633928 650714.5039062500
31092308.3957395181 637022.0983886719
31114459.6533830240 638255.7490234375
30444681.4545591325 599033.3804931641
30837738.0920846462 624238.4921875000
31133850.4077998437 641062.9665527344
31173699.5142019279 641071.5231933594
31232417.9238668755 642805.6191406250
30141812.9112046175 569906.4104614258
30973167.6986500733 632688.6140136719
30951580.4491874948 630916.4296875000
31693451.2461251765 656282.9565429688
30468116.2457646020 600793.4406738281
34225106.9987645075 658319.1499023438
30549378.2960464582 606238.3620605469
35631609.5680538416 658953.4399414062
35520496.9675722197 658927.5795898438
33802823.5813067332 658082.4223632812
30720574.9012080319 616814.7353515625
30432651.7997530475 597254.6483154297
30375990.4202915132 592418.0717773438
33586138.6773655638 657961.4682617188
31738360.1036531255 656365.5952148438
30091104.3836026676 564032.4465942383
30971728.5312696621 632679.6853027344
30950141.2818070836 630907.5009765625
30416413.5898123011 596264.1228637695
31205447.5993796103 642801.7841796875
30013435.2969829962 553661.0628051758
30488589.6786464453 602304.0375976562
30235782.9465331398 579940.1677856445
34693627.4617429301 658578.4233398438
30287825.3786595352 585740.9874877930
30046117.4113928303 557690.0880126953
36373407.5545849130 659254.6821289062
37254977.9061006159 659476.7680664062
34226148.2289648205 658329.2846679688
30930881.6290488765 629877.3205566406
30312699.3372454159 586828.7376098633
34102782.7955500707 658243.7045898438
30547939.1286660470 606229.4333496094
30719135.7338276207 616805.8066406250
30374551.2529111020 592409.1430664062
30370726.4221704826 592394.2739257812
30443242.2871787250 599024.4517822266
30308874.5065047964 586813.8684692383
35374033.7846952900 658915.6518554688
30215309.5136512965 578429.5708618164
30096825.9389947876 566443.4933471680
30167938.7295632623 572284.4948120117
30414974.4224318862 596255.1941528320
30181725.4627324454 576299.6618041992
35350703.9780341014 658913.7358398438
37228175.2753695920 659475.8442382812
35220051.7877071351 658811.6254882812
34965568.0588147193 658687.8754882812
35583339.4196698964 658945.7944335938
30289264.5460399501 585749.9161987305
35553348.7977448702 658938.2124023438
35052248.8878036439 658701.3676757812
35215080.1570167020 658801.4907226562
36758951.6302700862 659354.5893554688
37150212.4454494491 659456.8315429688
36787253.1777311936 659408.1557617188
36782051.9820548594 659365.6381835938
35471920.1306617856 658917.5922851562
36783655.9451737106 659367.4272460938
36071108.5461799055 659128.9282226562
36668197.7509600073 659330.6528320312
36242137.1393170282 659204.3715820312
37135536.7748011127 659416.1186523438
