85584907.6927983463 31081.4384888485
85152174.1531723738 27475.1435876079
84958232.3659376204 24906.5531032151
85724644.9306252003 31993.3101429380
84618637.8691645116 20298.6292936569
85333447.9170543849 29235.8398473486
84494823.8619567752 15131.8696050933
84502026.3263141811 15958.9751377694
84484522.4656487554 14193.3933656962
84491671.2756154835 15103.3072664663
85028359.0841284990 25818.3296100413
85851460.0252333581 32829.0537880734
84831275.9047216475 23639.1863758918
84567103.9319432974 18614.3831110327
84786381.1854762435 22935.5721600968
84722954.9829035103 22020.6613608096
84769638.6628090590 22843.4755956018
84768782.4026583135 22758.4055111762
84898930.3138379455 24551.1046206355
84886043.1419716030 24024.8183267079
84708649.9358204305 21962.6947308863
85121531.9423416555 27315.0766013684
84669350.4420236200 21232.3999009458
85342696.9635379016 29241.2696164623
84559090.9470839351 18536.4758754466
84548450.0886023939 18326.5865194928
84557157.6422628015 18513.3906324236
84775608.3425198197 22874.6242963159
84552076.0474690646 18436.4983573649
85304984.5016869307 29127.2908657864
84483944.2369432896 14154.0364907535
85039043.7509990036 25837.4681211626
84849634.4210767448 23812.8710093172
84683363.2227105051 21262.1502981875
84660461.4808401614 21139.8804960940
84705670.0529366732 21866.6748922588
84657481.5979563892 21043.8606574666
84502047.4488350302 16534.7856931454
84840210.5433426946 23751.0870267237
84915088.0527014285 24724.8005747469
88497115.0703880340 35504.7396375574
95210245.1653407514 41693.9623985291
84910104.8881759197 24663.0165921533
84684588.1896161139 21324.4964654408
84925342.6357683986 24755.1131566484
84548726.4051899016 18378.1976413494
84527257.6502919346 17524.5687919352
84545438.1211074293 17731.0158842299
91959117.2486046553 39522.8535575867
84524022.0739513636 17499.7868192326
84652814.0013403594 21025.9831927540
84495000.7521179169 15771.8520898586
84975220.5195392966 25520.5113550369
84520344.8881668746 17475.2775972020
84730925.8996238858 22056.0327702845
84517192.3018256128 17446.7152585750
85136785.6959061772 27383.5313599473
84790846.0901122987 22966.7208608110
84766661.2188663185 22648.4936733041
84640557.5767506063 20449.1068656212
84835740.8093577027 23670.3350766059
85047778.0916067064 26424.2907584729
84725392.4584876001 22054.7912953813
85175564.9675608575 28131.9197835065
85107910.5584445596 27220.0015387628
84767307.2948492169 22662.3856725488
84514981.2455943674 16737.1259666178
84528787.4335488528 17573.7381634479
84860740.4349455386 23878.6504262406
84845502.6873530596 23786.5538617456
85386378.7307338417 30021.7201797590
84891026.3064970821 24086.6023093015
84801438.9030483961 23056.2113954788
84576214.0894023925 18734.4498939840
84548160.1158846915 17797.7383558517
84751223.0190161467 22236.3783945441
85019115.8830052316 25708.3276298111
84586631.6294674724 19440.5081053469
84536118.5683599710 17676.6566123730
85142390.6855239570 27409.5515555218
84966405.2037854493 24998.6496677101
84567325.1282189339 18641.9304891322
84484912.8481748551 14278.5232308658
84825572.6748723984 23174.6727438718
84954839.7861669809 24906.2822516328
84483867.0359713137 13490.1734179409
84539271.1547012329 17705.2189509999
85513293.7778724432 31078.9004629925
84542506.7310418040 17730.0009237025
84667983.5956592262 21164.2916543810
84852111.1347068846 23853.3194873696
85057540.2001826763 26474.5089396155
85347395.7022250593 29723.3061440960
84487802.4189886749 14978.8205263540
84490955.0053299665 15007.3828649810
85077468.1580369622 26581.7568333512
85019459.7922815382 25748.1314601898
84538954.9195050001 17702.2780201565
84483476.6534452140 13387.8972679527
84529103.6687451005 17576.6790942913
84501692.8713275790 15940.9284099333
84516827.2640475333 16789.2362689739
84498869.6087447256 15896.3388299709
85363807.6793814749 30009.9646767452
84527884.3872249424 17571.2019986873
84788469.7596003860 22945.8480134336
84515607.9825273454 16783.7591733700
84498157.4696873873 15834.4883976571
85197068.8724177480 28178.7578034028
84604625.5463601053 20203.1689579617
84652503.3267485499 20537.0536401235
84560310.2286040783 18541.9529710505
85236183.9394037426 28387.1909460165
85276314.3681412637 29087.7802237347
84572662.2778655589 18706.7269904381
84628752.2551360428 20387.7849273086
85285791.9146389067 29116.0731977001
84483480.0250205100 13443.3268401390
84816676.6506408453 23148.3079599738
84613514.5075435638 20295.6883628136
85023716.3454023600 25786.0924930274
84797297.5757116526 23025.1103310911
84576953.0821651071 19247.4516794812
84747081.6916794330 22205.2773301564
84542202.5447668731 17706.2339115273
84576307.0061822236 19233.5596802365
84731757.4157551527 22113.1807656614
84806819.1970825940 23062.9796924954
84812535.3233041316 23117.2068955861
84579859.3176341206 19253.3415431064
84821440.9411487132 23148.3555963002
84751546.5963154733 22236.4260308705
84570256.5182845592 18642.9454496596
84563773.3166821003 18614.2075855862
85207324.8079142272 28200.0193189159
84950343.8443663269 24888.3768358976
84698308.3919365257 21385.8184037535
85221562.1953376085 28310.1512060277
84935106.0967738628 24796.2802714026
86084059.3173352331 33238.3635993153
85791409.6342009455 32627.3923767880
84697898.2863053679 21385.7707674270
84996285.0883539319 25590.1416692920
84806203.1935562640 23056.2590318052
85201682.4532519281 28182.2670783140
85113337.4784349799 27236.3645354845
85068611.0646477640 26489.7067088224
84504915.8971280158 16659.2724332577
87042343.3660785258 34216.2439026274
84866899.5977211446 23901.9863399547
84680632.5319260508 21239.1205616361
84736308.8487230092 22144.3294663755
84651278.3598429412 20474.7074728701
85968716.2534189373 33177.7907074764
85008478.5978099108 25693.9959285324
84693756.9589686543 21354.6697030393
85156787.7340065241 27478.6528625190
84586947.8646637499 19443.4490361903
85097470.1961373091 26676.8783359230
84556111.0642001629 18440.4560368191
84822210.0917771161 23149.5494348770
84875788.5589046031 23994.5057448065
92268293.4718822539 39618.4396362305
84637265.5791560709 20444.9570756285
85170006.7847346365 27503.9412863618
84628376.6179726124 20352.4376707766
84589879.2547293603 19444.4639967177
85904521.2828222364 33131.6644924991
84583396.0531269014 19415.7261326443
84534272.5499068052 17624.5463100169
84535491.8314269483 17630.0234056208
84531036.9735662341 17599.7643373143
85637201.2514282465 31450.9605377987
85220946.1918112636 28295.0943815215
84761221.3647884876 22268.7685701614
84647042.8939838111 20451.6777363187
86380518.1739801913 33244.9767159298
84579932.9650488794 19343.4715181086
84498153.3384592235 15800.4144284856
84551878.9915311933 18406.7599799763
84894555.8156463206 24120.6016867524
84508068.4834692925 16687.8347718846
85391471.8718352616 30098.8570102528
84753339.0105319321 22237.6675057737
84532256.2550863922 17605.2414329182
84595520.5906509459 19533.0275101988
94706818.7413291335 41558.2894096375
85901091.3648744673 33040.1693009213
85344870.3525587618 29616.8315213695
85142165.9899404049 27401.6131225303
84592285.0143103600 19508.2455374962
84810334.9272799194 23082.5761793768
85281694.6621754766 29105.8619863177
85175022.4529686570 27519.1059384113
85778838.5400279313 32238.4033631161
85103155.4595062137 26687.6203215430
85700198.8580384105 31839.9495514706
85082848.4520711601 26599.8385959342
84766601.6588227153 22275.5368671780
84511745.6692537963 16712.3439939152
85671128.3228523582 31763.4119652584
84960414.3486623317 24921.6099277213
84598768.2159128189 19536.9834015695
87594868.6420729607 34570.0674809422
84942195.1964476854 24827.8257394163
85281078.6586491466 29090.8051618114
85141549.9864140749 27386.5562980240
84695767.7331637740 21356.8390047317
84998222.6623134613 25672.7344130194
84691626.4058270603 21325.7379403440
84765985.6552963406 22268.8162064878
85082232.4485448301 26584.7817714280
85209477.8089810312 28212.5016377941
92985546.4806898981 40508.1317901611
90012415.1052972376 37513.4710640348
85149345.3421431780 27416.7908575041
85010631.5988767296 25706.4782474106
85069949.1367459595 26508.2527740067
84746500.5905556828 22156.8117852537
90283148.4188951403 38545.6209549345
84682539.0270358622 21244.8822198240
95224774.1301888227 42266.8632164001
96953113.7597539574 43964.7451553345
92552757.2795292735 40365.1972541809
93715210.1500855982 41273.2701988220
86428386.8242727369 33440.8201527670
93581174.1764551550 41135.5094184875
93748803.1830344200 41368.2888855375
95740676.0996681899 42438.1666870117
97209929.7491918206 44214.0228424072
97160685.3282992393 44020.5207443237
97964699.8608359993 45015.8605041504
97587986.0561461747 44764.2608947754
96051115.6637248099 42998.5551147461
96386190.3608919680 43594.4445190430
96608342.1405893862 43908.8186035156
86843967.9713988304 33796.0105528831
95989410.7853829712 42782.2231140137
87009119.9048630297 33987.7586157918
87520843.8294975013 34464.5050271153
87239506.0762040764 34433.5028133392
89209756.6371867806 35949.6478245854
89401652.1917730868 36220.3177388310
89492437.6907565892 36366.5308227539
91622883.4750209749 39240.7161560059
