29639539.4742957875 175099.2921749651
32396942.2886225320 200605.6088867188
30266271.7473340891 198391.4902343750
31082083.4097884297 199524.3669433594
29578296.4369140044 171138.1594327927
30937840.5826468170 199420.5822753906
31408479.4364176318 199843.6672363281
30787767.7218131311 199229.2246093750
30061337.7597797699 194261.8466619570
32490400.9658017531 200636.9592285156
35603670.2052217349 201847.9089355469
30567233.5268125460 198946.3806152344
33915792.1376790553 201439.3532714844
29593864.6405358538 171732.8557218552
29985789.4656713419 191014.9279212952
31379355.1013574749 199820.0085449219
31832137.5074717402 200279.5126953125
30538130.5366554894 198941.9184570312
30708334.0152476318 199146.7575683594
31706336.7450550571 200125.8686523438
30406089.8488518409 198671.5307617188
31273574.8598331325 199743.8332519531
32558057.2028493285 200645.4477539062
32367775.6209346056 200539.3056640625
29711621.5542056635 183221.4551047087
32375148.5995567366 200553.9741210938
32909803.7946440801 200919.7973632812
30230784.3745083734 198204.1677246094
29900832.9047020972 190330.8742675781
29869153.1288157851 187143.7817382812
31593183.5249085799 200035.0249023438
30815890.5291926302 199233.1391601562
29941531.2182968669 190926.0003044605
35058407.1516940370 201676.2204589844
34642315.4237521663 201531.9963378906
35597539.9987376779 201732.9768066406
30223411.3958862387 198189.4992675781
32337300.2179609202 200537.0891113281
31888901.4140212685 200294.1811523438
30056958.7018022984 194258.5649236757
30067002.9820586517 194853.2421875000
29908773.7148410343 190925.5705566406
30258898.7687119544 198376.8217773438
32143020.3579258770 200410.9694824219
33185713.0097684413 201088.1582031250
33814040.8079919368 201271.5966796875
31521632.6565641090 199934.5109863281
31814516.9625930190 200126.9379882812
30663514.7803817652 199129.3615722656
32009231.4816415533 200314.4294433594
31534166.9817558490 199971.4704589844
29928198.4117904492 190925.9514763355
29818549.4243944846 187105.2585264202
30828860.2140162401 199252.2697753906
30452720.9030932114 198680.8154296875
32730621.9629511945 200828.3168945312
30239779.9559097625 198211.3640136719
34220195.1075684577 201492.7336425781
33686152.4235945269 201232.9638671875
29626732.4892584682 174963.2753906250
31537430.7358079776 199988.2849121094
29979718.7347465977 191014.6343376637
30118523.3050148003 194941.9250488281
30530757.5580333546 198927.2500000000
33270060.6956526637 201088.7397460938
32077675.1813858449 200377.2214355469
30932202.2921293750 199284.2849121094
30711894.5908602364 199161.4331054688
30361546.6291379407 198664.1791992188
32059787.9995658956 200331.2109375000
31338180.7092828602 199748.0249023438
30350683.9579908177 198575.4963378906
31266201.8812110014 199729.1647949219
30157498.0885577798 195136.5644531250
30924829.3135072403 199269.6164550781
34873579.5033695698 201622.8520507812
30836147.5322916023 199261.2961425781
32908903.5433888026 200894.4074707031
30014314.4603121057 191205.9920036793
33870163.6781607643 201348.5095214844
33383213.9157991372 201179.5834960938
29875647.9148126096 187165.0926031113
31050908.1424465254 199505.7839355469
30325896.0044314228 198491.4045410156
31657871.2742298134 200088.1550292969
31698963.7664329186 200111.2001953125
30590322.7501434907 198973.9829101562
30656141.8017596304 199114.6931152344
33355300.4808482639 201096.9482421875
29650501.4335622489 175693.2026672363
33525906.1770486869 201188.9318847656
31338262.6091543697 199796.9633789062
30055093.6819019392 191654.7464599609
30526141.0346094370 198923.3354492188
31585810.5462864451 200020.3564453125
31058281.1210686564 199520.4523925781
29634105.4678805992 174977.9438476562
31168384.6645329855 199552.8691406250
32256857.0130787268 200468.7019042969
32285143.8423803970 200477.8562011719
29527793.0127735250 160084.6237792969
29958553.1390257478 191014.2534269334
31514259.6779419743 199919.8425292969
34755468.6438986510 201622.8400878906
31099373.6132717617 199543.4975585938
30454080.3066660687 198855.5368652344
29908205.8833242320 190345.5427246094
32071195.5393987261 200362.5612792969
31401106.4577955008 199828.9987792969
30986220.3931252882 199452.6538085938
30533514.0132315718 198938.0039062500
30574606.5054346770 198961.0490722656
30581893.8237100430 198970.0754394531
30461453.2852882035 198870.2053222656
35390257.3090640306 201691.8125000000
30574520.8450879082 198955.4069824219
31207467.6535147056 199711.8100585938
29922106.5213474557 190925.6193847656
29803587.1868692450 187097.2940191270
29589082.9207857326 171732.8557128906
30154010.6778405160 195129.2475585938
29657778.8723383136 176224.6406283379
35344712.9438195899 201676.2324218750
30103967.1141031757 194874.0341796875
29795944.8138306588 187083.3000488281
29705476.3750582784 183220.1452636719
30269759.1580513529 198398.8071289062
30020393.5761694759 191573.4293212891
29955065.7283084840 191006.9365324021
30409577.2595691048 198678.8476562500
29762983.8043989502 183262.2615011930
30234658.4614834040 198208.8674316406
30317792.0702902414 198480.1730957031
29646411.4052955210 175168.0823838711
30310419.0916681066 198465.5046386719
30074364.4797509387 194865.2587890625
30230366.8260695525 198191.6054687500
34928644.9213473052 201631.9943847656
29872640.5395330489 187151.0986328125
29888175.6628808789 187673.4592285156
30071382.0400361195 194856.5239257812
30262317.0718318298 198384.1386718750
29533879.9269431084 163413.1164550781
29789824.0609424971 186488.6037597656
29557818.6580908857 167275.6413574219
30011598.6410175338 191019.9106445312
30183679.9813466780 198142.4687500000
29756838.6252515651 183260.9516601562
29564006.1021295488 167870.3376464844
29553684.5526480600 163573.6800079346
29696257.3781748116 179430.3489848375
29663712.8238329701 179389.0620117188
29688674.0012131780 179429.3606008530
29753836.0231343582 183252.2168058396
29779162.6023879498 183292.5153770447
35349058.1080343127 201676.4113769531
29548683.9507635906 163438.5063476562
29623643.0134857297 172302.4594726562
29622216.9266584776 171794.8911132812
