90049805.4841569662 218113.4734933376
90016984.4486403167 218013.7805240154
89054763.3259987086 184900.1944452524
94930581.0728969574 354341.1993755102
92652236.8458612412 295349.8841491342
92941933.8912187815 301618.1661810279
88250678.0794399381 148745.7591419220
93968780.1445614100 329707.9326095581
95966661.9517036825 375510.4687500000
87649583.4932069927 104116.5205286741
88797502.2181040645 172778.4836908579
88757729.6324925721 170916.3618341684
89141725.0492479503 186983.5773990154
94265038.1233975291 336397.4565353394
88584235.5312234461 163232.4893175364
88777966.6563138217 172345.4768953323
88449437.6747417301 155632.6506552696
87457829.0809662640 94872.1392269135
88078859.9372892678 141010.5212897147
92360275.1844713986 286947.2709338665
88995999.1890791506 180115.7918573618
88303234.9419403374 150654.1425070763
87766607.8427332044 111672.7841510773
88521543.6802164167 158107.5149408579
88119481.4684774131 142897.6177506447
87722701.5514097214 108510.7179587781
89212789.1328525841 187610.1953513622
87609060.3296933323 101485.0742945373
89840672.0746966153 210915.7254188061
97018257.1083135158 393600.6101074219
91238803.5060837269 255848.3229990005
92045175.4295531958 278485.6779179573
93816578.4250184000 326734.7844161987
88973360.7099484354 179885.5222938061
95346875.3363032490 364503.9472465515
88528873.9809473157 161915.4177423716
88245086.9339350313 148400.7209415436
89531735.2928566486 201341.2695688009
88604175.9511737078 165020.9329096079
92712461.2012727559 295868.8289010767
89448959.1862687916 199515.8730716705
89212382.7197949588 187481.6999276876
90378949.8100694418 229788.6089103222
89788766.2291645110 210256.2297427654
90415253.2056917995 230522.8561694622
92712404.9977262020 295544.1287171487
97986669.4698541611 398633.6169433594
88415165.7719113678 155198.6178349257
88387244.7848688811 151180.8904389143
95213740.5496235788 359719.5446586609
87930322.9050236195 133201.5716540898
94414483.6881679147 342388.1996595319
95424991.6603047997 365093.4047660828
88667203.8150420785 166131.9592462778
88889541.2307137549 178227.7572975159
90527801.8637781888 232894.2583396435
94844558.3007339239 351030.2874603271
94072816.2202339321 333773.8388333321
90448222.2872519940 232499.9681174755
93884448.3338080496 327142.3131942749
94101914.9312410355 334492.3351974487
93523860.2319920361 318258.7422315720
91116346.0557612479 251063.9204111099
89106304.6665112227 185076.5551325083
87584417.6329651773 94880.9087317884
93730716.3933182061 324519.6146724224
89027887.7803978324 184192.4047849178
88989674.2215370387 180102.0016517639
94333790.3972412199 340512.0270919800
94665529.6863252074 346623.5901225805
89046789.9218815863 184660.2671852112
88187971.2335904837 143423.3396576643
91555439.1834589243 264089.2564519048
93934011.6840776056 327488.1507720947
88442313.2839745283 155438.5450949669
95573845.4992503226 369464.9893608093
89332304.6136761159 194466.7728929520
89525787.7598420978 200413.4299651384
88235468.1756845415 147593.2344555940
92222483.5427289158 281084.6550688744
94398172.9100771397 341181.8591232300
92143690.8881638050 280062.7463698871
89708560.6092067510 208400.2427110672
89640083.3724328279 205127.3291126490
93701617.6823110729 323265.3219985962
95345611.4312743843 363466.3184623718
92133975.9838870913 279849.3657622337
89742994.7998916805 209911.7317005396
89441615.8884637654 196685.3624045849
88867736.3525833040 176655.8387908936
92222310.2791233212 280940.9705677032
94982390.1863047779 355549.4588432312
89300481.4157165438 193079.0138660669
89729541.9860034734 209098.8203500509
89303517.0733808130 193583.7187875509
88237051.5165393800 147679.8674494028
88159638.3060128540 143090.6972861290
90738989.7345844209 240468.2085676193
89044499.3741284907 184413.3895721436
89275324.9733209014 192170.9403533936
90766741.9958063662 240992.7171125412
96017314.4397463948 375531.6423339844
94264395.7090563476 336140.4424972534
90220821.0014843494 224914.8910951614
87735803.4825773239 110017.5013947037
90220033.4781506956 224646.7996362448
88888028.0355545729 177562.8862787485
94585358.2075133771 343908.6333713531
96908532.7318397015 393386.1789550781
89532141.7059143037 201469.7649924755
95431734.9609977007 365310.5770263672
89212991.2559303343 188799.3161996603
92339769.4838853925 286131.2985000610
94517237.7157578170 343530.2151751518
92175683.1315237731 280690.3648467064
94214737.8003781438 335727.6245040894
94668835.0855148286 348280.2179660797
97127837.8762933910 398170.5815429688
91616558.9478931874 266388.6136260033
90559401.6264675707 233621.8695940971
88078345.9813126773 140139.8620218124
93757798.1502453089 325003.1808853149
93076176.3239341527 306178.8413619995
90088657.0683803558 219958.0147483349
95125390.9899379909 358660.8948783875
90165282.9061347097 224298.8009879589
95203197.3592870682 359083.8666992188
94303728.1206832379 337510.5232806206
89182276.5677169710 187033.1987299249
97074048.8186273724 393828.0407714844
90074015.6528205872 219514.3984000683
89615353.3261865675 201491.6825318336
94759119.4422417879 350156.3646945953
90549553.8038023561 233271.5903644562
95175195.1628787071 359062.8457031250
89971619.4324251115 217235.2496614456
90104512.3082557470 220207.3718299866
93796517.1131661385 325606.8969974080
90166515.0133948475 224333.3047666550
91974053.9927055240 277126.2691796422
90236753.4027969539 224991.7744178772
95063083.4772314578 357425.6055717468
93392440.5364950746 314418.6887634397
93674869.7278257906 322007.7835626230
93504933.7350767553 317851.0391311646
93268994.8231555521 311080.2463150024
89964609.1039017737 216747.8531770706
92975324.6563965827 302788.5983524323
95464324.0719316751 366545.8663330078
95087740.8777213544 357935.1801910400
95294958.9432316422 363445.2974662781
93490219.8756985813 316578.1374282837
93216327.8994681239 310373.4972915649
93454136.0127630383 316536.9938735962
90478478.4221195281 232532.8458411694
92905592.8305314332 301526.8640564084
88014841.7825835645 139179.9066303372
90587347.8072294891 235470.8000495434
93041565.3435537368 306039.4436098635
89919105.0507576615 215258.1377134323
93546517.5442058742 318981.6017837524
93986954.1885337234 331022.8727798462
91987865.1404583752 277698.7111582756
94014343.8376006782 331187.6984634399
91977000.2505698502 277210.7501366735
89868708.0049662143 212450.8470735550
90529491.9600936770 233227.5793719292
91945222.7965406179 274326.7976612151
90269771.4182488918 225355.4875850677
94902233.8461874127 351529.4561004639
95232701.1751146764 360500.1894836426
91563791.2152717710 265124.2127831578
88480063.1881493628 157645.8434742093
91694858.4528664798 269933.5734176636
91431912.8534225225 261907.5856741071
92761306.7194016427 298138.0881411135
91874491.6272408366 272534.0411715508
91787194.1597745717 271732.5527799726
91886183.2655244470 272914.3085703850
91632937.6410801411 267420.8271127883
91501051.8148865253 263896.5104358792
94776234.7317692041 350505.5676832199
96781228.8450507075 392150.8896484375
87735864.3313151896 110377.1775865555
91574502.0500320047 265131.7997425199
87788806.7294394821 124624.7604422569
97279381.5945267975 398588.1694335938
96756274.0530874431 388429.9067382812
89422856.4298200160 195617.1032142639
97019899.2896104753 393803.7668457031
94913531.3216946125 352641.2029838562
96408345.2511453778 385490.4095458984
94753949.2615750581 349621.8721827865
94928737.1401250064 353202.8439636230
93352667.5415689051 313655.9333588183
88721435.9193063676 169582.6099039316
96328994.7746647149 383464.8483886719
96683410.4003028721 388249.2509765625
96778500.0147665292 391738.0716552734
94194378.9442038238 335005.2971692085
91691422.2703437209 268389.1516406536
88712605.8411715925 168981.3382862136
91228157.0094026625 255840.7360396385
91095022.2227230072 251056.3334517479
91258625.3239848763 256348.4140918255
91075288.4189945012 250555.1176314354
90993941.3868376166 248563.5945778489
95291794.6006404459 361076.0964965820
90866776.4022523314 245617.7151172161
94618929.8372933716 345371.9621067047
96311244.0545517504 382128.8269042969
91810147.4579049945 271836.2469215989
96778042.2819962651 391737.7960205078
92289860.0755072534 285648.6438569129
95062470.9019372910 355746.9081859589
91391760.1106645018 261132.8166797161
89515823.7208385170 200401.5058021545
92382742.4414734542 287248.2898941040
91186508.7649076134 255339.5202193260
92899455.8512071967 301406.9952777922
95721732.6588151008 372041.8822631836
91244645.9909719229 255872.7363634519
91640204.9394762963 267674.0341739655
96155597.1470863521 379874.0305175781
92297298.5441292226 285687.3932880461
96450671.9289274514 386777.0295410156
96226705.8931530565 381900.8566894531
91523169.9998005927 264078.6961403489
93415029.1736424416 315706.6927380562
92588880.3752390742 293444.9440692961
92505271.1254914552 289161.7573017180
92405884.0466471463 287492.4805683196
92598276.7565801144 293512.1724628508
92510089.5752571076 291517.2953876555
92801671.4063669890 299274.8461689055
91378902.9148225635 260417.6992130280
91348623.1083664149 259916.4833927155
96841921.8658621311 392796.7214355469
96184780.7840146273 381273.1466064453
91940316.1031743139 274312.0463027954
94915765.8575724810 352700.8384170532
89296439.5808331668 192317.4824867249
96496115.4007754922 387292.8385009766
90831509.1840464920 242797.5668501854
95897179.7704820186 373940.3447265625
91022024.3240235448 248742.6809344292
90599567.3647603244 237860.1770614907
90934420.6115053892 247581.9694380760
91885324.2710975558 272676.1775452141
96051961.8481048495 378841.8109130859
96640545.7746852636 387541.8297119141
96546311.9928776026 387520.8087158203
93166096.9381071776 308691.3175112307
90122931.7342866659 222594.4325806424
90954154.4152338952 248083.1852583885
89946619.3603429347 215496.3647499084
92449761.0006488115 287895.6432418823
93090194.5612028688 306297.6041962206
92087757.0081288069 279106.4436831474
92474769.7273181975 288700.4852128029
93027814.2307671756 304071.7406069338
92110037.4583535194 279597.6647109985
92630772.0749836266 293924.9863056242
92880382.2933782041 301199.8105227053
92638405.9121710956 293946.1598896086
95935026.4195533842 374840.6367187500
94613013.3730096519 344878.1359515190
91753286.1134723872 269970.7774963379
92744145.8280402124 296374.8361591399
95922197.3018641472 374202.4704589844
93381776.3923127651 314055.1549774706
92877280.6147198528 301159.2387470305
91303223.8956282586 257141.6634799242
95830529.3626814336 372793.5953979492
93185835.2972253561 308772.9848407805
91761797.3918620497 270188.6231967211
96403450.1581152380 385234.5351562500
92235365.5383855700 283609.2632575035
96055332.0885437727 378986.8730468750
96416279.2758044600 385872.7014160156
91436358.6823078990 261926.0660678148
92001297.1763335317 277885.8128387630
91059337.7841772139 249613.6047306061
91458763.7960049808 262431.0724154711
91336253.9062662721 257646.6698275805
93104723.7009906769 307014.1049579680
96068161.2062330246 379625.0393066406
91175000.2104187757 254168.5152865648
93150917.0122621804 308555.1790393889
96002966.7329690009 375510.4729003906
90723322.1008192897 239502.8143882751
95781115.8717825860 372445.1777954102
90688664.1020571738 239158.4200717211
91073488.4165069461 249889.1190463305
90566154.2123184800 234374.0174838305
90435348.2404590398 231458.1029597521
90324901.1493322402 226673.7003718615
90849092.6073382646 243430.0416147709
90812129.9446177781 242131.5682650805
96176290.6685322225 380294.8754882812
