92364563.8880993128 274752.7421550751
91494513.9314732999 241769.2569484217
93517996.5286968797 308161.0215293947
98317362.4311978668 398633.6169433594
92358496.6815720201 273100.9894541651
91541274.9927874207 245606.2257938385
91975236.3526790440 264318.5028395653
96315834.2657779157 374117.4299316406
96378668.7701557875 377315.6402282715
90749124.6542536914 218130.0931226035
94665192.2076681554 334793.7416779008
92482156.0060646236 279491.7449131012
94663232.4966852367 333956.4648261070
95504778.3537320495 358629.0420227051
97339160.2488389164 393112.4387207031
92924972.1142091304 290229.6551250964
92759063.6051260084 287249.3944763690
91174308.8794748187 234011.6921596527
92495335.6717406660 279602.8620548248
93186026.6233586371 299726.0483848634
97070607.0071184039 386140.6455688477
90978679.0348205417 225881.7595260739
96164482.5201787353 372852.2658691406
90909725.0346652865 224562.6030102989
93952249.7193111777 318838.9028697014
92266179.6334522665 271966.6883487701
94872420.2360229194 341076.9950103760
95345916.0425600410 353591.6221179962
91257594.7744306028 238842.4646577835
94109670.7989488244 324002.6658091545
94319044.5224666893 327590.3884997368
95568706.5252263397 358639.5757141113
91966121.2303151488 264209.1375675201
91316432.2496686876 240812.1566982269
94077158.8123851418 323949.6865611076
94998100.5065972805 341859.1711425781
92948988.2605981678 290841.7780277315
93087495.6808419973 295110.4919376373
97650422.4619936347 395924.7541503906
93047869.2488632649 294326.6586329043
96391255.3496130854 377605.4123535156
94912245.7491144538 341219.0439159870
91542192.8564755917 246616.7054376304
93167867.6766646057 296048.7099835984
95331193.7072667778 353140.0171566010
93786383.6930329949 316019.7197642326
92051182.9077561051 267060.9086856842
94062250.6874138117 319670.2903208733
90629340.0183044374 210563.5208266377
94591331.3558919877 333477.4658508301
93618572.5782054216 310472.6748116314
93474514.9989089668 307483.5991661134
93930824.8675691187 316689.6704478264
96247619.4783805609 373044.0224609375
95117259.1469693035 346161.3884544373
96359056.7156060636 374295.6032714844
92560013.6462152451 279939.9186077118
94749851.6783138216 338512.8971991539
91822026.8694676906 259424.7349796295
93744853.4864830226 311820.8822386861
92195277.2686035633 271845.3112735748
95261353.5078167468 350945.7910423279
93932105.7986092120 317999.5301103592
91786767.3546292931 255639.5785312653
94780380.9022052437 338740.8674139977
94271144.3473094702 325703.5382163525
95861282.6148086041 365834.3484191895
94445305.3126323074 331704.8064684868
91642672.9937818050 250855.1759433746
93335998.9679377824 303339.4574732780
95634936.1268599331 359021.0757064819
93514024.7699138671 307491.0369102540
97649793.0932425410 394323.1130371094
93384120.4361006767 304009.4420924187
91679696.2323331833 254449.6895164065
95604229.8343385309 358642.6252746582
94399785.7870051563 331697.3687243462
91131676.7017068714 232042.0001192093
93643001.9544368088 310637.6191475689
94271580.9036661983 327064.2085680962
90834584.6739730835 221097.3569381833
92468415.4786925912 275092.7525066882
92633117.9412390441 282524.9550889283
93029291.2513445020 292680.9244121611
93079181.7386430949 295006.9452576190
96867636.9941051006 385856.0109252930
93853504.7529978901 316095.6771502495
93310362.7364417017 302134.7633174956
95676115.2838875055 359327.4963340759
95190973.8317579478 348348.1768245697
97239671.9297743142 390864.9498901367
96086125.9624231905 368560.7088279724
91112768.5521922857 227645.5634412766
92567852.6078952998 280103.9665977540
94499057.3683265150 331853.8294177055
96761006.0149309039 381601.1559448242
94251156.1731310040 324454.6929087639
95240512.9905508012 348683.1979228258
96541121.1865030229 379080.0058593750
97255393.6576082706 390895.5548706055
94843136.5184000582 338807.3009753227
94546586.6334922016 332358.8357653618
92476579.5446033031 275229.5509705096
96811847.0080724955 381615.6313476562
93693668.7518305480 311311.2745623589
94195279.1280118227 324012.6785044670
96703902.9839297980 380917.8944702148
92912487.0274534076 287863.6302604261
93992724.0499396771 318992.8679575920
92737335.6905382872 282530.5112754884
94950697.1680705994 341226.4816601276
96102884.0579383224 370618.7510070801
94023111.1022938639 319000.3057017326
94501521.0775621533 331925.3389391899
96297992.1058412045 373269.9755859375
95912112.9058181494 366542.8018493652
94576928.8746479899 332374.7910876274
91568032.4099718034 247091.3838815689
91514926.6525532007 242360.4758317471
95081620.4463072270 343472.0283775330
92865208.7575981468 287570.1767334938
97135815.2095275074 386796.0378417969
92462113.2974770069 274818.4594669342
94864479.9113557041 339035.1029739380
93167840.8534396440 295828.8320576730
94672894.4182976633 334990.7029839307
97319599.6320607066 392359.3217773438
95504541.6056116819 355788.1235656738
92896978.7776883841 287861.5173790040
94955557.1942246705 341268.7516021729
94034097.1371392757 319228.2759165764
95190962.2051301450 348035.3722620010
94966869.4037418067 341276.1893463135
97193778.9819161594 388328.0361328125
95801644.3510634452 363434.4656066895
95750789.4142092168 361835.4356441498
95719342.7031002939 361644.7249507904
94982366.3279585391 341761.2145260572
95182807.9613195658 348022.7492151260
94862835.8618783057 338900.5878715515
95237314.2695979178 348361.0697364807
94634824.3641291559 333817.7916209698
94865502.3824759126 339137.5685653687
96441823.4248563945 377636.6684570312
94970048.8310894370 341569.4579342604
97138253.5229537338 387574.9191894531
93128145.5147170424 295619.0681602540
92853466.3653314263 287421.6763339043
95133088.9637762755 346238.0659127235
95471779.5075381398 354879.5962319374
97485905.6560666561 393273.5903320312
94986941.1459596455 341820.3744735718
95114021.6791526526 345861.3975982666
95003903.2146240324 341879.6200370789
95775619.3159452528 362742.5621490479
97671473.6487955749 397918.1518554688
97160246.5459482223 387759.8891601562
95436928.7721834034 354360.8568572998
95487033.1624655724 355669.0912561417
96656527.4231866896 379101.0268554688
95179608.7097117007 346796.5336532593
95788123.3537189960 363427.0278625488
95026678.9555615485 343401.7640485764
94974430.6766627282 341658.4661827087
95171454.4659010917 346783.9106063843
97084463.5023396015 386441.5055541992
97538744.4491723627 393663.2968750000
97916177.8811810464 397925.5895996094
96997564.3899983466 385885.5700073242
97067301.1522725374 386113.5402221680
95479907.6906727552 355489.9577112198
98081441.1605036855 398625.1333007812
98024247.1090762764 397955.1486816406
96866453.9987063110 381912.2123413086
