12035980.7930407301 1124152.0166015625
9841546.1888118815 1088397.1367187500
11244924.7227642238 1124070.9169921875
12632490.6359982491 1124154.8115234375
9872597.0878642537 1107031.5917968750
9839921.4766624533 1088073.5966796875
9838107.3404035531 1084571.5000000000
9871355.8816653565 1106974.5996093750
9834614.3150750920 1074122.8007812500
10055968.5659467652 1123966.1835937500
10757351.9978789371 1124050.2636718750
9836147.4921968393 1081866.4404296875
9899792.7817553300 1114140.5097656250
11683965.8108836003 1124074.3408203125
10084837.1706122570 1123969.9501953125
9876925.6357397009 1107600.0312500000
9872920.4313439764 1107543.1542968750
10102075.3192004785 1123969.9667968750
9837277.2065164000 1082358.4082031250
9868804.7461728249 1106345.6201171875
10252124.3253296576 1124026.1289062500
9850876.6904599089 1094965.8632812500
9900715.2448532432 1115473.3994140625
9837517.7840925325 1082545.9687500000
9914282.4342947789 1117021.0917968750
9850371.7371833082 1094788.3476562500
10141122.4973885231 1124023.4140625000
10021533.8085528817 1123951.5429687500
9847238.0965897609 1094165.8291015625
9858186.3831382412 1096138.2568359375
9863091.2357021999 1101131.2753906250
9852291.9516099822 1095217.0595703125
10067247.6012211144 1123969.5019531250
10107348.8725974988 1123970.0585937500
9988463.2313963622 1123944.0849609375
9843857.5362713188 1092990.7431640625
9844686.9610972293 1093284.7978515625
9969543.7893346213 1117831.7744140625
10879309.1681821123 1124050.2763671875
11991951.3766634148 1124086.6210937500
9860687.2858676258 1096150.6787109375
9902788.2774028368 1116554.9755859375
10126199.3918726314 1123971.9277343750
9885518.7710672561 1108683.1601562500
9939710.2700188830 1117805.9423828125
10125585.7017720956 1123971.6455078125
9905834.3196104616 1116556.6347656250
9880705.7287656497 1108625.4394531250
9976472.3168163821 1123931.1777343750
9877733.4736455828 1107600.7197265625
9848061.1792669073 1094370.5419921875
9900491.8989113290 1114816.0273437500
9878223.6344209462 1108056.4843750000
