252403738.8627462983 210623.7488079667
254240514.2638598084 307336.6570887342
254294021.7569258213 310523.6376636997
254563006.4601309896 320301.6252669021
255297823.7202354968 339318.8448490080
252244856.1808152497 192290.3202437209
253606579.3784725070 283941.0896848142
253726296.6486073434 289292.5528879240
264427158.1149754822 444469.7547440678
252538172.5510591865 222565.5983683988
252966552.8727642894 251200.3055589125
306893580.6094642878 576168.7814941406
255135683.9162779450 335716.4110973999
255864664.9939894378 351450.4349063513
256962898.4834241867 364309.9937567047
254042291.8853619099 302692.8306332007
253535226.5505907238 280517.8554777876
257352023.3810217977 372452.1702943295
252806697.7814512849 241172.7505586073
257427508.1175135374 372535.2114919952
257241487.6296106875 371684.8601126007
258594016.0782174170 388257.5048404295
252796701.4564007819 240502.7829629406
254005188.5470749438 300478.2152095512
252503173.3494219780 218868.1461019516
254252002.8734835386 310447.8221930042
253397087.7018869221 274544.3609364927
252526187.7328174114 221309.3293592557
255667152.2966228127 346923.8702272353
255684583.5107454360 347114.9600288827
265579555.5718838573 451156.8363692462
259292857.8815875649 397578.9496238865
259639990.7171711922 401733.6303705878
258802667.8212773800 393789.2091916135
253944311.3483990431 296850.4068307951
261485418.4134638309 422502.4703484109
261163123.7480529547 418567.4634938023
253606839.7117070556 284862.3711452559
256293865.6968557537 356164.7321038124
253924143.1909441352 296519.2983930781
254369961.1699125171 313782.1269720569
254734980.7564101517 324504.7650438473
257329674.9056669772 371904.4518484405
254680960.6010098159 324333.9358202145
253529210.5683274269 280324.1922353208
255581930.3915751874 343987.9031670053
255263415.9993806183 338830.9199298796
258693521.7401748598 390489.5583503880
256513781.4341469109 363090.8864006874
256310723.2428694069 359421.5341057655
253837051.5606987178 293863.5133870840
260587052.1566141844 415122.8164129071
264936626.2001957595 450265.5404001176
258016226.7688155472 381329.5636962530
306270448.3824145198 575932.9060058594
252635561.3622946739 229872.9801185653
255336006.6491072774 339664.5696509142
257350735.7898493409 372377.4666883877
257003304.8558920324 365619.1253480352
256303664.8623198569 356189.1369492147
264128630.3600795269 442058.8560281694
253104128.6248880625 259502.5307466686
264839022.9317567050 449152.9556528032
261735235.8481329381 424098.3365245685
253335469.4050621688 271572.3272941709
252733699.2720136046 236518.1269723400
253368941.8098162711 272366.3868857920
284205018.7923617959 512699.9002258480
254934967.0656900108 331609.1669949219
252923664.1648018956 248627.9554882944
252381968.6777966022 207907.2092772545
257559102.7830332220 375531.8530387320
254809313.5781711936 327998.5226162598
305912827.7257623672 575625.4978027344
287230862.8941466212 515424.7333557308
260390013.6172157824 411105.9147710614
253985749.0528292060 299847.3496130183
253958981.2303807735 298759.8824804500
254751624.1599000692 324807.1988142356
253392549.2357072234 274376.5980674326
253266359.6084005237 267708.0083304942
253345981.7092418075 272301.8611806333
253341443.2430621088 272134.0983115733
253897880.3734441698 295144.9006994441
253689592.0220169425 288061.4850514829
253907875.2377356589 296517.3827245906
254154615.3731704056 306441.7220953479
254133639.5512638390 305934.5744818226
256886516.0181503296 364248.5029175809
253498986.8873570263 280039.1539967954
256526420.9789792597 363642.6726686236
305525689.3485407829 573733.0354003906
258358796.5677383244 384969.0202152607
253072716.2128695250 257290.9854685068
258131850.3359802663 384497.2267507192
253770695.6060209274 291401.2881520689
253765572.7406706512 291275.2410024107
253369575.6420554817 272664.2600347102
306066884.7351139784 575883.1740722656
255255383.0103484392 336424.7628324851
253280342.3861253858 268519.1165305674
258578248.3013758957 387823.9282336790
305655712.6512569189 575391.9587402344
252416991.8240910470 212098.8691270873
259567400.7452301085 400849.3691261448
253698164.2496140003 288762.3911647871
252884453.0253672600 245915.1392949447
257969431.9299694896 381126.0134948370
264748754.5802280605 444748.9707284868
252533919.3598673642 222441.1643702909
253637063.3926773071 285147.4093837813
305625902.1347306371 575138.2080078125
260345714.6027887762 408284.2085700855
252820802.6224690080 242260.8750551865
253496352.2892430127 279372.8569997251
254065721.9454104006 302765.9825781062
257665098.1077826321 376742.3187611062
253944904.3850487471 298686.7305355445
253488992.0230654478 278666.6719716489
252559731.3795298040 223142.4077596664
252293839.3599532545 198812.0936964378
252866536.5418206453 245294.9752104506
259760855.9655437768 403028.3272771649
298711059.3362389803 563553.6496582031
298825361.8548022509 564529.4063720703
254099739.8714376390 303273.1301916316
262231960.0364251733 430800.3124614581
252875292.0391599536 245587.7374894544
256739010.2044086754 363784.2725047719
257219530.0178461969 370844.8082927993
252324857.1466988623 202833.7699843571
258448726.6234677136 385676.0585769862
267733541.7393453419 457972.5261050165
258497174.5205035806 385987.8178341917
281930414.3759925365 506619.1223327816
260295754.8645296991 408229.7735357098
253924680.8205046952 296690.6705526114
264955742.3614971936 450798.9805856645
257176579.4445342720 368698.9699138931
258500152.2936865091 386378.8048947385
260247807.6100673974 408158.3504400067
255422171.4316784143 340027.3915789236
252911657.9672053158 247838.8035981581
263714105.5635239482 439452.7902054936
253738804.9182223678 290187.7738698423
252300868.1709758639 200277.3510013344
263273755.0982306302 435071.2342591435
253580316.5609724820 282566.6919911802
261060794.2186561823 415794.9544139728
253407082.5661784708 275916.8429616392
252304559.7697916329 200296.7553363563
253203594.5954960883 264396.8054954112
261995934.4079586267 424287.8419785649
263672108.2109647989 438898.9862198979
262620914.0105435848 432532.2813897952
255009459.2678804398 332101.4293163940
253641417.4179092050 286181.6737721860
252543798.4824791551 222829.1560801938
260157340.2575962543 407408.6349357665
253228980.4618116021 266132.0623804331
254975051.5470255017 331613.5043972656
263421983.6332679391 438805.2636475712
254123221.0344778299 303857.7876012996
264800066.1565795839 447274.6346078813
253687698.9255771637 287945.2741139829
253435214.9651718140 276447.0046847761
264544257.4520911276 444728.0427804887
253177874.4691664875 263889.5626245737
260563016.4660465419 412272.7168671526
258640731.9158820808 389463.3007339686
254827527.5580837727 328409.1356381103
252261398.5591783226 192974.2498296769
257112630.6422295272 367456.0636638931
253269778.7903451025 268011.8736597300
252977608.3660454452 251650.2159720957
252695400.1226640344 233995.2047704086
252957787.8477964699 250905.5192667246
253066424.9064595103 257212.4065347910
257875119.8994686306 376884.5467884500
257842370.8101861477 376803.8498281118
252965222.6177985966 250933.4743196666
252985244.2921789587 252797.4196039438
255438659.7682775259 342791.6265127916
253243513.7922828794 267672.3072746396
253162333.1780024171 263257.3203437924
259776315.6918480992 403266.7747266926
253087249.5433407426 258831.2303627133
253021610.2202243805 255048.4857126474
253096693.8548859656 259474.5756937265
254711766.0586027801 324383.5408352539
259577110.8984062374 400954.6903676800
252756980.2500411272 238117.9086092636
258998924.9370393753 396869.9915403575
255602269.9107128978 346894.5332129259
252550136.7665280104 222954.7615270615
252408149.2504891753 210916.2951062843
254614378.5582896471 320377.4407375976
255476045.2623154223 343712.3219397325
260511061.6130082905 411680.8284464888
255929111.6811938882 351735.1286624548
256055336.3295914531 355350.1104434606
255700619.1528487206 347602.8849480111
264766917.5837597549 446266.2632394731
252865716.3537799418 245136.6647551283
258539437.6946415007 386925.4412521571
254205128.3291657269 306847.8981464580
252731766.0507094562 236246.2708791122
252681295.2816463113 232863.2313663587
302716039.7568520904 569584.6160583496
259821189.3386031687 404569.6721486859
252256306.2523239851 192974.1114366623
252219505.7883122563 188661.7902974915
255807149.1155821085 347915.8447564718
302329225.4708369374 568480.3043212891
252947339.4176189303 249388.0468131602
258751201.3600299656 391373.4839404157
259353695.8505024612 398764.9668454368
255333671.8592781126 339338.2491840300
254923709.8924976289 330358.7459944412
252236627.1408826113 192262.6616406562
252286180.0189691484 196804.1946788561
254380222.1194701493 314022.5901478305
252717661.2096917033 235114.2974750623
257451939.7204470932 374884.0781302899
252264908.9435539246 196270.0601272406
252501088.2565649152 218866.9746531919
252295775.8641215265 200277.2126083197
252344831.1504802108 204491.0791284963
252491209.1339530945 218478.9829432890
252593758.1202366650 226563.3890221342
261007797.3728604317 415221.2281071320
256395496.0831260383 359960.4601818201
257040849.6352138519 367044.7767071060
255953342.2213223875 351788.5435794551
256015256.7248008251 354992.9123386104
254795958.8161088526 325900.1604151800
257200990.2938376665 370002.8957314938
255813260.0058771074 348018.0118259151
255576240.5927122235 343864.3442014415
294150691.2169579268 555160.8850402832
287611719.1687844992 536154.4873199463
259946715.4736726880 404978.4126958661
260231196.7623454928 407921.6849126630
254349420.8174273670 313274.9793585315
255382655.2770038247 339883.9255049188
253004844.7790824473 253042.9424191415
260567375.0209931433 412352.0845708661
259625553.6060745716 400960.4201955609
257967550.3187960088 378897.0777135715
259760177.1021351218 402283.9820012860
260058195.4081493318 406826.5096196942
257891743.4675269425 378290.0902915820
252724331.2807073891 235778.9418332502
279211188.0053532124 497773.4210826978
252570285.2879127562 224692.2304789945
280902650.2909055948 498128.4670480490
262183149.2057538033 425333.1154108420
291863776.4428617358 553335.2272949219
275872335.0292429328 493914.1718761548
252313964.2299126089 200483.9266474172
254532673.3276860416 318670.1968531683
261114066.6399237514 417288.8758617267
252625355.7132283449 228369.6006485745
252428236.2572747171 212510.2820730209
252777499.9700610638 239236.5221269056
260052174.5886546075 405816.2815340757
252616019.2072643638 227682.4817267880
289173337.1283122897 543782.9875946045
252546464.9174274802 222851.6306437925
252288747.0530989170 198811.9553034231
252770065.2000589967 238769.1930810437
254500036.5437540412 317403.9266245589
252456784.6257115901 215061.0807050392
252536585.7948156297 222463.6389338896
252329493.0962783098 203207.0994944051
254506945.8238746822 318296.9310988560
254630380.2232479453 322591.1656159163
292407129.3454620242 553950.1209106445
252337315.6076686084 203223.0619066581
252319613.9736665189 202819.1077845022
283500718.7837464213 510857.5901195630
283147133.6060233712 509024.9636547193
281472694.4035945535 503609.3766796216
252365439.0245749354 206954.1136792824
252411407.9648490548 211076.4247144386
254625720.6719917655 321570.8759230748
253940887.3877363801 296820.0296680927
252740298.8912377954 236985.5424015149
252362933.0094870627 206794.7273154780
254025583.9623349309 300711.7291463614
274960852.8562338948 468120.8510051593
253928196.4620217979 296705.6290487051
254399743.9344124794 314555.4666632190
252666624.4644985795 231094.4335612729
252602802.0920706689 226951.4671153501
260375497.2390542626 408485.2155254595
254448157.6188126504 316380.4837568626
275752687.8203455210 487828.3404259682
275302261.3930416107 485381.8071064949
274836058.3385198116 465273.2482275963
