115639.4282272889 117705.9917247932
119325.8731016598 116499.2665517854
116868.2431854125 115292.5413787776
122602.7129899894 121326.1672438167
122193.1080039482 121728.4089681526

121783.5030179070 122532.8924168245
121783.5030179070 122130.6506924885
118916.2681156186 115292.5413787776
122193.1080039482 121728.4089681526
122602.7129899894 121326.1672438167

121373.8980318658 122532.8924168245
121783.5030179070 122130.6506924885
118916.2681156186 115292.5413787776
121783.5030179070 121326.1672438167
122193.1080039482 121728.4089681526

121373.8980318658 122532.8924168245
112362.5883389593 114890.2996544416
117687.4531574950 115292.5413787776
118916.2681156186 116499.2665517854
115639.4282272889 117705.9917247932

121783.5030179070 122532.8924168245
121783.5030179070 122130.6506924885
121783.5030179070 121728.4089681526
123012.3179760306 121728.4089681526
122602.7129899894 121326.1672438167

121783.5030179070 122532.8924168245
113591.4032970829 114085.8162057697
118097.0581435362 115292.5413787776
118916.2681156186 116499.2665517854
115639.4282272889 117705.9917247932

125060.3429062366 119314.9586221370
115639.4282272889 117705.9917247932
118916.2681156186 116499.2665517854
118097.0581435362 115292.5413787776
121783.5030179070 121326.1672438167

121373.8980318658 122532.8924168245
122602.7129899894 121326.1672438167
118916.2681156186 115292.5413787776
121783.5030179070 121728.4089681526
121783.5030179070 122130.6506924885

124241.1329341542 118510.4751734651
115639.4282272889 117705.9917247932
118916.2681156186 116499.2665517854
118097.0581435362 115292.5413787776
113591.4032970829 114085.8162057697

121783.5030179070 122532.8924168245
121783.5030179070 122130.6506924885
121783.5030179070 121728.4089681526
122193.1080039482 120923.9255194807
122602.7129899894 121326.1672438167

121373.8980318658 122532.8924168245
121783.5030179070 122130.6506924885
113591.4032970829 114890.2996544416
118916.2681156186 115292.5413787776
115639.4282272889 116499.2665517854

121783.5030179070 122532.8924168245
121783.5030179070 122130.6506924885
121783.5030179070 121728.4089681526
123831.5279481130 118510.4751734651
122602.7129899894 121326.1672438167

121373.8980318658 122532.8924168245
121783.5030179070 122130.6506924885
121783.5030179070 121326.1672438167
118916.2681156186 115292.5413787776
121783.5030179070 121728.4089681526

121783.5030179070 122532.8924168245
121783.5030179070 122130.6506924885
118916.2681156186 115292.5413787776
122193.1080039482 121728.4089681526
121783.5030179070 121326.1672438167

117277.8481714537 115292.5413787776
115229.8232412477 117705.9917247932
118916.2681156186 116499.2665517854
121783.5030179070 121326.1672438167
122193.1080039482 121728.4089681526

118916.2681156186 116499.2665517854
114001.0082831241 115694.7831031135
111952.9833529181 114890.2996544416
122602.7129899894 121326.1672438167
121783.5030179070 122532.8924168245

112362.5883389593 113683.5744814338
112362.5883389593 114085.8162057697
126289.1578643602 127359.7931088558
116458.6381993713 115292.5413787776
118916.2681156186 116499.2665517854

118916.2681156186 116499.2665517854
121783.5030179070 121326.1672438167
131614.0226828959 119314.9586221370
121783.5030179070 121728.4089681526
121783.5030179070 122130.6506924885

124650.7379201954 118510.4751734651
113591.4032970829 114488.0579301057
116458.6381993713 115292.5413787776
118916.2681156186 116499.2665517854
115639.4282272889 114890.2996544416

121783.5030179070 122532.8924168245
121783.5030179070 122130.6506924885
121783.5030179070 121728.4089681526
117277.8481714537 114890.2996544416
116049.0332133301 115292.5413787776

121783.5030179070 122532.8924168245
121783.5030179070 122130.6506924885
121783.5030179070 121728.4089681526
118916.2681156186 115292.5413787776
122602.7129899894 121326.1672438167

121783.5030179070 122532.8924168245
121783.5030179070 122130.6506924885
120964.2930458246 121728.4089681526
122193.1080039482 121728.4089681526
122602.7129899894 121326.1672438167

121373.8980318658 122532.8924168245
121783.5030179070 122130.6506924885
121783.5030179070 121728.4089681526
122602.7129899894 121326.1672438167
122193.1080039482 120923.9255194807

121783.5030179070 122532.8924168245
121783.5030179070 122130.6506924885
124241.1329341542 118510.4751734651
122193.1080039482 121728.4089681526
122602.7129899894 121326.1672438167

117277.8481714537 116499.2665517854
122602.7129899894 121326.1672438167
122193.1080039482 121728.4089681526
120554.6880597834 119717.2003464729
121783.5030179070 122130.6506924885

121373.8980318658 122532.8924168245
121783.5030179070 122130.6506924885
120964.2930458246 121728.4089681526
123012.3179760306 121728.4089681526
121783.5030179070 121326.1672438167

121783.5030179070 122532.8924168245
121783.5030179070 122130.6506924885
121783.5030179070 121326.1672438167
122193.1080039482 121728.4089681526
120964.2930458246 121728.4089681526

121373.8980318658 122532.8924168245
121783.5030179070 122130.6506924885
121783.5030179070 121326.1672438167
122193.1080039482 121728.4089681526
120964.2930458246 121728.4089681526

121373.8980318658 122532.8924168245
121783.5030179070 122130.6506924885
121783.5030179070 121728.4089681526
121783.5030179070 121326.1672438167
123831.5279481130 118510.4751734651

121783.5030179070 122532.8924168245
121783.5030179070 122130.6506924885
123831.5279481130 118510.4751734651
122193.1080039482 121728.4089681526
121783.5030179070 121326.1672438167

122193.1080039482 122532.8924168245
121783.5030179070 122130.6506924885
118097.0581435362 115292.5413787776
122193.1080039482 121728.4089681526
122602.7129899894 121326.1672438167

122193.1080039482 122532.8924168245
121783.5030179070 122130.6506924885
124650.7379201954 118510.4751734651
122193.1080039482 121728.4089681526
122602.7129899894 121326.1672438167

121783.5030179070 122532.8924168245
121783.5030179070 122130.6506924885
124241.1329341542 118510.4751734651
122193.1080039482 121728.4089681526
121783.5030179070 121326.1672438167

122193.1080039482 122532.8924168245
121783.5030179070 122130.6506924885
124241.1329341542 118510.4751734651
122193.1080039482 121728.4089681526
122602.7129899894 121326.1672438167

122193.1080039482 122532.8924168245
121783.5030179070 122130.6506924885
121373.8980318658 121728.4089681526
123012.3179760306 121728.4089681526
122602.7129899894 121326.1672438167

120964.2930458246 119717.2003464729
121783.5030179070 121326.1672438167
122193.1080039482 121728.4089681526
119325.8731016598 116499.2665517854
121783.5030179070 122130.6506924885

121783.5030179070 122532.8924168245
121783.5030179070 122130.6506924885
122602.7129899894 120923.9255194807
122193.1080039482 121728.4089681526
122602.7129899894 121326.1672438167

122193.1080039482 122532.8924168245
121783.5030179070 122130.6506924885
123831.5279481130 118510.4751734651
122193.1080039482 121728.4089681526
122602.7129899894 121326.1672438167

111952.9833529181 114488.0579301057
117277.8481714537 115292.5413787776
113591.4032970829 115694.7831031135
122193.1080039482 116499.2665517854
120964.2930458246 119717.2003464729

121783.5030179070 122532.8924168245
121783.5030179070 122130.6506924885
122193.1080039482 120923.9255194807
122193.1080039482 121728.4089681526
122602.7129899894 121326.1672438167

121373.8980318658 122532.8924168245
121783.5030179070 122130.6506924885
121373.8980318658 121728.4089681526
123012.3179760306 121728.4089681526
122602.7129899894 121326.1672438167

121783.5030179070 122532.8924168245
121783.5030179070 122130.6506924885
121783.5030179070 121326.1672438167
122193.1080039482 121728.4089681526
121783.5030179070 121728.4089681526

121783.5030179070 122532.8924168245
122602.7129899894 121326.1672438167
122193.1080039482 121728.4089681526
121373.8980318658 121728.4089681526
121783.5030179070 122130.6506924885

121783.5030179070 122532.8924168245
121783.5030179070 122130.6506924885
121783.5030179070 121326.1672438167
122193.1080039482 121728.4089681526
121373.8980318658 121728.4089681526

121373.8980318658 122532.8924168245
121783.5030179070 122130.6506924885
124241.1329341542 118510.4751734651
122193.1080039482 121728.4089681526
122602.7129899894 121326.1672438167

121373.8980318658 122532.8924168245
121783.5030179070 122130.6506924885
121783.5030179070 121728.4089681526
123012.3179760306 121728.4089681526
121783.5030179070 121326.1672438167

121783.5030179070 122532.8924168245
121783.5030179070 122130.6506924885
122602.7129899894 121326.1672438167
122193.1080039482 121728.4089681526
121783.5030179070 121728.4089681526

121373.8980318658 122532.8924168245
121783.5030179070 122130.6506924885
123831.5279481130 118510.4751734651
122193.1080039482 121728.4089681526
121783.5030179070 121326.1672438167

121373.8980318658 122532.8924168245
121783.5030179070 122130.6506924885
122193.1080039482 120923.9255194807
121783.5030179070 121326.1672438167
121783.5030179070 121728.4089681526

121373.8980318658 122532.8924168245
121783.5030179070 122130.6506924885
121783.5030179070 121728.4089681526
122193.1080039482 121728.4089681526
122602.7129899894 121326.1672438167

122193.1080039482 122532.8924168245
121783.5030179070 122130.6506924885
121373.8980318658 121728.4089681526
122193.1080039482 121728.4089681526
122602.7129899894 121326.1672438167

121373.8980318658 122532.8924168245
121783.5030179070 122130.6506924885
122193.1080039482 121728.4089681526
121783.5030179070 121326.1672438167
121373.8980318658 121728.4089681526

121373.8980318658 122532.8924168245
121783.5030179070 122130.6506924885
122193.1080039482 120923.9255194807
121783.5030179070 121326.1672438167
122193.1080039482 121728.4089681526

121783.5030179070 122532.8924168245
121783.5030179070 122130.6506924885
121373.8980318658 121728.4089681526
123012.3179760306 121728.4089681526
121783.5030179070 121326.1672438167

120964.2930458246 122130.6506924885
121783.5030179070 122130.6506924885
122602.7129899894 121326.1672438167
121783.5030179070 121728.4089681526
122193.1080039482 121728.4089681526

121373.8980318658 122532.8924168245
121783.5030179070 122130.6506924885
121373.8980318658 121728.4089681526
122193.1080039482 121728.4089681526
122602.7129899894 121326.1672438167

120964.2930458246 122130.6506924885
121783.5030179070 122130.6506924885
122193.1080039482 121728.4089681526
121783.5030179070 121326.1672438167
121373.8980318658 121728.4089681526

120964.2930458246 122130.6506924885
121783.5030179070 122130.6506924885
122193.1080039482 121728.4089681526
121783.5030179070 121728.4089681526
121373.8980318658 121728.4089681526

121373.8980318658 122532.8924168245
121783.5030179070 122130.6506924885
121783.5030179070 121326.1672438167
122193.1080039482 121728.4089681526
121783.5030179070 121728.4089681526

111952.9833529181 114085.8162057697
116868.2431854125 114890.2996544416
118506.6631295774 115292.5413787776
121373.8980318658 121728.4089681526
112772.1933250005 113683.5744814338

121373.8980318658 122130.6506924885
121783.5030179070 122130.6506924885
122602.7129899894 121326.1672438167
122193.1080039482 121728.4089681526
121373.8980318658 121728.4089681526

120964.2930458246 122130.6506924885
121783.5030179070 122130.6506924885
121373.8980318658 121728.4089681526
122193.1080039482 121728.4089681526
122602.7129899894 121326.1672438167

111952.9833529181 114085.8162057697
116868.2431854125 114890.2996544416
118506.6631295774 115292.5413787776
112772.1933250005 115694.7831031135
134481.2575851843 117303.7500004573

121373.8980318658 121728.4089681526
121373.8980318658 122130.6506924885
121783.5030179070 122130.6506924885
121783.5030179070 121728.4089681526
122193.1080039482 121728.4089681526

121373.8980318658 122130.6506924885
121783.5030179070 122130.6506924885
120964.2930458246 121728.4089681526
122193.1080039482 121728.4089681526
121783.5030179070 121728.4089681526

120964.2930458246 122130.6506924885
121783.5030179070 121326.1672438167
121783.5030179070 122130.6506924885
121783.5030179070 121728.4089681526
122193.1080039482 121728.4089681526

121373.8980318658 122130.6506924885
121783.5030179070 121326.1672438167
122193.1080039482 121728.4089681526
121373.8980318658 121728.4089681526
121783.5030179070 122130.6506924885

120964.2930458246 122130.6506924885
121373.8980318658 122130.6506924885
121783.5030179070 122130.6506924885
122193.1080039482 121728.4089681526
121783.5030179070 121728.4089681526

121373.8980318658 122130.6506924885
121783.5030179070 122130.6506924885
121783.5030179070 121728.4089681526
122193.1080039482 121728.4089681526
122602.7129899894 121326.1672438167

121373.8980318658 122130.6506924885
121783.5030179070 122130.6506924885
121783.5030179070 121326.1672438167
122193.1080039482 121728.4089681526
121783.5030179070 121728.4089681526

111952.9833529181 114085.8162057697
116868.2431854125 114890.2996544416
118506.6631295774 115292.5413787776
112772.1933250005 115694.7831031135
122193.1080039482 122532.8924168245

121373.8980318658 122532.8924168245
121783.5030179070 122130.6506924885
121783.5030179070 121326.1672438167
123012.3179760306 121728.4089681526
121373.8980318658 121728.4089681526

112772.1933250005 113683.5744814338
121783.5030179070 122130.6506924885
121373.8980318658 121728.4089681526
121783.5030179070 121326.1672438167
124241.1329341542 118510.4751734651

