90834094.5748712420 134544.3277579024
87455285.9153311849 86102.9059557542
86397314.5237118900 57031.2486745343
86513911.7004213333 61274.3488904759
86685336.0610452890 65777.5758350343
93693972.6771145463 156212.6081313193
88082840.9684362710 98896.6529142091
87205094.0906068981 82124.2137310356
93403947.6830008626 152384.8978990912
91218306.0034007132 134946.0294157192
86257313.3084027171 48753.0561090335
86330666.8178402185 53437.2080442235
86317603.0666354001 49698.1593322065
91020941.9765006602 134883.6614341885
87659243.3261170536 90628.3702956662
86951790.3664238304 74175.3214284703
86603086.1710028797 62646.2481711358
87462608.0297713876 86246.5247661918
88314977.9436740726 100765.8819671273
86554068.5379567742 62105.6311774850
87738853.6251962632 90870.5948562250
86256474.5766395926 45648.6819648053
86592886.2813939899 62426.1710226983
86698884.0177696347 66131.2833917588
87454643.6537910402 85747.4489300102
89895961.7437154949 124374.0667024160
86294886.7501677573 49655.8758200910
87489953.5597795248 86740.1817702875
86476058.5668765754 58523.9371359795
101478324.9769823104 176716.2776468992
86292775.6444610655 49164.5761957988
89118216.4324475974 112686.6737151742
86374598.2072442323 56988.9651624188
87281968.3602682203 82132.3157818168
87694524.2942592204 90862.4928054437
86898151.4241227806 71079.0527369305
87828738.4676362574 94772.8287429437
90564924.1046236604 130321.0161615685
93215418.5947491974 152104.6480767727
87045253.6466690004 78001.9026958793
88184752.0510396808 99971.1432572007
86949076.1648511142 74132.0483707413
89239909.8552106917 116145.1467792819
89145653.4528301358 113132.8150725961
92581396.5436411351 143990.8107003433
86543573.4340272546 61697.3715335652
90220881.2041270733 127844.7078610063
86917949.0761321485 73373.8660970554
87803588.0321482867 91938.4962845445
87953201.6251115054 95911.1512497663
88756934.5943495929 108338.0879943371
86698376.3846704960 66115.7419727296
86276295.0786546767 49160.5373330936
86769138.3577878475 67176.8188502118
87007714.5691925734 75094.5407930017
86875064.6938106865 71063.5113179013
87530676.4122302234 87565.0501784906
93481303.9202740192 155683.8897778988
92919105.9293663502 148758.2559907436
91008032.3934266269 134703.4291864708
87641588.8485001028 88072.2280654535
88604273.3771794289 108223.5563706160
101679638.0732153207 181367.4744334221
87063798.4441657364 78094.6928036064
90587895.0708462298 130747.9412103966
86723550.6945672631 66677.2776462361
86353383.1343078762 53479.4915563390
86998909.1732540578 74760.1608819962
86833364.6195681989 70245.1316219494
91407090.8100229800 134991.5206566006
86939290.9555910081 74131.8240896389
89684971.4015336335 124372.7132680416
90830016.1824016571 133314.7042177916
93018307.5129396617 149022.0884871781
89456973.0770890713 116970.0151874850
86832856.9864690751 70229.5902029201
86229733.1403940022 45049.4763202369
86723043.0614681691 66661.7362272069
86997380.8301023543 74644.3549697846
111196206.9715824723 216594.0921630859
93613752.3669730723 156045.3836095333
86751872.6291736066 66753.0177872628
108401649.5814670473 211161.1553344727
88283493.2853737175 100399.7236679792
86973107.6869442761 74352.1255191788
87106050.4480860829 78254.3594058976
87081941.7986236066 78254.1351247951
86969342.2972381413 74224.6141973659
86721197.8588431925 66532.9406388253
88043568.0737969428 96346.1889694929
92218191.2606794089 143290.6758079529
86416545.8299009353 57575.0604984090
107029721.3507159203 203602.5241184235
109531782.6015642881 213801.0488281250
109948340.0941053480 216325.9829711914
88538009.8528864831 104765.8703354597
86456225.2120275348 57979.5733596738
93341844.4006212056 152254.3953301907
86992798.9839211255 74617.8616248891
88860166.2115758955 109010.5040374398
86925274.8773568571 74049.0053345487
87117528.4941935092 78662.3947687149
111778841.8313471973 219424.0520019531
87788226.7048240006 91528.6309415529
88434778.2356601655 104093.4542923570
86709048.8620808721 66257.5994856805
86365440.8263576627 53857.2623245176
103955790.2956669629 198554.0829620361
86816995.7056099474 70017.9758594483
86768630.7246887386 67161.2774311826
112005640.1441674232 220113.3666992188
86752494.1418999135 67085.5372901559
112089853.1971335113 220446.0383300781
86808135.1511311978 69739.2902237698
88926905.3412860185 112336.4706635977
87345666.9239638448 83018.7554934452
86591872.7808000594 62223.2255280465
86445998.1551593989 57955.9764078110
87035088.8023577631 77683.5812078342
89469961.9997557402 118778.7345586345
87364252.4738321900 83173.7138052136
87311635.0548405945 82856.0232839733
86972715.7914833724 74236.6810772270
88904860.2670539618 111702.3763550520
111981191.2773768902 219424.7575683594
89577069.9577055722 120248.9067124128
86632029.6183355004 63054.5078150555
90475745.3987101763 128184.6849256063
103872058.4654623568 190052.8881072998
87953201.4096370190 95650.9419767091
86841662.3824076205 70563.9701139256
87181112.9593172818 79051.4027700573
87783477.3670335710 91515.8802716061
86900139.7436769903 71274.8573714020
89217680.7986164242 114936.5080264042
92847537.7748860270 144749.7194686234
108365420.1483830512 209445.5220947266
106829257.5131069571 202943.7934055328
93588952.8835337460 155795.6061785221
92527798.6179082245 143572.4824922085
87998988.1129741669 96059.2016206289
92892795.8169910312 147958.6260237992
89631455.6316593587 120750.7432175204
103435507.1422225088 187065.5067520142
93192447.6285265982 151677.7230279446
86804843.3916346282 69663.3975072503
107857958.7734203935 205223.2730102539
87394662.6333214939 83555.1151762063
86818840.9082349092 70146.7714478299
86510311.3518125117 58601.9148475584
86815858.7883778811 69752.3555963188
89077460.5238924325 112345.8674057722
86873279.2119475007 70652.4023500085
88730313.8564625978 108239.4376925135
92816799.0199853480 144743.8613779314
86691859.9492899328 65837.2336001620
109531136.3100035787 213610.1358642578
92131049.5441955030 142250.7164122977
89527852.7343988270 119925.8750507662
108170670.3850598335 205728.8331604004
87755291.9407607019 90967.9452091584
97477383.2542961687 159781.2703351974
94768803.2299147844 157272.2875277102
102759730.9717702568 185392.4993090630
102968736.6178658307 186240.2526659966
88271731.9113070220 100040.0035327578
88403072.9606272727 103692.9856915399
109412773.0920174867 211449.0045776367
86602578.5379037410 62630.7067521065
96165859.6525840908 158178.3065237030
92101438.1387717277 142165.3741271415
89546663.2974892706 120156.8559797312
87031586.9405062944 75151.5328567475
87376505.7024299353 83232.1521790455
88480133.9892375618 104239.4493241812
87406779.4139317572 83598.8186194206
86466786.5166021585 58099.7894168124
87635784.9522786587 87725.7301236818
86749113.9149791300 66681.3883104324
89502487.4280616343 119081.2830411623
87424720.5106424242 83706.2537390495
87194214.6701083481 79168.9184002057
87585805.1918900162 87617.9238589237
87426615.3873035014 83735.9662189484
87173897.1773638874 78788.7867755890
87204547.3743934482 79241.7031807229
87440686.8973441720 83918.2288367058
88362174.8592855781 102916.5074650178
88174725.4369677454 99561.2779142091
87796849.7218791693 91631.4655920769
91523571.3579580933 137390.5708666965
111376874.9101908654 217099.3964843750
91916886.5295072645 137897.7573663536
98522297.1346773505 163028.0926715061
100476321.8923556209 176179.4669277668
99962689.6588539630 172247.4507045746
99257185.0789332390 164497.3696456328
99017167.1137265414 164269.6580977812
99467722.3603149801 167384.5773787871
98924785.0063742399 163769.4442305937
99399375.6241118163 165010.4793868437
99447874.3802729845 165693.7984786406
99710482.7614461482 167776.3267989531
98407075.6207663417 160851.9567733184
99221073.6355107427 164445.7101011276
