9830241.1003465317 1101420.5654296875
9835533.4631201699 1109593.1455078125
9837779.1534970086 1113258.5849609375
9831876.2763590887 1104132.4404296875
9825438.8920357730 1097722.5439453125
9844649.6333477013 1119914.4091796875
9836719.5358057562 1109947.9287109375
9827837.4077766109 1101140.1181640625
9851390.1567298099 1124245.2236328125
9830531.5093475878 1103275.8623046875
9833770.1144223157 1107376.6787109375
9855095.3035528511 1129204.9912109375
9833580.8328236230 1106135.2763671875
9842945.0768831670 1119676.0029296875
9841960.5941653121 1114366.7177734375
9837217.6386663392 1110148.4189453125
9842783.6768424585 1116809.5537109375
9888072.2105735075 1142193.8369140625
9837108.3438446745 1110146.1337890625
9834598.5928056389 1107817.2646484375
9832065.5579577796 1106133.2880859375
9856299.4851803910 1129740.5068359375
9832930.0250884257 1106135.2216796875
9857122.5678575374 1129798.3994140625
9850839.8810989447 1124091.6923828125
9857234.3554949183 1133217.8369140625
9841610.7737347949 1113712.6064453125
9879086.2374224588 1134043.1494140625
9845584.5036622304 1123391.7392578125
9847159.3843867350 1123688.8486328125
9835642.7579418346 1109851.3095703125
9881098.0222437754 1134508.1142578125
9867609.4516386557 1133590.7080078125
