44150901.1960634887 603746.0190429688
45121378.7182838842 676949.7158203125
44551452.5378080383 648870.4047851562
44693128.5671770945 659051.7929687500
44276176.1153391078 624428.1362304688
44023006.9255317003 572380.7067871094
44366676.5316077545 633528.9184570312
44203699.9799284935 615778.4575195312
44966945.7971968278 673312.5009765625
44337914.4754406512 632876.2084960938
45050856.0077567175 676887.5351562500
44160410.4462849870 607199.4904785156
44784098.6144158468 663141.4853515625
44870413.5218693092 669831.3222656250
45161440.8752388060 680977.2275390625
44054075.2265913785 580531.3310546875
44048092.3967906460 578050.5104980469
44292550.7561384439 625043.2382812500
43935015.7862098590 527461.4472656250
44225477.0101658478 619041.5466308594
44252093.9078746065 621862.4384765625
44823011.4808642417 667288.3457031250
44332132.6354105175 632187.2485351562
44353956.3792641610 633435.7207031250
44561814.1106934771 650279.3608398438
44207427.8122035190 616492.0756835938
44710433.6926441342 662166.5957031250
44098028.5971862823 594439.2687988281
43945819.9987149835 550796.3828125000
44591379.9913887605 652047.7968750000
45355714.9374118596 688033.4404296875
44095908.1536069810 589501.2116699219
44397194.8358384222 637493.7099609375
44248437.6195259392 620609.6335449219
45216198.4104285091 682911.6904296875
44421943.8262985721 641031.7998046875
43935004.9632915929 506280.5991210938
44039747.5530615896 577032.7849121094
44183549.3437637761 609695.0520019531
44451762.6620991156 642160.8413085938
44934676.4762700424 670197.6982421875
44191850.6767167971 611799.6328125000
44249195.4408060536 620990.8994140625
45031836.6734127998 675855.4775390625
44012103.4692555368 565257.4672851562
43940465.6869135350 528916.2246093750
44328807.3236079514 630533.5917968750
44817865.6570956334 664410.2666015625
43944764.3645128682 538665.8657226562
43997496.1924003065 559813.8242187500
44272959.1444211602 622363.8427734375
44275906.7510866970 622764.5595703125
44448628.3285952285 641720.7597656250
43987755.6371586323 555538.1723632812
44708592.3252181560 660598.5087890625
44303901.9181974754 627886.3095703125
44667303.7720080093 657383.7939453125
44465898.6436157078 643589.5239257812
44061965.4110107794 586651.7541503906
44557509.3335496038 648916.3447265625
44321411.6640735045 628420.8876953125
44672018.5459299535 658737.6337890625
44440505.9111183584 641271.1162109375
44513897.9812034816 646467.7089843750
44159887.5679915547 603877.1511230469
44076288.8421320468 588509.3857421875
44118482.7798829004 597852.9958496094
44326862.5275575519 629454.3964843750
44174671.8046748936 608636.4641113281
44036282.3416274637 576616.4577636719
45009639.1583114564 674953.0722656250
44802608.7630517930 663439.7207031250
43996570.3936471567 556824.2990722656
45204939.4265340418 682385.6250000000
44020248.9137239084 567086.2060546875
44330518.8159062043 630890.2358398438
44028170.9094538391 575691.2990722656
44376897.9799424186 635030.9228515625
44322169.4853536114 628456.9062500000
44303000.6027932763 626745.8837890625
44550258.7349839211 648850.6782226562
44000688.6314030215 560284.0434570312
44007288.9137535691 563956.2299804688
44583688.7248931304 651843.6220703125
44458862.5197929963 642609.6831054688
45132745.8033243790 677789.9404296875
44522997.6669742465 646721.8720703125
44559483.8415227905 649965.2016601562
44510354.9895726070 645508.1674804688
44160165.4355898276 605639.1708984375
44806106.0729260668 663647.2656250000
44773493.3869477436 662471.2626953125
44126045.4037336633 598938.9177246094
44494492.5586051121 643636.1289062500
44627375.4939129427 655476.7587890625
43980891.5335903317 554449.7106933594
44506470.5832952484 644376.8710937500
44138569.4716382027 600414.9228515625
44080928.6182032451 588935.8447265625
44043941.3469495177 577573.3801269531
44464602.1181228608 642963.6044921875
45122885.0620842576 677263.8750000000
44512603.9479090646 645672.1191406250
44774354.0703495741 662827.3261718750
44500652.7012280896 644228.9218750000
44623147.9456880242 652828.8178710938
44663104.4732928723 656129.8662109375
44077735.8485064581 588533.8352050781
44596850.6288395077 652361.9560546875
44537697.0863818377 648065.2163085938
44625310.7497765720 653459.8300781250
44419517.5935347676 638871.6298828125
44652465.8646016195 655750.2714843750
44562309.5729259998 651155.4638671875
44526705.8751434535 647156.6689453125
