30387898.6890859194 50622.2887115479
29693474.8838727735 45841.3092273723
30269040.8159157932 49889.7839736938
30432394.2632125765 51256.8979873657
29807476.0322258063 47114.8973159790
29995587.5920502543 48832.1264514923
30342748.4796721153 50600.4124908447
29910782.0320870541 48040.1971359253
29602390.5557463802 44180.0596624762
29842709.6254384220 47229.0001239777
29628630.7658066638 44887.6901853085
29878902.1211081557 47938.2075595856
29639082.2045174837 45015.8803901672
29987112.2122875713 48785.3707790375
29613546.9807694219 44309.3386392593
29930409.4942174442 48124.7958145142
30121855.1779758632 49671.2685165405
29868896.6492821090 47883.1938173771
30604055.3497691341 52074.4655761719
29768091.0648401119 46747.1139591336
30490519.3379638307 51386.0773773193
30110670.6095552035 49604.4971160889
30108686.1693598628 49576.7774639130
29919103.6135722660 48067.2156753540
29655500.7325587906 45247.7402117252
30277072.9600665197 50481.5882186890
29855451.2711136863 47763.8322887421
29954750.8768205680 48170.5861892700
29664158.2090530805 45248.9004020691
29971228.2649169639 48676.9031527042
29856285.6751554757 47770.9467012882
30008166.8019313514 48895.1131591797
30276410.3925171979 50415.8414955139
30022458.7007980384 48895.4692916870
29700730.2684502192 45928.9512837529
29648007.1170605421 45154.6865787506
29687898.6530783474 45365.3824501038
29844273.0199577026 47232.6236457825
29822937.1171927713 47221.1578388214
29755648.9733090103 46301.2860612869
30024123.2949037924 48924.8246154785
30170651.4853883497 49813.2241668701
29700381.3573322482 45844.8079143763
30080861.0730512775 49003.7263107300
30022688.0656549521 48906.9145050049
29621565.0177134462 44336.3863658905
30283499.2438042499 50544.2822875977
30137521.3820998184 49738.7154769897
29612085.3272636719 44246.8995665312
29686384.4836761169 45364.7945823669
29592764.4590456448 44098.4724321365
30172086.7146371901 49831.6237945557
30422158.6760507487 50681.1906585693
30347635.5044080727 50621.5199279785
29882526.4775515832 47948.9620532990
29566151.1467094533 43239.5049785972
29991556.0783296563 48788.4994630814
29531496.3079132996 42276.9455730217
30317284.1659464054 50581.0176086426
29546129.6986466311 43101.6277170181
29516917.2695090026 41256.5860547423
29815358.5349846818 47147.2926006317
29600395.6440391652 44125.1035792828
29715744.7957901321 46060.8602150083
29754874.0859200992 46300.4228534698
29748921.4866978712 46254.1262340546
30441056.2402790040 51265.4839935303
29816793.7642335258 47165.2027111053
29638307.3171285726 45005.5558724423
29628330.0999422967 44885.2650847435
30315797.4156069048 50562.6179809570
29822688.3142820895 47209.5427532196
29638028.9556502923 44953.5740043985
29583569.3516927920 44022.3086978197
29635531.4160953201 44902.1893057823
30158504.6661583707 49783.1256408691
29811056.5563682243 47128.3203372955
29739593.7100791894 46214.6435070038
29730497.6679145209 46195.6564140320
29886280.5058609061 47991.6614437103
29707172.0367547609 46045.6108705997
29772713.0323480777 46855.6610780358
29751039.9196869656 46267.8696956635
29694835.7760805711 45844.5733891726
29549886.0496744215 43203.8910863400
29788876.2851644941 47073.0709362030
29582795.4226552695 43978.1126394272
29516101.6421949677 40489.1231877804
29705651.2410144173 46041.4495470524
29688502.9166652113 45378.5380439758
29556025.2694482654 43213.1740138531
30054296.5875342228 48965.5890808105
29768440.0437927395 46771.3523815870
29643172.5055318847 45045.8338713646
30486540.2897229716 51329.3020935059
30442055.2527425401 51305.6768798828
29773361.0163569339 46869.9113692641
30164285.1727296412 49801.2233886719
29747084.3240976296 46221.0785751343
29675076.7199140154 45264.0717029572
29661641.8745458424 45248.5777328014
29713669.2779584415 46050.0339379415
29511936.1884118356 40426.9040450305
29764504.3137766309 46332.2748928070
29724546.6000546888 46173.8790416718
29625720.0847489722 44338.7010419513
29676433.6304554902 45288.2772712708
29606694.7229603454 44240.4000692964
29718848.9598237313 46064.8612610102
29538597.7242403850 43086.5989372425
30119973.7027130499 49604.6432266235
29783182.5846274346 46988.1315993667
29903458.6631436236 48031.6113376617
29886897.2512888573 48013.7012271881
29513902.4835673347 40444.0247687785
29778610.6375137195 46988.0330638885
29752370.6548084356 46271.2251758575
30277896.7830642164 50526.1845397949
29580588.8641817980 43290.0914071871
29872271.8997128978 47899.1514606476
30023587.3156785443 48914.0499801636
29600349.7706273422 44117.3355145454
30238691.8997945338 49862.9447937012
29653649.4903283715 45183.3280009031
29602402.8535706624 44240.3081784248
29804121.9184740670 47078.4960716963
30390058.9032118805 50632.7812347412
29682654.3296004348 45312.7357134819
30055195.8375578150 48972.7245559692
30413847.6707713977 50647.3632202148
29723736.8134369142 46160.1355800629
30132277.6564399451 49732.4752044678
29617426.4727660269 44328.0716878176
30123956.0749547333 49705.4566650391
30052631.9934284687 48936.2337570190
30472761.8629798517 51324.1661224365
29655283.5103119314 45224.2987842560
30566728.8992618471 51416.2059783936
29618053.0741437413 44330.4501378536
30599907.7250546739 51432.4921569824
30061404.0904147662 48973.3259048462
30545915.7680979185 51390.3086242676
29573239.9707579352 43269.7695446671
29581491.2294437550 43290.0914264685
29520964.2751849592 42255.2522854805
30314030.2557753772 50546.3329620361
30467785.4812444411 51313.0709838867
29805087.4057017565 47101.5447292328
30558097.3899850547 51394.7601776123
30236312.5152710676 49860.8941192627
29591925.1280893274 44046.7325289813
29721733.4461671449 46131.6337085937
29723035.5685687587 46142.7700576782
29577137.0284017809 43282.2624471188
29576693.5299578868 43278.7715322971
29567362.3756059930 43268.8574348064
