29579579.8066351376 969090.4472656250
29972351.4139839672 1038987.3837890625
29625130.2638282701 987754.5668945312
29870956.0742774419 1028154.7773437500
29690744.4535681717 1001758.8144531250
30369586.4918287247 1061511.8330078125
29698924.9596247077 1002119.2353515625
30288640.4865160435 1057020.8505859375
30072201.6638405062 1045787.3134765625
29639108.5064457357 988571.7670898438
29586427.4245129712 971453.9077148438
29676274.9319336936 996199.1137695312
30134179.6935063526 1049442.1611328125
30134823.2414138205 1050006.7041015625
29693097.6414159797 1002007.7451171875
30064531.5458563678 1045199.2675781250
29528144.2080246545 929132.8632812500
30147551.4185563810 1050173.0634765625
30386977.9654403590 1062573.9833984375
30083298.5007625967 1046474.3847656250
29517971.7666437589 915372.0034179688
30441213.3506517783 1064063.1689453125
29759742.9262426347 1012191.4521484375
30541320.3218912631 1068854.7021484375
30045274.7921666428 1041392.7490234375
29942504.7330419049 1036650.9912109375
30187223.6843928806 1050779.5029296875
30145276.5304284506 1050129.2324218750
30369634.3882508278 1062016.5673828125
30542375.6125403047 1068856.3681640625
30244329.5607961155 1056286.5107421875
30008404.8364693969 1039962.4472656250
29840168.7104328535 1025488.1367187500
30214355.3015975505 1054187.0781250000
30431137.1013330966 1063678.0351562500
29934300.5390937403 1035526.6308593750
30241972.1733812466 1056089.1943359375
29872392.4112135619 1028751.0722656250
29956860.5659750178 1037031.6054687500
30015253.7606162690 1040567.2910156250
30558959.7030879594 1069560.8828125000
30212368.0132409520 1052062.9023437500
29775807.8747109510 1014751.9921875000
29863723.5478800982 1027816.9384765625
30239697.2852533162 1056045.3632812500
29915031.8740953431 1033561.8720703125
30524556.0542033985 1064985.5224609375
29852555.5361905023 1026312.4677734375
29941149.4632406123 1036131.4746093750
29931961.1212920323 1034932.6044921875
30479223.9536514953 1064697.6523437500
29776413.1969650574 1014826.5019531250
29778781.4750498831 1014877.8320312500
29741632.6968718693 1009875.3925781250
29573216.9831464700 963712.8754882812
29660868.5971623473 991020.8251953125
29537678.8273978606 930532.4365234375
30089955.2009387836 1047048.5341796875
29849260.0541517846 1026037.1962890625
30207545.7585348487 1051870.4550781250
29723000.9108122773 1007603.7480468750
30061409.0320280977 1044522.8515625000
30219226.4916407019 1054437.8779296875
30061835.2733296305 1044702.2167968750
30048374.2036249712 1043470.4169921875
30205005.4282794297 1051789.6611328125
29677241.5303879716 1000480.1191406250
30078666.2252198011 1046233.2373046875
30047187.9686668180 1041874.6347656250
29561863.5085958540 955092.7187500000
29846695.7099113539 1025709.6191406250
29814415.4424333945 1021962.7802734375
29526683.8588750698 925980.8115234375
29734008.9549834020 1009237.2280273438
29645272.2093867026 989391.3828125000
29654964.6174737439 990607.4267578125
29610876.6758435033 978097.4482421875
30338562.4203462377 1057905.8906250000
29861597.3302118480 1027468.1679687500
29519767.4068515226 917294.4687500000
29619942.3191088326 982011.7363281250
29648767.4100405648 989412.3012695312
30473881.8084574156 1064279.2353515625
29767330.6020630822 1014327.3281250000
29546869.8442391418 950607.9458007812
30648610.7218996994 1070760.2695312500
29547968.1616268754 951551.1347656250
29885567.7417632267 1029125.2421875000
29573835.6411335357 966053.2861328125
29950864.3026800156 1036875.9882812500
30598631.9689244628 1070204.7753906250
29865570.9679254442 1028109.1152343750
29578909.4518382140 968406.2612304688
29538396.7487165108 937018.4045410156
30232150.9453990310 1055476.7626953125
30071119.8853655122 1045664.6367187500
29786568.3555816188 1015601.3320312500
29998167.4848704524 1039750.1621093750
29584849.6497382298 969674.4345703125
29558205.1046537869 952641.6635742188
29960715.0489975139 1037512.3857421875
29751060.5839444436 1011261.1796875000
29963108.4566830918 1038073.2978515625
30053094.3596385047 1044291.2705078125
29633838.6633426435 987990.8564453125
30728500.9922360256 1073565.2148437500
30394648.0834245048 1063178.1289062500
29924576.0884921551 1034421.3642578125
29819528.6505143493 1022969.7509765625
30298890.1545097344 1057261.9980468750
29627541.5481829643 987801.3803710938
30133097.9150313661 1049319.4843750000
29664108.0636274777 992116.6528320312
30069938.0490359329 1045398.4404296875
29953275.7309504151 1036912.4433593750
30118281.3816436343 1048291.5722656250
30222033.9759871252 1054589.1708984375
30119476.0999198407 1048650.8076171875
29832143.4195926115 1024626.5380859375
29668270.2638817430 995076.5268554688
29799681.4075906351 1018802.3896484375
29721887.7702189162 1006367.5039062500
29608312.4520550072 977911.1479492188
29940289.6902110651 1035877.5400390625
29984286.2093027756 1039027.5341796875
30559699.7371179946 1069635.6708984375
29594770.6775922999 972659.6088867188
29860820.4109110460 1027278.1533203125
29792333.7756994851 1017250.2685546875
29538516.4812106714 938578.1933593750
30434320.3492609970 1063822.0214843750
30171852.2710126936 1050371.8046875000
29809603.4587272219 1019664.6083984375
29650056.6425618939 989466.0444335938
29765393.1048933454 1013433.2949218750
29564760.0531540588 957373.7304687500
29606653.7755165659 977576.0327148438
29600314.2876054347 974059.4487304688
30716546.3511457741 1071246.9287109375
30275537.5769231580 1056744.1484375000
29540948.8661511131 943872.1450195312
30326741.5040338635 1057701.8867187500
29539545.6504926533 942544.4667968750
29733399.9532567561 1008504.0302734375
29707101.2257283255 1003515.1489257812
29677065.5721023642 998157.8833007812
30358473.6562603787 1058627.7958984375
29616475.0034987777 978291.4873046875
29750672.2989851162 1010122.5517578125
29785869.2143201865 1015256.4326171875
30176484.5465554893 1050586.8701171875
29961325.5578491762 1037780.0351562500
29892903.9299905002 1029631.9521484375
29591527.6623936892 971879.1127929688
29705706.9184938557 1003399.5131835938
29788439.3550408483 1016088.0253906250
29871726.1773708202 1028677.7158203125
29600766.6037476584 974453.9443359375
30270905.3013803586 1056529.0830078125
29789794.9297497943 1016309.4931640625
29652866.6599992774 990564.4282226562
29854401.4664448164 1026896.9130859375
29848962.3331194371 1025872.9306640625
30124260.8497285731 1049219.4619140625
29807712.8838424757 1019486.9853515625
30269363.3052751645 1056326.5654296875
30728938.4995998964 1075943.6367187500
30698931.4294291921 1071088.7929687500
30670435.6018406227 1070928.3876953125
29602958.2900833301 975433.9653320312
29616905.4069913551 978447.1401367188
29899600.4341278635 1030388.9423828125
29659877.8705441058 990924.8339843750
29707779.0627019890 1004143.2343750000
29864894.0272877775 1028041.6396484375
29720485.5677448288 1005112.5966796875
30054991.2727386802 1044446.7919921875
30387513.6782617047 1062589.7451171875
29846494.1547766887 1025607.8876953125
29701081.9785919413 1002623.7265625000
29795406.6241050288 1018094.4072265625
29704512.2002176419 1002876.9301757812
30630479.5447734371 1070248.4414062500
30642521.7140669599 1070436.5136718750
