9828820.1297268532 531978.5045166016
9845639.8441728316 545507.4233398438
9831843.7201955449 540702.2168579102
9829128.2235677503 532875.5778808594
9836774.0032359716 540918.4683227539
9830438.3529926371 532883.6971435547
9838338.5529145915 543361.2259521484
9830569.6357471049 533698.4690551758
9837201.0342477802 540931.6889648438
9847414.1959435511 552130.0216064453
9825526.8498602118 531143.2322998047
9841790.0640206281 545158.1704101562
9838143.7041259054 542465.5339965820
9827195.4175774250 531475.2912292480
9853841.1164037399 554276.2189941406
9849897.2775647435 553925.2353515625
9866511.9025064502 554656.3803710938
9871531.2438944969 562511.1103515625
9824703.7671830654 529423.7054443359
9838948.9910162650 543673.5620117188
