80824249.1963666528 157970.6186515093
80783742.0060447752 150213.0678702593
80972818.7520733178 169183.8215018511
84496378.5152616352 329962.8237915039
80866949.6179549694 159823.1608554125
80891388.5654361695 160596.7275260091
80834735.6485734880 158743.8981601000
82778748.6036071181 275083.5775099397
81305052.6452455968 199178.4356138706
81416967.0711617768 207017.9877511617
80988942.3095470369 174259.2868846059
81309349.4294255674 199260.4369699117
81044959.1486725211 176941.3722831011
80795060.9395955056 150986.3473788500
81032086.6731139421 175895.5439363122
82090560.3877363056 246815.7408319116
82161108.1409417391 252725.8371521235
80962332.2998664677 168410.2548312545
81172834.0822493285 191375.7323913574
80917119.3060921282 167275.0156119466
80880902.1132293195 159823.4480174184
81293975.7511657178 199136.7648552060
81035226.1268228889 176597.0409995317
80906632.8538852632 166501.7361033559
80939600.2536239624 168009.9470236897
82029882.8408907950 244724.8091369867
82110017.4471521527 250820.1986877322
80797852.7055423260 151182.6968451738
80949333.2754735947 168354.2783072591
81131530.1828346103 184697.4443054199
80720656.3971190900 137650.4164439440
81199579.4232434928 191499.4045060631
80903147.0469016731 166501.4489413500
81916519.4090965986 238349.9175499082
82363169.7192663550 261531.7756271362
81018345.1698389500 175740.8388939500
80821933.4729613215 152673.3170037027
81016005.0436854810 175156.2385079022
80989259.7026913464 175032.5663931966
81071569.1583531350 182790.1171744466
81026700.7194916308 175862.4207420945
82635201.6361288279 272738.4197860956
82203935.1113643348 253775.2595154047
82107359.2755857706 250691.9813583493
82068361.0509790629 245591.2752761841
81113008.3890814334 183743.3324837442
82560891.9732213318 269104.0726623535
81068004.6189063787 182540.7088280320
81228156.4193024188 195255.5923540946
80702797.6884446293 137353.2634288073
81000150.3922976255 175088.5429171920
81086263.0480872691 183619.6603690386
80777768.6258126497 145407.9672251940
81261817.9212421477 197443.0723345634
90064016.6482943296 346095.5361022949
80715210.8054874986 137533.9727295097
80759909.9171381891 145110.8142100573
81910281.9359422773 238318.4028827548
80819018.3877056837 152100.7020121813
82798160.4530464113 280630.2603187561
82428760.4357316643 262001.3237273693
83502097.4100204557 302828.1066102982
82018183.5438436866 244628.2608514428
82361115.8843484074 261163.5923385620
82267698.6125893444 254911.4452786446
82637859.8076952100 272866.6371154785
82070103.8242382854 245893.7470138669
80747959.8194773942 144365.3320916351
84424166.1049441695 329935.2189636230
81990475.5488930792 243919.9883506894
80739255.9436105192 143806.0196791999
82672760.0472602248 274511.7848510742
80661644.2124726623 129194.5697354730
82604501.6199842840 271909.9909378290
80576840.3994339556 107598.4847512115
80593830.4566084296 113557.4933183063
83331640.3811691254 297306.1463441849
81151918.1337706596 189161.6503911372
81901830.5134076774 237334.3508079648
80983037.6439467967 173648.0275875684
81486516.8389415443 212061.6434116066
82201881.2764463723 253407.0762268305
82294029.5513937622 259171.2117767334
82066307.2160611004 245223.0919876099
81907306.0261258185 237609.8381585479
83893242.6883647591 317228.9678649902
84179400.8986328095 324084.8357238770
84206830.7338269204 327969.1639709473
83887403.4809149802 317112.6943664551
83543322.3927748203 305525.9230880737
81065347.0996085703 181405.5783688184
81532499.6963117421 214748.8796214219
82084003.2125866860 246661.7899346948
81141585.3851403594 187499.5203317758
83728023.5910485536 308838.7288637161
84108636.9933028519 323790.9824523926
82462881.6532166302 266972.4882675409
81924768.6046846956 238904.5263154507
88976630.2535657436 334605.4986877441
84517122.8600663394 331232.5200500488
82009426.2773927748 243974.3797699213
82223831.3120089471 254636.1695843935
80644857.5462207645 128082.1259492394
81536064.2357584834 214775.5385324117
81931325.7798342705 239059.2247201800
81909962.2339469641 238195.9666526914
81766971.0526636243 230438.7030334473
81665074.8819845766 223144.3486106992
81872085.2888697386 236208.6246802211
82276857.2569060326 255443.3266971111
83849400.4327476621 310948.9194641113
84015124.7732692212 322750.9281311035
82140426.6187800765 251772.8771691918
82506840.8209526837 268726.3689117432
81307197.0649797022 199256.9552873131
82129594.9419870973 251306.5489373803
81795751.7194490135 230875.2404809594
81897664.2778945416 236871.7447397113
82761577.7934586406 274715.3942213655
84535055.0969317853 332878.6130065918
83610553.6997897029 307314.2177553177
82354163.3882002831 261123.8036972284
82514937.5867572129 268989.8245849609
83733997.2650097162 310429.0979309082
83099172.9297766238 287399.8221092224
82011626.3686940670 244474.3099542260
82131168.2669531554 251374.5202912688
83853015.7054083496 311452.3212890625
82589473.8493039906 269718.0511977673
81518863.2418408245 214109.2210092600
80649008.7810627520 128327.4697390907
81816380.4350783378 231301.6739389300
82314711.0735554248 260307.5574951172
80604887.9344483465 115915.3479448967
80708706.2994582951 137417.6124413665
82441640.3355436623 264137.0592743158
83960981.1463111341 318390.6040344238
82458025.7731912583 264238.2874466181
81752683.4427290708 228201.4102508426
88978021.0601308942 338158.2299194336
88513732.8709670007 333273.6265258789
82777282.0490831286 274742.8525416851
84182214.6586990058 325068.8921203613
82631302.6325455904 272712.6862182617
80680153.5945340097 135832.1152657326
83307340.9308090955 295182.5294372439
82081527.3776158839 245898.2353584766
81599376.5567869395 219874.0564983487
82103460.2720025331 250666.2477905154
80733704.7430752218 143425.1460639238
81369635.2911097705 204148.4429452177
81983918.3737434596 243766.0374534726
81847484.3676097393 236163.4722389579
80571876.5491303504 104247.2896040349
81697827.9613337517 224161.7147926688
81960469.0907191932 242908.9841712713
81967026.2658688128 243063.6825760007
81663222.6500820816 222835.8506569266
81773528.2278132439 230593.4014381766
80700002.4235914350 136858.3000289313
81527648.5896967947 214651.8664177060
80757114.6522849798 144615.8508101813
82294784.4219459593 259934.1348025799
81443156.7363517731 208220.9506071806
80690847.5907838345 136607.7813103851
80865943.3311623037 159154.2147225793
81493987.0877570659 212464.3864372373
83427139.0760182142 299090.4278993607
81354032.4902195483 204092.0946763512
80615511.9493014961 122163.2378857788
81555866.3070921898 215977.7305534482
83179462.4340205789 293511.0930777192
80819159.2657039016 152373.4015914313
80808339.1577491313 151955.9763537645
80765818.5281518400 145175.1632226165
83207026.7139597088 294199.6920433044
80639853.9482551217 128076.9510205444
81736511.2284844518 228024.6404410005
82998464.3026638329 287043.8408255577
80883802.0398367792 159893.3882607874
80585646.4272060543 109337.1665095855
80682143.7149169743 136048.4688979499
80568563.4233017415 101631.7224089671
83641896.5196133405 308592.1274232864
83404892.2881263196 298898.6195387840
80561833.5171515495 100785.1740822662
80801300.5570294559 151563.5704604499
83144048.4363156557 288623.8792543411
80563553.8517435342 101344.4864947014
81753576.6665886641 230166.9679802060
83867799.5994662046 314595.8464660645
80676592.5143816620 135667.5952826738
81582142.2847416252 219609.6432519313
80651804.0459159762 128822.4331389666
81674807.9038342237 223488.6798942685
81637954.1674279422 222409.4171989560
81371000.6470302492 205453.5131448265
81847055.0063737333 235123.0696479678
81702441.5592574179 226510.8882584926
80745023.6766259223 144198.4255725145
81604292.6654881984 220221.9372184873
81062840.4689253271 179991.3778969403
81426700.0930114239 207362.3190347310
81711910.3072244227 227979.4879997373
81831452.2054835111 234879.6983367801
80673616.4123352766 135109.7055611070
81389846.3566051275 206283.0563394185
80652443.7495101243 128850.2305291351
80730728.6410288215 142867.2563423570
81463802.4964016229 211853.1271401998
81263383.0052940249 197695.9623635765
81122741.4109310508 184087.6637673136
81319082.4512751848 199604.7682534810
81624566.0203625709 221798.1579019185
81610607.6559489518 220318.9504222032
81356184.8546654135 204095.5763589498
83425691.0922966003 298965.3001365662
81582899.6609983295 219610.6779214498
81545797.2576081306 215119.8698159810
81577112.4420319498 218993.2101480123
81280076.3504230678 198522.0238755699
81209312.4450931251 191843.7357896324
81246414.8484833241 196334.5438951012
81153612.9991119355 189934.9298997279
80725000.8672083467 142865.8336514886
81341490.9649312496 203266.0331643578
80787045.4806272686 150623.3844327386
81067041.9649498761 182178.8578774091
80657351.0071393698 129089.4138473626
83709671.6011269540 308830.4535827637
82990476.6987569630 283208.2472944856
83471337.8836606443 301858.6114931107
83084465.1155785024 287359.5825796723
81494428.2913301438 214040.6071206685
82893429.0542066097 281421.1406276226
83472696.9880677313 301991.9107199311
80596184.0585814863 115356.0355324615
80587831.1146022826 113512.1978859771
82918119.4480552375 281628.3921077251
83647002.7675006688 308774.8057250977
81231720.9587491602 195505.0007005092
80595846.2803410441 113890.8718456980
80581177.1762990803 108542.7248635162
80572824.2323198766 106698.8872170318
80604199.2243202627 115734.7094921824
81145149.9245871007 187748.9286781903
81061145.6035840213 179218.0983883496
83298135.5673120320 294254.5932936668
80754178.5094335228 144378.2866982874
80561191.3096707761 99500.6488482170
81340394.4375603199 203262.5514817592
80559470.9750788063 98944.3223109115
80629368.6257412583 127420.6871920936
80610711.5932305008 121005.8907320909
80631150.0723882616 127517.6386081092
83138364.8660777509 288477.1296187043
96004177.5760201216 360261.5937500000
83460639.9953058213 301029.0079774857
83163933.9756698310 293149.3136244416
80698888.2634574473 136770.8072060999
80647790.5043738782 128263.1207265314
82880602.5365684181 280678.0734565258
83444040.8992663622 300700.0061049461
80689182.3156366795 136440.8747912645
83626164.0054330528 307828.7309389114
82790770.9273684472 276825.4376212955
80736319.8007590622 143639.1131600793
83117602.1796938926 287487.5335359573
80798364.4141779840 151396.6639413293
80612493.0398775190 121102.8421481065
80667888.6385148019 135108.2828702386
80673887.9805209786 135153.5783025678
83460338.5632507950 300796.1327028275
94486748.5254113823 359671.8417968750
94130674.8054644912 357894.5781250000
93450754.7838795185 356640.4924316406
92476141.0357957184 355489.9270019531
93945737.5432178825 357545.7309570312
92381218.3830932081 353290.4443359375
92836483.3659206778 356512.2626953125
92828165.2481462061 356338.6572265625
91047831.9695803672 348811.6389160156
92327396.0673306435 351345.8098144531
91811027.9276058823 350531.2121582031
89867986.8254345357 340617.0522766113
91438312.7522580922 350314.8850097656
