155515564.9686619937 273324.6817254722
155729998.8492990434 289401.7327766418
155148267.6345412433 222303.1077508628
155302933.8023649454 245243.7859735191
155597593.9283121824 280847.2774285972
155997231.0584211349 311883.3765313625
156520839.8016828597 345768.5087747276
156910835.0042241514 368930.6137346923
156517437.9770813584 344488.0311163664
156116171.4070543051 319965.2825751305
161353728.4999700189 513289.7712342739
155375047.7551685572 254077.9954461753
155234664.5460331142 236558.2860964052
159534305.7320201993 469408.9787539035
164173284.7642553151 572234.9717991482
155197783.2035782039 235234.2555856407
155162322.4017072022 228736.6728143394
155390164.8849064410 257638.6427926719
155867129.9013671577 303283.0941576660
156048726.0149883330 314570.0890936852
155938181.9515341818 309013.5726425350
156812163.0692088306 362497.0486712158
157122121.6445586383 378089.1485857666
155497996.9639303088 268959.7869500816
156477056.1472161114 344089.6225470304
157586360.4647232592 395808.7578134239
155225760.0193237066 236558.2413034141
157737178.8567998707 403467.7867440879
155981440.7062833607 311440.8647485971
155691020.9217638075 288085.0405158997
157135029.4173723757 378913.9553384483
155515195.0875001550 273089.7266473472
156091210.0817914605 319857.6004462242
159647600.0765838623 477214.9709414035
155216989.0496185124 235234.3003786318
157321357.5887355506 386567.2442077696
163177726.6016871631 551699.8124179067
155117386.7013647854 214609.5746774375
156292703.4171684682 331719.4241105318
161649424.4525220990 522703.1284592822
156166819.8600654006 322327.6398749352
156259848.1440761089 329868.3638077974
156596756.7013722658 348943.5547952354
155308308.3350852728 246112.0511102378
155444813.0874910951 261835.5462274253
157364208.1289403439 386571.2573690116
155195999.7950553894 229757.3315133750
173674845.9607056677 613471.5725758206
165455794.0063761771 596164.1988880765
164949313.5948394835 595967.0836537015
155668645.9784791768 286927.7890952528
157692206.8261749744 400731.2850650251
155445429.7551776469 265332.1758660972
186476148.8117277622 695147.2913818359
156846345.2724956274 363134.6706399620
156335765.0437654555 333043.4098283052
155339834.7397514284 250749.4019411318
158834874.7262677550 448057.0446328819
166474154.5513466299 604040.6225636136
155904123.7565357089 304014.8877606392
156906715.2767220438 364535.6547097862
156610605.3391010165 352374.2479132414
157850895.4505343735 405154.3063974082
156689858.4237224758 355377.1198587120
157490089.8266682923 392304.7545633018
156351559.6383656561 335861.0354669094
156563205.5766499639 347486.9415472746
156999816.9990723133 370969.2197732627
155051562.5692318380 205464.0204705894
156195604.0215437412 324032.2769219875
156178069.9461481571 322595.7345300913
156782450.9921550155 360494.3783425987
155039957.6267334223 198417.7167596519
159355187.4426980615 463866.1251992881
155542216.0972255468 274413.7123651206
155462381.0922227204 266200.4410028160
155635340.9620042741 282171.2631463706
157079486.6994648278 373217.6402139366
156467145.4410288036 340831.1035040617
156860503.3283233941 363278.6964425743
155488417.2692509890 266656.1615838706
158315443.7749343514 431958.3744668663
155262447.3967134953 242991.8063668907
155074446.2731148303 206788.0061883628
155417421.0430853665 258898.6108026206
155322904.5944319367 249817.0743035972
157252542.9443870187 380047.2817115486
156383954.4248658121 337656.0574835539
156240385.3897652626 328939.1369452477
157278332.3288447261 385526.3554744720
155258309.6671603024 242927.7886590660
162986001.8513695896 545108.7350253286
155140967.1354685426 221062.9671586156
156765402.9551202953 360486.6992044151
166520109.6130197048 604921.9638722073
155294895.8823396564 243383.5092401206
159342094.1887725890 459974.9252175987
155191862.0655021667 229693.3138055503
156316302.2894546390 332114.1829657555
166139224.7555855513 597768.0571949612
162862870.4107386470 540858.7467440786
157394140.6107858121 388365.2538718879
156453187.6662717164 339967.9229431152
157893868.2762259543 410816.9753427207
156127142.1116617024 320786.8273087740
156591535.0990962982 348657.9406594932
156439099.2958602309 339699.2478715181
158407321.2856937051 433915.1459678113
158146320.5628411770 420531.2976249158
157041646.6751438081 372179.2686319053
156250865.7195730209 329427.4704034328
166341502.0856560171 599499.5832128525
156646796.7971255481 354053.1341409385
155271351.9234229624 242991.8511598818
157134748.3974941075 378612.8336953819
155127913.8821076155 214609.6194704287
156803477.3913843930 362032.9579019248
160882739.4025794864 509829.6406484271
160801787.0883988440 508751.0488515521
157287335.0244973898 386372.4274558723
156273240.6628576219 330790.1972479820
155842468.4184095263 301256.0218612850
156179813.6694060564 323589.7651392221
158476148.2030951083 440348.7110312879
166818601.3521170020 606286.0331640244
157531116.2287173271 393933.8014958799
155161309.8908038437 222367.1702516787
155092575.4008026123 213221.5712518394
155150782.7100609839 222367.1254586875
155176987.3120032549 228800.7353151552
156162748.7484514415 322181.2166192532
166200776.5647420287 598911.7739918362
155103102.5815455019 213221.9174002707
193398137.9073965549 711421.9858398438
166446599.9400026798 602557.3928883206
156211265.3764828444 327615.1512274742
155634347.0881333351 281904.7358026206
165886347.1577847600 596285.7951786648
156074867.6997349560 318641.2968573570
159771362.0320441723 478176.9388965458
180500854.2137280703 667311.3962707520
190606867.0023530722 704095.2282714844
155721823.7889463007 289288.1046272526
155696402.3273517787 288604.8282098472
155661339.4865040183 283363.2530305386
156239689.0209897459 328249.9079413414
178015515.1305218041 643701.1415290833
156395076.0388770401 338183.1320685148
159051706.5461843014 455706.4550646335
155046924.3112337589 198785.0614862144
155166460.1312604547 228800.6905221641
155128926.3930110335 220979.1220330894
157515075.5067371130 392805.9925193489
155103433.3972190917 213465.1785081029
155051162.0333150923 198906.7179368138
155832080.0900137722 297552.3981590271
155908407.5482898355 305007.2996851206
155110792.9324788749 214545.5569696128
159725017.8240055442 477707.7990969211
161403536.8958948255 515350.6596009731
192903593.5357405245 711050.0332031250
155361122.3303626776 253001.3367547691
166472708.4349074960 602812.6091435086
155064630.6985223591 205707.6277268529
155864456.4652229249 302425.7266069353
155579963.1309176683 275737.6980828941
159833467.1056351066 483454.5708254367
180107306.7360861003 661241.5329513550
155434041.5742697120 260758.8875360191
155791423.3072294295 295992.1615434587
155413931.0246431530 258683.6851325929
155948403.1533905268 309381.1567039490
159554915.9237797856 475697.0200441867
157992075.4738385379 412724.5296640098
176783505.5914347172 637036.7010014188
155894083.6077097654 303753.1974264691
159122404.2428629100 456108.5744180381
156014252.3638992906 312657.1683374643
158118976.4392486811 419898.5118417442
156206160.9820416868 324178.7001776695
190217549.4742873311 703811.2951660156
157932004.1409613490 412140.9610604942
159536073.9669466913 470324.6022890598
155572710.9317154586 275525.4907859266
185851066.9473908842 690960.1437988281
155775632.9550916553 295549.6497606933
155846685.0052586794 301387.3550249040
164224875.6894810498 573206.2528507840
158292888.6581875086 426284.8138286769
155647551.5171129405 282469.3435877562
166750056.7162119150 605243.0505666733
175528025.0995081067 624384.7973148953
159022008.1824989021 451861.2204389274
156994472.9130780697 369790.5086831748
159192516.0549185574 459336.9815477729
158951048.4824174345 451843.0204629600
176113131.1432333887 629285.0084965359
158939188.6768252552 450476.6114305854
155024926.1134767830 191984.1516961753
158465809.6409179866 439772.4192666709
158642374.2713192999 447529.9700479209
157754020.2871419787 404966.9788827598
193019998.3130734265 711112.5537109375
162797057.9943108559 537725.5382174673
158321903.1140924990 432541.9430703819
157854977.8958926499 407016.0636510551
155046612.5384913087 198663.8530511558
186530125.8713951707 695193.2625732422
186840804.1500813663 695843.3465576172
159183616.8369537592 458397.3707079291
161412517.1769189239 518483.7297763354
155032797.4631187618 197557.0961999595
155040304.0368986130 198663.1106805503
166784441.5200113058 605801.5758322477
160232425.7203798294 492179.7491589809
161920877.7063627541 528221.1144847870
161289721.1651387811 510831.1610352993
159492799.7319023013 466350.3340110481
176290288.9834974706 635533.7730712891
176049247.2423807085 628362.0519535672
164533767.8875628114 590959.4900334012
155256728.5201779604 236757.3346792329
157464944.5104562640 391493.8524284065
158173574.4568079412 420631.4539346397
157645230.0077041388 397179.3431405723
158061275.3353546560 416639.3062295616
160226130.6114642918 491169.8554117978
163478226.4171344638 561014.3839735398
160030498.8800803423 488711.2995745838
158205667.6361567080 424396.8570108116
157627684.3439705074 396392.3264169395
157633100.8785895705 396854.5275915861
158400547.8051269054 432797.2124795616
158219590.1961016357 426108.3780069053
189832446.7080431283 703314.0979003906
158089497.1477573812 419307.4682168663
162330885.1275126040 536005.2099657059
184214928.2623395026 683465.4227294922
160665389.0878497362 508032.8238481308
183920781.2663204670 678182.3204956055
159533045.5599507689 467578.7653054893
158020670.2303558588 412873.9031533897
157659775.7824455202 398533.4138192832
163773988.7528659999 566012.2474073777
187441787.6752262414 701329.1296386719
164269192.1881295741 583551.5030949246
157608781.8289815187 396360.4692392051
160966626.5032309294 510382.2506942669
159370726.9755803943 465936.4469434047
156757349.4629249871 358635.6389016807
188538522.4943861067 702712.2785644531
184992275.9713259339 688865.4896240234
161652042.7702752352 525945.9200736526
161535066.5886912346 521802.8179297447
164076992.3993347883 570193.5851261746
161388440.8933765292 513752.0784242153
160175861.4129343927 491094.6148816372
160294620.3587003946 493628.7757181615
160131504.7689741254 490249.8227673793
160325392.0696334541 494432.9010144497
161289845.2148250341 512054.0363379717
179864235.7365827858 654748.2460412979
160424084.2642649710 499110.1973621780
159820776.3104648590 479273.0007066816
160418595.5069594979 498877.9175997466
192325754.6424792111 710449.2348632812
164129289.7937986851 570557.6085636746
192791295.6992112100 710558.7285156250
162273907.1844147444 530797.7438024911
160517050.4396838248 500031.9761672020
160352121.1017746925 494519.5128412247
188531753.6114774346 701363.1140136719
190707954.3566768765 704124.2810058594
158044355.3453814983 416009.1050759554
192713105.0429156423 710477.8940429688
172580021.8689111173 609631.9331181180
162302576.4151118994 531373.1942196237
181475855.1288334429 673317.9325866699
191653381.8990200758 710330.4882812500
185718441.4726813436 689836.1451416016
180768390.6308082342 668431.7866516113
192095035.2359039783 710355.0986328125
179320387.4410809577 649930.5358362198
186136527.2153797746 692337.9226074219
191046821.7017100155 708370.8388671875
186076201.0993076861 692304.6251220703
192443388.3134668767 710463.7807617188
178923603.9492146969 644594.0871057510
179877290.9806198478 654926.4107589722
179894953.4432181120 656082.5103683472
189675978.7692244053 702932.1374511719
184707098.5176236629 684287.5972900391
183169084.5881296694 677273.5932464600
182640929.0043307543 674350.1974639893
182160963.2132658362 673773.4606628418
184904083.4599848688 687262.3939208984
179809122.1137714684 650445.6473312378
179173337.2554107308 647979.6859664917
173124439.2241706848 611937.3128051758
175683347.6649704576 626908.7233886719
