45476409.0909353495 14739.9966049194
45324494.8544254974 14495.5572052002
45637508.1800057068 15014.2552566528
45615121.0686538219 14976.6110115051
45354156.6557471305 14560.1545791626
44261242.1383584663 11596.9516460896
45815729.0136661679 15298.1664276123
44385231.6045354158 12288.0769231319
44844336.3271881491 13497.4540262222
45615012.4434236586 14969.5457038879
45330561.3380753696 14523.4500274658
44450075.0263881534 12339.1468217336
45502646.3580478579 14825.4788970947
44157432.4026775733 11148.6339945495
44923069.9150900692 13686.3670520782
44312180.0887892619 11893.3017423153
45486348.8328065425 14790.5207672119
44250675.5167893097 11588.7965123616
45046673.6468456015 13965.1886844635
44291799.4182729200 11862.7036594152
44989544.6706014499 13798.8310995102
45103686.2589867264 14075.7873916626
45230444.2987614274 14274.2676391602
44629057.4571000189 12968.3023752570
45078064.4914694503 13987.8723516464
44240217.5666869208 11542.0665782690
45237282.4884916693 14309.2257690430
44506298.1770121381 12580.7606008053
44611103.7493035123 12811.3135554790
45522988.6612395421 14853.3717193604
44875126.8295623362 13526.6802654266
45603287.3162572458 14942.2036018372
44576497.8212849051 12799.3359009027
44666858.4021179900 13082.2174532413
44996271.4272423461 13824.8585815430
44768459.3608079180 13345.9976751804
45039835.4571153522 13930.2305545807
45834816.2536578178 15333.1245574951
44436185.5121215358 12318.5051938891
44097016.9162949547 10811.7547381681
44521792.9183897525 12613.8755273819
44821719.8805512786 13449.7305052280
44938485.4225765541 13693.5940077305
44122078.6944130361 11077.5108463764
45481940.7893372253 14774.3788375854
44914499.5538894311 13634.3854696751
45114947.0367128626 14102.6871910095
44546042.9059647098 12707.1331615448
45465643.2640959024 14739.4207077026
45481832.1641070545 14767.3135299683
44176902.7267214805 11184.8340183198
44650797.0621272624 13002.1855978966
44714620.8852456957 13182.7482328415
45159431.0496960580 14170.3495178223
45795364.0744686946 15270.2736053467
45370345.5557582676 14588.0474014282
45290509.4358615130 14421.2783279419
45594670.1402319670 14941.6528816223
45587914.9022800475 14890.2684516907
45119875.1589978784 14103.6802139282
44368329.9263434932 12030.1806850703
44480114.9918446988 12436.8833709955
44522800.9546970502 12624.8935465813
45613140.5498361290 14954.6528015137
44258994.1381489262 11594.0239312843
45502526.1825082079 14806.8692016602
45008135.6809624135 13842.7077102661
44488359.8446949944 12530.8353307976
45486337.2824970558 14778.9763793945
45008244.3061925918 13849.7730178833
45644176.4866706803 15040.9953613281
45237270.9381821826 14297.6813812256
44309062.3281589746 11868.0352898561
45014973.8706926629 13877.6658401489
44202869.2109725773 11491.2506564856
45644067.8614405096 15033.9300537109
45522977.1109300628 14841.8273315430
45502634.8077383786 14813.9345092773
45707500.5530971810 15093.9970245361
44447155.7383987382 12332.5216280222
44548850.3684798107 12757.5204521418
44952707.1961533576 13741.6837234497
45424346.4909884632 14626.1966171265
44354684.8687450588 11991.7612940073
45815837.6388963237 15305.2317352295
44310503.4945833981 11875.2250447132
44065136.5416794270 10438.8867120743
44526307.3604316115 12700.7548805475
44620997.9466333538 12950.3209488392
44233869.8183268905 11509.3180729747
44616418.6054938883 12814.7513461113
45426435.3317675740 14645.2540397644
44945323.6123068035 13728.5521376133
45642461.2565768287 15019.3447952271
44079418.0569728166 10771.7527081147
45450128.6301093847 14680.7719841003
44982328.2205392346 13797.2709066868
44553363.2571054995 12787.1762804985
44269387.3469971493 11637.3444959968
45788631.4725225642 15218.8891754150
45627878.9614293650 15006.0372314453
45664518.7898623571 15068.8881835938
44067308.7014357671 10449.6374784708
45788724.8804062903 15227.2510528564
45201905.9956680015 14271.6230239868
44658816.3273171708 13072.0352053046
44688252.2721877173 13135.0247118473
44738516.1716296822 13224.5636816025
44491814.1406617463 12578.7899641767
44357972.6121011898 12002.8062288761
44834694.1019657999 13490.2682533264
45662912.1849986762 15054.3029251099
44779361.5202341452 13383.0612013340
44677876.4918309599 13116.0390868187
44212057.0550150722 11506.3176634312
45642569.8818069920 15026.4101028442
44134021.4368373901 11108.9478954971
45626272.3565656766 14991.4519729614
44885809.3331131637 13567.5369396210
45340273.2816074640 14536.9473419189
45290995.6153199971 14440.3357505798
44900065.4771769345 13598.3082809448
44961175.8475032002 13764.2391643524
45570973.5336841941 14854.1206054688
45275560.3097736314 14380.4631843567
44185035.9750070274 11223.1398462848
45319899.3044053987 14485.8057823181
45703081.2385940999 15093.2481384277
45302189.7082529813 14468.2285728455
44346339.5327181742 11982.6879968643
44885745.9444777668 13531.3387174606
44591939.9603444338 12799.4375078678
44670875.8255618662 13107.8133616447
45025656.3742434904 13918.5225143433
44801899.2246056497 13402.8545343876
45018818.1845132560 13883.5643844604
45137544.6279327199 14115.1280632019
44823293.0946753696 13455.6617929935
45462588.9807420820 14689.0475692749
45370334.0054487884 14576.5030136108
44157319.6897628084 11137.4506573081
44653610.7193808705 13057.0261576176
45342603.5507781580 14549.9543685913
44651463.4329160303 13008.9061170220
44331432.4506101012 11966.9762513600
44325061.4741952047 11925.4838917851
44968854.7821135074 13776.3220605850
45080632.5330831707 14005.8084182739
45154942.5850038603 14167.9461250305
45687647.1062071323 15081.7037506104
44172340.3823872656 11156.3434922099
45290886.9900898263 14433.2704429626
44917091.5525068343 13640.7867491245
44976640.1046080291 13794.4909820557
44792362.3984103650 13384.3763642311
45266391.8216591775 14355.2925033569
45299612.7913452685 14440.8864707947
45449893.9584935755 14671.4396629333
45450002.5837237462 14678.5049705505
44416790.3278176561 12304.4841480851
44754459.2965221107 13243.9635744095
44119399.3158043101 10841.8540872931
44365136.7946448699 12018.6318867505
44701173.4330550879 13150.1127300262
45192841.3107339218 14246.1751251221
44283849.1494152844 11656.4637735933
44735270.0351140574 13199.3386735916
44647708.4467508793 12992.9995309114
45167754.9656511769 14202.9042549133
45078302.2639124691 13992.8013916016
45145283.0295552164 14135.3913879395
45439302.9328044653 14670.8148918152
45259513.0833987445 14333.8242187500
45287295.7811935395 14393.9297714233
45044539.3886202499 13937.5467453003
45620424.8030273467 14979.2971267700
45096565.7353636920 14034.4279823303
44641893.8672737107 12983.0736191273
44808566.8027376682 13428.9343624115
44909980.0362181887 13608.0577316284
44944881.0626844540 13694.2760285139
45086997.7746224478 14027.3626747131
44866882.4748807251 13519.1101760864
45103295.2998637706 14062.3208045959
45251254.9402160868 14314.9261169434
44993347.0670889914 13810.0362977982
44993455.6923191622 13817.1016054153
44262330.9827430844 11628.6762257814
45073798.9128359556 13978.9393463135
44982550.6542239562 13798.1422424316
44452078.0804420710 12354.1409997940
44849661.7077333480 13503.3853139877
45455043.4583512098 14684.9062500000
45460853.3242520168 14685.6877136230
44444518.5316112712 12325.0438071489
44832661.8585751206 13478.1940183640
45417513.7538622692 14588.7962875366
44920952.3441581130 13647.8520567417
44453689.4357583076 12394.0152503476
45145391.6547853872 14142.4566955566
45131532.2386786044 14114.5614089966
45005473.3534577489 13826.7337581515
