45437739.4396521002 14701.7764625549
45160208.9681914672 14175.2002391815
44034151.5036505237 10431.7913499514
44406891.5305054039 12313.1012275219
45600349.4197518602 14965.8177185059
44567185.6997109801 12842.3410341740
44156734.7748635560 11241.8010368347
44533513.2678755522 12784.4534094334
44111423.7782957703 10874.6938046608
44431020.8404320329 12390.4373659957
44081703.4386834130 10803.0181708739
44643861.1022247821 13052.0520351250
44729976.7992200851 13239.7857165337
44604960.0616350621 12899.5185594048
44148820.9919370860 11221.7776131090
44163592.9999125376 11384.9276275635
44251966.0138987601 11813.7254858017
44114855.8875872195 10881.9617352889
44018964.6744436547 10415.6833716929
44837574.0916661918 13539.4466686249
43984963.4163710102 10029.5872079614
45281546.2240569592 14414.1693792343
45091358.5536360592 14040.7686805725
44654452.0849864930 13134.1389429569
44391084.8206886798 12288.1851551253
45596571.6108497456 14944.8047485352
45211565.6920260936 14295.3637237549
44619058.5368957743 12952.3258180107
44069085.1692799851 10745.1467151344
45091467.1788662374 14047.8339881897
44471521.9004680216 12578.8814782585
45281728.1594159529 14428.8273200989
44645052.4408369809 13105.0904905796
44516114.2527472377 12753.4587824345
45663177.5751779303 15067.8002395630
44328573.7039430290 11971.0448843334
43990928.5393523946 10072.7542402032
44463511.6403071657 12565.4754723992
44870653.0232617632 13597.8854331970
45144054.7019251734 14165.2268180847
44341855.1338789612 11989.4377275221
45143178.9381175116 14148.8450613022
45018843.3811212257 13937.8293247223
44350366.4791387022 12006.1097500045
44563716.3277822882 12806.6776956916
44133205.8750327155 11106.1371381690
44078357.3444027454 10758.5898237228
45300450.5600522161 14444.0509147644
44503001.2174171582 12681.1252363266
44510102.3020353466 12737.5360788703
44618505.4653800279 12928.0588749051
45349082.7035084218 14563.6874465942
44104582.5890366510 10842.6085004807
44041173.6971240267 10453.1552171707
45786340.8451169059 15270.2736053467
44842808.4060991257 13571.0289154053
44028949.2299762219 10429.0480089188
44051875.1157193854 10701.5811745524
44628563.5898614675 13029.7353174686
44626572.1346462965 13019.2279466987
44423842.4645994231 12376.4554571509
44176566.7954913676 11455.6223928792
44731753.9361077175 13272.8464660645
44582763.9240222648 12866.5611047745
45645022.0306643918 15053.8109283447
44710736.6635056138 13223.1227912903
44431837.5147726983 12439.4544386268
45771605.8307934031 15227.2510528564
45764850.5928414837 15175.8666229248
44809570.3157260716 13501.8073043823
44612180.6442067996 12902.0510868430
44357538.6078439280 12159.5296309311
45229638.9273713678 14322.7230834961
45661454.9027935639 15065.3553161621
44008267.1280654222 10374.5178394765
45275010.1452253610 14413.0893440247
44578344.2537414283 12856.2611963749
45017737.6710350513 13898.3481845856
44869202.7762306035 13576.4796314240
44794158.1574027240 13455.2516736984
45459230.4237843975 14736.7345924377
44703068.9312354773 13192.2883634567
45420985.0287030935 14621.0158004761
44502536.4742390662 12626.0347852036
45165700.2214623392 14202.6201801300
45172429.7859624177 14230.5130023956
44409450.9741599187 12374.7087756991
45097687.3070738167 14060.0961318016
45321736.1626038253 14499.3030967712
45121423.7403841689 14120.4056663513
44834708.4816497564 13512.5758481026
44142910.2080025524 11158.9443015859
45036916.6164664999 13965.1886844635
45090957.7425737381 14032.2033095360
44937640.6670274958 13720.8605945110
45005916.8721920699 13896.4699153900
44323470.7188515887 11950.3280356824
44086285.6201634631 10820.3471535848
44278895.3935414702 11883.0322184966
45397705.5207754746 14613.4953002930
44975109.2083887160 13841.2177333832
44805562.3008330166 13486.6556639671
45348963.1968561411 14560.1545791626
44425826.3326250836 12381.9042543769
44297624.9838106260 11896.6754366253
44491237.6656406373 12608.8629782144
44351597.2731753662 12052.2666687667
44192048.4578525275 11500.1882696152
44975000.5831585526 13834.1524257660
44199865.8488886952 11517.6733526587
45609927.6097628400 14976.6110115051
44688338.0018442497 13173.2780237198
44222301.9168393612 11528.6605724096
45609818.9845326692 14969.5457038879
45365152.0968672931 14588.0474014282
44885448.1989495456 13645.1456470490
45348854.5716259703 14553.0892715454
44154186.9410997704 11231.9429693625
45589476.6813409850 14941.6528816223
44035960.2915377468 10451.6180267334
44247870.7680613548 11582.2263667881
45517795.2023485601 14853.3717193604
45497452.8991568759 14825.4788970947
44903521.4342948198 13672.5050067902
45481155.3739155531 14790.5207672119
44225436.7147880197 11575.2629409917
45677504.0673693046 15081.7037506104
45286933.1686164141 14440.9821662903
44087977.3177149147 10834.9859500335
45270635.6433750913 14406.0240364075
44677158.0207281411 13149.0996932983
44137538.9426789135 11157.6659695245
44781615.4310393110 13384.7283727825
44763604.4123491198 13350.3723986149
44729696.9367469177 13238.0609960556
44649504.2057432532 13115.2313787937
44487990.1262524799 12582.3492243234
44353509.0304125473 12144.5837340355
45059563.3451383412 13990.6021957397
45378665.7057150677 14589.1353454590
44547275.7557347491 12806.4899351597
44703750.1601676047 13206.2014064789
44981838.7728887945 13869.1105556488
44313515.6432045028 11929.8208634853
44369394.6874657422 12187.4213190079
45210125.8861323968 14281.3304824829
45627332.8807664737 15013.0908813477
45306235.7588763535 14486.7846984863
44749460.1882699877 13290.0501151085
45192227.8570658937 14233.9787788391
44376141.7818444818 12258.5877436551
45793454.3053756058 15277.3272552490
44193480.3897130638 11505.3573719122
44313123.0178094730 11898.1270291805
45144305.2875769064 14168.1955127716
44539322.9689645320 12785.4738556147
45164991.2411226258 14195.5548725128
44698154.4544396549 13173.3771705627
44172814.3918658793 11443.7448726892
45581656.3047885597 14913.7484016418
44120349.2560752854 10889.5353256799
45260996.0727868080 14363.3391761780
45435892.0746683031 14656.0228538513
44120399.1488327235 11067.5812343359
45692538.3474800065 15093.2481384277
44400940.8865180984 12290.8256696027
44768196.8623107746 13350.8568376899
45300802.8313921243 14468.9355697632
45288125.5786045417 14441.0310897827
44938131.4330721051 13728.5521376133
45489632.5226044506 14797.5744171143
45777156.7801342830 15242.3691253662
45114847.6242888793 14102.9425201416
45450004.1737845838 14726.6611175537
44915041.7250777930 13697.8579368591
44894504.8989380151 13649.4899578094
44078638.6256107837 10786.6081405089
45075493.4124846011 14031.5020446777
44134021.4368373826 11108.9478954971
45149135.3327860758 14171.6612892151
45284841.8888066188 14433.9774398804
45131145.1495302022 14137.9006500244
44661725.0235142112 13137.7868196964
44702802.9719756991 13190.3374750614
44522323.1198063046 12760.0915197730
44884342.4888633639 13605.6645069122
44272632.0117459372 11875.3379850247
44960821.5002866909 13822.4443855286
45618959.3868055940 14997.0453491211
45417168.5056810752 14614.2441864014
44007118.0437582731 10076.5837335587
45577436.2140082046 14897.7028694153
44942799.0496806577 13776.0384063721
45256667.3567762896 14340.2283363342
45441757.5082331970 14713.3535537720
44060718.9923385754 10712.3319409490
44953983.3105564415 13787.4862556458
44774716.3494345546 13361.9909327030
45462099.8114248887 14741.2463760376
45257712.3829889074 14356.2855262756
45431391.6580240354 14648.9692039490
45103686.2589867190 14075.7873916626
45059454.7199081630 13983.5368881226
45066292.9096384197 14018.4950180054
45462208.4366550520 14748.3116836548
45478397.3366662040 14776.2045059204
45637493.1379942968 15040.9953613281
45597953.8300298750 14948.7065315247
44224464.9534031898 11534.3468360901
44617881.6847665980 12903.3853583112
44678724.8726724312 13162.9781153202
44266164.9246689007 11848.6715049744
45810512.9187693745 15298.1664276123
45222923.2682701051 14311.1786956787
45510042.1311483532 14826.0387115479
45810621.5439995453 15305.2317352295
45324397.7795048133 14500.6467437744
45424346.4909884557 14626.1966171265
44667360.2081321925 13143.1847822666
45619895.7877880335 15006.0372314453
45127121.0089267716 14121.5293426514
45565222.6469193771 14854.1206054688
45818017.3171000481 15305.7915496826
44784545.0282309055 13435.8684599400
44754428.9561018273 13316.4433689117
45141639.4883642793 14142.4566955566
44369975.2135892063 12210.2724049091
45103577.6337565556 14068.7220840454
44385231.6045354158 12288.0769231319
45330561.3380753696 14523.4500274658
44250675.5167893097 11588.7965123616
45834816.2536578178 15333.1245574951
44122078.6944130361 11077.5108463764
45119875.1589978784 14103.6802139282
45707500.5530971810 15093.9970245361
45426435.3317675740 14645.2540397644
45664518.7898623571 15068.8881835938
45201905.9956680015 14271.6230239868
44779361.5202341452 13383.0612013340
45340273.2816074640 14536.9473419189
45342603.5507781580 14549.9543685913
45192841.3107339218 14246.1751251221
45167754.9656511769 14202.9042549133
45103295.2998637706 14062.3208045959
