9821926.4029678646 0.7343099892
9820187.1547855847 0.7331852163
9821351.4859897029 0.7341224785
9821070.7711116169 0.7332238959
9819815.3280572873 0.7331627275
9819058.8597633392 0.7331561843
9823201.6354788151 0.7543340969
9819405.7087587006 0.7331593964
9827868.7624081336 0.7544950166
9825819.4414911270 0.7544642354
9822365.4217137452 0.7543283443
9827468.4176374078 0.7544869588
9830145.7117536739 0.7550509551
9850200.4309728518 0.7751190818
9828679.9485668037 0.7546891152
9856352.0179077964 0.7757851983
9830599.4141718261 0.7554199896
9833042.5115331430 0.7555652778
9834200.1228956729 0.7557670829
9834910.3370203655 0.7563329929
9884808.7260931097 0.7777619709
9924382.7636960950 0.7781389251
9911876.1293862928 0.7777868562
9930827.6750475410 0.7979190992
9998246.8330518547 0.7988687123
10018654.5390884299 0.8179872259
