9846128.9377356246 909962.0136718750
9864571.3585987408 914923.5673828125
9871378.5468815602 919037.1474609375
9892459.3977627847 921827.5302734375
9828400.9827543274 896104.1787109375
9859173.1656162813 914473.9804687500
9860455.1465876531 914712.4658203125
10079176.1345297322 928505.8710937500
9965069.9322451018 928144.9335937500
9989668.5608101785 928353.6015625000
9865008.1663904302 915106.2646484375
9979329.9396868814 928349.9648437500
9924191.7697881926 928095.7792968750
9843730.4219947867 908147.5957031250
9975408.5533683989 928148.5703125000
9884014.0337763578 921764.6582031250
9914418.3016277440 928082.8828125000
9849765.4445803817 911756.5107421875
9827930.5424301345 890512.8964843750
9833443.7686412185 898227.8632812500
9825526.8498602118 889351.8457031250
9830892.6331486870 896206.0332031250
9868553.0001289137 918660.5527343750
9845921.0399158988 909128.0810546875
9828077.9853527434 890741.6513671875
9846550.4385514334 910780.7353515625
9872171.8425389025 920773.9013671875
9957320.3528891038 928136.7812500000
9837674.5409842934 906992.2539062500
9835147.2642226703 901609.7412109375
9825438.8920357730 887679.6323242188
9851650.0556859858 912128.1552734375
9951953.4383491799 928107.8154296875
9955745.4721646011 928135.4248046875
9859183.6888916679 914513.4257812500
9852667.6609568875 913721.0878906250
9849251.5399451479 911717.2207031250
9825011.8610239644 887606.8266601562
9848746.5866685472 911420.6474609375
9827503.5114183240 890297.0527343750
9880240.0493107419 921725.6406250000
9856774.6498754434 914121.9169921875
9874570.3582797423 921126.9375000000
9904493.2426091377 922542.3710937500
9893247.0735061616 921975.7031250000
9897021.0579717774 922014.3466796875
9848174.6470682751 910951.3281250000
9834083.0516302045 899812.8632812500
9898600.0541187264 922294.4970703125
9873920.4592815638 920782.2949218750
9876318.9750224017 921134.6513671875
