31240115.9775538072 643846.4233398438
32745971.8393834867 657302.3872070312
30098428.4382939935 561941.2518310547
30273957.6509762444 581638.9520263672
30454500.7313614264 598534.1918945312
33488105.0000153482 657793.8071289062
31676742.3964373209 656031.7983398438
30562942.7127506509 607486.6330566406
34693985.1565117091 658559.2641601562
30594213.6935291141 607497.4445800781
31419304.7412619069 650600.8486328125
31233675.4366082847 643765.8374023438
29995130.0912151225 541411.5006103516
30009654.4174112603 548391.4343872070
31219953.4424863234 642538.3916015625
31150402.3488465995 640799.6608886719
30248285.5781465769 580890.8549804688
29982819.7570090406 538399.5137939453
30864143.7619904503 626240.0117187500
30512609.8616549224 602544.6921386719
34622785.4274070784 658549.6977539062
29988768.5880503170 538941.1300048828
31113353.3455798179 637945.9536132812
34081221.3961678073 658238.8862304688
30542194.6590780392 606001.1411132812
31373496.3197506070 649003.6674804688
33001505.6048706472 657496.0551757812
30430978.0848957710 596286.8920898438
30098331.7184228152 561438.5474243164
31412864.2003163844 650520.2626953125
30043873.6168154702 551250.3011474609
32720105.1658359617 657293.7368164062
30958233.7789944932 630576.9287109375
30848619.6162447967 624547.8605957031
33896794.4323997051 658115.7846679688
31559902.1481935307 655844.9438476562
31380230.5145978928 649113.2983398438
31338591.0499677509 647667.4104003906
36835027.3298669085 659348.2622070312
30973576.1266301349 632183.2932128906
37111485.2331940159 659393.4702148438
31114431.7305989563 637956.6899414062
31120872.2715444788 638037.2758789062
34275346.0612069964 658303.3666992188
32312914.0775853619 656854.8325195312
30280050.5615706071 585754.2553710938
34014889.4768583328 658175.1938476562
32007464.9489568695 656596.9721679688
33726111.0458219424 658032.2944335938
32375391.2300986610 657034.0688476562
31128519.6835868806 638176.3500976562
32717828.8943449259 657290.2045898438
33317621.4926543199 657747.5073242188
30507766.8978505880 602540.0085449219
32999229.3333796114 657492.5229492188
34396598.8380909413 658442.1049804688
30753192.7952633202 619609.8793945312
33944185.6690276042 658156.2270507812
30928650.3996259868 628019.8210449219
34365225.2728948593 658419.5385742188
33387664.3732270598 657785.2221679688
32819807.5304489471 657308.6010742188
33554867.6159946695 657860.8549804688
34088937.1417149231 658266.8051757812
37489615.4629554227 659508.0307617188
33419276.9858824015 657787.9497070312
30537351.6952737011 605996.4575195312
34399431.4054678530 658469.1235351562
30928442.4991462454 628009.7126464844
31497903.3234942704 651790.4047851562
34081214.5692427605 658230.3012695312
32892877.4925151616 657346.1782226562
34701272.0686505437 658561.4262695312
37202881.8455811217 659424.8745117188
33352708.8556889184 657772.9985351562
31475946.8645768017 651352.5278320312
30479025.8107360713 599733.5443115234
30906628.2101630345 626338.9553222656
30629607.3165940121 610960.3081054688
33614880.6865031719 657883.4038085938
31537657.6388785243 655836.2045898438
30129802.0034900606 569770.7081298828
31531217.0979330018 655755.6186523438
30510333.5901638903 602541.1599121094
34755488.6468813866 658654.0493164062
30473974.9464519918 599718.7523193359
34338805.0989358798 658362.2592773438
30610273.3796998784 610928.5356445312
30910759.4486228675 626810.5859375000
30678415.7330838665 615711.0310058594
36336824.5237903595 659208.7543945312
36961072.7953242138 659366.4809570312
30476749.5392450355 599730.0120849609
30870414.7661871202 626330.1533203125
30501623.4978309162 601973.4616699219
37545428.4623671547 659529.4174804688
31146233.3919654340 640527.0153808594
30780477.2628608085 620346.0158691406
36386275.2351675779 659226.2143554688
30539918.3875870034 605997.6088867188
34864916.6504601762 658673.2534179688
30646486.8236758001 611904.8227539062
30546050.1054674163 606556.1881103516
30659363.9808054008 612528.6582031250
30736424.3270021044 617888.9602050781
35939031.7768942118 659092.1254882812
31773307.8478537202 656207.3139648438
30340313.0435226634 589470.6225585938
30148314.4589111358 572558.3005981445
30428701.8134047389 596283.3598632812
31292042.6554255784 644071.5307617188
31506418.0161713511 651793.2905273438
30365532.9650627673 590773.7867431641
30870206.8657073751 626320.0449218750
30191661.7916885316 578360.8900146484
32362344.5437947065 656938.4086914062
33129378.0993278064 657550.2631835938
30200371.8840215057 578617.0885009766
30329306.6674351618 588674.8686523438
30386150.4774976969 595479.1440429688
31683182.9373828396 656112.3842773438
36301931.1493683308 659195.3383789062
32190884.3673503250 656791.1264648438
31192035.9719781429 642441.3017578125
37296010.8891293854 659481.2700195312
37513279.3393067420 659520.8657226562
30297761.7076156214 588085.7786865234
31948615.8698940650 656486.2241210938
31302047.9094521180 644996.8349609375
32781526.4778539613 657303.9711914062
31295607.3685066029 644916.2490234375
32602320.7945083231 657156.1430664062
33257850.7556047365 657677.3715820312
33864434.7981284410 658049.0708007812
31048696.8006854281 634714.4980468750
30434833.5312851518 597326.1119384766
32471473.2165772431 657056.5913085938
33030713.2907153293 657545.1889648438
30061935.2799585052 560171.7891235352
31615704.8326981217 655942.5600585938
31622145.3736436367 656023.1459960938
33299680.9168697149 657683.1118164062
31152035.2931362391 640802.2175292969
30793831.7970043682 622015.3012695312
30288760.6539035738 585879.5209960938
33183950.8658802509 657562.4389648438
33469728.3197294846 657792.8784179688
30834846.0812397860 623638.3044433594
32425544.8195694163 657048.9868164062
33032989.5622063652 657548.7211914062
30693602.8755779751 615726.8747558594
31484173.5068563521 651784.5512695312
31096279.5770497099 636942.6237792969
31477732.9659108296 651703.9653320312
30223206.7515080720 578949.9799804688
30809174.1446400099 623621.6657714844
32736684.5855775252 657300.0004882812
31156465.4525635168 640879.6940917969
30268143.1414686479 580927.4522705078
32252592.3879807964 656825.7290039062
30993908.9814450033 632568.7731933594
32675047.4334742464 657278.9448242188
30235498.4132001512 579756.6895751953
30752984.8947835788 619599.7709960938
31224909.0814260021 642567.1767578125
30979821.0284570754 632349.1130371094
32375183.3296189234 657023.9604492188
30709899.6904195882 615763.6970214844
30659156.0803256594 612518.5498046875
30678623.6335636154 615721.1394042969
31150024.9116180018 640799.1081542969
30414293.4225362614 595491.3266601562
30697957.5704577379 615752.9118652344
31394318.4675858244 649332.9584960938
30537143.7947939634 605986.3491210938
30704115.9583127275 615763.3923339844
33630696.6656883061 657917.4819335938
30848827.5167245418 624557.9689941406
37118772.8667951748 659399.9477539062
31314125.4809218124 645213.3857421875
32643563.4761385247 657226.2788085938
32583652.5686837882 657121.9272460938
31007105.4960545637 633966.2626953125
30610065.4792201370 610918.4272460938
31386671.0555434078 649193.8842773438
33208917.5523304157 657563.2758789062
31332150.5090222284 647586.8244628906
31832789.0031324700 656398.7915039062
30964035.6801652908 630852.1308593750
30938087.6286469735 629771.1118164062
31577313.9519497305 655921.2709960938
31309695.3214945383 645135.9091796875
30242923.2199285440 580001.9323730469
31579324.3334679529 655924.3803710938
32928743.0167729519 657378.3500976562
32566602.9706334248 657112.8852539062
30349088.9298267365 589701.3894042969
31307684.9399762973 645132.7998046875
30667866.1726586372 613086.2480468750
30944776.0274070874 629821.9504394531
30932138.7976056971 628572.6618652344
33657493.3748542741 657925.2836914062
30454913.4127668776 599184.0922851562
30821116.2646018565 623632.4509277344
37119158.6899300218 659413.3149414062
30498848.9050378725 601962.2019042969
31799333.3380754516 656230.0297851562
34002585.6032650322 658160.2426757812
30352406.9309175722 589726.0417480469
31164112.8646059260 641018.7683105469
31013546.0370000862 634046.8486328125
31110628.7325837538 636967.1149902344
31320072.9375525340 647370.2736816406
31805773.8790209666 656310.6157226562
30106762.2679508701 568882.3658447266
34025376.4205655605 658187.1606445312
32985541.6972271763 657481.2631835938
30734171.0144336522 616148.5483398438
30910551.5481431186 626800.4775390625
31398748.6270131022 649410.4350585938
31067640.5103285164 635588.4877929688
31873295.2781609409 656404.4877929688
30836677.4962829500 624537.0754394531
31164927.5140092261 642200.1201171875
31692410.4622049741 656122.0151367188
30736216.4265223593 617878.8518066406
34550484.6101468801 658539.5874023438
31960151.9689498618 656518.9497070312
34229252.0641080290 658298.7749023438
32094251.2865455188 656707.5502929688
32010038.9181996100 656600.6860351562
31180093.8520162925 642430.5166015625
31391229.7010484487 649319.1127929688
31034347.6451513879 634690.0068359375
30768327.2424192242 620325.1223144531
30916500.3791843951 627998.9274902344
31022405.5251895338 634679.2216796875
31767731.0539381057 656203.7514648438
33583402.2271726057 657876.0952148438
36359839.9208970368 659220.7651367188
31392308.0860675909 649329.8491210938
31218468.5404804870 642486.5908203125
34293710.2447849661 658354.6616210938
31131812.1220354736 638195.9882812500
33660362.7326777056 657989.4887695312
30987664.0796180665 632402.9533691406
30780269.3623810709 620335.9074707031
31006665.7508101426 633760.9101562500
30507558.9973708428 602529.9001464844
31383582.2890060395 649180.0385742188
31036754.6807235852 634703.7128906250
31534568.8723411486 655822.3588867188
34246953.7907027975 658303.1596679688
34032843.8255029842 658228.3110351562
31468338.4289747477 650799.7919921875
31323424.7119606808 647437.0139160156
33697657.3301001638 658012.5668945312
31146161.2775695249 638220.4794921875
36922215.1315992847 659363.7543945312
31358995.2313752994 648998.6215820312
35249051.7901821658 658866.5180664062
31252193.5490234941 644062.9741210938
31081351.0260878541 635807.5952148438
30535062.3490137830 602938.4890136719
36425476.5670433044 659310.4711914062
35886284.0479870811 659081.5971679688
31066823.3278555050 635382.5825195312
34484732.8127895370 658491.6899414062
36048295.0396865830 659125.5454101562
30729816.3195538819 616122.5112304688
37038752.9455212280 659386.5893554688
35176155.8017207086 658814.2827148438
30637568.8308630846 611327.0161132812
30972497.7416109964 632172.5568847656
34679790.2992582619 658557.5053710938
33875891.1819506884 658056.0141601562
37232449.8367330804 659436.7817382812
36059079.7620422393 659166.6176757812
34340999.9706836268 658368.6411132812
34666718.0735184774 658551.9389648438
35608138.6687301174 659025.2016601562
30714629.1770597845 616106.6674804688
35068946.1496738791 658796.3276367188
33540999.5881352462 657817.1918945312
37428858.0753381252 659507.2456054688
35120459.4084049612 658804.7954101562
36139956.5859635919 659190.1020507812
33215620.5415079556 657632.2661132812
34841808.6847844794 658664.1450195312
32556602.0419823565 657057.3002929688
35600764.0669073537 658961.2280273438
35786822.2459484413 659066.3051757812
30646278.9231960550 611894.7143554688
35288419.6274869666 658876.9047851562
34714666.1357295215 658607.5180664062
34874315.1385380104 658721.9799804688
37423301.5338537544 659503.1284179688
35413507.6575942561 658950.8540039062
32928305.0463053137 657366.8012695312
37237091.2508548200 659461.6411132812
