46222008.1032581553 131971.9611816406
45772715.7307108492 129722.0395965576
45087437.3751653805 122937.1907653809
45175922.7396397442 124262.4722595215
45210225.8127440438 125898.4484863281
45703088.9959974438 129540.6077117920
46202115.4949548617 131508.8898925781
45194129.2799837291 124527.7205543518
44905467.2849070728 118535.7057189941
44918527.4247763529 120282.1287994385
45086811.3737736121 122504.1715545654
45613319.8096486181 128588.3007049561
45828360.8160111681 130375.1510009766
45110693.2385045812 123894.6650085449
45161438.1120942459 124170.6802978516
45120867.7191939354 124072.5904388428
45370567.9352783561 126070.9822387695
45420798.2675321698 127725.9217376709
45918130.0023599938 131327.4580078125
45393782.5498429313 126553.6641998291
44992443.2047001570 122189.4355239868
44878390.9353526011 118156.8662154675
45652083.8624924645 129049.7007446289
44941698.3311104849 122077.7178192139
46708515.1629255116 132206.5748291016
45308578.0146632716 125909.1610260010
45778392.2462347969 129912.0797119141
44982268.7240107954 122175.8076782227
45084164.6087004617 122293.9752960205
45868161.4325836226 130864.3867187500
45097611.8558547348 123072.7511749268
45409493.1704592481 126768.4474945068
45602779.7016277090 128097.3937377930
45064904.1192001253 122247.9336547852
46765387.1533677578 132641.4294433594
45156332.6151630208 124110.9224853516
46648594.5293335244 132010.9652099609
45208170.8075863793 124932.0633850098
