121555.9113748577 121981.0167710356
121841.3754646903 121940.2562763029
121800.5948804285 121899.4957815702
122086.0589702610 121858.7352868375
122330.7424758317 121899.4957815702

121555.9113748577 121981.0167710356
121841.3754646903 121940.2562763029
122004.4978017374 121695.6933079066
122126.8395545228 121858.7352868375
121759.8142961667 121817.9747921047

121841.3754646903 121981.0167710356
121515.1307905960 121940.2562763029
122371.5230600935 121777.2142973720
122086.0589702610 121858.7352868375
121800.5948804285 121899.4957815702

121555.9113748577 121981.0167710356
121841.3754646903 121940.2562763029
122208.4007230464 121899.4957815702
121841.3754646903 121858.7352868375
122086.0589702610 121736.4538026393

122126.8395545228 121817.9747921047
121963.7172174756 122021.7772657683
121841.3754646903 121899.4957815702
121596.6919591195 121981.0167710356
121392.7890378106 122144.0587499664

121759.8142961667 121940.2562763029
121841.3754646903 121981.0167710356
121841.3754646903 121899.4957815702
121922.9366332138 121899.4957815702
121841.3754646903 121858.7352868375

121759.8142961667 121940.2562763029
121882.1560489520 121940.2562763029
121841.3754646903 121899.4957815702
121922.9366332138 121899.4957815702
122126.8395545228 121858.7352868375

121759.8142961667 121940.2562763029
121882.1560489520 121940.2562763029
121841.3754646903 121899.4957815702
122126.8395545228 121858.7352868375
121841.3754646903 121858.7352868375

121596.6919591195 121981.0167710356
122208.4007230464 121940.2562763029
121841.3754646903 121899.4957815702
122086.0589702610 121695.6933079066
122493.8648128789 121858.7352868375

121555.9113748577 121981.0167710356
121841.3754646903 121940.2562763029
122167.6201387846 121940.2562763029
121759.8142961667 121817.9747921047
122126.8395545228 121858.7352868375

121963.7172174756 121940.2562763029
121800.5948804285 121899.4957815702
121841.3754646903 121899.4957815702
121922.9366332138 121899.4957815702
121841.3754646903 121858.7352868375

121759.8142961667 121940.2562763029
121882.1560489520 121940.2562763029
121841.3754646903 121858.7352868375
121922.9366332138 121899.4957815702
121841.3754646903 121899.4957815702

121882.1560489520 121940.2562763029
121841.3754646903 121899.4957815702
121841.3754646903 121858.7352868375
121555.9113748577 121899.4957815702
122126.8395545228 121858.7352868375

121515.1307905960 121940.2562763029
121800.5948804285 121940.2562763029
121841.3754646903 121940.2562763029
122086.0589702610 121858.7352868375
121800.5948804285 121858.7352868375

121841.3754646903 121981.0167710356
121719.0337119049 121940.2562763029
122126.8395545228 121899.4957815702
121800.5948804285 121858.7352868375
122086.0589702610 121858.7352868375

121800.5948804285 121899.4957815702
121841.3754646903 121899.4957815702
121922.9366332138 121899.4957815702
121841.3754646903 121858.7352868375
121882.1560489520 121940.2562763029

121555.9113748577 121981.0167710356
121841.3754646903 121940.2562763029
122086.0589702610 121858.7352868375
121759.8142961667 121817.9747921047
122045.2783859992 121736.4538026393

121841.3754646903 121981.0167710356
122126.8395545228 121858.7352868375
121800.5948804285 121858.7352868375
122126.8395545228 121899.4957815702
121841.3754646903 121940.2562763029

121555.9113748577 121981.0167710356
121841.3754646903 121940.2562763029
122208.4007230464 121940.2562763029
121800.5948804285 121899.4957815702
122086.0589702610 121858.7352868375

121555.9113748577 121981.0167710356
121841.3754646903 121940.2562763029
122371.5230600935 121777.2142973720
121800.5948804285 121899.4957815702
122086.0589702610 121858.7352868375

121555.9113748577 121981.0167710356
121841.3754646903 121940.2562763029
121311.2278692870 122062.5377605010
122126.8395545228 121899.4957815702
122412.3036443553 121899.4957815702

121555.9113748577 121981.0167710356
121841.3754646903 121940.2562763029
121841.3754646903 121899.4957815702
122126.8395545228 121899.4957815702
121922.9366332138 121858.7352868375

121555.9113748577 121981.0167710356
121841.3754646903 121940.2562763029
121841.3754646903 121899.4957815702
122126.8395545228 121899.4957815702
122126.8395545228 121858.7352868375

121555.9113748577 121981.0167710356
121841.3754646903 121940.2562763029
122371.5230600935 121777.2142973720
121759.8142961667 121817.9747921047
122086.0589702610 121858.7352868375

121555.9113748577 121981.0167710356
121841.3754646903 121940.2562763029
121841.3754646903 121899.4957815702
122126.8395545228 121899.4957815702
122045.2783859992 121736.4538026393

121759.8142961667 121940.2562763029
121882.1560489520 121940.2562763029
121759.8142961667 121899.4957815702
121841.3754646903 121858.7352868375
122126.8395545228 121858.7352868375

121596.6919591195 121981.0167710356
122208.4007230464 121940.2562763029
121841.3754646903 121899.4957815702
122126.8395545228 121777.2142973720
122493.8648128789 121858.7352868375

121596.6919591195 121981.0167710356
122208.4007230464 121940.2562763029
121841.3754646903 121899.4957815702
122493.8648128789 121858.7352868375
122086.0589702610 121736.4538026393

121515.1307905960 121940.2562763029
121882.1560489520 122062.5377605010
121841.3754646903 121899.4957815702
122126.8395545228 121899.4957815702
122330.7424758317 121695.6933079066

121922.9366332138 121899.4957815702
121800.5948804285 121899.4957815702
121841.3754646903 121899.4957815702
121841.3754646903 121858.7352868375
122126.8395545228 121858.7352868375

121800.5948804285 121899.4957815702
121841.3754646903 121940.2562763029
121841.3754646903 121899.4957815702
122126.8395545228 121899.4957815702
122126.8395545228 121858.7352868375

121515.1307905960 121940.2562763029
121841.3754646903 121940.2562763029
122045.2783859992 121777.2142973720
122086.0589702610 121858.7352868375
121800.5948804285 121858.7352868375

121515.1307905960 121940.2562763029
121841.3754646903 121940.2562763029
122126.8395545228 121899.4957815702
121759.8142961667 121817.9747921047
122086.0589702610 121736.4538026393

121596.6919591195 121981.0167710356
121841.3754646903 121899.4957815702
122208.4007230464 121899.4957815702
122086.0589702610 121736.4538026393
122493.8648128789 121858.7352868375

121841.3754646903 121981.0167710356
121678.2531276431 121899.4957815702
121800.5948804285 121858.7352868375
122086.0589702610 121858.7352868375
122126.8395545228 121899.4957815702

121841.3754646903 121981.0167710356
121800.5948804285 121899.4957815702
121555.9113748577 121981.0167710356
122086.0589702610 121858.7352868375
122126.8395545228 121858.7352868375

121841.3754646903 121981.0167710356
122126.8395545228 121858.7352868375
122126.8395545228 121899.4957815702
121841.3754646903 121899.4957815702
121841.3754646903 121940.2562763029

121841.3754646903 121981.0167710356
121800.5948804285 121899.4957815702
121800.5948804285 121858.7352868375
122086.0589702610 121858.7352868375
122126.8395545228 121899.4957815702

121841.3754646903 121981.0167710356
121759.8142961667 121940.2562763029
122126.8395545228 121858.7352868375
122086.0589702610 121858.7352868375
121800.5948804285 121858.7352868375

121882.1560489520 121940.2562763029
121841.3754646903 121940.2562763029
121841.3754646903 121899.4957815702
121800.5948804285 121858.7352868375
122126.8395545228 121858.7352868375

121841.3754646903 121981.0167710356
121800.5948804285 121899.4957815702
121800.5948804285 121940.2562763029
122086.0589702610 121858.7352868375
122126.8395545228 121858.7352868375

121841.3754646903 121981.0167710356
121555.9113748577 121981.0167710356
121800.5948804285 121858.7352868375
122086.0589702610 121858.7352868375
122126.8395545228 121858.7352868375

