9839817.6330955345 545036.9348144531
9844745.1884302143 545463.4311523438
9824891.6076498050 523342.3791503906
9833272.2699914575 544598.3981933594
9822174.9650117904 520990.1948242188
9864301.1114758551 553806.0593261719
9848690.4926303681 553613.2563476562
9879082.1876246538 562511.1103515625
9838585.6922522169 544908.1098632812
9823689.4734148048 523198.4400634766
9869303.7143753264 554278.9970703125
9867869.6566663757 553998.9284667969
9827099.9264507499 534032.6942138672
9830738.6964060869 542859.8260498047
9843213.2351089399 545293.7819824219
9829741.8451699652 542743.8372802734
9832725.3682714440 542913.2518310547
9833742.1967497002 544715.4023437500
9840693.9545906000 545208.8898925781
9858574.7307881340 553721.0717773438
9835479.3994895704 544823.2177734375
