65670622.0080378056 2143910.0800781250
65586561.3872616813 2134313.5039062500
65478254.1275041550 2117563.2148437500
69536361.6838579625 2184730.0000000000
65586106.1738985330 2132389.2910156250
67485385.5020809621 2181594.2539062500
65617074.4923695177 2136953.2890625000
66017284.9324416667 2172118.9726562500
65756710.0866960734 2148112.5625000000
68894739.4392574877 2184457.6875000000
69198148.3181319684 2184661.9804687500
65546152.0167829022 2126897.1054687500
65767474.2008506656 2151099.9843750000
65883781.5273514315 2162437.0253906250
65847384.1224075556 2157758.2500000000
65754003.0142119527 2147927.9843750000
65883370.7301330715 2162435.6777343750
66171677.4178427756 2179898.0527343750
65767911.2049773335 2156010.4804687500
65448367.9986011684 2114765.9687500000
65767063.4036323130 2151098.6367187500
66016874.1352233216 2172117.6250000000
65850505.3176677004 2157892.7207031250
65890730.3396497667 2165406.7812500000
65678939.8292242438 2146555.4414062500
65756320.8242718652 2148111.2968750000
65678550.5668000281 2146554.1757812500
65669854.5132861510 2140931.1894531250
65481650.0284999460 2117564.1562500000
65513081.3160853907 2124911.3105468750
65765437.5822753236 2148161.5332031250
65675821.9595217556 2146369.5156250000
65769613.8649357259 2156201.1289062500
65586584.3044537157 2134319.2089843750
65547099.7977777719 2127598.7011718750
65772735.0601958707 2156335.5996093750
65845681.4624491706 2157567.6015625000
65673271.4982183576 2143926.7011718750
65850916.1148860529 2157894.0683593750
65846092.2596675232 2157568.9492187500
65580553.5491321087 2132372.6230468750
65580530.6319400668 2129372.9042968750
65507984.6886249110 2122928.4824218750
65768322.0021956861 2156011.8281250000
65767554.5074440464 2152520.9804687500
65481844.3806866482 2117570.9238281250
65510655.7135996073 2124890.0507812500
66145184.8028388470 2173906.6367187500
65670382.1629050002 2140932.3671875000
68627587.7394033074 2184277.7031250000
65434295.6079187915 2099667.1953125000
65536150.2072299123 2126897.1035156250
65698634.4971379191 2146631.8593750000
65929761.7829403505 2166781.7050781250
66094610.5364113823 2173193.0546875000
65895964.9920866638 2165643.0527343750
66272772.6727833301 2180855.8320312500
66094709.0194565952 2173214.0957031250
65891141.1368681192 2165408.1289062500
65703458.3523564339 2147335.2910156250
65430943.2130649462 2091852.9433593750
66045533.6222692281 2173187.2089843750
65429537.2666672245 2086927.4375000000
65676232.7567401081 2146370.8632812500
65670860.2934601903 2143910.2246093750
65979249.4943008423 2166788.8984375000
66051378.8352118060 2173192.5058593750
65833844.9204465821 2157329.1406250000
65750444.4887993261 2147548.5292968750
65432291.4874537960 2099665.7363281250
65431800.4164267182 2099664.2714843750
65837194.9418970719 2157331.5136718750
66049374.7147468105 2173191.0468750000
65833434.1232282296 2157327.7929687500
66048028.8137613088 2173190.1328125000
65436483.4882163629 2105915.1425781250
65436974.5592434406 2105916.6074218750
65641982.2779259235 2137734.4042968750
66046024.6932963058 2173188.6738281250
65799786.0120685622 2156789.2031250000
65770024.6621540636 2156202.4765625000
65930172.5801587030 2166783.0527343750
65933522.6016092002 2166785.4257812500
65592172.1359639913 2136262.1972656250
65773145.8574142158 2156336.9472656250
65735506.5821929052 2147465.8125000000
65445942.3961153924 2114744.7089843750
65474897.4780082703 2117563.2089843750
65521600.9276283383 2125388.3007812500
65446331.6585396007 2114745.9746093750
66539732.0529344380 2181191.3515625000
65595560.9323711246 2136774.9121093750
65521624.0693818107 2126834.3847656250
65586755.2565392703 2134338.5703125000
65583694.9691403583 2132373.6718750000
65430898.7969201431 2088884.9843750000
65511044.9760238156 2124891.3164062500
65455972.3050603792 2116685.0664062500
65430407.7258930653 2088883.5195312500
65428631.3029625565 2083948.6914062500
65431322.2858715355 2096687.1894531250
65451732.9918277562 2116665.1054687500
65429122.3739896342 2083950.1562500000
65451343.7294035554 2116663.8769531250
65436005.3576611802 2102938.0625000000
65482412.2927609608 2117570.9277343750
65453769.3318893239 2116685.0605468750
65435905.1978858486 2100980.1542968750
65431222.1260961965 2094729.2519531250
68535259.7732413262 2184221.4746093750
68072899.2698648572 2183964.1503906250
65456910.7518975735 2116688.1738281250
68286109.2950652242 2184084.2988281250
67980186.1115609407 2182280.6816406250
65592561.3983881921 2136263.4628906250
65673392.9312402457 2145874.2304687500
65617079.9215203896 2137043.3125000000
65584395.1305551976 2132376.0371093750
65584105.7663587108 2132375.0195312500
65620468.7179275230 2137556.0273437500
65595950.1947953328 2136776.1777343750
65644477.9113937914 2140840.3671875000
65589148.6394284740 2134341.2695312500
65438249.9344267324 2107868.6992187500
65586097.7905135602 2132377.0605468750
65439845.0785296261 2110845.3417968750
65504973.9561310783 2118021.2031250000
65442837.6925716847 2112806.9667968750
65442426.8953533322 2112805.6191406250
65444188.8903769180 2112808.0527343750
65444599.6875952706 2112809.4003906250
65750855.2860176563 2147549.8769531250
65442246.4617692679 2110846.5449218750
65587166.0537576228 2134339.9179687500
67673720.8365376592 2182240.7050781250
65507191.1645177901 2120992.3066406250
65506780.3672994375 2120990.9589843750
65508489.4568931162 2122953.3652343750
65508078.6596747637 2122952.0175781250
67455343.6631260663 2181502.9531250000
