9897820.5474432148 928505.8710937500
9835519.6204425674 902138.4697265625
9845868.3744797837 913993.4941406250
9838815.5224711131 907896.4824218750
9837551.4553493112 903170.3652343750
9837146.9547538999 902808.5185546875
9830476.8345556762 892581.0185546875
9833180.5581112951 894710.1660156250
9850586.3525756840 918714.2324218750
9843076.6930997260 911614.4912109375
9853388.3976508081 919263.3759765625
9842449.9166260958 911246.6162109375
9855591.0120630618 921249.6826171875
9845780.4166553449 911982.0419921875
9885496.4482836053 922573.1630859375
9862268.4655461162 921909.2763671875
