48470442.7422795221 453782.8049316406
50294373.2798864096 464924.4482421875
48017263.3328891695 434002.8373413086
50121725.0556875840 464751.5693359375
48351698.8117701560 448124.5081176758
48290983.5999118462 446476.2651977539
48465428.7282429561 452362.8665161133
49270699.1358313635 462861.2485351562
50397146.3874617293 465151.5263671875
48306506.1192707345 446984.3228149414
48339025.6690517291 448107.8591918945
48913831.1463924646 460954.6625976562
48427582.5276304111 452145.8040161133
49970234.0685190335 464693.2851562500
48507175.2135496289 457538.6088867188
48356155.9596527144 451046.3259887695
48044537.6993706897 437356.0770874023
48158663.1595816389 440801.3194580078
49933935.1680221409 464679.0112304688
49393030.1429931596 463336.5336914062
50671016.6065138280 465337.9780273438
48524424.0583481640 457844.8081054688
48224121.7805118263 444429.1070556641
49626044.3104602844 464128.5556640625
48188647.6039443314 444154.5592041016
49503747.5380776823 463603.3847656250
49510009.8334662169 463911.1928710938
48077057.2491516769 437619.8295288086
49360092.4752807766 462984.5688476562
48503865.6591629311 454906.3413085938
48700307.4615946859 459651.1416015625
48260374.3854082674 444937.1646728516
48224900.2088407725 444662.6168212891
51318341.8002394736 465638.5278320312
49029218.8612785861 461464.1499023438
48650023.9829529971 459340.2348632812
49828824.1391353309 464613.3535156250
50152129.8014810830 464844.5166015625
48257419.7586217672 444926.3692626953
49624338.9457620755 464077.6577148438
49188688.2941771001 462477.5605468750
48257284.4180426598 444866.8751220703
48262362.7706360519 444992.9708251953
48401529.6631954163 451724.8513793945
48735781.6381621808 459925.6894531250
48770176.0835955590 460335.8466796875
49090864.0090503618 462067.4033203125
48352771.6604641601 448187.4026489258
48341980.2958382443 448118.6546020508
48420686.5345854461 452035.7581176758
48270703.5238241926 445237.2760009766
48187931.6703529656 441388.9205322266
48323503.1496928409 447599.8015747070
48663034.3970041946 459518.9453125000
49827118.7744371220 464562.4555664062
48506820.2859494314 454917.1367187500
50247228.7070967183 464908.7646484375
49246617.2095962241 462707.5419921875
48628639.9515708163 459108.7880859375
48625685.3247843161 459097.9926757812
49673055.8190257102 464327.8364257812
48593165.7750033215 458834.2402343750
49516918.8909627050 463926.8764648438
48369010.1134144217 451461.0989379883
48748205.1965099573 460015.2626953125
49418704.0448152274 463555.4121093750
48136624.8385125101 438257.8446655273
48607146.7128367797 458971.8969726562
49671350.4543275014 464276.9384765625
49361891.5353710577 463231.3032226562
48717267.8545219898 459788.7983398438
49363596.9000692815 463282.2011718750
49822985.9997016042 464331.6918945312
49250967.0557831898 462782.8896484375
48437646.9275127351 452173.4148559570
50856426.1749804467 465387.4663085938
48977373.1839970052 461362.4443359375
50151257.9858044833 464793.6186523438
49843419.2873471454 464628.1132812500
48975759.2732401416 461325.4316406250
48652978.6097394973 459351.0302734375
49508304.4687680081 463860.2949218750
48700880.5976167396 459736.0078125000
48538181.5792123228 458259.5810546875
48122860.5641350970 438194.4887084961
49249261.6910849810 462731.9916992188
49399939.2004896477 463352.2172851562
48283194.8563875630 445434.9322509766
48980327.8107835054 461373.2397460938
49133987.3653101400 462208.2304687500
49186124.2284113318 462428.0722656250
48641063.5099185929 459198.3613281250
48456160.7111529261 452310.3059692383
49301724.3543421701 462980.7529296875
49087909.3822638616 462056.6079101562
48098778.6378999650 438040.7821655273
48763913.7882070243 460028.0385742188
48445025.1927541047 452278.0003051758
49032802.2375179157 461783.3969726562
48279141.1473700553 445347.3218994141
48920172.3932318240 461284.0854492188
49063827.4560287297 461902.9013671875
48039622.9850358963 434423.7899780273
48864405.9178307801 460873.9282226562
49179215.1709148511 462412.3886718750
48238559.9887844175 444860.2730712891
48436033.0167558715 452146.5208129883
48808022.2842081040 460552.9091796875
48732827.0113756806 459914.8940429688
48550672.9117757007 458457.2373046875
48746591.2857530937 459978.2500000000
48858741.3947768137 460709.4262695312
48404484.2899819165 451735.6467895508
48702494.5083735958 459773.0205078125
48601603.3985491842 458944.2861328125
48809636.1949649677 460589.9218750000
48238280.8444009125 444839.2642822266
48573655.7557798177 458534.1289062500
47984743.7831081599 432879.3009643555
48639449.5991617292 459161.3486328125
48453206.0843664259 452299.5105590820
48181022.8117283881 441222.2720947266
48221167.1537253261 444418.3116455078
48468584.2695007026 452399.8792114258
48570701.1289933175 458523.3334960938
48381501.4459777921 451658.7551879883
48420533.2368371487 451752.4622192383
48352794.3999043331 448301.4016723633
50863335.2324769348 465403.1499023438
49030240.2743241563 461477.0541992188
48995672.5460979864 461391.3291015625
49031854.1850810200 461514.0668945312
49111365.1648370624 462088.7260742188
50229038.3621489704 464859.2763671875
