44084525.9166577235 1122424.1054687500
44953340.0613607243 1271458.0537109375
45028437.8409743235 1273771.1865234375
44399241.2390770614 1222355.9462890625
44324851.4981105104 1207035.8784179688
44262572.2986917794 1191146.2875976562
44112503.9597038180 1132483.6894531250
44096204.0399573147 1128797.5024414062
44331056.5025468692 1207245.1772460938
45828932.6181814820 1287224.9394531250
44351856.9094191939 1212257.7939453125
44465530.0375549793 1232019.9833984375
44802467.1212761179 1269517.6933593750
44102131.5393413007 1129347.6567382812
45407708.9032046720 1284132.1386718750
44152930.5840407461 1150074.4174804688
44229037.7965392545 1177458.8071289062
44473564.9348524660 1236647.4472656250
44190065.6988525540 1165189.3823242188
44121462.3393308818 1137240.2612304688
44103699.3542594016 1131433.1899414062
44073118.5111273751 1122345.2661132812
44164896.2117236406 1156608.4038085938
44267088.7564577162 1194301.9018554688
44102237.3192371204 1131137.2714843750
44172961.1443378851 1157415.2871093750
44069565.0581087768 1114926.5668945312
44219120.1855702773 1171955.3613281250
44283502.9701787382 1196898.1889648438
44164192.9415018708 1154342.0571289062
44140500.4934241399 1146748.6352539062
44383516.6640005708 1215466.6669921875
44207958.0141157508 1167188.3500976562
45163865.0179417804 1280890.8417968750
45520828.3996982276 1286246.3925781250
44313730.9560650215 1202041.4428710938
44088145.3866448998 1128464.2709960938
44320597.6303506419 1203997.1870117188
44062968.6848054379 1104810.3315429688
44444756.8925665617 1226834.2089843750
44300208.1249726340 1200401.0327148438
44131226.1132731363 1141240.3403320312
44182525.7755247802 1162138.0727539062
44254397.0272388086 1184471.7993164062
44632791.2403945401 1252007.9628906250
44671571.6003888994 1261769.9042968750
44401912.7360458076 1223187.7939453125
44262933.4694593400 1193418.9575195312
45104066.0203784406 1279687.7451171875
44433867.3758152872 1226214.7382812500
44320335.0403445661 1203880.2641601562
44396687.7031012252 1215530.2773437500
44133324.3782632798 1141608.3168945312
44205005.3302436173 1166898.7221679688
44246578.5591116697 1181282.9013671875
44069128.9656239748 1112144.8203125000
44087709.2941600904 1125682.5244140625
44959178.9061042592 1273471.2470703125
44229488.7286305949 1179721.3881835938
44535418.6613882780 1249297.7558593750
44445340.0265001729 1231864.2636718750
44361933.0570618734 1214017.9536132812
45427768.5317579508 1285025.8183593750
44299956.9443343207 1199992.2939453125
44351090.9505759701 1210423.5927734375
44150415.0928190276 1150057.4467773438
44679658.5524241403 1261963.4296875000
44752012.4948393330 1266874.3085937500
44155414.0501884148 1153723.1879882812
44217479.2946829125 1169737.6801757812
44114544.5884891823 1137030.1616210938
44121510.0662743673 1139368.4399414062
44209939.3713551387 1169150.9047851562
45715966.1519981176 1286885.4550781250
45072309.3379259855 1274668.4062500000
44952178.3145394474 1271052.1494140625
45079980.5845441446 1276319.2597656250
44425493.6597021073 1224258.7666015625
45098201.3984012380 1276340.6357421875
45059652.4398476630 1274237.6806640625
45328090.6460461766 1282389.3095703125
44208661.6856894866 1167265.5805664062
44129588.2585331127 1140415.1264648438
44589870.0124884918 1249789.3925781250
44224456.1177079082 1174986.7075195312
54246608.5208208188 1288801.4902343750
44653640.1558818817 1254550.5908203125
44477920.4346171468 1241721.6542968750
44670798.2004374117 1256267.6259765625
44529648.1648798063 1242107.8378906250
44644737.0065704584 1254412.3515625000
44625781.6055858806 1251125.4160156250
45971942.8728324845 1288796.1562500000
55094762.8115443215 1291826.4843750000
44657431.9803282544 1256262.6279296875
54656345.4363530800 1289410.1718750000
54758889.6002796441 1290581.0351562500
55065962.3584268838 1290787.1113281250
