49045530.5706873685 655461.2490234375
48846899.2959787101 642651.2961425781
49801239.7056774944 687152.5449218750
49350562.8861925006 668724.3098144531
48092262.4746866375 586791.3158569336
48675535.9718657210 633612.0958251953
48848599.9960035235 643231.5955810547
48909762.6752771363 648994.7939453125
47717737.0852533206 541643.5756988525
47949250.6154052839 572702.5212249756
48256184.4541396573 602135.3665771484
49742518.4378729835 684164.0566406250
48720562.0172403753 637436.4587402344
49243825.7308506817 664050.4562988281
49170805.0719817132 661336.7104492188
47947847.8638465628 572352.4333343506
49115590.9157767966 658855.5227050781
47753227.2822705582 544185.2404479980
48071017.3357857317 584676.2553100586
49357483.1557070091 669195.6223144531
48144171.0052536130 592507.8449096680
48609266.7206284329 629118.6765136719
49027530.6450217515 653509.1997070312
47976294.6265381053 574804.7533569336
48101093.6267490983 587217.5449066162
49034450.9145362675 654189.7275390625
48072420.0873444676 585026.3432006836
49626427.4174027517 682453.0664062500
48653729.7250507772 630769.2097167969
48657996.8270460293 631537.3317871094
48902842.4057626352 648314.2661132812
49387100.1578106359 671668.7517089844
48325454.7432311624 607272.0217285156
48798194.9068813249 641594.9533691406
48857822.7135484368 644588.9332275391
48864736.6299024895 645325.7778320312
48871656.8994170055 646006.3056640625
48841679.7264890149 642463.8997802734
48602265.3825972006 627641.4445190430
49193223.8054177314 663014.0173339844
48263423.1073607355 603814.1154174805
48159722.1771494746 595146.2453002930
48120371.2518442273 591490.2934417725
48437468.1921172142 616899.5433959961
48548763.4887291491 625217.3256225586
49302486.6234412119 666989.1770019531
48541432.4233201593 624660.1431274414
48415935.0036213845 613911.0551147461
49870993.2908992991 689084.6904296875
49122511.1852912903 659326.8352050781
47853125.1545989364 562480.9313812256
48021922.0893973261 580227.6430511475
48682456.2413802296 634447.9704589844
50020668.1448559240 694299.5278320312
49140366.8976317868 659842.1940917969
49619507.1478882357 681981.7539062500
47933217.2480335906 569757.6530609131
49380179.8882961273 671197.4392089844
49479647.2059571147 674269.6445312500
49538368.4737616256 677258.1328125000
48428301.3663574457 615428.1348266602
47992275.0169849694 576505.2621917725
48720144.8681854308 636752.4017333984
49739780.3342718780 683889.7568359375
49416204.4235115051 672184.1105957031
49616061.7386165336 681466.3950195312
48971800.4492811635 649816.5888671875
48227457.9378102049 598456.6058349609
49217999.7872727290 664000.6887207031
49321458.6204916164 668208.9509277344
48609185.6521117017 628409.1403198242
48262368.8745483980 602529.8551635742
48210167.1981717721 597146.8663940430
49258865.3427367359 666473.8181152344
49494747.1930571496 676742.7739257812
48430473.2072464377 616316.8817138672
47996542.1189802140 577273.3842620850
48672210.2938040644 632137.5350341797
49052450.8402018845 656141.7768554688
48556063.0391331315 625944.4033813477
49251945.0732222348 666002.5056152344
48596425.5252796635 626807.8093872070
49359449.4341335297 669595.7910156250
48493497.8489387855 620045.2764282227
48119711.5909193978 589597.2062377930
49163884.8024672046 660656.1826171875
48042534.7218102515 583172.5112152100
49472726.9364426136 673798.3320312500
49487826.9235426486 676271.4614257812
48852765.7358005643 643582.3139648438
49961946.8770514280 691311.0395507812
47921425.6182366461 564551.2836303711
48214434.3001670316 597914.9884643555
48812408.3736393526 642195.1566162109
49030899.9548744038 654176.9887695312
49596288.9931880608 679464.5781250000
47900123.3004591390 562773.5573577881
48443534.1545467451 617276.5332641602
48091264.8282278627 585591.1664886475
49247195.0407033116 664718.2453613281
48036552.7052102983 582822.4233245850
48257105.0102225542 602178.9866943359
48195536.5823588073 595862.6061401367
48088636.8464674726 585274.7433471680
48165704.1937494278 595496.3331909180
48899075.5172036737 647030.0058593750
48326772.2770351693 607649.0115966797
48322180.6470578313 606774.3880615234
48668609.6597995982 632105.4241943359
48374382.3234344572 612157.3768310547
48115724.2425620705 588501.8051605225
48329767.3845631257 608278.0950927734
48489230.7469435334 619277.1543579102
48277717.6426354796 605123.8548583984
48238893.7145012394 600825.6271362305
50289858.7785907686 695785.4897460938
49200144.0749322399 663485.3298339844
49340891.6567393690 668700.1672363281
49436025.9252526537 673754.2856445312
48794408.4479737505 640243.1072998047
48535568.5523274690 623771.3962402344
48307550.0312448665 605490.1278076172
48389012.9392474294 613441.6370849609
48154548.1706963181 592800.0328826904
47932465.9496271759 564683.1152191162
48199803.6843540594 596630.7282104492
48510657.7128690183 622228.8373413086
48231725.0398054570 599224.7279052734
48734775.4839984030 638036.6619873047
48501418.9631557241 621671.6548461914
47840250.3622881398 553001.6232757568
48785949.5307484195 638771.2889404297
48334368.8632700294 609168.8885498047
49193003.4926735461 661729.7570800781
49429105.6557381451 673282.9731445312
49576773.5070597827 678969.1230468750
49483076.8910237104 674987.2011718750
48474600.1311305687 617992.8941040039
48790857.4883118793 640143.2005615234
48680131.4080210030 633763.9134521484
48271735.6260355338 604773.7669677734
48693670.2679658234 635984.7059326172
48673211.1385065019 632996.2176513672
48487651.6384607777 619156.5295410156
48517957.2632730007 622955.9151000977
48350907.1633872986 610453.1488037109
48419483.0452560335 614638.1328735352
49564260.7403265387 678949.2192382812
48326447.7490530908 607542.5101318359
48987395.5649180859 653153.2885742188
48973339.0969919860 650520.7114257812
48425229.1691447571 614681.7529907227
48980259.3665065020 651201.2392578125
49068319.6372615248 656338.3469238281
49191120.3618908376 661533.2805175781
48976708.4068446383 651188.5004882812
48623480.1873864606 629718.8797607422
48579233.5947377458 626130.1882324219
48471946.9636113048 617872.2692871094
48496406.3779455200 620782.9079589844
48657579.6779910848 630853.2747802734
48414470.4600458294 613749.3859863281
49105163.5346627086 657667.6943359375
48311817.1332401186 606258.2498779297
49112083.8041772246 658348.2221679688
48444767.7425211817 617626.6211547852
49328378.8900061250 668680.2634277344
48633695.9287740812 630102.8980102539
48478867.2331258133 618761.0161743164
50144716.0752281696 694350.9985351562
48962312.6306410730 649026.1855468750
48787488.1784592345 639475.4114990234
49100347.8901230544 656853.7058105469
49557340.4708120301 678477.9067382812
48364032.3688533604 610968.5076904297
48776461.7121083364 638068.0535888672
49953266.4782174528 689600.0493164062
48785150.5611912385 638641.7763671875
48969070.7242017388 649409.8754882812
