133282220.9089829773 253421.2862859084
135104938.9441535473 382734.1343424618
133141207.6343382001 226984.2177470638
133166129.1686359793 230391.4900096371
138701807.1417052150 502293.2294926643
133141207.6343381852 226984.2177470638
133207255.1341355443 238962.1357730343
135916692.1909175813 415271.7379030883
134100622.9629219323 321877.7101157308
135443834.8729406297 396174.7760217488
138898626.9144895673 512461.3247075081
133912043.9406327903 310315.4249147773
141106437.9983174801 537492.9902620316
133442808.9405476600 271858.7463026955
134631411.0286505818 357808.2220434546
134520221.6528136432 350281.2123959661
135405839.0683467388 394667.2000408694
134609404.5708752573 356715.5639584661
133597715.8674270809 286366.9506584122
133983682.1118268669 313968.8919952512
137951918.4728218019 481080.0591969490
133306206.5006479025 254744.4855046584
133777149.3358813375 300708.2787657096
133237595.5933948904 245727.2781834914
137278776.1402101517 463040.4278779030
137757684.3836730719 475768.2690052986
141659769.1687284112 553044.2781000137
137811922.4096781611 477554.2776722908
133106819.2248090953 212820.3535719826
134132385.9572297931 326435.8685421348
135791079.8069848716 412084.2031762674
138826411.7349348664 507083.0766606331
134596032.5786128938 355934.1027424932
133777235.9709567726 300851.1883758618
136856800.4390636086 455516.1018290520
136815002.1504089534 451470.9257502556
133156614.4793460816 230024.7536204769
134798360.3950229287 367278.7627240179
134168246.2519026697 327754.7309165001
154297758.1267596185 626637.0371093750
134513791.1859062612 350167.8494465947
133296385.2868668139 254668.5266194656
138044215.9758396745 483988.6292347908
133282949.9065530449 253588.1834681942
133103125.1125522703 206286.8895865394
133198083.3573903739 238149.0407908871
133217100.4263280779 244583.3923533871
134404870.3045743108 343065.3996174932
137949506.1579285860 478364.3980672359
133521662.8570649177 279616.2970839455
134689439.5136909485 360176.3128949163
143757216.7208655179 569806.6501464844
134778622.4317526221 366610.6644574163
133288380.6415977329 254360.7549975826
133310850.7723260522 255231.3235812499
138360177.8631045222 491299.2359861928
133348070.3892079145 262426.0774007156
141304392.0078622997 543927.3418245316
138861726.3159603775 507294.4134373665
135090006.3988905251 382066.0360758603
133203514.0924350470 238921.6123202755
133141306.4723675549 228011.7430144264
137182301.4851629436 460241.8781952858
134384913.6187085211 341773.1353018284
134477587.2881645858 345607.6171850562
138515036.4141725302 492891.6047304962
141435738.5651593208 547709.6561355591
134532864.7057606280 350949.3106625676
135205282.6829019487 388407.5578067601
133376296.8011091202 264177.1544066384
133124482.2045978457 220317.7349120094
134455580.8303892314 344514.9591000676
134422054.4776216149 343846.8608334661
134629392.6361512542 357529.9136336148
133241086.0179930329 245906.5915721371
135214147.7224953771 388500.3876383603
137156243.6689586043 458343.1034072400
137703223.6462350488 474175.0264996886
136547640.1845445037 443703.5022196770
134294449.5636346042 335512.2816977501
133131297.5045867860 221364.5031479313
133149203.3637240082 229131.8334697201
133229590.9481257647 245419.5065616085
140115976.8646554351 524603.6334233284
138697989.3773747683 500648.7250981331
135865213.8271916509 413962.8618193194
134233926.5433762074 333331.0252107382
133096741.2010653615 199057.8154543056
133126962.2376313657 220537.3809004738
133178829.7180139422 237133.6131940200
137223563.0611581504 460274.5246375799
133134859.1289878190 221657.4713557675
137314701.3020170331 466008.1314911842
141385482.9503069222 544381.3579120636
135363635.8495870233 394553.3919172809
139001725.5305609107 512672.6614842415
133613887.3080507517 287614.1909919693
138142051.9400694966 485311.8284535408
133305348.1652352065 254685.7575555160
133625409.7375085503 287856.8856674149
134390638.8406614959 341946.6332602501
133096098.1443884969 197674.5897562219
137287793.6191509664 465139.6483683586
136446736.9648136497 442356.0520019531
134383134.2890729010 341729.5345542431
133394749.4574906528 268552.6573413326
136664455.5536195040 451073.0477519035
133833563.5880357623 303995.8060721755
140770839.9897142053 536934.9063227177
133121163.4595453292 220294.7156859352
133113634.5247980803 213867.1218079044
134361541.5238892436 341278.5349936485
134000313.1228838563 316825.7353624701
140009358.5879171491 521865.5595555305
133119609.4442190081 214005.6233004885
139101711.9852917492 514787.2909703255
139316237.2718206942 516010.6129455566
136158777.9160016179 428223.3243408203
134177906.8382933289 328312.0616782308
133915088.9410019368 310488.8855838180
134109635.8138458431 324520.5299419761
139297318.3310091197 515207.9491577148
136093693.9197450578 428011.4712538347
135563159.0037513971 402869.5790322646
135802470.3910082281 413825.8654203936
133105265.2094828188 206531.2611865359
139155229.5183885992 514824.7435073853
136327650.9412798584 435691.6732707024
133490742.9418872446 277189.5417530253
135633903.9313579798 406098.8958235309
137621716.8402284980 473537.9089645445
134448111.9541270733 344189.4354109168
135743702.3873829842 409497.3879652023
136192538.8190147877 429123.6617850214
135558701.3390202224 402210.3459060192
138229155.6993450522 488455.7950235307
135969648.2815220952 419968.1075858027
140196517.0873350501 533070.4203953743
135101710.4238236248 382077.4311039448
136631949.8399958909 446458.7236247063
136644009.8914074302 449081.7502665520
133548657.9285607338 280116.5658222153
136277896.0547488034 430943.6892203242
136289956.1061603427 433566.7158621699
137677439.3824186325 473936.2070846558
133743557.9143287987 296479.7238834500
136420138.9959555864 439333.2386698723
136602053.0694240928 445213.6504740715
137324530.0398735404 466082.9356904030
136559486.3136295378 444371.6004862785
136074113.0778041482 427703.5710147768
136651618.8569450974 449749.8485331535
136060741.0855417848 426653.7468670756
133116953.2698505819 213890.1410339786
137977823.7685257494 482932.5257191658
136210949.1427766085 429160.0828199387
135315214.7887786627 393230.1926985309
136323702.0667691827 435483.1419901848
140191677.1523779035 526679.1756947935
147429855.0842994750 588206.5484619141
147651566.4270596206 591015.2990722656
136340586.5973109603 436881.1454081535
133097119.4077890664 205036.4520041360
135972208.8297009170 421359.0780147016
143088508.6006169617 565765.7736816406
135842220.9418091476 413953.3642936647
136489059.1438023746 443315.4969706535
135029968.1619007289 379330.0215168290
134988842.2120223939 375590.5854548514
133974940.0996169746 313435.6000246406
137096498.0029189587 458250.5807099342
135253699.1190704107 389990.9969045801
133102048.7548010647 206066.4281900539
133116953.2698506266 213890.1410339787
134090962.3765312731 321320.3793540001
135875776.4784144759 413975.9245849550
133757983.1837871969 299864.8671692326
133590972.0381421745 286290.9917732193
133930991.5514360666 311736.1259173751
135083435.0727093816 381410.9351237118
139983210.2493731678 520574.1081899107
137290224.2759529054 465250.2071670443
137283239.9417030811 464582.1089004427
133656599.3601312041 292107.3163879826
134732685.7002097368 361439.7821696103
135059443.4959381819 380742.8368571103
135037442.7097103596 379853.9779348224
135720825.7308094501 408209.6712890565
133109056.3784941137 212839.9946254207
133568216.6333986521 284761.8821273758
133123400.6132303178 220314.3567393734
133123400.6132303476 220314.3567393734
133469145.7092767507 275699.4876777488
135798012.7262770534 413166.6322941482
137075567.8992062807 457417.8521865755
133530391.6698180139 279856.6402107193
138800967.4130425751 506669.4220326841
135676863.8647759259 407519.0127311647
138603013.4034977555 500235.0704701841
133323894.3033151329 260871.0654452755
139077317.8212061822 514426.7289719582
140030220.1622687578 524297.1498812363
134016215.7333179563 318072.9756960273
135051009.4334597588 379928.2757535932
138311738.0798420906 490906.5078264821
134572743.4508716762 352329.1459921351
133131297.5045868158 221364.5031479313
135687270.1942040920 408187.1109977663
133680648.3576263487 293455.2214994743
133666080.5947466195 292852.1690020873
133096024.5780346394 193369.5564578487
133413207.0626680553 269265.1361152488
134481545.7757456601 345670.3476386070
135510066.9880858362 401084.6611686647
138208234.2728963494 487481.9250482470
133426637.4999239594 270611.5059691384
138466596.6309100986 492477.9501025472
142926040.1253568232 556708.7814483643
134012946.2925929576 317045.3013209417
133100153.5505309105 205215.0573136224
138117828.9823963642 484373.4320912361
137254266.8841737807 461218.9574198723
133782032.1812823415 301212.7722807243
133826675.4792420715 303978.5751361251
134278386.2935120761 334627.0847251415
134055102.0818583965 320001.5169796348
133765857.8210077584 300609.7197833373
133773592.5608806610 300622.9224667861
135673472.4875389040 406825.2313771173
133764930.9027368426 300602.2702794671
134828839.6393824518 368601.9619427679
134159776.0847268105 327086.6326498985
133314923.8816668540 255266.7590136840
133753546.5554907620 297326.6432140470
133788837.0832334310 301862.7132964730
133279367.2151639462 253154.0381167843
133805091.7306996882 302535.9714994743
133810504.0386184156 302731.3348025680
133272209.2009740323 253113.5146640255
153513734.5431164503 626039.2319335938
134713401.6804813743 360844.4103377163
133772665.6426097602 300615.4729629159
133433121.1234464645 270705.9016909911
133725291.6555860937 296221.0243548751
137412178.0582127273 466959.0962214470
153433126.7869240940 624998.3710937500
141197301.4328317642 539135.7274874374
151210919.4003815055 595861.1676025391
142094336.9520498514 554682.7578907013
138520964.9730717540 496643.0104000568
138278270.5246822238 488778.9021756649
133416949.6828227937 269458.6613574340
133709120.2149624228 294973.7840213180
134327418.9685880542 336464.2410724610
133664334.1000041217 292120.5190714314
137156948.7461439669 458788.9245132357
135959516.0082109571 417511.5003896132
153595708.2125903666 626491.3349609375
153310093.1135377884 623885.8159179688
133245658.4176250100 246620.4351523831
139450563.3530438244 520265.9299672544
133697835.1703499407 294292.4817533805
152960410.2330190539 622124.0725097656
153152311.7350612283 622574.3076171875
133240227.6825803518 245847.8636229946
133197225.0219776928 238090.3128417446
135539593.2447257340 401721.4140721262
153137091.4016699493 622222.9296875000
133382780.4246316105 264271.5501284911
133751211.5550293773 296706.9620018317
145089627.7422518730 582503.2661743164
135176595.7139203548 385431.4869234562
143887802.5544007719 573403.8699035645
149214148.9017244279 594203.0976562500
144378879.4847872853 577889.8025207520
134354029.7308019996 338744.0423129201
134350936.9718424380 338699.2296022773
135167051.8557402790 384467.6311848164
134986351.5341128111 375451.7512113824
135009915.0736016929 376619.3713609576
135006553.3200407922 375951.2730943561
133371278.4095451981 263408.7971461727
145952938.9338957965 583929.0005187988
134995591.8208507895 375932.0716901943
134982948.7679037750 375263.9734235927
135136968.4934021831 382933.2275499851
135481142.6671439707 397287.9016747177
135144637.3620282412 382940.2869319022
152445024.1313648820 615710.1918945312
152483790.5061773658 616082.3603515625
152758773.6635060310 618131.4086914062
152090333.2604865432 615445.9785156250
151926951.3900740147 614267.9140625000
151860382.3518974781 612483.6826171875
151342827.2221263647 607324.6699218750
151889866.9112810493 613770.8227539062
151886050.5326578021 612899.9628906250
151508274.3931333423 607336.4711914062
151671389.1436724365 611892.3305664062
151644400.4940201044 608447.0478515625
