133376151.2684024721 261897.4719378310
133336666.2537612766 254783.9951399281
133525509.6979662627 277530.1398573234
133529589.0098708719 277947.3350599720
133584904.6938637495 283781.3962828475
133924904.6936399788 310315.4249147773
134342654.4527565539 335016.6772302985
136180860.3179310262 416989.0740486979
141777481.6108774841 537052.8357276917
133134215.8663465679 205615.8577462449
133311744.5357047170 253427.4423826649
133427746.9002741873 268331.8235003310
133541681.1385899484 278787.8102960899
133573888.8214045912 280111.0095148399
133817291.2100980431 301948.6210440113
134518845.9119440615 343606.1328775287
135149812.6291588545 381617.0877131522
137322426.6906162798 444605.6039620638
152118117.6630389392 613770.8227539062
133147346.8898357004 213127.8134816899
133355839.4660456330 260574.2727190810
134805379.3842874765 359128.0880908966
139022035.8819181919 481655.1191451475
145010882.6132106483 538795.5903301239
133142249.3967388570 212389.4241816117
133147346.8898357153 213127.8134816899
133285934.5721107274 247026.4443586781
135401353.1599321067 389423.6381025016
133217060.9338714629 237705.7470935299
135393413.9929274619 388424.4626068771
139338510.4704133868 482951.0880081882
133787593.5391341299 300546.5107571441
134418515.8355140090 335830.1937295794
138225772.1303112507 467159.8578719273
136746766.1097899377 432421.0446316600
139550567.2544045448 490198.9259471893
134041230.9412339926 318072.9756960273
133204080.5106630474 235964.4124988033
133502414.2352346331 276023.8455015975
133882146.8322966695 304037.8831090047
141336713.7284142077 532003.7752747536
133154426.9995374382 219901.3799170568
135015350.1361907125 375182.7361506522
134300381.7170773149 333887.7996057868
134590280.1964575350 348225.6853626966
133771697.2375230193 299233.7416436034
134278380.8457600772 332264.8780397773
133596159.2737594247 285094.1653963882
135793887.6798634231 402341.4019765258
133684663.5817475021 292916.9564380958
134807506.8641435206 359161.3859887719
133700559.8833586276 294229.7255516364
139060871.0483950675 482592.4637202397
145075833.2075512409 544264.3974304199
133175378.6919405162 221438.1839445247
136163641.6591265798 416769.3744308352
133912720.9905733168 309486.6058667898
140423320.6178416908 516764.0782227516
140454202.2674365938 523148.1473145485
136536827.7456557751 425815.5322865844
138097144.6787442565 460447.9368290082
148800798.3073841631 561349.7072143555
139605561.1507600546 491372.6300670505
133483410.4444155544 271755.6781729176
135133240.3087288737 375199.2441780865
133734543.4805496037 294533.9503459050
136041031.1655993462 410383.5617036223
135944255.6485718191 409507.1309334636
133182458.8016422391 228211.7503798916
134109329.1386188865 318860.1458558142
135822377.6929811239 402901.6185883880
137443197.9439455271 450242.0623269081
133192162.9768444896 229894.6254585697
134207570.0164686739 326723.5428919196
138980846.8012020588 480995.6384859085
133616073.3345378637 286534.9309721305
135912593.5113092065 403357.1291634440
141426974.4084963500 535537.1638245583
133561920.4549380690 280100.5794096305
137393684.5006702542 449285.5994973183
133463832.4016762823 271030.2595148399
137859412.5656143427 456577.3182215691
151454200.2239612937 582007.2645874023
136465832.0398675501 422738.1018807292
133677233.4731146395 291529.5905072051
133182458.8016422391 228211.7503798916
133175378.6919405460 221438.1839445247
133637685.7354590297 287113.2775767758
134437979.8722207844 340322.1511682868
133156941.1388418525 220373.9641396715
133136730.0056509972 206088.4419688596
136547834.4248088300 426054.6135708690
134005532.6911819577 315920.9574292898
133509050.9865442365 276634.5659464314
133195439.2248506397 230011.7389911129
133149861.0291401446 213600.3977043047
133247082.0420938134 239142.0005043461
133713720.8461496681 294337.2944640233
135015020.4752023220 372699.7894075885
133398959.4603357315 263765.8628214314
134067741.5172298402 318117.7884066701
133143810.1153527051 212862.0084042265
135669482.5598857403 396625.7389952540
133128215.6194351315 197893.9190713181
145664479.5169178247 545806.4865722656
133149861.0291401446 213600.3977043046
133983666.2130872458 310908.7189821601
133951829.7594480217 310904.8717344403
134189052.8777943254 326429.6119613051
139418894.2255719006 488753.1892671585
133169327.7781531066 220699.7946444466
133143810.1153527200 212862.0084042265
135246461.7380282283 382335.0153415799
133156941.1388418674 220373.9641396715
133264768.4434827566 245542.9985283329
133450555.0922074467 270200.2143839314
134730433.8107129335 357798.0352212787
136228424.2367791533 418134.0458900332
146565477.6363568008 560877.9569702148
133136730.0056509972 206088.4419688596
134281864.5784029365 332863.9635238051
139842362.3616747260 498032.6318849698
133763138.3304982334 295514.2694815113
133338551.6426095217 254876.2227443173
134645450.7063374817 351363.6836587787
133128215.6194351315 197893.9190713181
133490085.5067182183 272353.4587335899
134091900.0534065813 318682.4912852645
134316129.4981278479 333893.8080429435
135458999.6115876436 389464.4417843521
136985896.8796602786 439916.5881802440
134215307.9186337739 327031.0631164908
138026611.7510569990 459999.1119002476
134271923.0068617761 327515.2793953419
134157894.5069564581 325830.5273010788
137199490.6656055152 441340.8971978426
133308468.2876985520 253310.3288501217
133805773.2740194201 301729.0550855398
134423972.2783505023 340277.3384576440
136475003.0234994292 424072.0577196479
134137805.6021268070 324507.3272585273
134573369.8766143620 348075.2802814841
138803700.6987791359 471256.5292797089
133699667.6951655298 293885.6193855717
134653381.1002431512 351374.1137639880
133645514.8155657500 287451.2678230717
135112399.3954659104 375190.9982775748
134906348.2833985984 367433.4474963248
150213423.1176748872 571747.2916374207
150292391.3809391856 574949.2100944519
133252190.1725438535 239895.8171256199
133664749.5209690481 291476.1908623534
133680566.3376004249 292851.7161776382
134756700.0606406629 359121.2344400287
134526776.3058497012 343616.5629827380
133986010.2700327486 311483.9932025075
140991427.3227331936 529514.5783753395
138096796.7376928329 460255.2240707576
145777675.3059281111 556922.2651367188
149090269.0706907511 565398.9680175781
139410498.7822395861 483626.0816800594
136883003.5882707238 433844.2820677161
136632916.8383530378 426187.0872308016
136351370.0883022845 422287.6847854555
134677514.0891664326 352555.3523192406
139680758.1212943196 491431.8036684990
133798885.0540076941 301032.4497219878
134241834.0460404754 327240.7380823493
136088558.0248053968 410659.1693696380
135097809.2778105140 375190.6087759137
139540800.5998467803 489764.2690563202
134153965.6840987206 324517.7573637366
136242163.0944226980 420603.8435016572
133600177.0329267234 285222.1618585899
133395413.0689828992 263161.9432074386
136119835.9601353407 413471.0814097300
137753573.7112368941 455652.0305581093
138296899.6985475421 468178.6849517003
133691838.6150588393 293547.6291392758
133646407.0037588179 287795.3739891364
133893660.3645394444 304100.6393107488
140367255.6653939486 498980.7229962349
134029097.5999070257 316760.2065824866
138017829.4782861471 457849.9239119664
133470794.4085555673 271512.9834974720
135605703.4228544831 394615.4626253843
134297813.5708242953 333570.1337674260
138637671.2045769989 469219.7564314976
134823283.1129836440 359675.8967150748
135592945.9504141808 394481.2818153501
134830363.7175723016 360018.9765417576
134933502.3576029837 367796.1217355430
135518122.3684497476 394348.5292060971
133613118.3243564218 285336.8600718337
139351027.0863133073 483397.8379955292
134866363.1694142520 362055.1994494498
133858568.1109735221 303052.2543042898
133829330.6336559057 302777.4400919988
133938912.2875102609 310360.2376254201
133870751.8140401691 303881.0733522773
138966476.8057604730 475802.4934520721
133514316.9054876566 276637.3385246708
133561028.2667449713 279756.4732435658
133236308.9607762396 239041.5818322613
133224120.7206244618 237769.2897723629
136339235.5912558138 421180.6731248796
133255466.4205500036 240012.9306581630
133909008.3920288235 309002.6558012366
137224689.1388158202 442484.5115456581
135610384.7486517429 394750.2199214697
135784467.5218583643 402323.7749183774
135564953.0745750666 394397.5288141966
135617081.5728034973 394830.8973854184
135484550.0385519266 391380.8255928159
133990841.0219183862 311638.6241335273
136109963.6952432096 413226.4327098131
133781237.8754928857 299719.6806084472
135778881.6627030075 401734.3808766603
133322324.2815022916 253742.2730406239
133742981.2975042462 294598.0981594878
136386955.1641862988 422336.6843935549
133756142.2602952868 295271.8497352912
134847800.6123617589 360786.3859728873
136006427.5574857295 410283.1759161949
136129216.4824128151 414530.1340042055
134110936.0325553566 319228.2776644826
151510391.6107034683 606705.4809570312
133505595.6371878088 276089.3742815810
133761785.6813445985 295486.8982398822
133443918.3408978283 269589.4939390975
135365632.7551528215 386590.9784248471
133868733.3978985250 303244.4490211322
133260036.5309422016 243736.6314829304
134420984.5838502645 340004.4853299260
135117832.6168568432 375193.0707832873
135703924.2782029808 398714.6553598940
133463171.1280674338 270442.9090593769
138000341.7039720118 457662.0264960229
133378647.6579789370 262442.6636026814
135659461.3590012193 394899.9834474325
133521767.0778114945 277347.0447203475
133343261.1951067746 254927.0913163680
134874581.7321184278 366592.3321325779
135335663.6201126575 386375.5436648130
141537637.4992019534 535739.5251846313
136945285.8981970251 434297.1784157753
133299166.2647657990 247780.2609799518
133268044.6914889067 245660.1120608761
133211140.2974160612 235969.3011611416
151152235.6801199019 581936.3070678711
134985791.4597455859 367927.6782377958
151818502.8532234728 609633.9648437500
133434383.6515837759 268942.5439451649
137387408.0005166531 446789.5207924843
135982909.2966499627 409753.5705742240
134868665.7531619370 364198.4017382860
134600541.0684035122 350006.4993945360
135325330.6693104804 386343.1107426286
133328571.6587372124 254750.6416014149
133408090.8168714195 264008.5574968769
134615873.3780131042 350384.4465845823
133424471.7057847828 264571.4622278525
138191697.9564194381 461812.2538909093
134497881.5709835589 342349.2132750750
133362476.2173552513 261184.9931639149
133392322.7090261132 263155.1423765975
133344743.0993608832 256008.3120401814
133250358.2900999635 239259.1140368893
136896474.8490881324 434179.9566677809
133382788.0197120458 262508.1923826649
137959103.6747322083 457152.7104006386
135514567.9394285679 392531.1074942350
145692202.3227577209 548527.2736434937
133360766.8324133456 261152.2853125050
146692568.5882518888 561227.0275497437
136889458.9970858693 434028.2403096557
133327713.3233245313 254691.9136522724
133306246.3744675368 248349.6435774281
133391061.0408350527 262692.1591089680
133381078.6347701550 262475.4845312550
135391173.0437043011 386607.7839909196
135469845.3477296531 391165.3908327818
135724429.4905917346 401549.6063639224
134486555.0201734900 342338.7831698656
133390839.0959084332 262520.8298834278
136799173.1375115514 433762.0503567457
137340540.3346119225 445862.3017912507
137116004.5353115797 440096.0484953523
137130329.9561134875 440394.6713704467
138116805.4155964851 461453.7652922249
138945324.6401602328 471684.9153144360
134563546.3302909434 344165.3955135643
136502048.3844258785 424861.3114193678
137583412.4120685458 450816.4620184898
136695389.2368575335 431295.6629818678
137273538.9322474897 443058.9634610862
136673394.6804701984 426451.8874607086
134385805.9608895779 335825.0271559954
135149489.9531970024 377472.1175372601
137197791.8080526888 441332.4323789328
