45289542.2809097394 113431.9911522865
45234862.7045289949 109762.4756469727
45283739.1141038761 109885.2758808477
44952187.7636954188 93259.5559878349
45076819.8892525136 101536.8282661438
45160014.5111684948 105640.1646118164
44922267.7614209130 92882.3822503090
44926613.1347694248 92894.8508625031
44888622.3695858717 88871.9635710716
45169105.7132814005 105703.4044990540
45278039.5926099420 109883.9707684858
45256809.8380003572 109817.6645774841
45220994.1653227657 109310.6630716324
45506632.8143519983 118129.8979511602
45632485.4522202685 122252.2089863164
45125865.9898258075 101673.6040334702
47213467.7423779666 150737.7699091434
45364188.8792155236 114007.5869160039
53151109.6829075292 168502.9484863281
45558216.2249369547 121677.9183349609
45212272.0699414611 109309.6801171303
45415772.2898004726 117555.6072998047
45087141.6723350883 101581.0934638977
45125040.3550651446 101598.2762641907
45152188.5062000528 105595.8994140625
45192013.3662632331 105715.0873146057
45829605.8385348767 129371.6954345703
46993263.3261630014 146548.0362243652
45854450.0094556436 129618.9639139175
44988960.5185355693 97004.6932854652
45657377.8151559159 122311.7210106850
45865320.0003429279 129622.6132223606
44956533.1370439231 93270.4056887627
45453368.7550320700 117557.6764254570
44916250.8135698661 92507.1793670654
45675550.6362833157 125798.9242577553
44948707.1320754737 93226.1404910088
46043800.1188034415 133813.9147872925
45628569.8458023369 122250.9038739545
45022318.6971575096 97458.7824287415
45004674.7407705933 97351.2773437500
46343912.6149392352 141507.6918869019
45040262.8809199855 97470.4652442932
45058875.7054900452 101122.8512153625
45014492.6921890751 97414.5172309875
45486125.9106658623 118128.5928387983
45360273.2727975920 114006.2818036420
45131485.0122154355 104876.8839027882
46736213.9295527488 142425.7251892090
45474873.5676194131 117663.3542108536
44930093.7663893551 92928.5757789612
45551503.5422990769 121374.3418436050
45204361.3218164369 108999.1949379444
46093830.5749307051 134161.4097433090
45337341.8781377524 113930.7716674805
45136090.7972915322 105245.1622505188
45315317.8879850805 113481.7333641052
46170460.5496103764 134499.1639938354
45679466.2427012473 125800.2293701172
44963249.7098028064 93292.2061958313
45618286.0985434502 122230.5826683044
45704413.7178035006 125848.6664695740
46123479.7591293976 134309.1868829727
46192155.7995610908 137385.3808517456
45108210.8541090414 101592.7762794495
47518793.7558529899 157524.0257303715
44946857.5368411094 93214.2435183525
45403905.5976244286 114043.0701408386
53195958.2750878632 169740.1705932617
45254173.1338690147 109808.4606323242
44967574.7312644348 93347.2378692627
45485339.8079873621 118108.2716331482
45536092.4683836102 118183.7817649841
52329566.5894765630 166943.0789184570
44919860.1132214069 92510.3523349762
45192260.2641475350 105741.3385276794
45595935.4393711388 121801.3350372314
45475137.1850292534 118007.0977172852
45075524.3732787222 101517.8535766602
46257307.1367060393 137936.2258224487
45353961.6352430359 113985.9605979919
51791214.4039600343 166294.5879211426
45875396.6213939935 129970.9775047302
44980074.5290693119 93356.0341706276
45922540.7055949122 130039.0987081528
45472464.3330520913 117660.8008499146
51547636.1747899130 165598.3988952637
51099756.3821460828 163091.3956298828
45307860.0233648568 113433.2962646484
45222893.4982583970 109310.9852294922
45744968.3235951215 126352.8937034607
46785400.8243430629 143028.0290534496
45455653.3376399577 117604.0443992615
45572450.1542374194 121726.3554344177
46733481.3765818104 142388.0848013981
46040542.9624701962 133805.2375793457
47546302.4599900618 158194.4616332054
44984449.2542432323 96632.6633701324
51529214.2132820338 163902.5948791504
54407761.0334789157 178698.1384277344
46028981.3537909985 133744.9242575169
45915350.4564702064 130030.2873163223
46927208.7269597277 146331.4529962540
45967664.2044219896 130337.2052633762
45273257.5956763774 109818.4834594727
45818474.9305706620 126485.3938865662
46013675.6811005771 133194.0792868137
45228803.7905345038 109359.4223289490
45352156.8342867941 113939.9756126404
47460420.1716299579 156450.2264139652
53935959.9749313891 177618.4699707031
45234154.0252594948 109367.4732856750
54782101.1174841747 178981.4409179688
46551041.1664071605 141783.4547452927
46184076.6472288817 137316.3903219700
46023752.3021516353 133542.4435691833
46942419.0241541639 146390.7262655497
45905002.3067313209 129982.7877168655
45805311.9537388086 126354.3396263123
45924183.4665710181 130313.1529235840
46796264.8386104628 145101.8046288490
47143873.7515998110 150486.4545633793
51059696.6395349428 162435.9553527832
50609572.2481521741 161197.2435989380
47417644.5633755028 154821.8837625980
47560841.1303434372 158242.9591615200
46774887.9883977771 142590.9994773865
51194374.2360032573 163483.5643920898
46010418.4143293947 130806.8537292480
45977277.6182012036 130411.9242415428
45974619.1544841602 130347.9271101952
45996907.8860113919 130422.4506697655
47298262.7217540964 151260.6987040043
46521597.9508982524 141732.2033295631
47067667.3816392869 147333.1543211937
47241563.0991507173 150807.6397948265
47335701.9545966312 154049.5402567387
47259479.6089775339 150935.2886698246
46934709.5810690746 146364.1435282230
47064742.4958533868 146583.0770344734
46814735.9465755150 146022.4011685848
46722588.7334570438 142354.6172940731
46572896.9214132801 141893.1872818470
47921686.1864696667 158280.5590150356
47009422.6154989600 146566.3432877064
53125729.4096458405 167758.7873535156
54346837.8489519209 178496.6384277344
49545290.2934880704 160116.7231180668
47968998.7650586292 158293.6713197231
53466316.8317969069 173720.8486633301
54718901.9649275243 178795.0192871094
50937320.1959743127 161262.4732401371
52321178.6968726218 166715.4340209961
