31047263.3548546545 1680128.3125000000
29555984.8520276770 1532230.1396484375
30093563.7900663577 1650379.6406250000
29653291.9749521315 1583155.0585937500
29998550.2188990191 1650004.1542968750
29543932.9499133043 1526441.6279296875
30209306.3207969926 1661030.5488281250
30010337.1941328458 1650121.9218750000
29511033.8403895423 1491742.7656250000
29616937.5787284672 1573415.1777343750
36548691.7073406726 1683283.3554687500
29823891.3667725995 1624574.2011718750
30065947.8048109971 1650222.6347656250
38605786.4710547552 1684245.1191406250
30906867.0457347929 1680098.0664062500
29604729.0352851152 1567928.1816406250
29816873.0108288638 1624530.2929687500
29708851.8265214302 1595617.8447265625
30106192.9136867039 1653578.5078125000
29513951.9327273332 1495396.2783203125
30100265.4757555500 1650509.6152343750
30481836.2200227641 1674267.8828125000
30167277.3122521266 1660873.9492187500
29519809.0931029618 1503039.0224609375
29833252.4431814365 1626866.5917968750
29950251.6891420856 1642826.5371093750
35216796.1791054010 1682815.9218750000
29595547.6343606263 1566533.0488281250
30008061.9308877327 1650008.8515625000
29534341.6832604185 1522032.1542968750
29747805.0271584280 1617151.6093750000
29546034.6805875413 1527364.8720703125
30319861.4950766452 1670004.7070312500
29577310.0234813318 1555274.3408203125
29655480.4318865314 1587076.1367187500
29507385.4877839461 1484471.0791015625
30404994.8505661897 1672430.1132812500
29808785.7055823803 1621722.2714843750
29509117.7287490815 1487762.1474609375
34466779.2894260213 1681791.6914062500
34566352.3923567608 1682566.1484375000
29576108.0160879381 1554453.8291015625
30258777.0965112187 1662709.2656250000
29896720.8169207610 1637309.6914062500
29886753.4295329563 1636446.9902343750
30557120.2090258896 1679674.1132812500
29874584.6263010800 1632773.1875000000
29854005.1772235855 1631582.5468750000
29528419.9269645289 1510846.9990234375
29891247.0290334895 1637297.6835937500
29560670.2301057354 1536319.6611328125
30107013.8483036794 1653584.8457031250
29526709.7923368998 1508847.3730468750
29587335.2041521743 1563268.7949218750
29672212.5323878452 1588199.9501953125
29696177.3526080623 1593155.8554687500
29732003.3722587153 1610637.5000000000
30259598.0311281942 1662715.6035156250
29782559.1836529486 1618667.6054687500
29555820.1826390661 1531783.7978515625
30701782.6460479833 1679957.7558593750
30164824.0900493227 1660767.1601562500
29849511.5777230561 1629031.6289062500
30164003.1554323509 1660760.8222656250
29564427.6652011201 1536957.0908203125
29715962.3117733337 1598552.3964843750
29742316.5386095867 1615779.2558593750
29633779.6089909039 1576648.3388671875
29530389.4396323860 1512608.4111328125
30158529.3675450757 1660748.8144531250
30103917.6504415907 1653465.4375000000
29541605.0817170851 1524148.6113281250
29720513.8495535962 1608024.6445312500
29597584.9527506381 1567876.6074218750
29553354.1961981766 1528905.7294921875
29604374.2606193274 1567920.1552734375
29586840.4456650987 1558261.1650390625
29646344.3951309994 1581377.7744140625
29754648.5223820843 1617536.4042968750
29513836.7886108235 1493280.2138671875
29607265.3164149821 1569439.3476562500
29726002.3381024376 1609255.2949218750
29570349.3211360723 1546054.0498046875
29685690.4998228177 1589528.5009765625
32962377.9478441104 1681390.6425781250
29506471.2005720474 1483960.0693359375
29704221.2163366936 1594848.2177734375
29624428.7432897314 1573660.3808593750
29592379.7772231102 1564906.1982421875
29567822.5144655555 1544450.8183593750
29695970.5752967671 1593088.8427734375
38351640.8133290559 1684198.4902343750
29869110.8384138048 1632761.1796875000
29859478.9651108645 1631594.5546875000
29703655.8080391064 1594554.6894531250
37236986.5187989846 1683484.5566406250
29612491.7453968078 1570959.6972656250
38097072.2864371985 1684195.0468750000
29695850.3567005247 1590421.3076171875
29662613.6692209542 1587590.2812500000
29640810.9801649638 1580296.9697265625
29515492.1876250431 1499024.2333984375
29698167.3194902651 1593884.6123046875
29827778.6552941576 1626854.5839843750
29573994.7034680583 1552229.9248046875
29795980.7055017315 1621535.4941406250
29826651.2638087049 1624708.9804687500
29509230.7898050100 1490174.7109375000
29564241.9113814272 1536527.5322265625
29787905.7341951504 1619186.7050781250
29531419.3331696317 1515876.7822265625
29566428.9250575975 1541042.9384765625
29524315.4742822163 1506875.4580078125
29719308.4854474552 1602629.0537109375
38781855.6901827753 1684369.8066406250
29710136.4848989509 1595687.2353515625
29693122.7464193292 1589916.5703125000
38067331.3390711099 1683766.9472656250
37570117.8469674885 1683539.0136718750
37899322.0541588664 1683623.1757812500
