133917565.9088172764 305553.3276004028
133541662.9764070213 273835.7192602936
133496152.3845742494 271382.2354761213
137221440.6552219093 438907.2271978632
133219771.5521025509 236851.6882578377
133447202.3202932179 265333.3158649389
133385735.3220237046 256884.4684210602
136269271.9174183309 415875.1561827660
133220115.7042680532 236896.6328708176
133247389.0148548037 239393.9782991260
133281218.6235252321 246330.7105865721
133277504.1416543126 239784.3237753958
133608247.4962973744 280549.0697234247
133665533.7429175377 287227.5794989914
135225919.4774704874 375051.3684947491
136903942.5173093677 433951.6521036401
136669617.5593987703 426269.1501199976
134294641.3461214602 329509.3678893875
136798437.3092793226 427179.7736551538
133601441.3175317943 280491.8574548811
133201586.8632937372 229176.2389279846
133209126.9907024354 230821.6402126793
133503153.7359629124 271655.1919165436
133551617.9002315998 277064.1027399153
134931726.3402835727 361915.4691022522
133216140.0747419745 235997.0303632263
133397044.5192207843 257575.7640608996
133459069.9905888289 269306.5519586653
134484840.8451269567 339135.7609842903
133167464.1067500710 220280.3465924505
133223747.1816286296 237751.2907654289
133521153.1056060195 272858.9082056135
134856112.7581405044 355264.0891776085
137705847.5602789819 448206.2329993621
133180501.8445923179 221778.1337210182
133173453.3947423846 220923.4758264069
133566819.5631084442 278039.5449375510
133410605.8263201416 263897.6411352936
134205825.0838802755 322829.5727233719
134989464.2869413495 363065.7791113853
137102292.6860872507 437013.2293944359
133483161.1730172187 269713.3496716376
133402750.4472968578 262428.5434785932
133631291.7232253999 285276.4975135177
133483892.6868572235 271257.6339441389
137312878.7994210422 440448.6822181121
139581558.2037415802 496037.4184679538
133456295.6522164643 268693.9008536190
133506980.6614179909 271989.4540595263
136402079.4615488946 417299.4084099531
133684368.1937829703 287273.7684482932
134164485.0948753506 321068.4291629028
137323603.7913178802 442772.8264105096
134913063.8808564842 360289.8575723674
136620984.5559727252 424683.0581902266
139445134.7738541365 489817.5038001851
145202689.7176263332 556070.4111480713
135760792.5405095816 394471.2505896091
134504286.7759735584 339348.4541921616
138139399.9798952043 466938.7553864904
138077359.4709201157 466916.1274969354
137566265.9104851186 446821.3556158319
138499782.6971479952 472370.9455542937
133195090.9939055592 228823.4648294691
133697851.4587565660 287789.6484593749
137456226.9911950231 444369.0259039178
141515561.8966559470 527286.1023759842
133749693.3109213859 290162.8275698852
133838532.4995414615 299280.1299738120
133206748.1748447567 229969.1305808071
133617612.7581554800 281587.8166667074
136081851.5276153386 409171.6944622993
133202078.5408525020 229966.9823180679
133176560.8780521452 221355.7110657934
133349817.6069722623 255279.8005814735
133528154.4569946676 273131.8646460358
134445702.8393074274 338011.1627325844
133323402.3624512106 248571.8657141511
133777062.0447684228 291486.0267886352
134261026.4198412299 327337.8687217664
134004072.7341960371 308147.0436079334
134412403.9529212415 332300.1672297076
134316098.8724138141 330579.5367560219
133981724.3120414317 307805.9736583065
134300969.7215170562 329964.3084523510
138419761.2349672616 472309.2673895136
147836930.9490170777 564885.3468322754
133160658.5130893588 220164.6660367493
133659545.4975145757 285322.6864628196
134926258.7231805623 361184.5733970291
133576618.6212633550 278540.7754694074
134944050.2290618122 362248.9523032791
134649244.6093109250 346898.0456641800
133265661.0151584148 239743.8003226370
135216616.0077369809 371602.0109070539
133361915.6850691438 256080.7709250301
133726057.2972070277 289854.0808147788
133956883.9354139715 306136.4477457236
133296341.8007348925 247144.2870526165
133298081.9122977257 247367.3857960288
133349547.7015760839 255031.1550111026
133265360.0098811239 239497.1386276335
133700539.6344066560 288369.7276601195
133424114.3457324654 264601.4957495515
134053538.9786609709 314123.3104374241
133183860.5496016741 228000.5251394752
133232265.8376450837 238580.4018330816
133994048.2008197010 308139.4568593334
133362185.5904653072 256329.4164954011
133331742.0513036251 248585.9075509361
133347016.4431418180 249126.9166170210
141293392.1959032714 523837.9871034622
134029719.9306289405 313310.8783816528
134351786.7482204437 331700.2791422493
134874334.1821333766 358921.1769083793
135102967.2035606802 369563.6080470085
145831334.3009846509 563595.4841003418
145789390.2181414366 561808.5664978027
134421623.2461472750 337259.3319220375
133886534.5775327981 300056.0096256565
136000700.3873524368 406436.3839387894
136409978.3027888834 422309.5077452660
135920103.1728046834 402528.3303837776
141948575.9249185324 534190.3563232422
133213560.2068560570 235994.6625181679
134259198.4243178964 323979.6182684731
133304538.1435410529 247509.6447005250
133881578.7127201855 299577.0607709121
134099262.4687047005 315897.0076405834
134386905.1263814569 332196.9332403969
133718634.8764496446 289299.3841937035
134056245.9829249084 314502.4478362035
136310229.0559399128 416309.2844634056
133355137.1406154633 255474.7586007897
134460761.2519667745 338383.9301737434
135825574.9483484328 399474.8997316360
133188285.4002448618 228707.7842737678
133295749.5821283013 246431.8880625013
134131124.9738923758 319541.0498936772
136510051.7875156999 423441.0211577415
134081255.0724252164 314830.6946394276
133373694.4624328613 256395.6026057784
134138547.3946497738 320819.7846153211
134541656.8118245900 343888.9611182045
137275982.2076721191 440387.0040533319
133145575.1950023472 199423.6535691265
133181236.9503949732 227853.1263791565
133559959.0482640117 277179.6890354753
134181563.8804295659 322214.3444197010
138822680.5028349757 477461.7039129511
133908277.7897348553 300389.4928266834
134174639.8100950420 321186.0988676976
136882378.6023623049 432440.6089714766
133957905.2640094161 306993.5416025352
135267370.9677446783 377325.8927268982
134038238.5866454542 313436.1348350476
134119510.6930971444 316145.9216918778
133151653.6683605760 213314.0323801283
154672875.6323734224 614799.1806640625
133342329.8948027790 248616.6774020046
133788413.3370151222 296288.4323772788
134199852.2023180425 322455.6717223953
133145674.0330317318 205965.5537700895
141673326.5345940888 530713.1705217361
140533836.5899825990 503162.8962907791
134312648.7424008846 330575.6808905434
141266127.2486056685 523762.2624583244
141586694.9024249613 528438.0981035233
144230456.0549613535 555194.5551033020
134214700.4276057333 323895.8857245278
133373956.5446600020 256843.9439455122
133150222.4960497618 212897.7454219107
135208160.0472395122 371271.4635920525
143570171.6449179649 542903.6349687576
143593914.5394149721 546506.7350664139
133146535.0075716823 206305.8251136784
135779425.0282301605 395690.6991624832
133154411.5707270354 213334.5783751253
133155341.1568386555 219905.9526883606
136920241.9789568484 436524.1020936966
154505656.9138443172 613279.2319335938
133246796.7962482274 238681.5793090109
135240644.3841951787 375652.3783137798
135357567.5977921188 379202.6004664898
137618723.6087734401 447990.5284063593
134664536.4600548148 347053.3327455353
135255331.5441868007 376831.5645918846
137754591.0479552150 448291.9239204244
136115494.7908222675 409282.0194215775
133170800.9333553612 220379.9139704946
133939897.8677299619 305927.2286013793
135544781.5474480391 386615.4672319889
135547798.3682403862 386733.4059004784
135440241.9641328454 384418.8168056011
135765209.7563081682 395272.8191576004
134789301.6009383202 354616.0030540115
134769278.1749883294 353527.6748603469
138663372.0352612734 476228.9656317011
134660409.3357159495 346992.2738923859
134850765.9036283195 354686.2819948029
136032758.7709318101 407277.3210148811
134706060.5760085881 351651.2457980942
134785174.4765994549 354554.9442008621
137484382.7924427390 444494.3857073784
133392819.7278793752 256888.7566561550
134732874.6930498183 352442.3608487732
137558378.4162821472 445480.6870988980
135034855.7274167836 368380.8915546443
135239983.1105863452 375181.3553273678
144174478.3381901979 548644.4096565247
136833096.8038751781 431245.2842211723
150408567.7374109030 578761.5510253906
150908767.5965709090 584674.7170410156
135663363.6629250050 392904.3332208097
144036883.1004642248 548540.9466438293
135839690.3456065059 400886.0794115067
140370168.5115177631 499548.7025468722
135435516.3711574674 384106.5600557327
139107766.5602059066 482579.3871314839
138974778.7565436065 481602.2242896871
134625165.0161507726 346146.2148536331
136890099.3193383217 433016.5292162895
135821748.7828515768 398577.5859730963
147101559.6448122263 564825.1930541992
134612841.1273725033 345812.7316526062
138585737.6743356884 474876.4907060862
149834240.6143739223 575577.1225585938
141140832.9611441195 512332.1040945053
136243942.2798458934 410443.8454561234
139651380.3443467617 496236.5417567492
135582344.1391389668 392143.2344105963
139635680.3509646952 496108.2654629648
141721054.5387564600 531324.9789628983
136153398.9884787798 409301.9327526812
135660679.7946316302 392901.7917378668
137893606.6892806590 457499.4618669748
141886786.4436159432 533986.5203857422
153699063.2561901510 610699.5344238281
134740957.1042333543 352580.5664161331
134680203.8188842535 347578.4395870995
152629020.9791934490 591174.3155517578
133787410.2045861781 293446.9141952246
139309018.1931723356 488258.4669349507
139360922.7005038857 488337.6981361226
152820743.1780253947 598462.9235839844
135424334.1429313421 382981.9039418697
135254587.1674959660 376352.2747457027
136259129.7899583578 410698.0697145462
136204041.8932715356 409714.1621813215
136071927.5825474262 408864.1394166946
135638731.5226805210 392622.6681642532
139452724.6390179992 494714.4705970601
134290431.8981775939 327620.4504301976
154224947.0585774183 612694.5065917969
140095313.4602491260 498460.5154263377
136034795.7360881269 408269.7291917801
136045336.0774303079 408490.2384157181
138385251.7444735467 470956.7924638987
134516190.5124043822 339462.5638221389
136354021.2129449844 417026.9623103142
134342342.8884247839 331366.7959412223
137778238.2307365537 449844.8347383738
133763824.2752915770 290537.4048272222
136576207.3124541044 423452.4176889185
140624252.7745200992 509839.0549736023
137806984.4171459377 450053.7963701487
133784630.2971455008 291647.1807245445
141797141.5342657268 531730.8884706497
135908935.1598391533 401716.5097005367
142034765.3497267962 541906.6240663528
134190235.3178037107 322298.8630478214
136594158.8860363066 424196.2281556849
153626557.9719360471 601014.9719238281
133348071.2307645977 251787.2625283450
135972467.7287036180 406018.5039339066
135445367.9678994715 384494.4818532467
135222387.2834596038 374620.2293977737
136802899.4887574315 427782.4373830084
134083093.1454164833 314845.0992178153
135625420.7528308034 392252.0326344967
137734308.7097374201 448252.9860776663
135253342.9483111799 376308.0822906494
135515754.5341624022 385756.5554628372
135279964.0072011054 377995.5115983486
135526158.8098914623 385816.7518117428
135514590.7992167771 385283.4361283779
135518212.9321737587 385759.8209340572
135321580.9057286978 378048.6072270870
135143087.5994763374 370291.0564458370
135124324.0266597569 370040.6351055652
137515215.6846712232 444824.8773996098
137825740.3259412050 457243.1297136545
137906504.8935024142 464044.2176653147
135021219.3726361096 364197.6876148563
135159435.3954138458 370376.5503372531
136825017.8253954947 428233.5498101003
137395811.3098795414 443859.4114509574
153370615.6992267072 600046.9455566406
137439794.2549234033 443860.2013972750
148524605.3602807522 568659.8292541504
