29907950.2799685933 2130456.2226562500
30408482.0926450416 2190666.4843750000
30468046.5174426660 2196669.8632812500
30336640.6846515387 2182800.7851562500
30439721.2752242982 2191349.8203125000
30344596.8683393635 2186459.9257812500
29714538.3877432719 2087297.5468750000
30778161.1694397107 2210263.3828125000
30217811.9040285721 2176260.7343750000
29864234.9341759421 2121451.6054687500
29648250.2111956254 2058881.8359375000
30171353.5112874471 2169446.5664062500
30111814.4613120817 2161770.1679687500
30531931.7417483404 2199859.9335937500
30575987.0667174384 2203155.6640625000
29730453.6792634726 2095493.7890625000
29681631.9817803614 2075378.0625000000
29666031.1280779615 2064553.0859375000
30100614.7988849916 2161241.2812500000
30074306.1826619692 2155184.6445312500
30883424.3373819701 2214270.6132812500
30065497.0640828684 2154755.4804687500
29998917.4743958339 2149448.4218750000
29806076.1322774962 2108924.5273437500
29631827.9786482155 2050730.3046875000
29913192.6529664472 2132294.8593750000
29856463.3641929217 2118538.1796875000
29805343.8651909977 2108905.7226562500
29682237.9532741904 2077640.8906250000
30131373.4761611521 2165564.9687500000
30709168.3036814481 2207245.5312500000
30569166.1973822452 2200066.0859375000
29856680.6528309695 2119587.2382812500
29703030.6895559840 2082870.4062500000
29815225.7242335863 2113978.7421875000
30212635.6658051051 2174460.5703125000
31082592.8181386366 2214735.2304687500
30077445.3806847446 2159757.9062500000
29693999.7315016724 2079981.6992187500
30669615.3224599436 2205452.4570312500
30238477.7365719415 2177545.1679687500
30118261.8296542242 2164736.8984375000
30452537.4176141284 2194337.5078125000
29863841.0061985031 2120314.4648437500
29961840.9990316145 2140843.6171875000
29893820.4040898569 2129767.9218750000
30146056.0761180557 2168255.9687500000
30860447.6140231527 2211427.5117187500
31187509.4572121650 2220756.4140625000
29954373.0159663521 2138366.1445312500
29649780.7782699764 2060444.7265625000
33370578.6783476286 2228246.1132812500
30028910.2843458131 2153644.2695312500
29921403.0292325206 2134418.5234375000
29735372.4006364457 2096848.7148437500
29869436.3493995667 2121647.3789062500
30179142.7051738985 2172448.3085937500
29983234.2778520174 2144297.1171875000
30531027.2069116496 2198889.9140625000
29807883.3557208441 2112722.5898437500
30353154.2320070826 2187851.7070312500
30436071.7333111092 2190897.9140625000
29750260.7821243592 2099576.5742187500
31177025.6884531938 2218342.7070312500
29912112.4182734787 2131606.7148437500
30371203.0497105159 2188951.1367187500
29788731.3928421363 2107040.2109375000
29634602.6575742736 2053089.3125000000
33244430.9586178623 2225832.4062500000
29795123.9784268998 2108125.7460937500
29879631.4311649948 2124560.8046875000
29691734.6806986704 2078362.7500000000
29796204.2131198719 2108653.6914062500
31082762.7965936922 2215274.5117187500
30032049.4823685922 2153737.1953125000
29707498.2538604438 2085150.7031250000
33311193.8517957665 2226026.9648437500
29666322.6617539935 2066456.0703125000
29645379.1888987832 2057499.0078125000
29936004.2771034166 2137527.7226562500
29977979.8892214783 2143755.2500000000
30440828.4253253229 2192061.3203125000
31157614.5650249347 2217698.2851562500
29872108.1732949875 2124554.9140625000
29745587.4401221760 2097182.1484375000
29668590.3996528424 2072498.8593750000
29726081.7896774039 2093122.0625000000
30179135.3736073114 2169853.7421875000
30284391.4937156215 2182465.3359375000
30247753.4006072134 2180946.3710937500
29769284.1921096407 2103960.7578125000
29992524.8888110630 2148362.8867187500
29663596.2851704061 2064267.8125000000
33354268.3672285341 2227142.2382812500
29641489.0467797630 2056870.5781250000
29779441.8354426771 2105849.7265625000
29659638.5424931943 2063866.6171875000
29654383.1003030688 2063011.4179687500
29831354.4883091301 2117654.2851562500
29716025.4999305047 2089329.7148437500
29742171.8637154736 2096874.7460937500
29990506.6215945669 2146582.9062500000
30754390.4233532883 2207784.8125000000
29774186.3932525441 2104332.4765625000
29864171.9521442764 2121285.2890625000
30010460.8763299622 2152046.4960937500
29630864.9457746856 2044209.4648437500
29758789.8962634914 2101223.2773437500
29909871.2929109782 2130644.1328125000
29716806.1256421208 2091795.1523437500
29984314.5125449859 2146550.6210937500
29639204.9796073698 2055416.0429687500
29635907.3625995964 2054777.0429687500
31198852.7707295865 2221760.3125000000
29668548.8228486180 2068896.0351562500
30053317.2841162719 2154446.8984375000
29701025.2916577123 2080053.0000000000
29673192.7216859385 2075065.5507812500
29893452.5636456870 2126230.1757812500
29645985.1603926197 2058269.8359375000
33127079.9941818267 2223302.5156250000
