31046308.2102616727 1690746.7402343750
30755700.4301212132 1677045.3046875000
30992118.2243016362 1688276.7207031250
30926897.0352827832 1686855.8750000000
30151042.1774474680 1628854.9394531250
29974109.3890316375 1586629.2968750000
31176883.8683896959 1695375.9843750000
30005085.3482634835 1608099.3007812500
36824530.7711252049 1716193.9003906250
36079874.6448232308 1716044.0917968750
30509306.4090883285 1658771.0273437500
30032489.2848978341 1610983.2207031250
29974109.6646760739 1589555.7031250000
30662450.8361091614 1669935.2480468750
31012644.1412848234 1688483.3906250000
36072493.5379755497 1716037.2402343750
30314415.3520306982 1643996.2539062500
30653360.6376289055 1668785.4843750000
30631157.6172867753 1666242.3925781250
30191790.7541889884 1630547.1210937500
30611326.6984171905 1666224.1660156250
29976837.3832124062 1590869.2949218750
30288924.4942214228 1643441.7558593750
30566302.4398314245 1665666.8222656250
30798450.1779661253 1677852.7441406250
30035217.0034341626 1611190.1367187500
36128965.2459287569 1716062.3574218750
30792088.6748013124 1677367.3085937500
31323356.8448950723 1701125.2832031250
31423934.8880191147 1703669.2832031250
37081290.7640410438 1716256.8847656250
30359965.6846392751 1647425.3789062500
30232914.8154289685 1636622.9882812500
30826539.4088706672 1683097.6035156250
30102774.7700360678 1622852.0957031250
30353874.0186677389 1644897.2304687500
38519222.3762911409 1716734.1054687500
30728900.7489426844 1675310.0097656250
30915494.3482502662 1685563.0976562500
30557704.1437811106 1663861.8925781250
30606794.7448866330 1666205.2128906250
30590274.3818861991 1665835.4179687500
38149805.1015902162 1716621.5976562500
30274429.4105953835 1639596.9921875000
30637380.4122314863 1666883.5312500000
30532328.6263122410 1659370.8593750000
35586173.9235768542 1715960.1230468750
38155152.4140512720 1716716.7480468750
35069281.5715520978 1715864.0800781250
34324721.2101386040 1715729.3515625000
38708691.1841868162 1716745.8515625000
30904873.6591059603 1684919.0097656250
37847772.1675786898 1716607.0683593750
30392851.5983069316 1649562.6621093750
31189143.9475598857 1696427.7929687500
31734907.1245407015 1708054.2382812500
31543218.7763173543 1707977.4492187500
30677477.3741878718 1674231.5878906250
30210864.0890856981 1632840.3671875000
30482735.2985786982 1656730.9628906250
34192333.9940401912 1715654.1992187500
32011588.7360095754 1708100.1132812500
33375103.3659220152 1715216.7753906250
29978250.6878612749 1592404.9179687500
30055794.1515098847 1613600.7929687500
30703344.0477354042 1674238.0859375000
30662588.1266572028 1670475.0039062500
30455429.0585946441 1654775.3222656250
29972436.1783536822 1584003.1601562500
30450165.0604736134 1654757.4375000000
29962312.7813718319 1582554.4472656250
30221287.5872626603 1635400.3593750000
31037513.8675003350 1688959.2324218750
30458763.3565239199 1656562.3671875000
30816485.4932245389 1678631.6054687500
30344341.4796879627 1644668.5429687500
31398805.2192963362 1702380.5976562500
37715138.3642707393 1716528.1738281250
30495707.1659799591 1657189.0742187500
30397023.2371409014 1651115.2167968750
30410080.3027364612 1652437.1972656250
33114433.2719021216 1714584.1425781250
30649451.9598968700 1667379.1113281250
31363777.3109737560 1702002.1289062500
35934675.8743553087 1715976.5019531250
30372245.7262365967 1648013.3906250000
30540981.0338123254 1659387.2695312500
30512497.7074426673 1659352.6328125000
30121316.4680272266 1624155.1347656250
30412549.4140319675 1652531.4042968750
36597230.5977878422 1716185.5449218750
30354081.9191474803 1644904.8320312500
30344201.6560143046 1644478.2207031250
30062720.3550771065 1614695.1914062500
33628962.9176708013 1715318.6660156250
30555101.2757718861 1660599.6074218750
37647475.2326315120 1716462.6015625000
30241924.0749817640 1638351.8164062500
30445173.7635868415 1652716.4101562500
30246065.0981669649 1638502.1855468750
32768312.7572731860 1714421.7148437500
32723597.5925071500 1713886.3281250000
30449152.8444591351 1652801.8945312500
30449964.5317185819 1654024.9492187500
30339630.0910204723 1644437.7421875000
30142173.0548180752 1627257.1347656250
37378108.4160301760 1716279.1933593750
31136937.6743640676 1695220.7421875000
30517761.7055636905 1659370.5175781250
30284475.4108888134 1639675.5781250000
30419485.3240426928 1652605.4511718750
30500971.1641009860 1657206.9589843750
30504564.8162944615 1658695.1699218750
30462904.3797091171 1656712.7363281250
30284624.7549725920 1639921.2949218750
30414221.3259216696 1652587.5664062500
34028151.4517132565 1715368.9589843750
30377509.7243576236 1648031.2753906250
30494035.0513776764 1656737.1191406250
30359215.9898737781 1647084.0527343750
30269970.6410501227 1638926.8203125000
31299560.7651818320 1696445.9316406250
30108589.0038992241 1623573.7792968750
30468168.3778301477 1656730.6210937500
30570443.4630166218 1665817.1914062500
30402287.2352619246 1651133.1015625000
30353084.2719933689 1644754.7187500000
30147761.7422458939 1627392.8046875000
31100484.6734954454 1691141.5429687500
30423899.0630197302 1652692.3652343750
31042313.4009261392 1689073.6191406250
30212481.0472481176 1633162.2089843750
30059811.2476604767 1614260.1464843750
29993322.2833590470 1600899.9394531250
30127581.5235104598 1624345.1699218750
30188851.9205606468 1630524.6464843750
29983198.8863772079 1594796.5253906250
30199725.2312349267 1632381.4003906250
30066590.5686302409 1617994.2890625000
30052066.2424341068 1612730.3203125000
29989147.7174184844 1596520.5351562500
30350811.7904950082 1644722.7968750000
30094093.9202731811 1621499.3437500000
30219392.4313112013 1634349.0078125000
30038669.3991823383 1611782.6562500000
30142173.3304625116 1627390.5195312500
30184710.8973754458 1630374.2773437500
29999271.1144003235 1602623.9492187500
30235187.8119294457 1636637.9726562500
30148314.4589111358 1628460.0000000000
30089536.9570807219 1618959.9511718750
32181042.8800920025 1708846.9101562500
30170440.9195649140 1629056.5234375000
30127677.9711920321 1625508.5429687500
30055793.8758654445 1613467.4082031250
29993322.0077146143 1597973.5332031250
32677045.0812932774 1709021.7031250000
