35637120.7685419917 78.1686691940
36168276.6249184385 80.7807000875
36583540.2378081828 80.7864814401
29968295.1551684700 45.8943823278
37539817.6825179532 80.8071600795
36991586.2130781561 80.8020184040
35607170.6182600856 78.1637658775
36788921.6984132379 80.7904399633
35487951.3122313395 78.1623645127
30066369.3376456313 49.0443385523
30007660.1728395633 48.9370004389
29989147.7174184844 46.6686527202
29984199.5189025514 46.6456937231
30025337.5501607172 49.0425309818
29980058.4957173504 46.2824517228
36079851.8896084651 79.3881542087
35981887.5407115966 79.3703559041
29977384.3768696226 46.0492315948
30094810.3971621580 49.2348664403
30119416.1409956105 49.5516722169
29972436.1783536710 46.0404582247
29962312.7813718319 43.5944011770
35647784.0190884992 79.3688851595
36095138.8675189093 80.0393430591
30185731.5927920565 49.8585066712
30212974.2787441276 50.1284209751
30259518.8080616072 52.9669431725
30437848.1778196990 55.9867671868
30359442.1743683815 55.5835048901
30458330.8574576825 56.0333634755
30433493.2375168130 55.6549449475
30230974.6671475247 52.5117818619
30645998.6352775693 56.3741379548
30609541.8177741691 56.3707425166
30695206.7136544585 56.7549135387
30742764.6082865708 59.6343133152
30758565.8428808674 59.7081968784
30680321.3106334209 56.7061812580
30820176.7675485462 62.2821010649
30706691.4793835580 58.7915822938
30958264.1673513502 64.8944575191
30752464.7406492159 59.7028956413
30899186.3095650002 62.7327437848
30740682.3659212776 58.8996202201
31015349.0009630993 65.0993447602
30806490.9276089519 61.5240920857
31284204.5050432459 67.6402234584
31118706.4257731326 66.2936140448
30987584.5684297234 65.0496075749
31128933.3294808567 66.2942140847
31498611.9340961538 69.7151160836
31428220.8281347007 69.1338465959
31190126.3004468828 66.6562252939
31170459.1003706120 66.5505799800
31347147.2147637643 68.4806196243
31279066.2834641375 66.8543318659
31419498.1681256332 68.8731571883
31704194.9159645438 72.0561991781
31509726.3613186106 71.8072865009
32166648.5682102777 72.1328097433
31756552.6917377226 72.0972205848
32175457.6025048792 72.6534834206
32353299.2003668919 73.3625635803
32272004.5698854364 73.0574200749
32213060.1096298285 72.8409303129
32422596.1424537450 74.0098245442
32545999.5720709860 75.4055783749
32769891.6723663323 77.7663593888
32678152.3606401570 76.1970087886
32744024.9899007156 76.6924625635
32451788.5283039548 75.3701409101
32676599.6798990965 75.4066329598
