30024827.0845913701 649640.0693359375
30473893.1052014567 676045.1027832031
30451547.0131290853 675803.1538085938
30026816.9895937778 649824.4880371094
30115925.6556082964 654883.5508117676
30287257.6794271879 666876.5180664062
29977931.2674949206 647747.9155273438
29646773.7066822089 604637.9008255005
29799370.6977216229 630127.9268798828
29831029.9137149937 631649.2196655273
29547083.5642603487 579110.8582611084
29590487.2324133664 591339.6600329876
29623795.1125327647 601605.3225955963
30656589.8113853373 684789.9091796875
29568699.8156478144 587157.6049905622
30072873.5390543677 650074.8210449219
29575933.3615482301 590108.7505187988
29483414.4867536277 548379.3178930283
29757664.5823196433 622525.0163192749
29629733.6535458639 603196.4443035126
29616465.9069860317 599798.2573547363
30491903.2255105637 676143.5227050781
29477276.9563922584 536919.2547004223
29708398.7900200561 615896.3179168701
30116793.9225834757 655323.9847412109
30153842.4637312591 658296.5305175781
30128762.4264739156 657956.1616210938
29699135.5071496852 614892.8749237061
30185777.8853960410 659177.0068359375
30110239.8216400333 651104.3427734375
29498140.1001158804 561553.2316741943
29713782.1616789214 616418.6443481445
29540052.5907799304 578985.2634468079
29754591.2992100343 620583.2748718262
29961875.5393476635 645249.2713623047
29537975.9302349277 578414.8018836975
29570831.9395749308 588441.0708427429
30307027.0582702868 667233.6894531250
29975560.6020326540 647571.2502441406
29857207.4880516492 635753.8330383301
29566541.5289171413 587001.2226937264
29952379.0701530799 643506.5675354004
29809437.2022083327 630555.1192626953
29619767.5497519225 600308.6115818024
29794368.7856330164 629939.8479003906
29496026.7858733647 559605.1067888737
29562791.5377963632 586432.9875066788
29847119.4992402531 633258.9952697754
30312750.5968971476 667398.7163085938
29520124.2953605950 571410.5572768450
29647262.3647350632 605602.1274414062
30407936.4528483637 668568.9843750000
29974286.4408302940 645518.9237060547
30121334.1884359792 656049.6199951172
29892759.5299553722 639633.3297119141
29990437.6100435592 647748.5200195312
29511160.5558155999 563179.7956600189
29869378.9446699843 637363.6086425781
29551978.7655374408 579136.8839035034
29521989.8422946036 574656.4688465130
29718742.1305313408 616856.3110961914
29791826.9388173185 627629.8265380859
29678646.5524150766 610945.4698200226
29490922.4019078240 559191.2994309664
29476245.9951345734 535523.7212485075
29568227.1842592470 587004.4490432739
29607066.2036621496 598434.4034919739
29842898.9081980549 632721.9900665283
29589073.1100030243 591221.6125946045
29695769.2743882164 614473.4192810059
29534561.9899898693 575565.1732215881
29533757.2172260880 575563.0014324188
29509702.8218837492 563131.9988670349
29580735.1602063440 590189.2728404999
29496006.0709915273 559441.8884873390
29730562.0231533013 619732.9698486328
29875732.8144388981 637790.2922973633
29690877.0953115597 612708.6620140076
29768494.6976404339 625541.0220336914
29536004.9591005929 577327.7288303375
29570411.5303931795 587620.0473742485
30434728.3413053639 669135.9140625000
29621182.1627088003 601239.8223419189
29508502.9782870226 562645.1459007263
29923032.4918634035 640161.6308593750
29998849.1836803854 648352.3460693359
29628520.3632383756 602033.7420043945
29758215.0982420668 622910.5900573730
29848971.1446930878 634129.1455688477
29693785.7808419354 613819.4879074097
29633572.9109212644 603634.2038574219
29569615.5609071888 587203.4549403191
29559813.2852023020 585541.8909873962
29575075.4383293428 588701.9755792618
29480714.3111976571 545755.7587897182
29481315.3355137408 545799.6113852262
29602832.7037881464 594585.2303782105
29564477.1931384653 586454.0489783287
29483079.5245118812 546905.1617118120
29656675.2039251477 606757.2100219727
29617154.5999279581 599862.5602722168
29597655.3672283702 593398.5142211914
30092505.9531727470 650496.0490722656
29575372.7741466872 589141.7866607904
29646063.8228680678 604354.4675102234
30583550.3795839138 677203.3427734375
29726372.1089463048 619188.6683349609
29993218.9017235525 648042.9714355469
29604964.8277152665 595994.0724039674
29998933.8021101952 649368.0380859375
29687598.4679220654 611231.2711486816
29727052.3440921791 619248.9422607422
29514018.1239367649 563880.0687208176
29552827.3001256287 579356.4361419678
30222822.5742685869 659418.9558105469
29640317.4008040242 603991.2670288086
29779253.5649590790 625585.4997558594
29727195.7903918289 619327.5782470703
29559420.0007557794 583398.0305173472
29724246.7697978094 619154.4689941406
29595335.5359587371 592553.0006732941
30273554.0399494842 660176.3562011719
30594495.2862304635 677819.1796875000
29624783.1852863468 601764.8166694641
29943813.3810294718 641749.9023437500
29520659.5377374701 571482.1809949875
29792243.4464845285 629733.0201416016
29722013.4810046256 617641.3889160156
29504134.9562179185 562206.8245861530
29782835.1311492324 627087.7915039062
29929784.3078287654 641330.0146484375
29523443.6696418822 575403.9303337336
29766841.6281485744 623688.5251312256
29791160.2575221807 627165.7095031738
29713100.0794495121 616288.7671203613
29882596.6938180067 638077.2038574219
29687762.2806844190 612316.0935668945
29646897.4055366442 604784.5382003784
29588634.7076380029 590952.8229970932
29752767.2924748734 620483.4412078857
29556597.3203051649 580292.0559245348
29508617.3716571331 562671.4667060375
29555723.3034935407 579528.0581130981
29535173.9560994096 577232.4889152050
30169757.2871030420 658662.9445800781
30343023.5588051789 667765.1303710938
29749550.5498615094 620089.3820266724
29521150.2705136873 571482.6438207626
29507660.7807628885 562411.5509140491
30273581.9254907034 660658.0832519531
29531639.5163876154 575483.1821174622
29604414.3421909884 594753.9197845459
29515962.3503562659 571078.0292017162
29587062.4826158769 590938.7926940918
29583883.8546333537 590760.3744812012
29515041.3511162773 564155.1939778328
29896907.0099369027 639663.2722167969
30513718.3798029125 676751.8857421875
29675924.0736897476 608264.5315437317
29586764.4158163853 590808.2309265137
29892752.1447475255 639160.3964843750
29557195.6035927683 583342.1816335917
30250680.3110226616 659719.1948242188
29754670.1715302393 622026.3426971436
29693698.9954078868 613102.6659393311
30084466.3480691053 650405.8193359375
29750700.6109814420 620434.1936187744
29692863.5005280264 613043.9084930420
29534716.2520628721 575771.3060855865
30411500.3795024045 668678.7526855469
30282914.4742662981 660886.3088378906
29676501.3912963532 608318.0489196777
