31180168.7402682155 1099990.2226562500
29759428.7073630430 996453.0688476562
29824439.6165345907 1016197.7197265625
30234058.5363172889 1053831.3613281250
29883702.7539001778 1026040.8281250000
29782502.3505306058 1010350.8857421875
29954710.2077623121 1030000.8964843750
30354398.2483155169 1063701.6533203125
31204687.7489673123 1100134.2236328125
31078237.1657164134 1098669.2871093750
30273090.9765344225 1059089.2724609375
32946281.0218233243 1109307.2226562500
29710053.2708634883 973707.3989257812
31246587.6363477260 1102897.6640625000
30253716.2524664849 1054921.8564453125
30372740.5145593211 1064240.9453125000
30136993.3081952929 1047485.2089843750
30124077.6552337408 1047181.6855468750
29719432.8967006207 980923.9936523438
32424476.9598159790 1109200.8447265625
31116472.2852834724 1099890.3164062500
29960054.0416726023 1030323.8383789062
31072733.6008732729 1098525.4726562500
30622410.9641816244 1080828.3759765625
30866570.8356606588 1091628.9755859375
31613838.9817582965 1108816.8769531250
30416796.1984183267 1066013.7226562500
30740204.1450493149 1085580.0869140625
30704331.3337997347 1082486.3828125000
30035506.1081102081 1041269.5566406250
29711385.5951742642 973883.6352539062
29847902.3521262594 1020024.1860351562
31289001.2627744377 1104107.8173828125
30358795.2890327498 1064230.0380859375
30426580.4627438486 1068344.8632812500
30724399.1055865735 1085124.0107421875
30096252.0316966847 1043599.1699218750
31470197.1257384643 1108732.2861328125
29926513.8933789209 1027796.8085937500
29875571.5671921335 1025488.8437500000
29714992.7371559963 974466.5971679688
32394827.5625550859 1109173.9990234375
30468986.2056794949 1072375.9140625000
31091394.2725566179 1099683.7158203125
31549388.7461461760 1108758.9716796875
30338504.0140254162 1063337.6923828125
31134201.9864641689 1099953.3369140625
29966235.3729503639 1034958.0009765625
29980239.0567166470 1037070.8398437500
30159119.8736455292 1050446.6230468750
30258687.4939045943 1055646.2128906250
30309829.0707418807 1061533.9707031250
30014360.1679418236 1040146.5253906250
31059399.3796746135 1098490.9921875000
33716946.7882068604 1109407.8583984375
30109680.8827067316 1044525.2294921875
30014944.7599155903 1040372.0312500000
29733731.4809411615 987228.7944335938
30930951.2869955972 1094067.6220703125
30918647.2291073576 1094038.5546875000
31306794.5119878612 1104301.2089843750
29944748.6709399298 1029743.3173828125
30533067.8345023878 1074678.1728515625
31384288.7068564892 1104317.5664062500
30605491.9350259900 1078198.3281250000
30280505.5803659596 1059378.3427734375
29746178.3434555233 993073.7846679688
37316524.8441795409 1109699.3369140625
30961343.0453544334 1094311.4169921875
30663952.4503848292 1082139.6630859375
30268246.5638688430 1056245.9111328125
32643146.3237099163 1109232.6054687500
30004961.1680913903 1039049.6855468750
30022359.4339020066 1040453.0146484375
31006183.6024997793 1094804.1054687500
31241649.6477274038 1102863.7587890625
29961540.3524177261 1030952.6748046875
30960521.1797290668 1094266.7568359375
30001497.7954478227 1038883.1904296875
31120988.6265747063 1099891.1738281250
31437914.4733376950 1105085.7207031250
31479327.9207031131 1108749.8583984375
31045129.9044688307 1097286.1171875000
31213575.7037977763 1100143.7558593750
30916222.2289588265 1093044.9101562500
31232994.4614728540 1100195.4755859375
32393024.6840625070 1109170.7949218750
31214009.5298204012 1100193.8476562500
31073474.8883934803 1098667.9003906250
30099263.3483971693 1043702.8798828125
30580612.2404234037 1077530.0175781250
32760354.5655866712 1109258.7460937500
30413010.7784643658 1066008.8710937500
34914248.0990938693 1109551.6640625000
29721391.9524499439 985973.0483398438
29988726.2732810117 1037783.1142578125
31794130.6427910291 1108965.5205078125
30058725.8215593733 1042089.0751953125
30396775.8836539909 1064742.3417968750
32986290.1886880025 1109312.2216796875
29767826.2088278309 999307.4599609375
30247044.4864442050 1054735.4599609375
30708164.2107761912 1083954.9511718750
30197777.1489362344 1053269.9931640625
30759923.1243903488 1088086.9814453125
30245517.1584434211 1054719.9667968750
30178845.8146742918 1052525.2119140625
30834927.7959132046 1090112.0644531250
30450425.7783449925 1070649.8291015625
30061917.3264689185 1042512.2558593750
31035553.8118702658 1097152.4941406250
29975527.3993823640 1034972.7460937500
30507187.5993976332 1072885.1738281250
30791918.0172723383 1089279.8164062500
30229732.0829330496 1053797.2265625000
31463881.0959837809 1108508.3955078125
31294414.9344229624 1104181.5351562500
30484791.2451422401 1072874.6552734375
30165737.2146631107 1051504.6757812500
32450363.5249200687 1109201.8613281250
30914199.4800740480 1092870.6210937500
30973295.1345676854 1094443.8164062500
30886652.3362253569 1092845.7753906250
30141528.0046615973 1048466.7177734375
33330368.3492807522 1109341.8662109375
30893151.5438078158 1092846.4843750000
30323493.4536186159 1062001.3359375000
30158445.9359870553 1050398.5458984375
30758633.9522609711 1086645.9833984375
29978962.7950350903 1035738.6376953125
30320111.9640455432 1061690.4531250000
30642492.4647463262 1082133.8525390625
30950224.4494166747 1094245.3906250000
30159770.4653171487 1051322.9091796875
31283875.1247732751 1103975.3837890625
31260627.6958987974 1103075.6796875000
30943725.2418342158 1094244.6816406250
30937450.4945780560 1094068.3310546875
33453159.0363566987 1109368.5400390625
30615730.2903066352 1079039.7060546875
30250855.3413431011 1054920.6582031250
31282396.0570987612 1103077.3955078125
30229111.9177746847 1053562.9111328125
30142884.9788351543 1049180.0625000000
31488759.2360382639 1108756.4189453125
30072859.4186598174 1042953.0107421875
30262635.5433259457 1056229.4140625000
30142211.0411766730 1049131.9775390625
30808032.2572152428 1089618.9257812500
30571985.6308493502 1076379.6220703125
30504184.8410650678 1072881.5273437500
31131108.0603623800 1099924.0878906250
30770044.4350991137 1088559.0771484375
33824403.9872098938 1109411.4189453125
31250115.9836527184 1102958.7353515625
30264432.4681645669 1056230.3251953125
30112582.6329221427 1045919.1748046875
30339710.2588567287 1063338.2919921875
31086809.1095921397 1098702.3808593750
31372058.9069111720 1104301.3486328125
31228547.7328975759 1100194.7968750000
31341233.2109461799 1104301.2460937500
30319175.5954286568 1061686.3730468750
29961790.1781746224 1033683.4218750000
31254423.6025660224 1103040.7539062500
33927658.0838020965 1109421.6181640625
30250055.8031446896 1054839.1669921875
30722154.1753041670 1084600.3291015625
31239456.1147371605 1100263.8505859375
31298722.5533362627 1104263.5537109375
30236929.9704951756 1054379.9091796875
32984933.2145144418 1109311.8486328125
30242154.7088312730 1054693.9550781250
30192887.3713233024 1053228.4892578125
31387097.7198911160 1105031.0986328125
30611026.8900405318 1078204.0478515625
30380207.4325712323 1064257.9482421875
30311035.3155731931 1061534.5703125000
34164514.6265194714 1109470.7470703125
33344944.6942899600 1109347.9023437500
32218905.1276287884 1109153.5810546875
30250324.4771574847 1054850.9384765625
33024491.1070813537 1109313.2597656250
30420500.4880188815 1067077.2832031250
30324429.8222354986 1062005.1738281250
30150299.6528215669 1049261.0478515625
30418174.9554947540 1066477.6660156250
34482424.4316503480 1109507.7812500000
30292882.0846292898 1060267.8710937500
31028197.5527219176 1095360.6787109375
31034696.7603043765 1095361.3876953125
30356876.9528992325 1064229.8955078125
30262549.5979125760 1056095.2695312500
30404780.4488324448 1066006.2128906250
30589566.9044020288 1078198.2373046875
30862998.0838271119 1090202.7919921875
30991349.7051175721 1094620.0810546875
30617307.2481752783 1079075.4101562500
30324837.0186261088 1062604.6835937500
30169017.2053763866 1051620.1376953125
30756676.7673217282 1086553.5917968750
30454796.8484985642 1071286.1503906250
30385913.6985410377 1064545.0107421875
30294800.4207628109 1060268.0146484375
37520456.3728046268 1109716.2431640625
32928791.9100670032 1109304.1132812500
30400099.4185886905 1065800.0312500000
30201057.1396495141 1053385.4560546875
30326755.3547596261 1062604.8261718750
30445245.7674215920 1070494.8251953125
30561403.1283821128 1075468.0869140625
30620549.7372447029 1079075.5898437500
31928409.9971668795 1109020.7500000000
30452751.3108691163 1071249.4619140625
30443979.6627091393 1070493.3339843750
31236313.0451924875 1100196.6416015625
31235046.9404800348 1100195.5058593750
37251944.5577602312 1109652.5830078125
32205648.2462487780 1109128.4179687500
32788037.8541815057 1109282.3427734375
33166424.0038946681 1109327.1923828125
30563448.6660115607 1075483.7841796875
32132908.6759802066 1109118.1904296875
32803546.7164169326 1109283.3066406250
31695558.0958472192 1108953.2832031250
37252973.8473446891 1109655.1298828125
31637252.6180135831 1108841.2480468750
33649381.1298126280 1109372.3750000000
33154801.5827966332 1109326.0400390625
31573640.6741311327 1108811.4345703125
33138282.6498843506 1109315.5478515625
32115409.9614982791 1109097.8134765625
31687339.5052783787 1108875.7958984375
31941966.6335739568 1109022.2832031250
33390543.0733110905 1109363.0166015625
32277583.8397210166 1109160.6269531250
31994614.4922673926 1109091.6269531250
32293800.6266708486 1109162.1123046875
33677317.5295704007 1109374.4912109375
37291581.4349514171 1109692.2685546875
33697104.5785452947 1109380.3974609375
35373510.3051899374 1109584.3603515625
31804753.6308810264 1108996.3769531250
34765698.9103449136 1109519.3408203125
31680242.1456460804 1108874.8222656250
31699266.5760587491 1108958.7958984375
35156636.4470119104 1109562.7275390625
34450335.9996563643 1109507.6689453125
32615613.2065846547 1109224.0703125000
36844045.4199044853 1109649.5175781250
36689037.6528961807 1109627.3388671875
33142830.9410811812 1109317.2841796875
34722340.3308630511 1109510.4277343750
35053712.5543594211 1109554.2490234375
36739693.9945416227 1109635.7109375000
32227585.7650987245 1109155.9248046875
31844696.0513269268 1109002.5791015625
31649114.7473587282 1108851.6728515625
32564412.5874987207 1109220.8447265625
36005963.2096155435 1109590.5117187500
36880157.4714204073 1109651.0097656250
32485775.6536914110 1109218.6201171875
35969351.2025787160 1109586.7929687500
31910288.1263034046 1109004.9394531250
36080895.2197718993 1109611.8769531250
31693973.2711312845 1108898.0312500000
33611207.8547709584 1109369.2460937500
34110188.0040411502 1109429.7275390625
36753177.1197834685 1109636.4990234375
32225296.1616655625 1109155.1875000000
34043358.7941003367 1109423.9726562500
36520586.6871930510 1109624.6367187500
32153686.3808119595 1109126.3759765625
34835967.9685592353 1109522.5566406250
34147526.2892272621 1109440.6093750000
36068839.0993461162 1109592.4677734375
34632401.7467902377 1109509.2011718750
32783313.7678214982 1109259.8701171875
31916273.0555262566 1109004.9492187500
31950402.0409092531 1109050.5214843750
31956117.0939176828 1109055.7597656250
