121921.4905132046 122398.8118420458
121723.9505199365 122202.8479250617
121526.4105266684 122006.8840080775
121723.9505199365 122006.8840080775
121921.4905132046 122006.8840080775
122119.0305064727 122006.8840080775
121328.8705334003 121810.9200910933
121526.4105266684 121810.9200910933
121723.9505199365 121810.9200910933
121921.4905132046 121810.9200910933
122119.0305064727 122594.7757590300
120538.7105603279 121614.9561741091
121131.3305401322 121614.9561741091
122119.0305064727 121614.9561741091
124094.4304391536 118479.5335023623

124094.4304391536 118479.5335023623
124291.9704324217 118871.4613363307
121328.8705334003 121027.0644231566
121526.4105266684 121223.0283401408
122119.0305064727 121614.9561741091
121526.4105266684 121614.9561741091
121921.4905132046 121810.9200910933
121723.9505199365 121810.9200910933
133773.8901092904 116911.8221664889
121328.8705334003 121810.9200910933
122119.0305064727 122006.8840080775
121921.4905132046 122006.8840080775
121526.4105266684 122006.8840080775
121723.9505199365 122202.8479250617
121921.4905132046 122398.8118420458

124094.4304391536 118479.5335023623
123501.8104593493 118283.5695853782
121328.8705334003 121027.0644231566
121526.4105266684 121223.0283401408
122119.0305064727 121614.9561741091
121526.4105266684 121614.9561741091
121921.4905132046 121810.9200910933
121723.9505199365 121810.9200910933
121526.4105266684 121810.9200910933
121328.8705334003 121810.9200910933
122119.0305064727 122006.8840080775
121921.4905132046 122006.8840080775
121526.4105266684 122006.8840080775
121723.9505199365 122202.8479250617
121921.4905132046 122398.8118420458

121921.4905132046 122398.8118420458
121723.9505199365 122202.8479250617
121526.4105266684 122006.8840080775
121921.4905132046 122006.8840080775
122119.0305064727 122006.8840080775
121328.8705334003 121810.9200910933
121526.4105266684 121810.9200910933
121723.9505199365 121810.9200910933
121921.4905132046 121810.9200910933
121131.3305401322 121810.9200910933
122119.0305064727 121614.9561741091
121526.4105266684 121223.0283401408
121328.8705334003 121027.0644231566
124291.9704324217 118871.4613363307
124094.4304391536 118479.5335023623

126069.8303718346 127297.9097666502
125872.2903785665 126905.9819326819
125674.7503852984 126710.0180156977
125082.1304054941 126514.0540987135
133576.3501160223 118871.4613363307
131996.0301698775 118675.4974193465
134168.9700958266 118087.6056683940
135551.7500487033 118087.6056683940
127255.0703314432 117891.6417514098
132391.1101564137 117499.7139174414
133378.8101227543 117303.7500004573
137724.6899746524 117303.7500004573
122514.1104930089 121418.9922571250
124094.4304391536 118479.5335023623
124291.9704324217 118871.4613363307

121921.4905132046 122398.8118420458
121723.9505199365 122202.8479250617
121526.4105266684 122006.8840080775
121921.4905132046 122006.8840080775
122119.0305064727 122006.8840080775
121328.8705334003 121810.9200910933
121526.4105266684 121810.9200910933
121723.9505199365 121810.9200910933
121921.4905132046 121810.9200910933
122119.0305064727 121810.9200910933
122316.5704997408 121810.9200910933
121131.3305401322 121614.9561741091
121723.9505199365 121614.9561741091
121526.4105266684 121418.9922571250
120933.7905468641 121418.9922571250

121921.4905132046 122398.8118420458
121723.9505199365 122202.8479250617
122119.0305064727 121614.9561741091
121921.4905132046 121614.9561741091
121723.9505199365 121614.9561741091
121131.3305401322 121614.9561741091
122316.5704997408 121810.9200910933
122119.0305064727 121810.9200910933
121921.4905132046 121810.9200910933
121723.9505199365 121810.9200910933
121526.4105266684 121810.9200910933
121328.8705334003 121810.9200910933
122119.0305064727 122006.8840080775
121921.4905132046 122006.8840080775
121526.4105266684 122006.8840080775

121921.4905132046 122398.8118420458
121723.9505199365 122202.8479250617
121526.4105266684 122006.8840080775
122909.1904795451 118087.6056683940
122119.0305064727 122006.8840080775
121328.8705334003 121810.9200910933
121526.4105266684 121810.9200910933
121723.9505199365 121810.9200910933
121921.4905132046 121810.9200910933
121526.4105266684 121614.9561741091
122119.0305064727 121614.9561741091
121526.4105266684 121223.0283401408
121328.8705334003 121027.0644231566
124291.9704324217 118871.4613363307
124094.4304391536 118479.5335023623

112834.6508228721 113776.3994947421
113427.2708026763 114168.3273287105
139107.4699275291 117303.7500004573
137724.6899746524 117303.7500004573
133378.8101227543 117303.7500004573
132391.1101564137 117499.7139174414
127255.0703314432 117891.6417514098
135551.7500487033 118087.6056683940
134168.9700958266 118087.6056683940
121723.9505199365 122202.8479250617
133576.3501160223 118871.4613363307
125082.1304054941 126514.0540987135
125674.7503852984 126710.0180156977
125872.2903785665 126905.9819326819
126069.8303718346 127297.9097666502

124094.4304391536 118479.5335023623
124291.9704324217 118871.4613363307
121328.8705334003 121027.0644231566
121526.4105266684 121223.0283401408
122119.0305064727 121614.9561741091
121526.4105266684 121614.9561741091
121921.4905132046 121810.9200910933
121723.9505199365 121810.9200910933
122316.5704997408 118283.5695853782
121328.8705334003 121810.9200910933
122119.0305064727 122006.8840080775
121921.4905132046 122006.8840080775
121526.4105266684 122006.8840080775
121723.9505199365 122202.8479250617
121921.4905132046 122398.8118420458

122119.0305064727 121614.9561741091
121921.4905132046 121614.9561741091
120933.7905468641 122006.8840080775
122316.5704997408 121810.9200910933
122119.0305064727 121810.9200910933
121921.4905132046 121810.9200910933
121723.9505199365 121810.9200910933
121526.4105266684 121810.9200910933
121328.8705334003 121810.9200910933
122119.0305064727 122006.8840080775
121921.4905132046 122006.8840080775
121723.9505199365 122006.8840080775
121526.4105266684 122006.8840080775
121921.4905132046 122202.8479250617
121328.8705334003 122202.8479250617

126069.8303718346 127297.9097666502
125872.2903785665 126905.9819326819
125674.7503852984 126710.0180156977
125082.1304054941 126514.0540987135
133576.3501160223 118871.4613363307
131996.0301698775 118675.4974193465
134168.9700958266 118087.6056683940
135551.7500487033 118087.6056683940
127255.0703314432 117891.6417514098
132391.1101564137 117499.7139174414
133378.8101227543 117303.7500004573
137724.6899746524 117303.7500004573
139107.4699275291 117303.7500004573
124094.4304391536 118479.5335023623
122119.0305064727 121614.9561741091

121921.4905132046 122398.8118420458
121723.9505199365 122202.8479250617
121526.4105266684 122006.8840080775
121921.4905132046 122006.8840080775
122119.0305064727 122006.8840080775
121328.8705334003 121810.9200910933
121526.4105266684 121810.9200910933
121723.9505199365 121810.9200910933
121921.4905132046 121810.9200910933
122119.0305064727 121810.9200910933
124094.4304391536 118479.5335023623
121131.3305401322 121614.9561741091
121921.4905132046 121614.9561741091
120933.7905468641 121418.9922571250
121526.4105266684 121418.9922571250

121921.4905132046 122398.8118420458
121723.9505199365 122202.8479250617
121526.4105266684 122006.8840080775
121921.4905132046 122006.8840080775
122119.0305064727 122006.8840080775
121328.8705334003 121810.9200910933
121526.4105266684 121810.9200910933
121723.9505199365 121810.9200910933
121921.4905132046 121810.9200910933
121526.4105266684 121614.9561741091
122119.0305064727 121614.9561741091
120933.7905468641 121418.9922571250
121921.4905132046 121614.9561741091
121131.3305401322 121614.9561741091
122119.0305064727 121810.9200910933

121921.4905132046 122398.8118420458
121723.9505199365 122202.8479250617
121526.4105266684 122006.8840080775
121921.4905132046 122006.8840080775
122119.0305064727 122006.8840080775
121328.8705334003 121810.9200910933
121526.4105266684 121810.9200910933
121723.9505199365 121810.9200910933
121921.4905132046 121810.9200910933
121526.4105266684 121614.9561741091
122119.0305064727 121614.9561741091
121921.4905132046 121614.9561741091
121131.3305401322 121614.9561741091
122316.5704997408 121810.9200910933
122119.0305064727 121810.9200910933

112834.6508228721 113776.3994947421
113427.2708026763 114168.3273287105
139107.4699275291 117303.7500004573
137724.6899746524 117303.7500004573
133378.8101227543 117303.7500004573
132391.1101564137 117499.7139174414
124291.9704324217 119655.3170042674
135551.7500487033 118087.6056683940
134168.9700958266 118087.6056683940
131996.0301698775 118675.4974193465
133576.3501160223 118871.4613363307
125082.1304054941 126514.0540987135
125674.7503852984 126710.0180156977
125872.2903785665 126905.9819326819
126069.8303718346 127297.9097666502

126069.8303718346 127297.9097666502
125872.2903785665 126905.9819326819
125674.7503852984 126710.0180156977
125082.1304054941 126514.0540987135
133576.3501160223 118871.4613363307
131996.0301698775 118675.4974193465
134168.9700958266 118087.6056683940
135551.7500487033 118087.6056683940
127255.0703314432 117891.6417514098
132391.1101564137 117499.7139174414
133378.8101227543 117303.7500004573
137724.6899746524 117303.7500004573
139107.4699275291 117303.7500004573
124094.4304391536 118479.5335023623
124291.9704324217 118871.4613363307

121921.4905132046 122398.8118420458
124094.4304391536 118479.5335023623
124291.9704324217 118871.4613363307
121328.8705334003 121027.0644231566
121526.4105266684 121223.0283401408
122119.0305064727 121614.9561741091
121526.4105266684 121614.9561741091
121921.4905132046 121810.9200910933
121723.9505199365 121810.9200910933
121526.4105266684 121810.9200910933
121328.8705334003 121810.9200910933
122119.0305064727 122006.8840080775
121921.4905132046 122006.8840080775
121526.4105266684 122006.8840080775
121723.9505199365 122202.8479250617

121921.4905132046 122398.8118420458
121723.9505199365 122202.8479250617
112834.6508228721 113776.3994947421
113427.2708026763 114168.3273287105
139107.4699275291 117303.7500004573
137724.6899746524 117303.7500004573
133378.8101227543 117303.7500004573
132391.1101564137 117499.7139174414
127255.0703314432 117891.6417514098
135551.7500487033 118087.6056683940
134168.9700958266 118087.6056683940
131996.0301698775 118675.4974193465
133576.3501160223 118871.4613363307
125082.1304054941 126514.0540987135
125674.7503852984 126710.0180156977

126069.8303718346 127297.9097666502
125872.2903785665 126905.9819326819
125674.7503852984 126710.0180156977
125082.1304054941 126514.0540987135
133576.3501160223 118871.4613363307
131996.0301698775 118675.4974193465
125082.1304054941 126122.1262647452
135551.7500487033 118087.6056683940
124094.4304391536 118479.5335023623
124291.9704324217 118675.4974193465
121328.8705334003 121027.0644231566
121526.4105266684 121223.0283401408
122119.0305064727 121614.9561741091
121526.4105266684 121614.9561741091
121921.4905132046 121810.9200910933

121921.4905132046 122398.8118420458
121723.9505199365 122202.8479250617
122119.0305064727 121027.0644231566
121526.4105266684 122006.8840080775
121723.9505199365 122006.8840080775
121921.4905132046 122006.8840080775
122119.0305064727 122006.8840080775
121328.8705334003 121810.9200910933
121526.4105266684 121810.9200910933
121723.9505199365 121810.9200910933
121921.4905132046 121810.9200910933
122119.0305064727 121810.9200910933
122316.5704997408 121810.9200910933
121131.3305401322 121614.9561741091
121921.4905132046 121614.9561741091

121921.4905132046 122398.8118420458
121723.9505199365 122202.8479250617
121526.4105266684 122006.8840080775
121921.4905132046 122006.8840080775
122119.0305064727 122006.8840080775
121328.8705334003 121810.9200910933
121526.4105266684 121810.9200910933
121723.9505199365 121810.9200910933
121921.4905132046 121810.9200910933
122119.0305064727 121810.9200910933
122316.5704997408 121810.9200910933
121131.3305401322 121614.9561741091
124094.4304391536 118479.5335023623
124291.9704324217 118675.4974193465
121328.8705334003 121027.0644231566

121921.4905132046 122398.8118420458
121723.9505199365 122202.8479250617
121526.4105266684 122006.8840080775
121921.4905132046 122006.8840080775
122119.0305064727 122006.8840080775
121328.8705334003 121810.9200910933
121131.3305401322 116127.9664985522
121723.9505199365 121810.9200910933
121921.4905132046 121810.9200910933
121526.4105266684 121614.9561741091
122119.0305064727 121614.9561741091
121526.4105266684 121223.0283401408
121328.8705334003 121027.0644231566
124291.9704324217 118675.4974193465
124094.4304391536 118479.5335023623

121921.4905132046 122398.8118420458
121723.9505199365 122202.8479250617
121526.4105266684 122006.8840080775
123304.2704660812 121614.9561741091
121921.4905132046 122006.8840080775
122119.0305064727 122006.8840080775
121328.8705334003 121810.9200910933
121526.4105266684 121810.9200910933
121723.9505199365 121810.9200910933
121921.4905132046 121810.9200910933
122119.0305064727 121810.9200910933
122316.5704997408 121810.9200910933
120538.7105603279 121614.9561741091
121131.3305401322 121614.9561741091
124094.4304391536 118479.5335023623

121921.4905132046 122398.8118420458
121723.9505199365 122202.8479250617
121526.4105266684 122006.8840080775
121921.4905132046 122006.8840080775
122119.0305064727 122006.8840080775
121328.8705334003 121810.9200910933
125872.2903785665 126905.9819326819
121723.9505199365 121810.9200910933
121921.4905132046 121810.9200910933
121526.4105266684 121614.9561741091
122119.0305064727 121614.9561741091
121526.4105266684 121223.0283401408
121328.8705334003 121027.0644231566
124291.9704324217 118675.4974193465
124094.4304391536 118479.5335023623

126069.8303718346 127297.9097666502
125872.2903785665 126905.9819326819
125674.7503852984 126710.0180156977
125082.1304054941 126514.0540987135
133576.3501160223 118871.4613363307
131996.0301698775 118675.4974193465
134168.9700958266 118087.6056683940
135551.7500487033 118087.6056683940
127255.0703314432 117891.6417514098
132391.1101564137 117499.7139174414
133378.8101227543 117303.7500004573
137724.6899746524 117303.7500004573
139107.4699275291 117303.7500004573
121921.4905132046 121418.9922571250
122119.0305064727 121614.9561741091

112242.0308430678 113972.3634117263
113427.2708026763 114168.3273287105
139107.4699275291 117303.7500004573
137724.6899746524 117303.7500004573
133378.8101227543 117303.7500004573
132391.1101564137 117499.7139174414
135551.7500487033 118087.6056683940
134168.9700958266 118087.6056683940
127255.0703314432 117891.6417514098
131996.0301698775 118675.4974193465
133576.3501160223 118871.4613363307
125082.1304054941 126514.0540987135
125674.7503852984 126710.0180156977
125872.2903785665 126905.9819326819
126069.8303718346 127297.9097666502

121921.4905132046 122398.8118420458
121921.4905132046 121614.9561741091
121131.3305401322 121614.9561741091
122316.5704997408 121810.9200910933
122119.0305064727 121810.9200910933
121921.4905132046 121810.9200910933
121723.9505199365 121810.9200910933
121526.4105266684 121810.9200910933
121328.8705334003 121810.9200910933
122119.0305064727 122006.8840080775
121921.4905132046 122006.8840080775
121723.9505199365 122006.8840080775
121526.4105266684 122006.8840080775
121921.4905132046 122202.8479250617
121723.9505199365 122202.8479250617

121921.4905132046 122398.8118420458
121723.9505199365 122202.8479250617
121526.4105266684 122006.8840080775
121723.9505199365 122006.8840080775
121921.4905132046 122006.8840080775
122119.0305064727 122006.8840080775
121328.8705334003 121810.9200910933
121526.4105266684 121810.9200910933
121723.9505199365 121810.9200910933
121921.4905132046 121810.9200910933
122119.0305064727 121810.9200910933
121526.4105266684 121418.9922571250
120933.7905468641 121418.9922571250
121921.4905132046 121614.9561741091
121131.3305401322 121614.9561741091

112242.0308430678 113972.3634117263
120341.1705670598 121614.9561741091
139107.4699275291 117303.7500004573
137724.6899746524 117303.7500004573
133378.8101227543 117303.7500004573
132391.1101564137 117499.7139174414
135551.7500487033 118087.6056683940
134168.9700958266 118087.6056683940
127057.5303381751 118479.5335023623
131996.0301698775 118675.4974193465
133576.3501160223 118871.4613363307
125082.1304054941 126514.0540987135
125674.7503852984 126710.0180156977
125872.2903785665 126905.9819326819
126069.8303718346 127297.9097666502

112242.0308430678 113972.3634117263
113427.2708026763 114168.3273287105
139107.4699275291 117303.7500004573
137724.6899746524 117303.7500004573
133378.8101227543 117303.7500004573
132391.1101564137 117499.7139174414
135551.7500487033 118087.6056683940
134168.9700958266 118087.6056683940
127057.5303381751 118479.5335023623
124291.9704324217 119655.3170042674
133576.3501160223 118871.4613363307
125082.1304054941 126514.0540987135
125674.7503852984 126710.0180156977
125872.2903785665 126905.9819326819
126069.8303718346 127297.9097666502

121921.4905132046 122398.8118420458
121723.9505199365 122202.8479250617
121526.4105266684 122006.8840080775
121921.4905132046 122006.8840080775
122119.0305064727 122006.8840080775
121328.8705334003 121810.9200910933
121526.4105266684 121810.9200910933
121723.9505199365 121810.9200910933
121921.4905132046 121810.9200910933
123501.8104593493 121614.9561741091
122119.0305064727 121614.9561741091
121526.4105266684 121223.0283401408
121328.8705334003 121027.0644231566
124291.9704324217 118675.4974193465
124094.4304391536 118479.5335023623

121921.4905132046 122398.8118420458
121723.9505199365 122202.8479250617
121526.4105266684 122006.8840080775
121921.4905132046 122006.8840080775
122119.0305064727 122006.8840080775
121328.8705334003 121810.9200910933
122514.1104930089 117695.6778344256
121723.9505199365 121810.9200910933
121921.4905132046 121810.9200910933
121526.4105266684 121614.9561741091
122119.0305064727 121614.9561741091
121526.4105266684 121223.0283401408
121328.8705334003 121027.0644231566
124291.9704324217 118675.4974193465
124094.4304391536 118479.5335023623

126069.8303718346 127297.9097666502
125872.2903785665 126905.9819326819
125674.7503852984 126710.0180156977
125082.1304054941 126514.0540987135
133576.3501160223 118871.4613363307
131996.0301698775 118675.4974193465
127057.5303381751 118479.5335023623
134168.9700958266 118087.6056683940
135551.7500487033 118087.6056683940
124094.4304391536 118479.5335023623
124291.9704324217 118675.4974193465
121328.8705334003 121027.0644231566
121526.4105266684 121223.0283401408
122119.0305064727 121614.9561741091
121526.4105266684 121614.9561741091

121921.4905132046 122398.8118420458
121723.9505199365 122202.8479250617
121526.4105266684 122006.8840080775
121921.4905132046 122006.8840080775
122119.0305064727 122006.8840080775
121328.8705334003 121810.9200910933
121526.4105266684 121810.9200910933
121723.9505199365 121810.9200910933
121921.4905132046 121810.9200910933
122119.0305064727 121810.9200910933
122316.5704997408 121810.9200910933
121131.3305401322 121614.9561741091
121921.4905132046 121614.9561741091
124094.4304391536 118479.5335023623
120538.7105603279 121614.9561741091

112242.0308430678 113972.3634117263
113427.2708026763 114168.3273287105
139107.4699275291 117303.7500004573
137724.6899746524 117303.7500004573
133378.8101227543 117303.7500004573
132391.1101564137 117499.7139174414
135551.7500487033 118087.6056683940
134168.9700958266 118087.6056683940
133576.3501160223 118871.4613363307
127057.5303381751 118479.5335023623
131996.0301698775 118675.4974193465
125082.1304054941 126514.0540987135
125674.7503852984 126710.0180156977
125872.2903785665 126905.9819326819
126069.8303718346 127297.9097666502

121921.4905132046 122398.8118420458
121723.9505199365 122202.8479250617
121526.4105266684 122006.8840080775
120933.7905468641 121418.9922571250
121921.4905132046 122006.8840080775
122119.0305064727 122006.8840080775
121328.8705334003 121810.9200910933
121526.4105266684 121810.9200910933
121723.9505199365 121810.9200910933
121921.4905132046 121810.9200910933
122119.0305064727 121810.9200910933
122316.5704997408 121810.9200910933
121131.3305401322 121614.9561741091
121328.8705334003 121614.9561741091
122119.0305064727 121614.9561741091

126069.8303718346 127297.9097666502
125872.2903785665 126905.9819326819
125674.7503852984 126710.0180156977
125082.1304054941 126514.0540987135
131996.0301698775 118675.4974193465
127057.5303381751 118479.5335023623
129032.9302708561 118087.6056683940
134168.9700958266 118087.6056683940
135551.7500487033 118087.6056683940
132391.1101564137 117499.7139174414
133378.8101227543 117303.7500004573
124094.4304391536 118479.5335023623
124291.9704324217 118675.4974193465
121328.8705334003 121027.0644231566
121526.4105266684 121223.0283401408

124094.4304391536 118479.5335023623
124291.9704324217 118675.4974193465
121328.8705334003 121027.0644231566
121526.4105266684 121223.0283401408
122119.0305064727 121614.9561741091
121526.4105266684 121614.9561741091
121921.4905132046 121810.9200910933
121723.9505199365 121810.9200910933
121526.4105266684 121810.9200910933
121328.8705334003 121810.9200910933
122119.0305064727 122006.8840080775
123896.8904458855 118283.5695853782
121526.4105266684 122006.8840080775
121723.9505199365 122202.8479250617
121921.4905132046 122398.8118420458

126069.8303718346 127297.9097666502
125872.2903785665 126905.9819326819
125674.7503852984 126710.0180156977
125082.1304054941 126514.0540987135
131996.0301698775 118675.4974193465
127057.5303381751 118479.5335023623
129032.9302708561 118087.6056683940
134168.9700958266 118087.6056683940
135551.7500487033 118087.6056683940
132391.1101564137 117499.7139174414
124094.4304391536 118479.5335023623
124291.9704324217 118675.4974193465
121328.8705334003 121027.0644231566
121526.4105266684 121223.0283401408
122119.0305064727 121614.9561741091

121921.4905132046 122398.8118420458
121723.9505199365 122202.8479250617
121526.4105266684 122006.8840080775
121723.9505199365 122006.8840080775
121921.4905132046 122006.8840080775
122119.0305064727 122006.8840080775
121328.8705334003 121810.9200910933
121526.4105266684 121810.9200910933
121723.9505199365 121810.9200910933
121921.4905132046 121810.9200910933
122119.0305064727 121810.9200910933
122316.5704997408 121810.9200910933
121131.3305401322 121614.9561741091
123896.8904458855 118675.4974193465
121723.9505199365 121223.0283401408

112242.0308430678 113972.3634117263
113427.2708026763 114168.3273287105
112637.1108296040 114168.3273287105
139107.4699275291 117303.7500004573
137724.6899746524 117303.7500004573
133378.8101227543 117303.7500004573
132391.1101564137 117499.7139174414
135551.7500487033 118087.6056683940
134168.9700958266 118087.6056683940
121723.9505199365 122398.8118420458
127057.5303381751 118479.5335023623
131996.0301698775 118675.4974193465
125082.1304054941 126514.0540987135
125674.7503852984 126710.0180156977
125872.2903785665 126905.9819326819

121921.4905132046 122398.8118420458
121723.9505199365 122202.8479250617
121526.4105266684 122006.8840080775
121921.4905132046 122006.8840080775
122119.0305064727 122006.8840080775
121328.8705334003 121810.9200910933
121526.4105266684 121810.9200910933
121723.9505199365 121810.9200910933
121921.4905132046 121810.9200910933
122119.0305064727 121810.9200910933
122316.5704997408 121810.9200910933
121131.3305401322 121614.9561741091
121921.4905132046 121614.9561741091
121723.9505199365 121223.0283401408
122119.0305064727 121614.9561741091

121921.4905132046 122398.8118420458
121723.9505199365 122202.8479250617
122119.0305064727 121614.9561741091
121921.4905132046 121614.9561741091
121131.3305401322 121614.9561741091
122316.5704997408 121810.9200910933
122119.0305064727 121810.9200910933
121921.4905132046 121810.9200910933
121723.9505199365 121810.9200910933
121526.4105266684 121810.9200910933
121328.8705334003 121810.9200910933
122119.0305064727 122006.8840080775
121921.4905132046 122006.8840080775
121723.9505199365 122006.8840080775
121526.4105266684 122006.8840080775

121921.4905132046 122398.8118420458
121723.9505199365 122202.8479250617
121526.4105266684 122006.8840080775
121921.4905132046 122006.8840080775
122119.0305064727 122006.8840080775
121328.8705334003 121810.9200910933
123304.2704660812 118479.5335023623
121723.9505199365 121810.9200910933
121921.4905132046 121810.9200910933
122119.0305064727 121810.9200910933
122316.5704997408 121810.9200910933
121131.3305401322 121614.9561741091
121921.4905132046 121614.9561741091
120933.7905468641 121418.9922571250
121526.4105266684 121418.9922571250

122119.0305064727 121614.9561741091
121921.4905132046 121614.9561741091
120933.7905468641 122006.8840080775
122316.5704997408 121810.9200910933
122119.0305064727 121810.9200910933
121921.4905132046 121810.9200910933
121723.9505199365 121810.9200910933
121526.4105266684 121810.9200910933
121328.8705334003 121810.9200910933
122119.0305064727 122006.8840080775
121921.4905132046 122006.8840080775
121723.9505199365 122006.8840080775
121526.4105266684 122006.8840080775
121921.4905132046 122202.8479250617
121723.9505199365 122202.8479250617

122119.0305064727 121614.9561741091
121921.4905132046 121614.9561741091
121131.3305401322 121614.9561741091
122316.5704997408 121810.9200910933
122119.0305064727 121810.9200910933
121921.4905132046 121810.9200910933
121723.9505199365 121810.9200910933
121526.4105266684 121810.9200910933
121328.8705334003 121810.9200910933
122119.0305064727 122006.8840080775
121921.4905132046 122006.8840080775
121723.9505199365 122006.8840080775
121526.4105266684 122006.8840080775
121921.4905132046 122202.8479250617
121328.8705334003 122202.8479250617

121921.4905132046 122398.8118420458
121723.9505199365 122202.8479250617
121526.4105266684 122006.8840080775
121921.4905132046 122006.8840080775
122119.0305064727 122006.8840080775
121328.8705334003 121810.9200910933
121526.4105266684 121810.9200910933
121723.9505199365 121810.9200910933
121921.4905132046 121810.9200910933
122119.0305064727 121810.9200910933
122316.5704997408 121810.9200910933
121131.3305401322 121614.9561741091
123896.8904458855 118675.4974193465
120933.7905468641 121418.9922571250
121526.4105266684 121418.9922571250

122119.0305064727 121614.9561741091
121921.4905132046 121614.9561741091
121131.3305401322 121614.9561741091
122316.5704997408 121810.9200910933
122119.0305064727 121810.9200910933
121921.4905132046 121810.9200910933
121723.9505199365 121810.9200910933
121526.4105266684 121810.9200910933
121328.8705334003 121810.9200910933
122119.0305064727 122006.8840080775
121921.4905132046 122006.8840080775
121723.9505199365 122006.8840080775
121526.4105266684 122006.8840080775
121921.4905132046 122202.8479250617
121723.9505199365 122202.8479250617

121921.4905132046 122398.8118420458
121723.9505199365 122202.8479250617
121526.4105266684 122006.8840080775
121921.4905132046 122006.8840080775
122119.0305064727 122006.8840080775
121328.8705334003 121810.9200910933
121526.4105266684 121810.9200910933
121723.9505199365 121810.9200910933
121921.4905132046 121810.9200910933
121526.4105266684 121614.9561741091
122119.0305064727 121614.9561741091
121526.4105266684 121223.0283401408
121328.8705334003 121027.0644231566
124291.9704324217 118675.4974193465
124094.4304391536 118479.5335023623

121921.4905132046 122398.8118420458
121723.9505199365 122202.8479250617
121526.4105266684 122006.8840080775
121723.9505199365 122006.8840080775
121921.4905132046 122006.8840080775
122119.0305064727 122006.8840080775
121328.8705334003 121810.9200910933
121526.4105266684 121810.9200910933
121723.9505199365 121810.9200910933
121921.4905132046 121810.9200910933
122119.0305064727 121810.9200910933
123896.8904458855 118479.5335023623
121131.3305401322 121614.9561741091
122119.0305064727 121614.9561741091
121723.9505199365 121223.0283401408

121921.4905132046 121614.9561741091
121723.9505199365 121614.9561741091
122316.5704997408 121810.9200910933
122119.0305064727 121810.9200910933
121921.4905132046 121810.9200910933
121723.9505199365 121810.9200910933
121526.4105266684 121810.9200910933
121131.3305401322 121810.9200910933
122119.0305064727 122006.8840080775
121921.4905132046 122006.8840080775
121723.9505199365 122006.8840080775
121526.4105266684 122006.8840080775
121328.8705334003 122006.8840080775
121921.4905132046 122202.8479250617
121723.9505199365 122202.8479250617

126859.9903449070 127885.8015176028
125082.1304054941 126514.0540987135
125082.1304054941 126122.1262647452
124489.5104256898 125926.1623477610
131996.0301698775 118675.4974193465
127057.5303381751 118479.5335023623
131403.4101900732 118479.5335023623
134168.9700958266 118087.6056683940
135551.7500487033 118087.6056683940
124094.4304391536 118479.5335023623
124291.9704324217 118675.4974193465
121328.8705334003 121027.0644231566
121526.4105266684 121223.0283401408
122119.0305064727 121614.9561741091
122316.5704997408 121810.9200910933

121921.4905132046 122398.8118420458
121723.9505199365 122202.8479250617
121526.4105266684 122006.8840080775
121723.9505199365 122006.8840080775
121921.4905132046 122006.8840080775
121131.3305401322 121223.0283401408
121328.8705334003 121810.9200910933
121526.4105266684 121810.9200910933
121723.9505199365 121810.9200910933
121921.4905132046 121810.9200910933
122119.0305064727 121810.9200910933
122316.5704997408 121810.9200910933
121131.3305401322 121614.9561741091
122119.0305064727 121614.9561741091
121723.9505199365 121223.0283401408

121921.4905132046 122398.8118420458
121723.9505199365 122202.8479250617
121526.4105266684 122006.8840080775
121723.9505199365 122006.8840080775
121921.4905132046 122006.8840080775
122119.0305064727 122006.8840080775
121328.8705334003 121810.9200910933
121526.4105266684 121810.9200910933
121723.9505199365 121810.9200910933
121921.4905132046 121810.9200910933
122119.0305064727 121810.9200910933
122316.5704997408 121810.9200910933
121921.4905132046 121614.9561741091
121723.9505199365 121614.9561741091
121131.3305401322 121614.9561741091

122119.0305064727 121614.9561741091
121921.4905132046 121614.9561741091
121723.9505199365 121614.9561741091
122316.5704997408 121810.9200910933
122119.0305064727 121810.9200910933
121921.4905132046 121810.9200910933
121723.9505199365 121810.9200910933
121526.4105266684 121810.9200910933
121328.8705334003 121810.9200910933
122119.0305064727 122006.8840080775
121921.4905132046 122006.8840080775
121723.9505199365 122006.8840080775
121131.3305401322 121614.9561741091
121921.4905132046 122202.8479250617
121328.8705334003 122202.8479250617

121921.4905132046 122398.8118420458
121723.9505199365 122202.8479250617
121921.4905132046 122202.8479250617
121526.4105266684 122006.8840080775
121723.9505199365 122006.8840080775
121921.4905132046 122006.8840080775
122119.0305064727 122006.8840080775
121131.3305401322 121810.9200910933
121328.8705334003 121810.9200910933
121723.9505199365 121810.9200910933
121921.4905132046 121810.9200910933
122119.0305064727 121810.9200910933
122316.5704997408 121810.9200910933
121723.9505199365 121614.9561741091
120933.7905468641 121614.9561741091

121921.4905132046 122398.8118420458
121723.9505199365 122202.8479250617
121526.4105266684 122006.8840080775
123699.3504526175 118675.4974193465
121921.4905132046 122006.8840080775
122119.0305064727 122006.8840080775
121328.8705334003 121810.9200910933
121526.4105266684 121810.9200910933
121723.9505199365 121810.9200910933
121921.4905132046 121810.9200910933
122119.0305064727 121810.9200910933
122316.5704997408 121810.9200910933
121131.3305401322 121614.9561741091
122119.0305064727 121614.9561741091
121723.9505199365 121223.0283401408

121921.4905132046 122398.8118420458
121723.9505199365 122202.8479250617
121526.4105266684 122006.8840080775
121921.4905132046 122006.8840080775
122119.0305064727 122006.8840080775
121328.8705334003 121810.9200910933
121526.4105266684 121810.9200910933
121723.9505199365 121810.9200910933
121921.4905132046 121810.9200910933
122316.5704997408 121810.9200910933
121526.4105266684 121418.9922571250
120933.7905468641 121418.9922571250
121921.4905132046 121614.9561741091
121131.3305401322 121614.9561741091
122119.0305064727 121810.9200910933

121328.8705334003 122202.8479250617
121921.4905132046 122202.8479250617
121131.3305401322 122006.8840080775
121723.9505199365 122006.8840080775
121921.4905132046 122006.8840080775
122119.0305064727 122006.8840080775
121328.8705334003 121810.9200910933
121526.4105266684 121810.9200910933
121723.9505199365 121810.9200910933
121921.4905132046 121810.9200910933
122119.0305064727 121810.9200910933
122316.5704997408 121810.9200910933
121723.9505199365 121614.9561741091
121921.4905132046 121614.9561741091
122119.0305064727 121614.9561741091

121723.9505199365 121614.9561741091
121131.3305401322 121614.9561741091
122316.5704997408 121810.9200910933
122119.0305064727 121810.9200910933
121921.4905132046 121810.9200910933
121723.9505199365 121810.9200910933
121526.4105266684 121810.9200910933
121328.8705334003 121810.9200910933
122119.0305064727 122006.8840080775
121921.4905132046 122006.8840080775
121723.9505199365 122006.8840080775
121526.4105266684 122006.8840080775
121921.4905132046 122202.8479250617
121723.9505199365 122202.8479250617
121921.4905132046 122398.8118420458

121921.4905132046 122398.8118420458
121723.9505199365 122202.8479250617
121526.4105266684 122006.8840080775
121921.4905132046 122006.8840080775
122119.0305064727 122006.8840080775
121328.8705334003 121810.9200910933
121526.4105266684 121810.9200910933
121723.9505199365 121810.9200910933
121921.4905132046 121810.9200910933
122316.5704997408 121810.9200910933
122119.0305064727 121614.9561741091
120933.7905468641 121418.9922571250
121921.4905132046 121614.9561741091
121131.3305401322 121614.9561741091
122119.0305064727 121810.9200910933

121723.9505199365 121223.0283401408
122119.0305064727 121614.9561741091
121131.3305401322 121614.9561741091
122316.5704997408 121810.9200910933
122119.0305064727 121810.9200910933
121921.4905132046 121810.9200910933
121723.9505199365 121810.9200910933
121526.4105266684 121810.9200910933
121328.8705334003 121810.9200910933
122119.0305064727 122006.8840080775
121921.4905132046 122006.8840080775
121723.9505199365 122006.8840080775
121526.4105266684 122006.8840080775
121723.9505199365 122202.8479250617
121921.4905132046 122398.8118420458

121921.4905132046 122398.8118420458
121723.9505199365 122202.8479250617
121526.4105266684 122006.8840080775
121921.4905132046 122006.8840080775
122119.0305064727 122006.8840080775
121328.8705334003 121810.9200910933
121526.4105266684 121810.9200910933
121723.9505199365 121810.9200910933
121921.4905132046 121810.9200910933
122119.0305064727 121810.9200910933
122316.5704997408 121810.9200910933
120933.7905468641 121418.9922571250
121921.4905132046 121614.9561741091
121131.3305401322 121614.9561741091
121723.9505199365 122006.8840080775

121921.4905132046 122398.8118420458
121723.9505199365 122202.8479250617
121921.4905132046 122202.8479250617
121526.4105266684 122006.8840080775
121723.9505199365 122006.8840080775
121921.4905132046 122006.8840080775
122119.0305064727 122006.8840080775
121328.8705334003 121810.9200910933
121526.4105266684 121810.9200910933
121723.9505199365 121810.9200910933
121921.4905132046 121810.9200910933
122119.0305064727 121810.9200910933
121131.3305401322 121614.9561741091
120143.6305737917 121810.9200910933
120933.7905468641 121418.9922571250

121921.4905132046 122398.8118420458
121723.9505199365 122202.8479250617
121526.4105266684 122006.8840080775
121921.4905132046 122006.8840080775
122119.0305064727 122006.8840080775
121328.8705334003 121810.9200910933
121526.4105266684 121810.9200910933
121723.9505199365 121810.9200910933
121921.4905132046 121810.9200910933
122119.0305064727 121810.9200910933
122316.5704997408 121810.9200910933
120538.7105603279 121614.9561741091
121131.3305401322 121614.9561741091
124489.5104256898 118479.5335023623
121526.4105266684 121614.9561741091

124094.4304391536 118479.5335023623
124291.9704324217 118675.4974193465
121328.8705334003 121027.0644231566
121526.4105266684 121223.0283401408
122119.0305064727 121614.9561741091
122316.5704997408 121810.9200910933
121921.4905132046 121810.9200910933
121723.9505199365 121810.9200910933
120736.2505535960 121810.9200910933
121328.8705334003 121810.9200910933
122119.0305064727 122006.8840080775
121921.4905132046 122006.8840080775
121526.4105266684 122006.8840080775
121723.9505199365 122202.8479250617
121921.4905132046 122398.8118420458

121921.4905132046 122398.8118420458
121723.9505199365 122202.8479250617
121526.4105266684 122006.8840080775
121723.9505199365 122006.8840080775
121921.4905132046 122006.8840080775
122119.0305064727 122594.7757590300
121328.8705334003 121810.9200910933
121526.4105266684 121810.9200910933
121723.9505199365 121810.9200910933
121921.4905132046 121810.9200910933
122119.0305064727 121810.9200910933
122316.5704997408 121810.9200910933
120538.7105603279 121614.9561741091
121131.3305401322 121614.9561741091
124094.4304391536 118479.5335023623

120933.7905468641 121418.9922571250
121921.4905132046 121614.9561741091
121131.3305401322 121614.9561741091
122119.0305064727 121810.9200910933
121921.4905132046 121810.9200910933
121723.9505199365 121810.9200910933
121526.4105266684 121810.9200910933
121328.8705334003 121810.9200910933
122119.0305064727 122006.8840080775
121921.4905132046 122006.8840080775
121723.9505199365 122006.8840080775
121526.4105266684 122006.8840080775
121921.4905132046 122202.8479250617
121723.9505199365 122202.8479250617
121921.4905132046 122398.8118420458

121723.9505199365 122202.8479250617
122119.0305064727 121614.9561741091
121921.4905132046 121614.9561741091
122316.5704997408 121810.9200910933
122119.0305064727 121810.9200910933
121921.4905132046 121810.9200910933
121723.9505199365 121810.9200910933
121526.4105266684 121810.9200910933
121131.3305401322 121810.9200910933
122119.0305064727 122006.8840080775
121921.4905132046 122006.8840080775
121723.9505199365 122006.8840080775
121526.4105266684 122006.8840080775
121328.8705334003 122006.8840080775
121921.4905132046 122202.8479250617

121723.9505199365 121223.0283401408
123896.8904458855 118479.5335023623
121131.3305401322 121614.9561741091
122119.0305064727 121810.9200910933
121921.4905132046 121810.9200910933
121723.9505199365 121810.9200910933
121526.4105266684 121810.9200910933
121328.8705334003 121810.9200910933
122119.0305064727 122006.8840080775
121921.4905132046 122006.8840080775
121723.9505199365 122006.8840080775
121526.4105266684 122006.8840080775
121921.4905132046 122202.8479250617
121723.9505199365 122202.8479250617
121921.4905132046 122398.8118420458

121921.4905132046 122398.8118420458
121723.9505199365 122202.8479250617
121526.4105266684 122006.8840080775
121723.9505199365 122006.8840080775
121921.4905132046 122006.8840080775
122119.0305064727 122006.8840080775
120933.7905468641 121810.9200910933
121328.8705334003 121810.9200910933
121526.4105266684 121810.9200910933
121723.9505199365 121810.9200910933
121921.4905132046 121810.9200910933
122119.0305064727 121810.9200910933
122316.5704997408 121810.9200910933
122119.0305064727 121614.9561741091
121921.4905132046 121614.9561741091

121921.4905132046 122398.8118420458
121723.9505199365 122202.8479250617
121526.4105266684 122006.8840080775
121723.9505199365 122006.8840080775
121921.4905132046 122006.8840080775
122119.0305064727 122006.8840080775
121328.8705334003 121810.9200910933
121526.4105266684 121810.9200910933
121723.9505199365 121810.9200910933
121921.4905132046 121810.9200910933
122119.0305064727 121810.9200910933
122316.5704997408 121810.9200910933
120538.7105603279 121614.9561741091
121131.3305401322 121614.9561741091
121723.9505199365 121223.0283401408

121723.9505199365 121223.0283401408
122119.0305064727 121614.9561741091
121131.3305401322 121614.9561741091
122119.0305064727 121810.9200910933
121921.4905132046 121810.9200910933
121723.9505199365 121810.9200910933
121526.4105266684 121810.9200910933
121328.8705334003 121810.9200910933
122119.0305064727 122006.8840080775
121921.4905132046 122006.8840080775
121723.9505199365 122006.8840080775
121526.4105266684 122006.8840080775
121921.4905132046 122202.8479250617
121723.9505199365 122202.8479250617
121921.4905132046 122398.8118420458

121921.4905132046 122398.8118420458
121723.9505199365 122202.8479250617
121921.4905132046 122202.8479250617
121526.4105266684 122006.8840080775
121723.9505199365 122006.8840080775
121921.4905132046 122006.8840080775
122119.0305064727 122006.8840080775
121328.8705334003 121810.9200910933
121526.4105266684 121810.9200910933
121723.9505199365 121810.9200910933
121921.4905132046 121810.9200910933
122119.0305064727 121810.9200910933
124094.4304391536 118479.5335023623
121131.3305401322 121614.9561741091
120538.7105603279 121614.9561741091

121921.4905132046 122398.8118420458
121723.9505199365 122202.8479250617
121526.4105266684 122006.8840080775
121723.9505199365 122006.8840080775
121921.4905132046 122006.8840080775
122119.0305064727 122006.8840080775
121328.8705334003 121810.9200910933
121328.8705334003 121418.9922571250
121723.9505199365 121810.9200910933
121921.4905132046 121810.9200910933
122119.0305064727 121810.9200910933
122316.5704997408 121810.9200910933
121526.4105266684 121614.9561741091
121921.4905132046 121614.9561741091
122119.0305064727 121614.9561741091

121328.8705334003 122202.8479250617
121921.4905132046 122202.8479250617
121526.4105266684 122006.8840080775
121723.9505199365 122006.8840080775
121921.4905132046 122006.8840080775
122119.0305064727 122006.8840080775
121328.8705334003 121810.9200910933
121526.4105266684 121810.9200910933
121723.9505199365 121810.9200910933
121921.4905132046 121810.9200910933
122119.0305064727 121810.9200910933
122316.5704997408 121810.9200910933
121723.9505199365 121614.9561741091
121921.4905132046 121614.9561741091
121131.3305401322 121614.9561741091

121921.4905132046 122398.8118420458
121723.9505199365 122202.8479250617
124094.4304391536 118479.5335023623
121131.3305401322 121614.9561741091
120538.7105603279 121614.9561741091
122316.5704997408 121810.9200910933
122119.0305064727 121810.9200910933
121921.4905132046 121810.9200910933
121723.9505199365 121810.9200910933
121526.4105266684 121810.9200910933
121328.8705334003 121810.9200910933
122119.0305064727 122006.8840080775
121921.4905132046 122006.8840080775
121723.9505199365 122006.8840080775
121526.4105266684 122006.8840080775

121723.9505199365 122202.8479250617
121921.4905132046 122202.8479250617
121526.4105266684 122006.8840080775
121723.9505199365 122006.8840080775
121921.4905132046 122006.8840080775
122119.0305064727 122006.8840080775
121328.8705334003 121810.9200910933
121526.4105266684 121810.9200910933
121723.9505199365 121810.9200910933
121921.4905132046 121810.9200910933
122119.0305064727 121810.9200910933
122316.5704997408 121810.9200910933
121723.9505199365 121614.9561741091
121921.4905132046 121614.9561741091
121131.3305401322 121614.9561741091

121921.4905132046 122398.8118420458
121723.9505199365 122202.8479250617
121526.4105266684 122006.8840080775
121723.9505199365 122006.8840080775
121921.4905132046 122006.8840080775
122119.0305064727 122006.8840080775
121328.8705334003 121810.9200910933
121526.4105266684 121810.9200910933
121723.9505199365 121810.9200910933
121921.4905132046 121810.9200910933
120736.2505535960 121810.9200910933
122316.5704997408 121810.9200910933
120538.7105603279 121614.9561741091
121131.3305401322 121614.9561741091
124291.9704324217 118675.4974193465

121328.8705334003 122202.8479250617
121921.4905132046 122202.8479250617
121328.8705334003 121418.9922571250
121723.9505199365 122006.8840080775
121921.4905132046 122006.8840080775
122119.0305064727 122006.8840080775
121328.8705334003 121810.9200910933
121526.4105266684 121810.9200910933
121723.9505199365 121810.9200910933
121921.4905132046 121810.9200910933
122119.0305064727 121810.9200910933
122316.5704997408 121810.9200910933
121723.9505199365 121614.9561741091
121921.4905132046 121614.9561741091
122119.0305064727 121614.9561741091

121921.4905132046 122398.8118420458
121723.9505199365 122202.8479250617
122119.0305064727 121614.9561741091
121921.4905132046 121614.9561741091
122316.5704997408 121810.9200910933
122119.0305064727 121810.9200910933
121921.4905132046 121810.9200910933
121723.9505199365 121810.9200910933
121526.4105266684 121810.9200910933
121328.8705334003 121810.9200910933
122119.0305064727 122006.8840080775
121921.4905132046 122006.8840080775
121723.9505199365 122006.8840080775
121526.4105266684 122006.8840080775
121921.4905132046 122202.8479250617

121723.9505199365 122202.8479250617
121921.4905132046 122202.8479250617
121526.4105266684 122006.8840080775
121723.9505199365 122006.8840080775
121921.4905132046 122006.8840080775
122119.0305064727 122006.8840080775
121328.8705334003 121810.9200910933
121526.4105266684 121614.9561741091
121723.9505199365 121810.9200910933
121921.4905132046 121810.9200910933
122119.0305064727 121810.9200910933
122316.5704997408 121810.9200910933
121723.9505199365 121614.9561741091
121921.4905132046 121614.9561741091
122119.0305064727 121614.9561741091

121921.4905132046 122398.8118420458
121723.9505199365 122202.8479250617
120933.7905468641 122006.8840080775
121526.4105266684 122006.8840080775
121723.9505199365 122006.8840080775
121921.4905132046 122006.8840080775
122119.0305064727 122006.8840080775
121328.8705334003 121810.9200910933
121526.4105266684 121810.9200910933
121723.9505199365 121810.9200910933
121921.4905132046 121810.9200910933
122119.0305064727 121810.9200910933
122316.5704997408 121810.9200910933
121526.4105266684 121614.9561741091
122119.0305064727 121614.9561741091

121921.4905132046 122398.8118420458
121723.9505199365 122202.8479250617
121921.4905132046 122202.8479250617
121526.4105266684 122006.8840080775
121723.9505199365 122006.8840080775
121921.4905132046 122006.8840080775
122119.0305064727 122006.8840080775
121328.8705334003 121810.9200910933
121131.3305401322 121418.9922571250
121723.9505199365 121810.9200910933
121921.4905132046 121810.9200910933
122119.0305064727 121810.9200910933
122316.5704997408 121810.9200910933
121526.4105266684 121614.9561741091
122119.0305064727 121614.9561741091

121526.4105266684 121223.0283401408
121526.4105266684 121614.9561741091
122316.5704997408 121810.9200910933
122119.0305064727 121810.9200910933
121921.4905132046 121810.9200910933
121723.9505199365 121810.9200910933
121131.3305401322 121810.9200910933
122119.0305064727 122006.8840080775
121921.4905132046 122006.8840080775
121723.9505199365 122006.8840080775
121526.4105266684 122006.8840080775
121921.4905132046 122202.8479250617
121723.9505199365 122202.8479250617
121131.3305401322 122202.8479250617
121921.4905132046 122398.8118420458

121921.4905132046 122398.8118420458
121723.9505199365 122202.8479250617
121526.4105266684 122006.8840080775
121921.4905132046 121418.9922571250
122119.0305064727 122006.8840080775
121328.8705334003 121810.9200910933
121526.4105266684 121810.9200910933
121723.9505199365 121810.9200910933
121921.4905132046 121810.9200910933
122316.5704997408 121810.9200910933
122119.0305064727 121614.9561741091
121526.4105266684 121223.0283401408
121328.8705334003 121027.0644231566
124094.4304391536 118479.5335023623
124291.9704324217 118675.4974193465

121921.4905132046 122398.8118420458
121723.9505199365 122202.8479250617
121526.4105266684 122006.8840080775
121921.4905132046 122006.8840080775
122119.0305064727 122006.8840080775
121328.8705334003 121810.9200910933
121526.4105266684 121810.9200910933
121723.9505199365 121810.9200910933
121921.4905132046 121810.9200910933
122316.5704997408 121810.9200910933
122119.0305064727 121614.9561741091
121526.4105266684 121223.0283401408
121328.8705334003 121027.0644231566
124094.4304391536 118479.5335023623
124291.9704324217 118675.4974193465

122119.0305064727 122594.7757590300
121921.4905132046 122398.8118420458
121723.9505199365 122202.8479250617
121328.8705334003 122006.8840080775
121526.4105266684 122006.8840080775
121723.9505199365 122006.8840080775
121921.4905132046 122006.8840080775
122119.0305064727 122006.8840080775
121131.3305401322 121810.9200910933
121723.9505199365 121810.9200910933
121921.4905132046 121810.9200910933
122119.0305064727 121810.9200910933
122316.5704997408 121810.9200910933
123699.3504526175 118675.4974193465
121526.4105266684 121223.0283401408

121921.4905132046 122398.8118420458
121723.9505199365 122202.8479250617
120933.7905468641 122006.8840080775
121526.4105266684 122006.8840080775
121723.9505199365 122006.8840080775
121921.4905132046 122006.8840080775
122119.0305064727 122006.8840080775
121328.8705334003 121810.9200910933
121723.9505199365 121810.9200910933
121921.4905132046 121810.9200910933
122119.0305064727 121810.9200910933
122316.5704997408 121810.9200910933
122119.0305064727 121614.9561741091
121526.4105266684 121614.9561741091
120933.7905468641 121614.9561741091

121526.4105266684 121223.0283401408
121526.4105266684 121614.9561741091
122316.5704997408 121810.9200910933
122119.0305064727 121810.9200910933
121921.4905132046 121810.9200910933
121723.9505199365 121810.9200910933
121131.3305401322 121810.9200910933
122119.0305064727 122006.8840080775
121921.4905132046 122006.8840080775
121723.9505199365 122006.8840080775
121526.4105266684 122006.8840080775
121328.8705334003 122006.8840080775
121723.9505199365 122202.8479250617
121921.4905132046 122398.8118420458
122119.0305064727 122594.7757590300

121328.8705334003 122202.8479250617
122119.0305064727 121614.9561741091
121921.4905132046 121614.9561741091
121723.9505199365 121614.9561741091
122316.5704997408 121810.9200910933
122119.0305064727 121810.9200910933
121921.4905132046 121810.9200910933
121723.9505199365 121810.9200910933
121526.4105266684 121810.9200910933
121328.8705334003 121810.9200910933
122119.0305064727 122006.8840080775
121921.4905132046 122006.8840080775
121723.9505199365 122006.8840080775
121526.4105266684 122006.8840080775
121921.4905132046 122202.8479250617

120933.7905468641 122006.8840080775
121921.4905132046 121614.9561741091
121723.9505199365 121614.9561741091
122316.5704997408 121810.9200910933
122119.0305064727 121810.9200910933
121921.4905132046 121810.9200910933
121723.9505199365 121810.9200910933
121526.4105266684 121810.9200910933
121328.8705334003 121810.9200910933
122119.0305064727 122006.8840080775
121921.4905132046 122006.8840080775
121723.9505199365 122006.8840080775
121526.4105266684 122006.8840080775
121921.4905132046 122202.8479250617
121723.9505199365 122202.8479250617

121723.9505199365 122202.8479250617
122119.0305064727 121614.9561741091
121921.4905132046 121614.9561741091
121723.9505199365 121614.9561741091
122316.5704997408 121810.9200910933
122119.0305064727 121810.9200910933
121921.4905132046 121810.9200910933
121723.9505199365 121810.9200910933
121526.4105266684 121810.9200910933
121328.8705334003 121810.9200910933
122119.0305064727 122006.8840080775
121921.4905132046 122006.8840080775
121723.9505199365 122006.8840080775
121526.4105266684 122006.8840080775
121921.4905132046 122202.8479250617

121723.9505199365 122202.8479250617
121921.4905132046 122202.8479250617
121526.4105266684 122006.8840080775
121723.9505199365 122006.8840080775
121921.4905132046 122006.8840080775
122119.0305064727 121614.9561741091
121921.4905132046 121614.9561741091
121526.4105266684 121614.9561741091
122316.5704997408 121810.9200910933
122119.0305064727 121810.9200910933
121921.4905132046 121810.9200910933
121723.9505199365 121810.9200910933
121526.4105266684 121810.9200910933
121328.8705334003 121810.9200910933
122119.0305064727 122006.8840080775

121723.9505199365 122202.8479250617
121921.4905132046 122202.8479250617
122119.0305064727 121614.9561741091
121921.4905132046 121614.9561741091
122316.5704997408 121810.9200910933
122119.0305064727 121810.9200910933
121921.4905132046 121810.9200910933
121723.9505199365 121810.9200910933
121526.4105266684 121810.9200910933
121328.8705334003 121810.9200910933
122119.0305064727 122006.8840080775
121921.4905132046 122006.8840080775
121723.9505199365 122006.8840080775
121526.4105266684 122006.8840080775
121328.8705334003 121614.9561741091

121723.9505199365 122202.8479250617
122119.0305064727 121614.9561741091
121921.4905132046 121614.9561741091
121723.9505199365 121614.9561741091
122316.5704997408 121810.9200910933
122119.0305064727 121810.9200910933
121921.4905132046 121810.9200910933
121723.9505199365 121810.9200910933
121526.4105266684 121810.9200910933
122119.0305064727 122006.8840080775
121921.4905132046 122006.8840080775
121723.9505199365 122006.8840080775
121526.4105266684 122006.8840080775
121328.8705334003 122006.8840080775
121921.4905132046 122202.8479250617

122119.0305064727 121614.9561741091
121526.4105266684 121614.9561741091
122316.5704997408 121810.9200910933
122119.0305064727 121810.9200910933
121921.4905132046 121810.9200910933
121723.9505199365 121810.9200910933
121921.4905132046 121614.9561741091
121328.8705334003 121810.9200910933
122119.0305064727 122006.8840080775
121921.4905132046 122006.8840080775
121723.9505199365 122006.8840080775
121526.4105266684 122006.8840080775
121921.4905132046 122202.8479250617
121723.9505199365 122202.8479250617
121921.4905132046 122398.8118420458

121723.9505199365 122202.8479250617
121921.4905132046 122202.8479250617
121328.8705334003 122006.8840080775
121526.4105266684 122006.8840080775
121723.9505199365 122006.8840080775
121921.4905132046 122006.8840080775
122119.0305064727 122006.8840080775
121328.8705334003 121614.9561741091
121526.4105266684 121810.9200910933
121723.9505199365 121810.9200910933
121921.4905132046 121810.9200910933
122119.0305064727 121810.9200910933
122316.5704997408 121810.9200910933
121921.4905132046 121614.9561741091
122119.0305064727 121614.9561741091

121723.9505199365 122202.8479250617
121921.4905132046 122398.8118420458
121526.4105266684 122006.8840080775
121723.9505199365 122006.8840080775
121921.4905132046 122006.8840080775
122119.0305064727 122006.8840080775
121328.8705334003 121810.9200910933
121526.4105266684 121810.9200910933
121723.9505199365 121810.9200910933
121921.4905132046 121810.9200910933
122119.0305064727 121810.9200910933
122316.5704997408 121810.9200910933
121723.9505199365 121614.9561741091
121921.4905132046 121614.9561741091
122119.0305064727 121614.9561741091

121723.9505199365 122202.8479250617
122119.0305064727 121614.9561741091
121921.4905132046 121614.9561741091
122316.5704997408 121810.9200910933
122119.0305064727 121810.9200910933
121921.4905132046 121810.9200910933
121723.9505199365 121810.9200910933
121526.4105266684 121810.9200910933
121328.8705334003 121810.9200910933
122119.0305064727 122006.8840080775
121921.4905132046 122006.8840080775
121723.9505199365 122006.8840080775
121526.4105266684 122006.8840080775
121328.8705334003 122006.8840080775
121921.4905132046 122202.8479250617

121131.3305401322 122594.7757590300
127452.6103247113 119851.2809212516
121526.4105266684 122006.8840080775
121723.9505199365 122006.8840080775
121328.8705334003 121810.9200910933
121723.9505199365 121810.9200910933
121921.4905132046 121810.9200910933
121723.9505199365 121614.9561741091
123106.7304728131 121614.9561741091
121328.8705334003 121223.0283401408
123699.3504526175 118871.4613363307
124291.9704324217 118871.4613363307
123501.8104593493 118675.4974193465
124094.4304391536 118283.5695853782
119946.0905805236 115540.0747475997

120736.2505535960 122594.7757590300
121723.9505199365 122398.8118420458
124094.4304391536 116911.8221664889
121526.4105266684 122006.8840080775
121723.9505199365 122006.8840080775
121131.3305401322 121810.9200910933
120341.1705670598 121614.9561741091
121723.9505199365 121614.9561741091
121328.8705334003 121418.9922571250
122514.1104930089 121223.0283401408
123699.3504526175 118871.4613363307
124291.9704324217 118871.4613363307
123501.8104593493 118675.4974193465
117773.1506545745 115540.0747475997
119155.9306074512 115736.0386645839

121328.8705334003 117303.7500004573
121723.9505199365 122398.8118420458
121328.8705334003 122006.8840080775
121526.4105266684 122006.8840080775
121723.9505199365 122006.8840080775
121131.3305401322 121810.9200910933
120341.1705670598 121614.9561741091
121723.9505199365 121614.9561741091
121328.8705334003 121418.9922571250
122514.1104930089 121223.0283401408
123699.3504526175 118871.4613363307
124291.9704324217 118871.4613363307
123501.8104593493 118675.4974193465
117773.1506545745 115540.0747475997
119155.9306074512 115736.0386645839

120736.2505535960 122594.7757590300
121723.9505199365 122398.8118420458
121328.8705334003 122006.8840080775
121526.4105266684 122006.8840080775
121723.9505199365 122006.8840080775
121131.3305401322 121810.9200910933
120341.1705670598 121614.9561741091
121723.9505199365 121614.9561741091
121328.8705334003 121418.9922571250
120341.1705670598 115736.0386645839
123699.3504526175 118871.4613363307
124291.9704324217 118871.4613363307
123501.8104593493 118675.4974193465
119155.9306074512 115736.0386645839
119946.0905805236 115540.0747475997

120736.2505535960 122594.7757590300
121723.9505199365 122398.8118420458
136144.3700285076 117695.6778344256
121526.4105266684 122006.8840080775
121723.9505199365 122006.8840080775
121131.3305401322 121810.9200910933
120341.1705670598 121614.9561741091
121723.9505199365 121614.9561741091
121328.8705334003 121418.9922571250
122514.1104930089 121223.0283401408
123699.3504526175 118871.4613363307
124291.9704324217 118871.4613363307
123501.8104593493 118675.4974193465
117773.1506545745 115540.0747475997
119155.9306074512 115736.0386645839

120736.2505535960 122594.7757590300
121723.9505199365 122398.8118420458
121328.8705334003 122006.8840080775
121526.4105266684 122006.8840080775
121723.9505199365 122006.8840080775
121131.3305401322 121810.9200910933
120341.1705670598 121614.9561741091
121723.9505199365 121614.9561741091
121328.8705334003 121418.9922571250
122514.1104930089 121223.0283401408
123699.3504526175 118871.4613363307
124291.9704324217 118871.4613363307
123501.8104593493 118675.4974193465
117773.1506545745 115540.0747475997
119155.9306074512 115736.0386645839

120736.2505535960 122594.7757590300
121723.9505199365 122398.8118420458
121328.8705334003 122006.8840080775
121526.4105266684 122006.8840080775
121723.9505199365 122006.8840080775
121131.3305401322 121810.9200910933
120341.1705670598 121614.9561741091
121723.9505199365 121614.9561741091
123699.3504526175 117695.6778344256
122514.1104930089 121223.0283401408
123699.3504526175 118871.4613363307
124291.9704324217 118871.4613363307
123501.8104593493 118675.4974193465
117970.6906478426 116519.8943325205
120538.7105603279 116715.8582495047

121921.4905132046 122790.7396760142
121723.9505199365 122398.8118420458
121328.8705334003 122006.8840080775
121526.4105266684 122006.8840080775
121723.9505199365 122006.8840080775
120341.1705670598 121614.9561741091
121723.9505199365 121614.9561741091
122514.1104930089 121223.0283401408
117773.1506545745 115736.0386645839
117970.6906478426 116519.8943325205
121723.9505199365 118087.6056683940
123501.8104593493 118675.4974193465
124489.5104256898 118871.4613363307
123304.2704660812 117695.6778344256
123699.3504526175 118871.4613363307

121921.4905132046 122790.7396760142
121723.9505199365 122398.8118420458
117773.1506545745 115344.1108306155
121723.9505199365 122006.8840080775
120341.1705670598 121614.9561741091
121723.9505199365 121614.9561741091
122514.1104930089 121223.0283401408
122909.1904795451 120243.2087552199
123699.3504526175 118871.4613363307
124291.9704324217 118871.4613363307
124489.5104256898 118871.4613363307
123501.8104593493 118675.4974193465
121723.9505199365 118087.6056683940
117970.6906478426 116519.8943325205
117773.1506545745 115736.0386645839

121328.8705334003 122006.8840080775
121921.4905132046 122790.7396760142
121723.9505199365 122398.8118420458
122909.1904795451 120243.2087552199
121723.9505199365 122006.8840080775
120341.1705670598 121614.9561741091
121723.9505199365 121614.9561741091
123699.3504526175 118871.4613363307
124291.9704324217 118871.4613363307
124489.5104256898 118871.4613363307
123501.8104593493 118675.4974193465
121723.9505199365 118087.6056683940
117773.1506545745 115736.0386645839
117970.6906478426 116519.8943325205
122514.1104930089 121223.0283401408

121328.8705334003 122006.8840080775
121921.4905132046 122790.7396760142
121723.9505199365 122398.8118420458
119748.5505872555 121614.9561741091
121723.9505199365 122006.8840080775
120341.1705670598 121614.9561741091
121723.9505199365 121614.9561741091
123699.3504526175 118871.4613363307
124291.9704324217 118871.4613363307
124489.5104256898 118871.4613363307
123501.8104593493 118675.4974193465
121723.9505199365 118087.6056683940
117773.1506545745 115736.0386645839
117970.6906478426 116519.8943325205
122514.1104930089 121223.0283401408

121526.4105266684 122594.7757590300
121723.9505199365 122398.8118420458
121131.3305401322 122202.8479250617
121526.4105266684 122006.8840080775
121723.9505199365 122006.8840080775
121328.8705334003 121810.9200910933
121921.4905132046 120635.1365891882
124489.5104256898 118871.4613363307
123501.8104593493 118675.4974193465
120143.6305737917 115540.0747475997
117773.1506545745 115736.0386645839
120143.6305737917 116127.9664985522
122711.6504862770 117107.7860834731
123501.8104593493 117499.7139174414
124094.4304391536 117695.6778344256

121526.4105266684 122594.7757590300
121723.9505199365 122398.8118420458
121131.3305401322 122202.8479250617
121526.4105266684 122006.8840080775
122909.1904795451 117499.7139174414
121328.8705334003 121810.9200910933
120143.6305737917 115540.0747475997
117773.1506545745 115736.0386645839
120143.6305737917 116127.9664985522
122711.6504862770 117107.7860834731
123501.8104593493 117499.7139174414
124094.4304391536 117695.6778344256
124687.0504189579 117891.6417514098
123501.8104593493 118675.4974193465
124489.5104256898 118871.4613363307

121723.9505199365 122398.8118420458
121526.4105266684 122006.8840080775
121723.9505199365 122006.8840080775
120933.7905468641 121810.9200910933
123501.8104593493 121614.9561741091
126662.4503516389 119655.3170042674
125279.6703987622 119263.3891702990
124489.5104256898 118871.4613363307
123501.8104593493 118675.4974193465
121921.4905132046 117891.6417514098
123501.8104593493 117499.7139174414
122711.6504862770 117107.7860834731
120143.6305737917 115540.0747475997
117773.1506545745 115736.0386645839
120143.6305737917 116127.9664985522

121723.9505199365 122398.8118420458
122909.1904795451 123770.5592609351
121723.9505199365 122006.8840080775
120933.7905468641 121810.9200910933
123501.8104593493 121614.9561741091
126662.4503516389 119655.3170042674
125279.6703987622 119263.3891702990
124489.5104256898 118871.4613363307
123501.8104593493 118675.4974193465
124687.0504189579 117891.6417514098
123501.8104593493 117499.7139174414
120143.6305737917 115540.0747475997
117773.1506545745 115736.0386645839
120143.6305737917 116127.9664985522
122711.6504862770 117107.7860834731

121723.9505199365 122398.8118420458
121526.4105266684 122006.8840080775
126464.9103583708 127493.8736836344
120933.7905468641 121810.9200910933
121526.4105266684 119851.2809212516
126662.4503516389 119655.3170042674
125279.6703987622 119263.3891702990
124489.5104256898 118871.4613363307
123501.8104593493 118675.4974193465
124687.0504189579 117891.6417514098
123501.8104593493 117499.7139174414
122711.6504862770 117107.7860834731
120143.6305737917 115540.0747475997
117773.1506545745 115736.0386645839
120143.6305737917 116127.9664985522

