29479002.8217679411 165516.0042667389
31394810.9382623807 209592.9445190430
29964069.5194518119 190228.0517833228
29486924.0290931650 169009.2334136963
29939899.9082201757 190088.7111613746
36286154.4940892905 221521.0507812500
29498746.9719625749 169525.4281921387
29768870.6479108334 185538.4752910133
29559370.1401271112 177011.3299484309
29556834.5052521154 177003.2229091227
29965950.3567759357 190269.3125255103
36822194.8310504183 221666.2028808594
37233003.7203201577 221720.7475585938
29621065.6184131876 181022.3758743941
30292404.3347473964 198057.5065715308
29875479.4022913165 187522.3227031226
29500765.8569168523 169671.3483800888
37357640.8441935778 221761.5200195312
29569039.9154395647 177141.8662884748
29651133.8238784708 181480.9685956543
29893796.4256941751 187723.8044688697
30312510.5828850493 198226.2836837471
30129870.8518138044 194248.1880137916
29492714.1182394102 169502.0578659753
29535051.3104248941 173925.1199406325
29746809.6661402732 185010.2414533203
30627258.8860088885 202489.2502722144
29566104.2189624161 177138.8904571533
30136735.3167492300 194258.9074962134
29768266.0616257489 185532.2509257789
32963467.4587017931 215279.1705932617
29795138.6804879829 186257.0039317603
32662901.6279781871 214842.5682983398
36729204.9650415406 221576.3159179688
29803727.1353199668 186270.5295665259
29870325.7977278754 187405.5402655005
29523201.1849255413 173461.8483389555
29758522.9071643315 185082.2225139136
30289505.4421197399 197890.9879558082
35710540.6246330664 221380.9492187500
29922110.3376724906 189077.8142752643
29607010.3680628240 178094.4875285621
30089293.6690557450 193069.3084514136
29861044.5025747605 187297.8406810760
31590604.0825217143 209607.8561401367
37241755.1697557345 221733.5322265625
29600018.3486822620 178080.4704082008
31284313.0238026604 209329.8370971680
36733475.1136856303 221581.7045898438
29865314.6512188502 187303.2293529510
29754363.8686014600 185081.5513713355
29521598.3920016363 173104.2570152292
36297645.4218398854 221534.5764160156
36443525.8366612643 221539.0012207031
31114684.8577980995 207965.8048706055
36740695.8927921355 221589.8415527344
30214312.1234221198 195524.2262675758
37361284.9365015253 221787.1555175781
36290424.6427333802 221526.4394531250
36778968.2106415927 221597.2194824219
29922503.4083736949 189332.5320821153
29945191.8404675052 190148.3760783668
37732858.9452014342 221845.7316894531
30544931.4166505337 201955.7797521949
29785576.0828958265 186069.0478007789
29564109.7291658670 177011.4284457192
31555204.1126988456 209594.8549194336
29547510.8081230819 174146.0772160231
31284917.0663101673 209346.3173217773
30681185.2178481072 205293.2388553619
29565558.0808845088 177085.6726340069
29934793.8826743364 189539.1708476539
29540964.6171598658 173989.6099308669
29956669.0616228171 190161.9017131324
30303793.8890020624 198082.4188945289
29939871.9783288799 189998.0257365699
29500564.2790784612 169556.7870683670
29782561.9291134290 185992.5323283668
29523308.4631394371 173608.4728001370
31051119.8873715922 206420.5803332031
29754252.7585202381 185076.8338420386
29529903.5617600679 173865.7770097144
30319545.1079648212 198459.1972570419
29785871.0919301435 186149.5931193824
29927573.1035678312 189531.0338847633
30566668.4110330120 202485.6922404761
29554524.1657806374 177003.1677464261
32227564.1590744630 211435.8588256836
29924595.5697936006 189450.4212927222
29913573.5070576034 189075.6168010230
31622794.1863576099 209650.4984741211
29610430.5603692159 178318.9528112411
37341545.0507302210 221748.1442871094
29522527.0756098703 173155.3550872803
29526153.7148682401 173772.8874540329
31037775.1982665993 205913.5922241211
29842227.8383251019 186811.8332443237
30708748.4880853146 205445.7676639557
29813774.1503398232 186683.8170031607
32231684.3764398098 211816.5592651367
30813695.9177478664 205636.9342150390
29529212.2951972708 173862.6018131911
35379425.4108774886 221367.6376953125
29484349.9641587958 168922.1890180111
29502701.5573143065 169671.7925491333
31195782.0083379745 208643.6237182617
31018788.0607228056 205661.2449340820
29730385.1974384971 183088.7917277808
30490501.3136831000 201953.4815471168
29972365.9643795416 190564.0408849716
31154377.2192494534 208394.2023315430
29763534.0536733568 185526.8622539039
30455357.4872586802 201095.6972148414
30087689.3043698296 192992.9104051590
29590903.0245078579 178005.2767131324
30195046.8040436022 195190.1945058107
29774711.4281537831 185985.4395456314
29507759.4895229451 173007.6240377848
29799408.8291320726 186262.3926036353
29979896.3384109102 190572.1778478622
29639767.3244590499 181098.2833049293
37588525.0213813558 221824.8957519531
29505255.6002154835 172652.2726211548
29643926.3630219214 181098.9544475074
29505016.7429379001 172590.8154311180
30276000.2435121611 197072.0940604205
31271757.0318747014 208690.3895263672
30029479.4093947858 191451.3006389136
35735586.0410341695 221484.4663085938
35374645.2453812882 221360.9382324219
35056260.0002475381 221267.2023925781
35381866.0244877860 221369.0751953125
29933059.4346561469 189533.3332011695
33134658.7937285565 217902.4765625000
29675851.7296845280 182171.7137248511
29579863.4966675416 177705.7416750386
29615473.0289048925 178445.7915182535
29671692.6911216564 182077.3078410621
29949448.2825163156 190153.7647502418
29811598.0568267405 186478.9890050888
29790141.2405742332 186154.9817912574
31366904.1246943958 209446.6019897461
29783781.1977060512 185999.2427775855
30378451.8570163772 199242.3611864746
29661684.0431647189 181851.3604108398
29507998.3468005285 173014.3018217087
29614589.5989320837 178415.5528478622
29990401.4339860082 190679.5886602402
29492208.5492828153 169027.7471618652
30482397.5267105177 201415.8241185546
29510533.9816755280 173104.0161808669
29843806.5204326436 186817.0871989722
29665006.5819308385 181947.9604474609
29653207.6581750363 181548.9828593726
30025066.8654168844 191185.7421984375
30481288.9666992649 201336.6937968726
29552217.1441249400 174272.7028263747
30028249.5596227348 191200.5995351076
29483253.7376103029 168584.9953379631
29685133.0248376429 182279.1245372291
29553858.4155077748 174275.8780228980
30093326.0896930546 193081.0193889136
29662116.3869342208 181919.3746745582
29620006.8645566516 178476.8859777451
29666275.4254970923 182015.9747111793
29739009.4440474883 183149.2988078590
30281365.6059215665 197520.5961406226
29873850.4880802594 187452.5176799293
30270184.3827753887 195641.1044414039
29477522.9892112538 164998.2339279652
29545886.0147016943 174023.7095555081
30169360.8349725306 194682.1384649277
30100951.1880868450 194088.3174991237
29832321.6173047349 186690.4800890982
29936713.3122779988 189539.1712588893
31280571.6617075056 208991.8512573242
29479541.3460328020 168582.5928845406
29585954.4775068983 177847.1644608863
29575920.3869596422 177605.3756321683
29649124.9191749059 181101.9634714127
30087413.8829322979 191551.6010692115
29478811.7554946691 165012.6584153175
31307678.7691470943 209408.2255249023
29695072.2322931848 182487.5839757919
29708781.2745140716 182705.4295519888
29586743.9859449901 177908.6766765113
29537999.5909445733 173931.2973051071
30549607.2789812386 202323.5074789226
29987705.2808750793 190671.1711797714
29741222.8444945216 185004.4813299179
30051278.7869221121 191520.4573085010
30007471.7272648737 190686.3603887558
30021144.8129569404 190728.7496948242
30040687.9040537104 191459.4376018043
31367817.6883189715 209487.0521850586
29845546.3029792942 187188.7989979982
29890648.4506694674 187535.8483378883
30349863.1426345855 198557.7200841904
31633510.0779406130 210421.1198120117
30632597.0976035930 202693.8267136812
29675184.4904114455 182091.2557635494
29545509.1120042540 174007.9498088355
29699231.2708560526 182581.9898595810
30634560.9309201725 203496.9601020813
29708498.8594138920 182689.4006719589
30168104.9172281735 194556.6080236435
29810689.6907612383 186417.6558752060
29807672.7145971954 186414.5355138779
29688014.0082597993 182426.2508459091
29763081.8181721196 185498.0231671333
29770159.3643558249 185914.2855625153
31111004.5640070103 206431.0868530273
35049485.6703038588 219785.8469238281
34753794.8622472808 219465.7590332031
34890632.0317670405 219674.0078125000
34868781.4583110586 219608.6577148438
