88656417.8907240331 707616.8989257812
90054470.4808334857 808757.7724609375
89807765.2855493277 792411.8857421875
91788485.1614625454 915748.7500000000
89445845.0576611459 767578.3872070312
88306425.9626045674 670783.7016601562
92910303.2765670270 964853.4609375000
93443289.5933649689 984232.5585937500
94488963.1565556228 1018521.6962890625
88441416.8868440688 685553.9624023438
93103881.3863630146 973904.5166015625
88851828.0070043057 723278.7280273438
88162070.8124762923 653062.1142578125
95282555.1531119794 1041195.8867187500
89314815.0298399925 755717.1298828125
89492833.3026735187 768493.4892578125
93883461.9356054515 999987.5439453125
88846252.4480151683 720912.6025390625
92716760.8271827698 957043.8769531250
92370691.1626865715 940095.1767578125
88578773.5707360357 697262.9794921875
88384252.1568089575 677253.5737304688
95266006.0264300704 1040185.8066406250
90177723.7972399741 816892.8847656250
91923158.2423486114 921676.5053710938
89223174.7302720845 752638.6499023438
93273958.6985091418 979690.4658203125
93140284.4459217787 974740.3242187500
88477957.2961408794 692641.4301757812
93884964.3561272919 1001923.5078125000
94897495.4857939929 1032745.3476562500
88200313.0139478743 662278.1049804688
89926379.2092632651 799112.0131835938
92084807.4062745124 928032.4936523438
89235361.2037351727 752932.1645507812
88341630.6479040086 676621.6977539062
89447745.3960278481 767975.4023437500
94873351.1516387165 1031551.7500000000
93952805.9974252731 1003851.5683593750
95060471.9627771676 1036382.8291015625
90557274.2479588240 842265.9692382812
90170236.2317921370 816590.1123046875
89267691.6158729047 753976.9272460938
92098873.1409312189 928473.0986328125
88930175.4011566192 727598.6079101562
92112959.2761233449 928758.4731445312
95175845.6992891729 1039155.7890625000
96913224.0085539818 1068120.6455078125
90124405.1863655746 812436.9052734375
92335517.1408185661 938390.4130859375
90819047.7535706609 860327.5751953125
88084493.9335309416 641571.1904296875
92865700.3789780140 963148.6972656250
89759574.8507773876 789735.6347656250
92624663.9203457683 951702.3154296875
88692355.9227266908 708614.7705078125
89509875.6420220286 771280.2207031250
90743484.7074680328 853281.2500000000
93861025.1371485144 999833.6621093750
92048554.5736526847 926768.3349609375
92021085.6433773041 925082.9150390625
94543264.0128567070 1020729.7255859375
91908671.1004582942 919971.7416992188
96692704.4412422180 1064795.0644531250
89947569.8228413910 800296.6904296875
90568741.0477005988 843670.3583984375
90110408.9502162039 811749.9580078125
90791317.8920208812 856503.3403320312
94787318.1227962524 1027803.3457031250
90674849.8311627209 850716.6835937500
89928348.4659445137 799146.8808593750
94510447.4536466300 1020383.1123046875
92195740.5309274346 934556.3310546875
88627006.8231940717 705443.7724609375
92425033.0041518360 943736.3789062500
94950228.3741085678 1033417.8632812500
90722220.1653346717 852549.9482421875
92514772.4227304608 947799.8867187500
94063049.5860938728 1006745.0771484375
88706074.0619616508 709805.2231445312
89862134.1182077080 796074.1337890625
92302671.7950190008 937969.2114257812
88945291.0458416045 729137.5991210938
89898828.4820435941 797779.9194335938
93332747.7839106321 982756.8750000000
89998164.6458478272 806053.6499023438
88815243.8749281168 716901.2983398438
89320787.4868164510 757701.1757812500
93021885.1575711071 969026.4941406250
93914629.8823076934 1002099.0986328125
95159296.5726072192 1038145.7089843750
92176808.0779269338 932113.8710937500
88018068.5752451420 635509.8383789062
92470169.5251414478 946095.1230468750
91233730.5673927963 884939.5815429688
89184756.9591762722 747553.8437500000
88334752.3528136909 671585.8178710938
88889209.5863793641 725581.8652343750
97382247.7623967826 1074665.4248046875
91332975.8661580831 889980.8579101562
89408972.6050465852 767188.9965820312
92139170.0599857718 929446.9360351562
90369654.5393039137 828917.7719726562
91192527.9841957688 883883.2172851562
88784270.7439677566 716257.5800781250
90674598.2859081179 850330.4658203125
88162348.9684466273 653547.7680664062
89059037.3979954720 737368.4042968750
92469635.9017408341 945441.1425781250
89333921.4797235429 759351.3281250000
88961797.1093775630 729638.0146484375
91269139.7826637477 885497.4072265625
94251558.8307074010 1014456.3515625000
91327066.3594046831 887143.9887695312
94373354.9973265231 1017371.5693359375
94085307.5720837116 1008253.8515625000
90902140.4958339632 864222.0351562500
88835064.1620971262 719324.8774414062
97004608.6897020787 1069967.6962890625
90934813.5045293123 867261.5800781250
94802027.1708218008 1028168.0126953125
88595516.0438859314 699922.9970703125
90643479.9654585421 847168.7539062500
91951587.5155557394 922795.0751953125
90801869.2146131247 857376.7910156250
89117790.6744663566 743012.1572265625
88731355.1295640916 713709.9370117188
89069631.4435700625 740042.6279296875
93998472.1301853955 1006325.7910156250
88390310.9811273366 681192.4628906250
90090383.1121975631 809336.4057617188
89365487.7669698298 763210.4682617188
89848252.0494730324 795964.6953125000
90556836.7865709364 839398.1567382812
89748915.8856687993 787690.9648437500
89767673.4600758106 791607.2255859375
88964245.1095773280 731839.9819335938
91718481.7622884214 909831.4667968750
90096793.9383318126 811006.9218750000
89672562.2210162729 783333.4951171875
91150441.3819242269 878253.4575195312
93777930.0778816938 997094.0351562500
90632478.1986443698 845776.1582031250
90564422.6398871094 842776.5664062500
89480176.4094970524 768438.9521484375
94496525.0362000614 1019461.4150390625
91438533.0185118914 894777.8310546875
88275939.1071100533 667576.2119140625
88550987.2728781104 693490.4350585938
93047977.1535426378 972199.7529296875
89536531.6933761239 773353.9790039062
90721408.5979870409 852387.4580078125
89947076.6593031287 800079.7207031250
89984282.5771132112 805944.2114257812
91783149.0446684957 913412.8691406250
93582446.2878413945 988613.1777343750
94347429.8537776172 1016384.4121093750
89547190.6584847122 774692.3969726562
93658574.7466421723 992911.1494140625
91572856.3603641838 902739.3779296875
92562975.9287442863 950817.2470703125
89393084.2233255953 764545.0649414062
88109975.7090432942 651556.4794921875
88414956.7452379614 682868.6025390625
89631642.9324356169 781627.7094726562
97214973.3341307193 1070391.3291015625
88385023.8748113513 677569.0341796875
90053185.4427652508 808353.4511718750
91644151.5947586745 908342.8383789062
91608977.5728906691 906638.0747070312
93702529.3075838685 995165.9746093750
89686248.9724048227 783462.8950195312
88248993.3471711874 666848.8701171875
89732661.8725186586 785936.8476562500
88928276.1844354570 726137.8759765625
88717791.2088639289 712555.3701171875
90261928.8537764698 820009.8364257812
91519491.6385123879 901296.5131835938
90141633.6186984777 813903.5454101562
88929688.1401043087 726381.8627929688
91093191.8203915358 876836.8920898438
91147339.7032658756 878210.8159179688
89477090.4866257310 768013.6337890625
94311974.6112717539 1014547.7265625000
93099161.1700466573 972291.7480468750
92241003.7481780052 935470.7807617188
91080654.5412339419 873149.1772460938
94647858.3274887055 1024513.7705078125
88943042.6958303601 729126.5961914062
91483149.9113883972 898900.6782226562
96891567.2264896780 1067468.3652343750
94823353.4795064777 1028574.4179687500
96606887.3488923609 1064644.2187500000
91340215.1231253147 891685.6215820312
89546812.1834697723 773748.7524414062
89038586.6539497077 735722.8222656250
96197902.6089983433 1058258.7167968750
91051262.6052608937 871550.0249023438
93668889.7459228933 993553.2060546875
89219101.8304089308 747841.0351562500
88878477.8640702516 724699.4531250000
90201323.6633648276 817614.7680664062
90433415.9933663607 834163.0107421875
90296434.9024243355 825053.0551757812
89744972.9571041018 787101.8388671875
96897065.6865900606 1067990.1494140625
91489961.8242580146 899591.7495117188
94729254.7415186316 1025689.2724609375
94521764.9369944632 1020684.2089843750
91772024.7792025656 912847.0166015625
91724473.5228134245 910585.2226562500
93633816.1740908772 992819.1542968750
92353162.4478781968 939530.9648437500
89145885.3841360807 743859.4907226562
92359998.0337844640 939673.9750976562
89035195.2716881037 735321.2856445312
94589606.5782924592 1022612.2695312500
91410218.3115705997 894094.2353515625
95491608.0267456025 1044928.2666015625
91272729.7498268634 886447.7836914062
90095191.6185531467 810119.0439453125
91869796.2986449897 917967.3593750000
90049729.9117221832 806412.5820312500
94732545.2331093848 1025692.5312500000
91765418.5266316086 911335.9902343750
90420422.4560485333 831206.5932617188
95625512.0565389991 1047477.8203125000
91822714.3285994232 915926.0976562500
89980406.2479091287 803598.3828125000
96962675.3492892385 1068411.5595703125
96475801.0362748206 1062907.9882812500
95760853.7823365778 1049519.3710937500
90745651.3730737865 854051.4936523438
92135760.6222683936 929115.1635742188
91034728.0848613083 870636.0229492188
95914284.2533121258 1052463.5927734375
90919068.7441263199 864553.7167968750
91228599.4004606456 884185.9897460938
94127166.0269704610 1008374.6933593750
90783729.9654717445 854510.0249023438
96866736.8259552568 1066500.7724609375
96429228.3692884147 1060997.2011718750
90530953.6916795671 839383.4892578125
90522675.1348832548 837529.7749023438
96550916.9041038007 1063088.0820312500
90978882.8226046711 869440.3125000000
90945243.2609436661 867564.3525390625
90875275.9959756434 862283.0708007812
90237708.7169656008 819325.6313476562
95772359.0660177767 1051265.3808593750
88573295.5230144858 694390.2338867188
96183992.9228462577 1057552.5693359375
90391572.0614760220 829555.6254882812
94189246.4722184539 1009849.0556640625
95536392.5576397926 1045383.1611328125
96927759.9779339731 1068231.4658203125
93169718.3164831698 975363.1113281250
93609959.7378464788 990801.0419921875
96240891.9906924069 1059102.9287109375
95941934.5649835169 1054019.7294921875
97285973.3363788873 1071033.7705078125
94206540.4423286468 1010198.6123046875
93571836.7099445760 988488.0947265625
96291952.2450567782 1059946.4902343750
92152283.2894552648 929500.9975585938
92834754.9207157642 962001.0917968750
92787203.6643266231 959657.3554687500
92650865.0656811148 953242.2792968750
92413126.4805391580 940810.6538085938
92678898.6273535192 955072.1308593750
95432310.4712259918 1043532.3125000000
96473072.2059906274 1062690.1757812500
95875781.7530598640 1052361.6347656250
92784048.6057844907 957510.3061523438
96739885.0575074255 1065467.3378906250
96784291.0722141266 1066310.8994140625
96126656.6794102341 1057366.6982421875
96041513.8971936703 1055446.1318359375
95680427.5738216192 1049459.0732421875
96362520.8047128618 1060769.6093750000
92419043.9010672718 942117.0258789062
92987861.3832130134 967556.2500000000
93450679.5858526975 985149.5107421875
93459174.1145270318 985183.8535156250
93607854.1548721492 989814.2148437500
92169069.5645478964 930051.4833984375
93950140.9388076216 1002866.4453125000
92974475.7514612377 965979.9111328125
97362123.9287176430 1071103.2822265625
95378420.2092365026 1041912.2500000000
95571868.0284261554 1046917.3134765625
93499539.6931038797 987611.6171875000
96021344.2021729499 1054924.8750000000
96003086.3329670280 1054630.5703125000
90257216.6721696109 819779.5815429688
93738229.0752054751 995740.9755859375
95048680.6589827687 1033788.9384765625
94186966.8492454141 1008517.9804687500
94869748.3102473915 1028783.8750000000
97351741.7622042298 1071062.3076171875
