48280150.8595652878 456620.7988281250
47732353.5651517734 421851.7142982483
47504594.1113784686 371969.2558390535
48759281.7180552632 460918.6108398438
47540818.9666487873 399564.5459976196
47741790.5516119823 427117.3259277344
48437921.7007107288 458790.3188476562
47771156.5590910614 428281.0337562561
48898548.3570643514 461814.1357421875
48584454.4922524989 459803.7592773438
49422297.6012325734 464398.1762695312
47803109.6177289262 428855.6929359436
47867651.8328944594 434619.0446166992
50069427.5796024129 465317.0844726562
48663777.3462121636 460620.6606445312
48047791.9667729512 448730.5379028320
48410522.9294432178 458702.1938476562
48484909.0880164579 459276.8530273438
48206599.8574062064 454961.9282226562
49108137.1098381504 463112.9355468750
48092426.8343761116 449305.1970825195
48805250.8864669874 461541.2885742188
47728869.5827731490 421700.1993446350
48253315.1156837493 456458.0302734375
47927324.3623379469 435921.4448852539
47922950.5138937160 435642.6513061523
49878006.1192648634 465024.8344726562
48114148.2231243774 449726.1497192383
51606104.4877191857 465932.9296875000
48527108.3526680395 459337.3037109375
47948576.1821406260 440261.0252685547
48334593.7160899714 457842.0166015625
48385634.8124132082 458416.6757812500
51422594.6451709867 465872.5249023438
48338647.4251074791 457930.1416015625
48257368.8247012645 456546.1552734375
47839752.4832741022 434132.5104370117
47566031.1700473726 406654.3291091919
47627579.6283184588 414302.5253372192
47723763.0472937822 421479.4889450073
49353025.6236452311 464246.0058593750
47531924.2417058498 399001.0772476196
48150045.3951762244 450623.6018676758
48282256.9417312592 456831.6733398438
47944130.1635319665 436003.0309448242
48195426.8235305995 451110.1360473633
47899425.0127175972 435434.9107055664
50573470.6190986633 465801.0390625000
47568091.5769516081 407172.0966873169
47561624.0212427452 406343.6089248657
47864640.6003041044 434418.0285034180
47521510.0902215540 392179.3785305023
47982934.0122627914 442009.1365966797
47734870.2820974588 426868.8660163879
48363535.5421374813 458215.6596679688
50034521.0586345196 465256.6796875000
47718274.5176568478 421402.2228317261
47800098.3851385862 428654.6768226624
47640820.6638645008 414314.4506301880
47669948.7860424519 420528.4326820374
47651583.4192422181 414844.2189865112
47552729.2962998077 405780.1401748657
47838555.5107013062 434023.5040893555
47903549.0049463138 435516.4967651367
48192415.5909402594 450909.1199340820
47955034.6626424342 441522.6024169922
48787027.8552086055 461069.1523437500
48035479.9062089697 447655.3884887695
47666416.0347706974 420248.4342575073
47511837.5778638870 385425.0315958895
47695216.1839619428 421391.0324020386
47871595.9463084415 434941.8375854492
48567088.6784208342 459609.0649414062
49001112.0651354492 462342.9218750000
47999669.5302455872 442097.2615966797
47820687.3474790901 428910.9301452637
48072398.6171584800 449239.6155395508
48111136.9905340225 449525.1336059570
48289212.2877355963 457355.4824218750
47878315.6462905630 435067.9921264648
49060694.0610754043 463040.0927734375
49305582.5748824775 464173.1630859375
48211565.5097178444 455971.4960937500
48068344.9081409648 449151.4905395508
48040445.5585206077 448664.9563598633
48145991.6861587167 450535.4768676758
48542403.8003332093 459559.4672851562
47651757.7206963450 419773.8253707886
47670328.0669319183 421105.5143356323
48118092.3365383595 450048.9426879883
48004739.1319488660 442418.0079956055
47913125.4413731396 435621.7699584961
47906214.9959109202 435554.5263061523
48598297.1490416080 459964.8247070312
47579157.1183215529 407472.8925857544
47742169.8325014412 427450.8252601624
47730380.5308160484 421713.3389930725
48919220.5208205879 462119.4648437500
50257166.8288641348 465328.1655273438
47778067.0045532808 428348.2774085999
48652524.1268897876 460205.8349609375
48912724.6730312407 461850.0126953125
48609837.4019337520 460173.9238281250
49001869.0363053307 462368.5332031250
49390639.7784457952 464389.3676757812
49142386.5633735284 463312.9399414062
48697571.4246448502 460825.0019531250
49014724.8926636875 462417.4150390625
49275142.1631744131 463812.6386718750
48961282.9995652214 462223.1914062500
49030253.6493673399 462679.5683593750
49653159.1252339929 464964.4296875000
49963572.9810190499 465125.5717773438
47567542.1180902794 406667.4687576294
47582749.8910259381 407646.7055740356
48841934.9313551784 461696.2851562500
48786921.0906879306 461035.3549804688
47597901.7660112604 413734.1879348755
48421376.4743731841 458769.4375000000
48889800.1252098233 461793.2543945312
49184455.4682777599 463322.5878906250
48570681.4511252418 459782.8779296875
47561074.5623814240 405838.9809951782
49215475.6081664860 463600.1962890625
49199484.9530301616 463478.9995117188
49460364.1219735593 464733.2666015625
49599308.1876621991 464804.7524414062
47586836.2246413305 413433.3920364380
50283657.3425476775 465508.7890625000
48567359.8070536330 459739.6020507812
48520921.8786092401 459296.3437500000
47646397.6755975038 414537.9804153442
48653474.0037946180 460289.1230468750
48795965.7629434615 461073.6074218750
48655883.9707590118 460365.5000000000
48011436.7554349303 447199.5247192383
47598451.2248725817 414241.2719192505
48628847.4177373946 460200.9980468750
48251808.1273720339 456115.1166992188
49650355.4098455235 464856.7226562500
48468363.8616789207 459255.9716796875
49297168.1104646102 463873.0434570312
48004978.2749331221 445937.9475708008
51044248.5009785220 465813.9790039062
