9860794.4024947565 44.9113628864
9828677.1959455963 36.1484628692
9839386.4709410630 39.4840788543
9829769.5478950646 39.0409959175
9825733.1968031470 36.1103383664
9830100.7289869860 39.0425861902
9834396.1126168519 39.1748812199
9839280.4518787768 39.3910851777
9823486.0337348375 36.1005826208
9836599.8691513874 39.2256727666
9841799.6572605167 41.8956253491
9843422.7369523160 41.9050523117
9834159.3075900748 39.1273349226
9846928.9414163157 42.2320199907
9829405.8475123197 36.1666910425
9843916.6206112187 42.1662882864
