81257929.7296701074 178648.6306582689
81238706.7582231164 178379.5715678930
81293047.2258783579 178924.9410220385
81212480.3702653795 172465.8584331274
81426875.2624893934 192210.1252720356
81711917.0654315352 212090.6797282696
81723375.5006497949 214212.4729062133
82424176.3590523154 255295.8573083878
82752658.6566610187 264784.8277368546
82260087.2835152149 247318.0216426849
81022456.4935889840 161523.7413240671
81824698.7076579630 220074.0568905883
83885251.9591417760 301217.4286069870
80917566.6403632313 139640.5880326629
81356841.0941740125 185466.1118866205
81305143.4309179187 184920.7424324751
81586904.6596396565 200927.2886562161
81326702.2345280796 184991.2116568089
85082302.3599444777 318850.8763885498
81523882.0029253364 198821.7653609514
81636814.1780368090 206454.9221249633
81841576.8097384125 220134.5991459899
81847756.8277755231 220901.6196855903
81863255.8148905188 221359.0676594786
83380049.9313573390 290738.3312950134
82639496.6296654940 261976.7823266983
81161996.0965932757 170757.3463638481
82056467.8706198782 232079.2304439545
83186735.5099512041 282923.7404966354
82086988.8081145287 235625.1002525091
82165137.1437311769 240441.7849780135
82310785.7048968077 247579.1298379898
81638743.7336627543 206573.5279383659
81383591.4277590513 186515.6656585932
81926670.1756628901 227790.7543049864
80967568.5025719553 153890.5393074751
82991809.3928221613 274551.0038194656
81815246.7227102220 217225.1581135802
82945200.7603352368 272646.4949655533
82891957.4384902120 272613.1341905594
80945457.4209130853 147349.3684428930
80972273.2004311234 154771.3411130961
81634341.5947180390 205884.8194638304
80915114.0008619875 139639.1625320315
80922267.4237635881 147087.9024568796
81910819.3094542176 224982.7088948302
82067586.1832531542 234887.2758541107
81695290.8812340200 209282.6343181133
81028732.4196999669 161524.8368299007
81502323.1993151754 198751.2961366177
82065957.2560293078 233195.8687182479
83093686.0141858011 280363.2224359512
81029362.7184517384 161639.6470670756
81235202.4955063164 177708.5611053705
81659961.1398774385 207780.7862607054
81877202.6129240543 221541.7375898995
81539726.8364491761 199826.3264253139
81013217.8406987488 161449.6291990336
81189471.1995548159 171026.4054542240
81261952.8290913552 178758.1148773432
81137773.5362987220 170481.0360000785
81475041.3315567076 193144.1707741674
81103379.5047694892 163766.9182637930
81378399.8977841735 185536.5811109543
80882798.4395343810 137555.8998214602
81121024.5678772926 170113.1384934783
81072657.6764808446 163374.0853898525
83064827.2256897837 275421.1796007156
81790585.0060259998 217028.2490594387
80875187.8809183836 130955.4725295901
81405150.2313692123 186586.1348829269
81151481.0101311654 170622.0207866430
83555514.1353301853 290951.4831657410
82793435.2504817247 266181.4475450516
82317314.2214244008 248882.5931615829
81032928.0437996686 162528.8918943461
81218374.5330940038 173163.5280770063
83147333.8820684999 281230.4938688278
80919802.1386340857 146343.9429270029
81166929.1121813208 170905.1858025193
82768060.7401667982 265131.8937730789
82311776.2445612550 248747.6014511045
81203178.6733872741 171167.3902407885
81410606.6907152086 188377.0291526914
81531513.3949600011 198997.8975770473
83831848.9418565929 296801.2988386154
80891911.3580842167 138635.1625167727
81893263.8518787771 222634.8585910797
81564388.5531334132 200023.2354794554
83923864.0330189317 302133.8811140060
80865237.3472115248 130877.6117355227
82128366.4546303153 235877.0494991541
80995362.4011266530 155552.9508616328
82518240.1130212992 256613.7670944612
80981511.8533213288 154845.4532381296
81107174.0200719684 169405.6408699751
83075431.2051450908 275677.8242368698
80959147.1586799026 149133.9383421000
81061541.0422924906 162603.0040193796
82063443.4058428407 232419.3485248499
82222101.7895518690 241618.2544031143
81991555.4978601933 228187.6661136560
82651193.9480929971 263053.4080896378
82132685.2494488209 236213.1399898529
82608585.0400896668 261607.3812341690
81441526.6777337492 192319.6094911098
81625090.0234257132 205647.0570428371
82209509.3960345834 241382.9302453995
82150986.8440914899 237202.2670373917
84139620.5065670013 309032.0194053650
82022185.1087401211 229224.4313716888
82205752.5662815124 241162.6453609467
82004920.8538997471 228238.6853168420
83926725.0133142471 303195.5286359787
82255584.0447005779 243425.1338586807
81403255.9954390079 186541.1421753168
83698516.9601876140 295755.5090894699
82029099.2309158891 229463.1538303308
82354680.8141941279 250622.6623010635
83250709.0561784655 282935.0488386154
82521135.9312572926 257159.3413977027
82508808.9266915768 256066.4500555396
82583644.3435673118 257382.5158452988
81494765.4383591413 194190.0191609077
84255822.5865864307 309499.5900259018
84032542.7357837707 308181.1884260178
83961427.7903233916 303507.9934186935
82211994.4649030119 241471.4958476238
82822461.8936319798 267939.9391832352
81612243.6116763055 201473.6663197689
83045192.0115016997 274798.8072233200
83282588.8201980293 283840.1930036545
83343828.7006528676 284861.6101255417
93585371.6325718313 350066.6916503906
81382474.5013719052 186126.2721851282
82772694.7712597698 265815.1563067436
84024957.5670440495 305133.3982648849
82250074.2785207033 241911.1420492530
83781472.3264204711 296544.5117139816
82352580.5641574264 249247.9728597999
81493636.4624180347 193169.7378749661
93676095.0283397138 354094.9001464844
84295985.1866206974 312061.7653188705
87217023.7064308077 330925.5394287109
85194037.4077049941 320296.2103729248
84676553.0716669559 313105.0643768311
87854460.9915444106 337163.3742675781
87811406.0955649465 336123.7387695312
93570389.9082389474 348316.0449218750
92254878.6777142435 342611.5717773438
92834544.3980588615 347364.6000976562
93171230.7276725471 347968.0039062500
85209683.2208377123 320695.9975585938
84804025.6685544252 313146.3058319092
84966638.0044853538 317917.0323944092
