9844845.0801534355 4105.5305805206
9849987.6541671548 4108.3964710236
9826727.9589810539 3890.9426346794
9844111.6970082913 4096.6746809483
9825363.6352416053 3791.8831115961
9858112.5713997018 4109.1299467087
9862319.3809348904 4109.5068559647
9843332.5961879790 4096.2829612494
9866539.7631989047 4203.8581237793
9835044.0610394347 4009.0447340012
9829086.4554114174 3900.6526103020
9831204.8993560616 4007.0432128906
9840274.4955441914 4011.0264272690
9865518.4717578366 4111.9923439026
9838971.0832138434 4009.0463380814
9847931.1850096826 4107.3722772598
9864693.4639616869 4110.7376708984
9839940.2066187821 4010.9873332977
