9841526.7376926355 1410806.0351562500
9840420.7728842422 1410686.1972656250
9833858.5780731589 1409896.2832031250
9832201.0803217050 1407188.6093750000
9821768.1778619848 1384004.1835937500
9821671.5358697176 1381802.7597656250
9851050.6761567164 1418705.2382812500
9828141.7852633968 1398065.1171875000
9824910.4280821122 1393434.6503906250
9821013.7502308954 1380712.2773437500
9838597.3537114151 1410420.7851562500
9823427.2374330461 1392827.5449218750
9830195.2796617690 1406780.2304687500
9839036.7512242254 1410548.9453125000
9833780.1051587630 1409780.4277343750
9843775.5268624835 1411042.8886718750
9836107.3672430050 1410163.6953125000
9830674.8237575218 1406876.3046875000
9823886.4785093181 1393289.9140625000
9828327.2586537972 1398820.1230468750
9821225.9816127606 1381016.7089843750
9845200.4259215035 1417772.2910156250
9842748.0434042960 1410904.6542968750
9859726.9672850575 1426357.4257812500
9822496.9408799596 1388976.0683593750
9832368.3629136216 1409632.0019531250
9829184.1184189525 1406333.6484375000
9828510.9828936718 1398897.5839843750
9825175.1845940389 1393592.1601562500
9837546.5360646881 1410284.6640625000
9841285.5403940715 1410785.7988281250
9826778.4334188923 1397792.5917968750
9846300.7247548904 1418319.9882812500
9845872.5030056499 1418052.5761718750
9854213.8238995913 1419070.7500000000
9823505.7103474438 1393071.9824218750
9834617.1520834677 1409899.4140625000
9825474.9204838611 1395640.8652343750
9836079.6550936922 1410015.1386718750
9853827.2114379611 1418942.0917968750
