47461743.4906136990 640874.1637420654
48000721.8448528424 717179.1527099609
48072676.7474888116 724865.7076416016
47729131.4203972369 685758.1911010742
47730500.9960431010 685802.1530151367
48197686.7621910200 735926.2886962891
47511490.6046897471 649990.3903350830
47468658.8200322092 640967.4806365967
47525984.6013519466 652567.2210235596
47659915.0697937161 674663.0492553711
47390261.2593306080 608077.7842674255
47471475.1700617671 641514.5220184326
47390944.1733355746 608150.4873924255
47491001.4874679968 646312.3435630798
47624873.1236234754 669995.4467926025
47379186.6082538143 597275.4905662537
47421488.1404391974 628684.9411888123
47376992.7462059259 595355.3608055115
47377675.6602108926 595428.0639305115
47405915.1050308421 621683.0598411560
47425872.5438812524 630916.8122825623
47405117.7373542264 621554.1267356873
47475387.3324073181 641523.1764678955
47512801.3480493277 651537.1469268799
47477020.9238344058 641546.3706512451
47467289.2443863377 640906.0123748779
47454898.2151855752 637845.1296958923
47413585.9698651806 622405.1399192810
47433352.2028179467 630933.8220481873
47441254.3733919561 637196.1169700623
47446800.1271645874 637245.4719505310
47525817.3300119042 652046.2191925049
47501309.5584547669 648298.1709556580
47563929.4774090946 661078.3968048096
48467292.5927712545 754270.6333007812
47676790.7890274599 679480.0731353760
47714389.4008168504 684446.8485717773
47408040.2160925493 622373.2912864685
53262840.5319964290 779440.8383789062
47612880.6224642769 669232.2569732666
47689238.1113697663 681726.7150268555
47371420.4532338753 594001.8023338318
47383969.4046025351 606566.5121726990
47376966.2070065141 594911.9981346130
48202343.6031987295 736118.7833251953
47397237.9177272022 618398.3035545349
47404908.7825615406 619120.3836326599
47399363.0287889093 619088.5349998474
48225999.3942216858 737701.0949707031
47875149.3024918810 704517.1830444336
47753148.2779329568 691974.5311889648
47749696.7040784135 691584.8153686523
48088278.1404656544 726655.7174072266
47603148.9430161938 668591.8986968994
47407242.8484159335 622244.3581809998
47606502.7942352965 668598.0398101807
47398680.1147839427 619015.8318748474
47396555.0037222356 618325.6004295349
47391692.1639545634 610749.6551170349
47616332.1963188201 669621.9727935791
48364563.3929443732 749344.2773437500
55065375.8774785101 779936.8833007812
47376283.2930015475 594839.2950096130
47440080.7151930705 631489.5178794861
48280925.2312555164 746401.7900390625
47667059.1095793843 678839.7148590088
47905986.6568211094 706931.3365478516
47960912.4938549399 715632.0316162109
47805444.0864544883 696018.3309936523
48578990.5466406792 758888.8852539062
47383286.4905975685 606493.8090476990
47702101.0557496250 683507.3173217773
47370737.5392289087 593929.0992088318
48135268.4156736434 732863.7139892578
47391009.2499495968 610676.9519920349
47418446.3477367088 627527.0076560974
47793041.5869604275 696006.0072631836
47388832.2443701997 607997.7502098083
47389515.1583751664 608070.4533348083
47419129.2617416754 627599.7107810974
48010299.0418320298 717470.3406982422
48391050.7517268211 750231.8427734375
47700731.4801037610 683463.3554077148
48257269.4402325600 744819.4783935547
47638190.8891864344 673259.5011596680
47636821.3135405704 673215.5392456055
47670510.6834339425 679229.4306793213
47606600.5168707520 668981.6145172119
56054302.3801317587 782612.9482421875
55365529.1873432547 781841.6484375000
47550746.2241064757 660048.3227081299
48221342.5532139763 737508.6003417969
55127319.6813867092 780332.7128906250
47614303.1843171269 669531.4299468994
48028580.5488298386 717762.5277099609
47718033.5602624714 684457.7923583984
47772606.1909437627 692393.7785034180
48169731.4145912752 735790.0927734375
47864911.0042708963 703430.3087768555
47744485.5715063140 690389.8651733398
47781590.5204731226 693940.8995971680
48253620.4175570235 744553.8259277344
48084555.1535671949 725517.6453857422
47740285.6616981626 686697.7223510742
47822185.9611234069 696270.5631713867
47727890.0780976936 684754.6214599609
47919983.7049672604 708711.9388427734
47987231.5655030385 716132.6306152344
47741655.2373440266 686741.6842651367
47718312.8811184987 684748.7147216797
47836795.6783629805 702932.5170288086
55146471.9680757970 780892.5336914062
48139480.9906010255 734218.3404541016
47781869.8413291499 694231.8219604492
48467402.8190708011 755111.9204101562
47626002.7742618322 672206.0628662109
55996189.0390078872 781849.7138671875
47795866.8894753009 696012.4242553711
49308246.6485786214 775274.6650390625
48209655.6791834459 737337.2138671875
47540749.8736143857 654126.3886260986
47848169.1296019852 703178.0765991211
47647975.5548414961 674155.0704956055
48044745.8025692925 723970.5242919922
49088365.8720550612 774804.3129882812
47929560.9019464552 709003.1268310547
47970489.6908341274 715923.2196044922
48037564.8783591986 719309.6488037109
48116146.5064160004 729762.5710449219
48092490.7153930292 728010.3438720703
47700392.3526706994 682666.2462768555
48473192.5146910250 756413.4589843750
48071381.3489660099 724220.4300537109
47539380.2979685292 654082.4267120361
48313942.6583661735 748446.7529296875
47661972.6029876471 675935.6727905273
48085594.8157240599 726253.6010742188
48700351.9922688603 766617.6225585938
48244323.9308894947 740836.3237304688
48512412.1973550096 757960.5800781250
47825144.0082761571 696860.5199584961
48329437.6765033454 749303.5375976562
47617754.7581716850 669921.1457672119
48285252.7197771668 747756.4165039062
47835140.3587682545 702782.4540405273
47866072.7971638367 703780.6127319336
47954016.5941859633 714961.7553100586
47509879.6746046096 649264.7093467712
47742830.2519115806 690239.8021850586
47545982.9468870312 657731.9232139587
47828473.4993271455 701625.0487670898
47495763.8046821356 648248.8159751892
47625723.4534058049 671915.1405029297
47688897.9206363261 681259.9845581055
47625340.9604256749 671776.8773193359
47678920.0853483900 679991.9860229492
47838591.9326227978 703172.1698608398
47930360.8031629920 713844.8800048828
47566472.0641087815 661409.9699859619
48036714.7908034995 718673.2978515625
47439894.2994469553 631270.4263267517
47889432.0142753124 706924.7872314453
47993825.9451838657 716508.8764038086
47576203.7435568497 662050.3282623291
47485695.4033940881 643491.4975128174
47459660.5323997140 639781.6021080017
47746281.8257661387 690629.5180053711
47530368.7918263525 652942.7561187744
47913087.8052982837 708041.6625366211
47787544.7104394659 694704.9559936523
47578742.3306796700 663206.2283935547
48674081.8756126836 762947.2575683594
47577573.3192027137 662094.2901763916
47516252.9219038859 651926.8627471924
47773547.6622933075 692924.3536987305
48230326.8827433288 739055.7214355469
47567841.6397546455 661453.9319000244
47875434.9661291614 705144.1849365234
47682371.6592029408 680381.7018432617
48942418.6070351601 774399.0605468750
47527354.1769978181 652611.1829376221
47584418.5946308449 664671.9632568359
47598062.4364244565 665687.8566284180
47517622.4975497499 651970.8246612549
47649345.1304873601 674199.0324096680
47554197.7979610264 660438.0385284424
48903611.3401551843 773444.5791015625
48862259.2415034920 773320.5625000000
47585788.1702767089 664715.9251708984
51527992.4732608646 777555.4555664062
47537631.7873329222 653380.1174926758
48627550.1305638701 761217.1604003906
47479493.6543395966 642822.0775909424
48429788.7304956019 752560.1179199219
47489881.3290695250 644100.0071563721
47480149.6496214569 643459.6488800049
48431307.1744236276 753855.7395019531
48694282.1140499488 763747.2634277344
48629068.5744918808 762512.7819824219
48205706.0905703977 736667.1433105469
