29600873.5875676647 1464648.6708984375
29617904.6173634604 1467477.5185546875
29602866.2542923912 1464835.6552734375
29991551.4296360686 1535421.7607421875
29640606.3492123932 1471496.4560546875
29772975.4349806160 1506026.0615234375
30293052.6828023121 1558902.2822265625
29784333.6360301524 1510686.3076171875
29736973.9782048464 1501556.6259765625
29635448.9249336496 1470421.9462890625
29540678.8375878707 1424531.6962890625
29794250.7073792256 1510972.9150390625
29513314.0684451349 1381707.6142578125
29537011.8683240525 1418951.6103515625
29937451.8454907462 1531145.6142578125
29501533.2638482600 1358427.2275390625
29534173.2054628134 1416624.9404296875
30386112.6436321847 1560633.2353515625
29530430.4486288317 1411229.4541015625
29561780.6366399527 1440803.1279296875
29552007.9180578999 1428698.5751953125
29930712.0740333460 1530815.9892578125
29583822.7605249435 1451517.1455078125
29827504.8609935753 1516072.7861328125
29530510.8851472363 1413546.8642578125
29543552.8312999457 1424948.3212890625
29698129.1323349774 1495862.4716796875
29796226.3104535453 1512570.5615234375
29646708.4675597958 1479679.1298828125
29578738.4102110900 1445904.2373046875
29826832.5306248404 1515557.9560546875
29549169.2551966533 1426371.9052734375
29882979.3596843146 1526838.3564453125
29501740.7302638069 1364422.6533203125
29709242.9413844012 1498142.3330078125
29759276.5061572529 1503855.6943359375
29554739.6686197519 1430581.0087890625
29572131.2000190578 1444328.4970703125
29662110.9057110548 1482537.0732421875
29620658.2566820644 1468350.0009765625
29607094.5788020268 1466440.6455078125
29620482.4172152877 1467506.6142578125
29529871.2987527549 1409255.7431640625
30440592.5764228255 1564759.9814453125
29672397.7526176795 1484618.6220703125
30021592.8140761629 1540562.9541015625
29570798.6923233718 1444191.9833984375
29870457.8496581316 1523730.2998046875
29685926.5808315277 1490562.6884765625
29875646.7176298015 1526067.1591796875
29635695.1123685241 1470439.5302734375
29762770.4725238383 1504100.6650390625
29499353.2111123987 1355842.3017578125
29517721.3691521920 1395073.6923828125
29667990.9563904405 1483599.2509765625
29516373.1556267850 1388262.5791015625
29601757.3285659440 1464793.2763671875
29558548.8810337856 1434695.2861328125
29543089.9377089366 1424786.9912109375
29916360.5648870654 1530155.3759765625
30286042.4882865921 1558553.2744140625
29645120.5758311413 1471801.2080078125
30338309.9931800216 1560117.5556640625
29593185.8906280510 1462140.6259765625
29878818.1631633192 1526396.7841796875
29608224.2536991164 1466973.6298828125
29782480.2689007893 1508540.5791015625
30271776.1379550360 1557912.0439453125
29823889.2439073510 1514317.0400390625
29697387.0457814485 1493910.0029296875
29510315.4196238965 1374740.3564453125
29986135.9631249048 1535174.3525390625
29500634.8205699995 1358144.7998046875
30014785.6560876369 1539902.3408203125
29593568.4786500745 1463984.2880859375
29513265.8159211576 1381587.7177734375
29906650.0774505101 1527840.5908203125
29551101.6759023480 1427150.1376953125
29524604.5913840383 1405014.7900390625
29579820.1886860766 1447367.1396484375
30224860.5835511610 1550907.7939453125
29514119.8044296987 1385127.9912109375
29795084.6547134072 1512314.1943359375
29908066.9239099734 1529825.7509765625
29719204.2446013987 1499038.5849609375
30115915.3499288261 1548927.3173828125
29827916.1735441983 1516233.1943359375
29507818.7996486910 1368051.8466796875
29972920.3404004909 1532202.6845703125
29735332.4526296258 1500272.9208984375
29586718.9654948749 1456740.7724609375
29505565.4484515972 1366271.8115234375
29832568.2656151205 1516674.7666015625
29505001.5082536675 1365409.9951171875
29587563.1672108360 1458210.2333984375
30080074.4883234240 1542042.8681640625
29726316.8617046997 1499579.8349609375
30231919.7210286297 1551648.5087890625
30000010.6379225627 1539572.7158203125
29636587.7551658116 1470691.7548828125
29554276.7750287466 1430296.9560546875
29797783.0601672269 1513332.7998046875
30238630.6553977914 1551997.5166015625
29528899.5570132732 1405381.4560546875
29743119.6911245137 1502150.6044921875
29787373.2814726681 1510786.3232421875
29516694.8928157538 1390872.1630859375
29558085.9874427803 1434533.9560546875
29514441.5416186638 1385305.0205078125
29906115.4053576104 1527828.5947265625
29511142.7935070172 1378226.1455078125
29712687.3025062531 1498646.2216796875
30138560.5000521988 1549917.5556640625
29513172.6980524063 1381278.7822265625
29646563.4378777295 1474730.8173828125
29826450.8923142701 1515141.3310546875
29510408.5374926366 1375155.2353515625
29515723.1510762721 1387970.2529296875
29817729.8048367761 1513940.8935546875
29630865.9557295144 1469588.1630859375
29514000.0719355308 1384755.2021484375
30676811.6860574186 1573092.8916015625
29518830.3376006410 1398766.5341796875
29508284.9635281116 1369848.4638671875
29536113.1658928208 1417316.4072265625
29522751.8536430597 1402925.4501953125
29907553.3525792509 1527944.4150390625
30431610.8983956613 1564118.7509765625
29835325.4618909732 1517483.7548828125
29953425.5936719775 1531907.8525390625
29782943.1624917984 1508640.5947265625
29506847.0579092093 1367705.2548828125
29515401.4138873033 1387537.8798828125
30498861.9161612205 1567538.0009765625
29646079.7539129183 1472175.0419921875
29825614.9744544178 1514776.6064453125
29667080.3159483895 1482670.9794921875
29520916.2243412398 1399477.0068359375
29514735.1800445579 1387410.0126953125
29498984.3006524406 1333714.0009765625
29745530.7688012831 1502406.9716796875
29825238.6829737574 1514724.7060546875
29682536.0665163845 1485902.9033203125
30065742.7454099953 1541923.0673828125
29632202.8548245765 1469688.2333984375
29712735.1989283562 1498893.6298828125
29499335.4951903932 1337249.7138671875
30780659.6582998037 1575532.4892578125
29517701.5148745663 1390875.9033203125
29724696.1838248633 1499075.9462890625
30201625.4484799094 1550596.1884765625
30043097.5952866264 1540932.8291015625
30024754.6106267460 1540621.2236328125
29752006.2026987225 1502921.8017578125
30194881.7489845082 1550247.1806640625
29843332.5354402363 1517853.6298828125
30047399.7607501149 1541611.4619140625
29865977.6855636090 1518843.8681640625
29634781.4478500448 1470227.1748046875
29661419.2334583700 1482162.2646484375
29657571.1217748970 1482094.5791015625
29627848.0637182444 1468551.2900390625
29678096.7962839492 1484866.0302734375
29853329.2857961245 1518302.6181640625
29768602.4557478689 1504797.0615234375
