30577869.4395825416 1705064.0507812500
29968295.1551684700 1635259.7324218750
31470131.5214842111 1735567.6542968750
31752070.4969598353 1736428.4023437500
30005270.1021561772 1638285.1406250000
30069060.3503520787 1657821.8066406250
30007307.8924600743 1640662.1093750000
30204583.4011898898 1674205.3828125000
31006273.3814634830 1728678.3164062500
30931591.4782219902 1724973.0468750000
30049027.4969711229 1652898.7285156250
30912611.5943113416 1724493.7480468750
30066775.3972840607 1657262.5000000000
31520966.2697005458 1735795.8691406250
30060287.6627283916 1655669.1464843750
30904322.1372123435 1722535.9414062500
30587106.2786375023 1707071.4121093750
30026411.9506343082 1646871.7968750000
31102415.2038330697 1729331.5546875000
30030047.6130604744 1652419.4296875000
30650313.6586210951 1710787.9550781250
30131418.6214599535 1667075.7871093750
30351152.5991061181 1688777.9589843750
30987760.9260424115 1728369.1015625000
30303882.8499675244 1685122.2441406250
30351560.1464241892 1689334.1367187500
30829854.8508929238 1721682.8964843750
30703243.6971544214 1714647.7480468750
29994339.5298435986 1637087.0292968750
30696857.1834164001 1712303.2773437500
31274438.4248847142 1735459.9082031250
30362627.1223640144 1690052.5488281250
30186906.0238687322 1673310.1093750000
30224797.5600930303 1678973.1855468750
30111549.0909684077 1665691.4003906250
30628652.4622532278 1708543.4589843750
31102568.4625548869 1729810.8535156250
30162466.3748792037 1670898.9863281250
30208859.9292480275 1677873.3066406250
31108589.4166847430 1734348.0761718750
31378022.3554067425 1735492.5058593750
30185399.2753110155 1672745.5468750000
30848834.7348035686 1722162.1953125000
30070411.0597102344 1658364.9453125000
30004337.2853641137 1638030.1503906250
30153576.7688074820 1670681.2226562500
30135899.3914863206 1669785.9492187500
31255458.5409740694 1734980.6093750000
30112438.7375493087 1666596.4882812500
30626504.5634195209 1708479.0878906250
30738161.2119100802 1715187.8750000000
30170968.3930237256 1672210.2304687500
30013572.9479433075 1645924.4082031250
31207113.5329804383 1734914.6660156250
30380304.4996851757 1690664.4863281250
30564398.3582848795 1704842.9746093750
30478332.6001257822 1697709.3457031250
30096501.1067043059 1665496.6093750000
30548460.7274398766 1703743.0957031250
30864923.8524303287 1722168.8789062500
30301219.2098106891 1682577.1289062500
31521246.8429451026 1736046.9531250000
30744126.9325549901 1715958.9921875000
30426911.3006086126 1694159.3984375000
30514510.5728171952 1701401.6523437500
30653355.9116867408 1711206.4257812500
30606086.1625481509 1707550.7109375000
30680768.0657896399 1712296.5937500000
30661788.1818789989 1711817.2949218750
30442848.9314536154 1695259.2773437500
30722223.5810650736 1715127.0468750000
31127569.3005953953 1734827.3750000000
30634376.0277760923 1710727.1269531250
31421512.7886857316 1735501.7109375000
31517685.8010055237 1735628.2324218750
30261454.8213248365 1680347.7578125000
30583378.2421955243 1705322.2734375000
30531262.6386591122 1701569.1386718750
30536986.2041819766 1702751.8417968750
30990335.7506184801 1728617.4882812500
30087627.3742541447 1659622.1679687500
30479593.0580615476 1699822.4746093750
30530599.6904439554 1701408.3359375000
30283358.1728147604 1682180.6679687500
30495530.6889065504 1700922.3535156250
30434105.1040528342 1694472.1015625000
30415125.2201421931 1693992.8027343750
30462394.9692807794 1697648.5175781250
30966875.0966814682 1728311.2539062500
30785627.3548199795 1718445.6523437500
30071689.7434091419 1658522.2890625000
30086737.7276732400 1658717.0800781250
30346354.3450624980 1688323.0429687500
30386028.0652080439 1691847.1894531250
31064931.7844875827 1728760.9589843750
31022362.4990902394 1728685.0000000000
30888384.5063673407 1722475.1132812500
30267420.5419697575 1681080.7890625000
30242474.9374141917 1679868.4589843750
30190323.8625932746 1673666.6855468750
30460709.9684495404 1695655.7382812500
30401965.6960530505 1692947.0683593750
30797613.4854990914 1718763.1601562500
30327374.4611518532 1687843.7441406250
30766647.4709093347 1717966.3535156250
30778633.6015884429 1718283.8613281250
30311436.8303068504 1686743.8652343750
30755172.9476514310 1716937.0136718750
30832897.1039585695 1722101.3671875000
30947895.2127708197 1727831.9550781250
30813917.2200479209 1721622.0683593750
30807232.6015294492 1719221.3828125000
