86762480.2782443613 382040.7227478027
85699135.5513179898 311568.5557632446
86109428.2132141143 342997.9197082520
85205512.0026337206 265369.5951445103
85407093.0309490412 284238.9531250000
85063567.1299452782 244339.5775699317
85563499.5451729149 299513.9285335541
85549930.1875904799 297090.3544575870
85598384.5156784654 302082.5937404633
85598384.5156784207 302053.4703884125
85549930.1875904799 297096.6964718997
85306690.2462608814 273099.4525740147
85412579.5810189545 285443.5573081970
85322733.0318795741 276416.5850470066
85784930.2422588170 317582.9177093506
85624800.2600501627 304668.5070495605
85549930.1875904799 297020.0800816715
85067725.9512393177 244542.1347005069
85216255.1220882535 265371.2027227879
85725978.5036773384 312436.3597831726
85054570.6094744802 243567.8998062313
86210606.4568412304 350762.7685985565
85027161.4875246882 243155.4908978641
85563499.5451729149 299455.9456233978
89675331.4609237760 401759.3073730469
85563499.5451729149 299427.8640766144
85563499.5451729149 299421.9583187103
85200025.4525638223 264200.3739759922
85809156.3397223055 320766.7062225342
85690943.2726298273 309803.3040561676
85809156.3397223502 320845.4669647217
85982847.0420223176 333654.1738872528
85680200.1531752944 309786.4025878906
85982165.0315834731 333604.8350200653
86210606.4568412304 350727.9028759003
85547862.4024744332 295792.7333774567
85883412.4758742750 326386.5785503387
85006842.1618716717 242676.3909051120
84962993.0359093547 235061.1068341434
85027161.4875246882 243135.8722989261
85552756.4257183820 299414.7617721558
86155206.5637160838 345845.6578712463
85725978.5036773384 312398.3907890320
86183684.3493660092 348539.0312938690
85249939.2759379894 266328.5285379887
85481683.9076760709 291652.2528209686
85727054.2946575731 312461.6411380768
84913504.1022599936 228354.0243317783
85690943.2726298273 309813.2167186737
85753756.4465971589 315641.0206069946
86009769.1494975686 335868.0244731903
85854934.6902243197 323370.9043464661
85166766.1884388924 258611.7636682987
87122426.1751814634 397507.0021972656
85653934.6693455428 307179.5090999603
85727844.1154497564 312965.2235240936
90216889.6374585181 402004.3591308594
85699135.5513179898 311609.6753921509
86715101.3775540441 380211.1631774902
87940623.8792010397 400788.4958496094
87143634.7123963684 399451.2468261719
86210606.4568412304 350851.5923290253
86314849.8841425031 357686.0209712982
86549674.3746742904 370956.8277587891
85929566.4489676654 328721.3926887512
86711707.4513508230 379886.1407165527
86549674.3746742755 370917.8970947266
86416432.8115764558 360647.3181796074
85491178.1982369870 292996.9077472687
85024828.8471429050 242970.8137452304
86365622.7110359818 359595.7670650482
86264709.5289930105 353342.0491695404
85723622.3447215408 312067.3154811859
85159203.8021698594 258175.7837867439
86160716.9598242342 346303.6029491425
85257147.0639071465 269883.9191629887
85383163.6537138373 280877.5066187382
86157072.1754885167 346176.7406444550
85545424.1978864670 295693.9807338715
86245922.4634097815 351214.7879390717
85581613.3224096000 300709.8615169525
89555584.7853234410 401713.3820800781
86257985.3575315028 352855.0361766815
85138857.1309216470 257319.5102519691
89893461.3926380277 401916.0456542969
86254540.3730992079 351458.3279781342
85458905.7430938482 288487.8415679932
86318243.8103457093 357777.7631587982
85937447.8025616109 329485.6854839325
85257147.0639071316 269854.7306864262
86416432.8115764558 360633.9163241386
85362624.8383305073 279598.2285501957
85277466.3895601928 270188.5114805698
87143634.7123963684 399197.1535644531
85623917.4486293346 303823.4494609833
85382944.1639835238 279980.2406313419
85276198.9484902620 269886.2321512699
86047051.3870841861 336978.6186866760
86257985.3575315028 352685.9419384003
85800313.7949451506 319558.3114051819
85580165.7670406997 300565.1102886200
86840060.1044618338 386343.0137939453
86284755.0832085907 355567.1463375092
85137822.5253601968 255133.1434805393
86840060.1044618487 386427.6251220703
86009769.1494975537 335793.5786724091
85856800.3019967675 324063.9060649872
85356431.9667876959 279348.4892714024
86210606.4568412304 350971.3149852753
85956234.8681448400 331242.6723003387
86416432.8115764558 360584.5774569511
85899748.3610932231 326697.7554817200
85356431.9667876959 279417.8935682774
88831799.1652765721 401583.8952636719
85243239.5958918333 266198.3699190617
85233091.7575979382 265747.6157722175
86840060.1044618487 386671.1651611328
85069834.1286980659 247387.0139710605
86257985.3575315028 352919.1577587128
85696238.7955652624 310258.2049541473
85379655.3178966939 279837.5689814091
85637408.9912771285 305276.5521373749
86083917.7758649141 340589.1059474945
86081650.2702942193 339747.4713115692
85397323.9086065888 283844.2634413242
86365622.7110359818 359840.6030025482
85166766.1884388924 258582.4627382755
86120171.3326686025 343213.7642040253
85910334.5833494663 328571.0072612762
86146903.0195947289 344328.0131053925
86365622.7110359818 359533.2646236420
85022680.1195413470 242780.2638337314
86100585.6684368998 341583.3531837463
86100585.6684368849 341529.6529884338
85162311.3288993686 258179.6603676975
86475525.7483069301 366402.5548400879
87940623.8792010397 400733.0886230469
85539919.7735634744 295627.9768047333
85910334.5833494812 328623.6636028290
85727844.1154497713 312965.2476673126
85409931.6845339537 285240.7167932987
86157072.1754885763 346221.8290233612
85238731.5652850270 266012.3681068122
85022680.1195413470 242719.5524079502
84913504.1022600234 228366.0604226291
86264709.5289930105 353098.5091304779
86284755.0832085609 355460.7997798920
86408237.1265995651 360341.7288562357
86408237.1265995502 360341.7278467715
85400227.9340625405 283867.6169550419
86129590.0354073495 343718.3966407776
84986836.4929353297 236086.4808098972
85379655.3178966939 279742.9814913273
84888573.1971955299 213601.8013617760
85092103.9795033932 250542.3923644722
86435006.8522766232 363312.4504469335
85831391.1964819282 321651.2539768219
87855850.0685579628 400730.2575683594
85292728.5295411944 272986.4310438633
86873548.8315989822 388595.5557861328
85856800.3019967675 323945.5271587372
85143515.4917346984 257582.5666296482
85844045.6940781325 322180.1848735809
85766365.1778241396 316222.9700298309
85048639.2528814077 243310.7315518558
85122679.0679368228 254424.9522914886
85120623.3812785894 254389.1926021576
85096930.5835413039 250753.7232782841
86066637.0513159037 338473.5536327362
85441855.0238025188 287318.6863100529
86210606.4568412304 350727.7749462128
87940623.8792010546 401079.0895996094
85290143.0775163472 272913.7579042912
85511047.9385298342 293871.8386843204
86873548.8315989822 388695.2457275391
85187311.4590095580 261965.2798006535
86715101.3775540441 380289.9156188965
86257985.3575315028 352611.4961376190
86408237.1265995950 360420.4885889590
85187311.4590095580 262057.4926912785
85310462.4031693637 273308.2259981632
85292728.5295411944 272943.0347082615
85910334.5833494812 328625.3710308075
85351773.6059746444 279014.5075854957
85072169.0531906784 249611.2252423465
85120623.3812785894 254332.6538715363
86032250.9259057939 336279.5524469912
86549674.3746742606 370843.8389892578
86715101.3775540441 380157.0015563965
85351354.3449882567 277850.3619596958
85701208.5858843327 311902.8213920593
86468495.5794137716 365427.1359938085
84962993.0359093696 235153.3738782108
86421991.4669542164 361667.0023803711
85072169.0531906784 249551.6887280643
86518505.3664056510 368077.4545021057
84955571.8890371919 235015.2486645877
85072169.0531906784 249643.9016186893
86654842.9247398376 375186.2084503174
85511047.9385298193 293753.4418032169
85284131.5377107263 270533.7149260044
85910334.5833494663 328496.5614604950
85445795.3072351962 287383.4055483341
85766365.1778241396 316188.0023136139
85766365.1778241843 316266.7371196747
85290143.0775163472 272913.7337782383
86578763.8192198575 372804.7067108154
85792661.5033867955 319388.6792278290
86032250.9259057939 336205.1066462100
86715101.3775540441 380280.1133728027
88798761.9321222156 401580.6921386719
85243239.5958918333 266248.1709520817
85285085.5282436609 271387.0156666934
85530523.7367948145 295185.6513996124
85724789.5542883873 312115.5115337372
85061657.0709152073 243714.2685525119
86408237.1265995950 360386.9869562685
85285085.5282436907 271447.7270924747
85665293.1817154139 307755.6046085358
85431786.0549748093 286804.2501602173
86515874.4801040143 367263.0764234960
86360858.2259092927 358458.0066553652
86435006.8522766083 363241.5900801122
85878928.1157075167 326307.8178081512
86873548.8315989971 388793.0709228516
84983312.3615624011 235409.7408845127
86578763.8192198575 372756.9259490967
86000844.4582638443 334016.3629938662
85158351.2467803061 258101.2122018039
85243239.5958918333 266154.2947237492
86066637.0513158888 338472.3427257538
86545275.0920827091 370635.0201873779
86468495.5794137418 365379.3552320898
86471126.4657153785 365902.4125099182
85734958.7101821750 314052.3855876923
86661567.0962013900 375658.3909606934
86066637.0513158888 338464.2074985504
85677696.4648318738 309223.7494182587
84983312.3615624011 235440.2553956211
85648692.0978614539 307035.0057659149
86626142.7199101448 374640.6471405029
88651767.1840917170 401578.8439941406
84939420.0990746617 229112.6000153720
84995147.1005875170 236713.3952405155
86681612.6504169106 378035.0957946777
87282961.1448099464 399754.6984863281
87280716.4593724906 399602.8859863281
88516883.3508491367 401502.9113769531
88516883.3508491218 401308.2365722656
87601639.5423401743 400528.5100097656
87083931.3639788926 397484.2053222656
84945852.5271778405 229206.2427746952
86873548.8315989822 388464.9195556641
87830842.2678913176 400607.0485839844
85056017.2632281482 243615.1035515964
87143634.7123963684 399123.0954589844
88127434.5341897160 401292.6066894531
87746068.4572482258 400595.3479003906
86737211.2732647955 381298.7994384766
86813290.3787847757 383541.7067871094
87601639.5423401743 400480.7292480469
87036552.4632886350 395531.8698730469
86920927.7322892696 390662.5924072266
89870731.4784063399 401780.2199707031
90096149.3534356654 401982.8835449219
86676952.8204505891 376327.8097229004
85000290.2617152631 237007.1415097415
86705967.2315651178 379420.5708923340
87599593.0724863708 400093.2111816406
86703722.5461276472 379420.4337158203
87036552.4632886350 395600.4841308594
86536704.3888598830 368447.2026824951
86536704.3888598680 368424.5718231201
87599593.0724863857 400103.7263183594
89291008.4598679841 401598.4519042969
87003063.7361514717 393150.4270019531
86818890.5147133023 383951.6762695312
86737211.2732647955 381362.5977783203
87079074.8237113208 397110.2023925781
87033940.6084585041 395215.9279785156
87592224.5197794437 400046.6735839844
87599593.0724864155 400104.1047363281
87280716.4593724906 399650.6667480469
86758744.4423001111 381961.7447204590
87003063.7361514866 393478.5783691406
89457864.7953559309 401665.0490722656
89409151.5332522243 401650.6384277344
86638738.2752262056 375118.8849334717
87082443.5446817428 397232.7204589844
86462542.8858306408 363960.0653419495
86872061.0123018473 388334.8644409180
87082443.5446817428 397196.6711425781
86783102.3546579033 383295.5977783203
86978161.6416683346 390918.9869384766
86783102.3546579182 383426.2340087891
87287181.0273944139 399821.7380371094
86783102.3546579033 383107.0982666016
87374454.6116557717 400027.6721191406
87045261.7167479992 395601.7272949219
87588773.6308528185 400045.8591308594
