161651761.1189405024 566855.3112540378
160616604.3268863559 527492.7116332054
160554888.9877455533 524351.1858916283
159358254.0391637683 455333.3859658837
160640420.3718293905 529598.9904835820
160555512.0694385469 524733.1458525658
162422552.3528374434 596151.6494339705
160753164.6082431376 534894.0171294212
161866280.4945205450 573729.5832062960
163956691.4072989523 645816.7872675657
161881894.2733011544 574065.8541007175
159410998.3855686486 456834.1735635400
161170237.0511192083 551121.6386720464
160737993.0415626764 533979.4527983665
162319227.8000738919 591632.4918411970
162703986.8404244483 606186.7984148264
159523591.7322910130 468573.8384715915
160381690.4822598696 514882.3661041781
162889473.5591163933 612624.4873452187
161084249.2411069572 546941.0864869878
162807764.4761406779 609004.8808122873
162786149.0063528419 608105.3297524452
161053892.7145013213 545822.2588502690
161357285.5585863590 558642.3714601323
159339850.7344523370 454733.1556268334
159144512.8607715070 443069.3020425439
158906994.4444326162 407743.7783904076
162223210.3134798408 588989.2395883799
159586714.7154155672 472339.1998542249
161255273.0371812582 555068.5657960698
162019276.4609100521 579429.6759671494
162524564.8742425442 599725.4550980330
159272151.4911416173 451124.8339105248
167649332.1778112054 718426.0537109375
159425183.5731434524 462393.4404931664
165441589.4141150117 689175.8845825195
163402342.2005694211 630232.1391777992
159057568.9812861383 437493.7427774072
161614719.4955024123 566854.4528352022
161473340.8130031824 563280.6471711397
160955419.6456055939 543918.9057236239
159686433.9762530923 480600.9607474133
159479930.2959060073 462997.4867804945
158847831.1186135709 403382.3574757576
163122421.8683153391 621734.8955612183
158718668.4130734205 392518.8488698006
163293219.6662432551 627999.3515801430
161370016.2602395415 558761.4895783663
162756731.1868292391 607687.5860124826
159339965.4724621773 454761.1554971337
159070013.9302259684 438797.9771524072
160101314.8138455749 501210.5958418250
160431581.7389531434 517337.3441315219
161214561.4409368336 551414.3927766085
163186246.4806342125 623807.9136276245
164654183.0405426919 668452.8118286133
162654718.6654241979 604113.7803484201
159422575.5545493364 459141.0199531019
161804353.8467043936 573447.4869132175
161148192.7335070670 547721.4689943120
161204441.2367937267 551167.4220112034
160361853.3301431239 513350.9511871859
159154996.9241639376 444172.7017617822
159599521.1978711784 474739.6563650891
159051368.4749887884 415411.8369946480
161799428.5136556327 571687.9337515964
159802778.3128709793 485900.3405691907
160037038.8601655066 500396.7387250513
160682383.3281261325 532217.6207504794
159480536.3473961055 468060.6973807141
159784489.7461693883 485328.1101004407
159757529.1157073379 481840.9968191907
164123693.4433448315 652722.4173945189
160608481.0993748009 526541.7231064364
161701029.2939407527 568928.3293204440
162693325.5769113898 605232.6079851389
158950746.0631822050 408832.2982106209
161220116.0099737942 552622.4262697026
163023208.0649956763 616698.6056734324
158658238.2022256255 386839.5796208382
158783835.5951029062 399916.9007802010
163092484.3441106081 620234.1079635620
160400602.1306544542 515836.5565338656
160401256.3134509921 515932.7713776156
163247625.4321495891 623852.6711022839
159244943.3859388232 445328.7949729562
159247972.7191203535 446091.8114219308
159675758.7974583209 477154.4542402625
161980124.3735615015 579008.9639282359
161901441.0350607038 575261.7394156589
160534906.2917167842 521856.5017242953
163060192.7044534683 617787.9684371948
159268331.6728911996 450202.0740360022
160466738.7661606669 519783.4836578891
164929488.1116844714 675799.9086303711
159633366.2005546987 474867.6885257512
159194429.4441398382 444526.1763919592
158952566.5968267620 415312.5001149178
158855587.7300672233 407674.4515614510
164105404.8766433001 652150.1869257689
164420868.5426300764 661095.9523302317
165558169.5072725713 692935.7180786133
161523988.8976452351 565541.6433011293
160068021.7644756436 501142.6051801294
161386246.6706364751 560674.6022855043
164176437.7897496819 654223.2049921751
160382313.5639528930 515264.3260651156
158831294.6548050344 402608.8351712227
158816216.5079596639 401493.8141407967
162865432.3043407500 610178.3478188515
160977967.9417833388 544068.9893417880
164074425.2683445513 650649.3993281126
163721571.4114372134 639349.5987910032
160655663.4493037462 530294.6863022372
158724690.2215826511 397764.1318224072
161151948.4844176471 550549.4082032964
159321874.9478717148 451767.7090659738
160355395.2963702381 512977.9340363070
161355290.1093327105 558030.8116761968
162467221.9804368019 596570.3436266184
164663577.0740379393 668528.9371204376
164727142.4111281037 669411.3575305939
160875955.4203782678 540495.1836777255
163071283.1437305510 619591.5101763010
159950532.1376678050 495222.2427264452
160067499.5559787452 500903.5825091600
164251588.2421647906 654480.1636949778
160272836.6301474571 508996.5457659960
159548550.7537914813 468626.1456042528
160201180.6353480220 506541.5677386522
161305151.9960358739 556569.3533937261
161761304.7495489717 571444.4532828464
162925076.0061891377 613411.1584001780
159220872.8499203920 444787.5770469308
160772630.8676145971 535976.0260849521
161666394.5225932896 566925.2956900729
162814094.2048763633 609051.6439958811
160170824.1087423861 505422.7401019335
163029537.7937311828 616745.3688570261
162872331.6597841680 611910.3708025217
162973721.0994962752 615102.2165056467
163872008.2163765728 642907.9178694487
162842489.2862640917 609224.6360689402
160121464.0623732507 504915.8963178247
164739114.1729973257 672226.1029663086
162304277.0576187968 589008.3190904856
165539880.9405710101 692363.4876098633
162569234.5018419325 600144.1492906809
162516490.1554371119 598643.3616930246
161433115.7086235881 562826.1165773198
165476303.6186361611 689533.0657348633
165487136.5941661298 690862.7000122070
164865922.7745943367 674917.4882202148
161053880.4166626036 544868.0684205815
162974344.1811892986 615484.1764665842
163087775.2486391366 619604.0956636667
166426107.6878594160 712203.8818359375
159245965.0250692368 445513.4640708566
164000217.9822059572 647855.1493281126
164734368.9535849094 669431.8529663086
161687289.3224028349 567532.2621512546
164536768.4724409580 665837.5518665314
165380984.4394114912 687165.5341663361
169502250.9204000235 720883.0375976562
161680447.6744221449 567280.5513827130
165094030.0340598226 679132.7315063477
163532449.5176288486 633732.9033113718
163378523.5166869164 628786.0226351023
163396812.0833884776 629358.2531038523
164000308.8112813532 648039.6868152618
160332647.0029962659 512702.7208758593
160840521.5502915680 536356.0417166948
162035172.0433484316 579593.9184461832
159809346.3655969799 487167.5979357958
160104224.1575355232 501955.2941180468
160006168.3876192570 497228.1447650194
163521496.8302132487 633475.3832918406
161964139.1302419901 577520.9003797770
160226460.3586938381 507428.6421405077
163351670.9920527339 628703.4975801706
162016883.4766468704 579021.6879774332
161677585.4133473635 567280.4334016913
162066151.6516470909 581094.7060438395
160263747.8952281475 508518.9757586718
160211003.5488232672 507018.1881610155
159980212.2622321248 495629.5037738085
163636230.1281507611 637862.8817723989
163962970.8222318590 647104.7665392160
159704985.7220432460 480794.9884324074
163249658.4706476629 625129.6919161081
159933879.0576033890 494337.6110736132
162627812.0230982602 601667.6408220530
159988343.1366183162 496176.4331561327
166802170.3342402279 712789.3984375000
164258430.2003282905 655046.6051025391
165408133.6018045247 689167.0065307617
163678021.7871400118 639106.1493505239
159840166.2079032362 487629.8607684374
163598674.6331769228 636489.8067601919
164364310.7983747423 659905.3546739817
159863244.8439211845 489948.1639910936
164737487.0845002830 671486.4911346436
164654078.1869353354 668279.1758422852
163730766.1335449219 640606.9369481802
162588582.0299179852 600166.8532243967
159765816.9010433555 483269.2050067186
164226530.4659078121 654457.6399523020
160018699.6632239223 497295.2607928514
159840223.6889055669 489130.6483660936
164589512.8188458681 667338.3394641876
163455986.7198286355 632764.0681062937
163981259.3889334500 647676.9970079660
164294059.9410330951 658404.5670763254
164462135.0288722813 662508.9919300079
163910226.4758269787 645603.9789415598
162196382.2388196588 586861.5134843588
167481408.6210317314 716655.6367187500
167017427.3886116743 714232.5747070312
163671114.5919415951 638241.9385585785
163740153.4148720205 641421.5516332388
167270417.9879669249 715603.6264648438
165986020.3443886936 703255.9653320312
166072681.8464476764 705498.6030273438
162412979.8258018196 593683.0488618612
165210166.4021784067 682734.4740600586
164812396.3724247515 672844.4701538086
164629102.0734724402 668158.4948120117
162216038.1638143063 586889.5870012045
164827653.5970405936 674299.1210327148
163616963.1998785138 637062.0372289419
166001648.9333411753 703425.5849609375
163545930.2867719829 634989.0191625357
162314957.9247635007 589565.8962968588
165933566.8039257526 700657.8208618164
166968200.6273873150 713614.2075195312
165962532.9992555380 702867.3586425781
163894773.7010016441 645312.2335414886
164376440.4017363787 660185.8397426605
165098721.6469415128 679325.0854187012
167153247.6508731246 714452.1166992188
165934239.8267550170 701829.9087524414
165718350.5561355650 696625.4175415039
166270282.5503655374 710130.8637695312
165716210.6082026362 695094.1530761719
166217538.2039606869 708630.0761718750
166011821.6671277285 703902.9268188477
166054393.2797461152 704926.3725585938
166474574.5864411294 712440.2890625000
166344346.8055576682 711321.4614257812
163628637.9914343059 637327.2647455931
166128457.5349381864 706116.9702148438
169802256.6310903728 721018.7353515625
165138089.1019060314 680774.3993530273
164015267.5333169401 649281.6485283375
165193864.7903965712 681392.7665405273
165653024.3708099425 694895.1033325195
163770060.8311246634 642418.7791498899
163894665.0827504694 644105.3302229643
165847915.1018224359 700354.2526855469
164339386.3098421991 658432.2989863157
165020515.5112108290 679026.2703857422
164262893.6794249713 657081.9317988157
164825624.7801983654 673567.1210327148
165798688.3405980766 699735.8854980469
165780399.7738965154 699163.6550292969
165603797.6095856130 694276.7361450195
165727655.4274916351 697662.8674316406
165532764.6964791715 692203.7180786133
165585509.0428840518 693704.5056762695
165339528.7601847053 686233.5487060547
165197545.6846979856 682149.1475830078
167503951.7188359201 716916.7446289062
165530562.0066274703 691230.3349609375
167516962.2684664428 717102.1513671875
166944700.3576417565 713500.9541015625
165126349.4624706805 680202.1688842773
165321240.1934831440 685661.3182373047
165328881.9533119798 685802.8040771484
167460083.9973189235 716636.3129882812
164514302.1164526045 664744.4586791992
166813383.7505591214 713056.5747070312
167948826.0588526428 719118.2089843750
165215027.9557561874 683792.8956909180
165001304.7206339538 677417.6068725586
164979934.9902519584 676494.6962280273
165009610.9959277511 677812.0390014648
167790174.9088775516 718645.0556640625
166731829.7502030432 712557.2021484375
167258678.3485316038 715031.3959960938
167332742.6037237048 716221.9936523438
165270463.3325028718 685008.8356933594
168514051.2215142548 720849.1157226562
168304772.2521370351 719883.7641601562
168129224.8694558740 719527.4760742188
167387791.2348117530 716391.6132812500
167300035.2559622526 715787.0712890625
168178754.9869765639 719697.0957031250
168486729.8168771863 720517.3950195312
167168293.1085536778 714695.2416992188
169403950.6075839996 720870.8701171875
