128861399.2401876450 950628.8024444580
128893182.3838086724 962022.1149444580
129819641.5821666867 1098771.3645629883
131088012.3051610142 1252959.6651611328
131790498.2122658193 1325000.1899414062
128896367.3216519803 962027.7233428955
128832665.6291290671 948425.3219757080
129005509.2802697569 976135.5397109985
129524939.0831456482 1059973.0121154785
128473251.5923057348 841743.5735321045
128921465.7923762500 965177.8688507080
128934832.0483599156 968090.4645538330
128871960.6175411940 950990.6442031860
131362589.3719805032 1279333.2257080078
129126520.0868890584 990974.9820556641
129162883.6908174008 995978.6260986328
129363843.3251055330 1039566.2499084473
158855031.7130549550 1759558.5292968750
129423220.9446313679 1046599.4461975098
130097177.2161055952 1135507.4021606445
128848193.5403155386 948844.3102569580
135899980.6677635908 1533969.0278320312
128725627.5108413547 928884.5517044067
128795651.6520343870 940288.2755889893
129025684.6172902137 978170.5641250610
129662468.0305007398 1078744.3987121582
128979408.1739174277 972425.6764678955
129349761.9745162427 1035563.6937561035
128473603.1071416885 851434.6465225220
132153982.3793590665 1352626.4843750000
147824629.7579809129 1682788.0292968750
128584045.8322788477 894288.2494583130
129375271.9972421080 1041450.5355529785
129105831.1600812525 989984.4342041016
129296629.0584213436 1026260.2696838379
129964025.0051739961 1121344.8806762695
128525119.5819974095 876039.2805557251
128811743.0807179809 945401.4469757080
130275632.5932637453 1156725.2969360352
129847678.7754573673 1102460.6087036133
128548094.4284684956 880982.8596572876
128524810.0096284151 875136.3655166626
128479223.4844541699 857746.2702713013
131270023.2704577893 1269574.0021972656
128688613.5337466598 920745.4496536255
128773509.9280800074 935287.1986770630
128704704.9624302536 925864.0082473755
129197923.6922751367 1002137.6452484131
132157328.7808029354 1352684.4746093750
128519428.4943983555 875086.2410049438
140974341.6257689893 1637208.4814453125
130057133.8449365199 1128085.5144653320
129142194.7640095949 994991.6065673828
129998655.0688457787 1121585.5634155273
130844131.2467862368 1227607.7073974609
128619013.9137431234 905687.1703567505
129554191.1574592441 1064671.8216857910
129391335.0149371624 1043431.1341857910
150633195.8528141975 1693305.5195312500
150889970.9439393580 1700208.6630859375
129643525.2139398605 1075799.1584777832
132056926.0737972409 1346194.9221191406
128531872.8002753556 880388.5124893188
129091288.1497478485 985693.4439697266
131861060.8013520539 1327539.2246093750
128594570.9373858124 897209.5971145630
129527225.4159878045 1060793.5585021973
136284673.3017433286 1543855.3940429688
128631464.4283189923 909156.4027786255
130030438.2124667615 1126428.1527709961
131030434.3534616828 1248131.3489990234
128598183.7179926336 899578.9242630005
130108753.4801103324 1137981.5379028320
129256550.5035465658 1016956.8260803223
128596496.3468547165 897757.4818801880
129330299.7970025688 1034916.6742248535
129512098.7560855150 1059102.6019592285
132762615.0164443552 1398042.3181152344
128669736.8809659332 914465.0873489380
129322926.9801268876 1031267.9188537598
131758293.4092132598 1320716.1347656250
131654368.7274534404 1309521.0742187500
128645173.6980575025 910636.3578567505
129542039.7630618960 1062782.7250061035
130043907.2739603072 1126638.0648803711
137982960.7576533556 1581268.9731445312
129266819.8416422904 1022029.6473693848
129349931.5462261736 1037864.0433654785
130168573.8170219958 1146508.7737426758
128456800.4471725821 833650.9493942261
129852972.5277444124 1104215.9703979492
158390935.9978698194 1750967.0576171875
129379183.6205397844 1041542.0375061035
134062914.0616704524 1469788.9560546875
131430895.3477704525 1282516.0797119141
132927686.4933679402 1407510.9628906250
129237398.1956187189 1014990.2189025879
130745242.9170483053 1217154.9180908203
133967293.2644459456 1466179.5454101562
128495394.1420377195 872620.5704269409
137753011.4363084435 1576109.2036132812
130294168.6750859022 1156945.1686401367
131218425.2995010465 1265385.9477539062
132166393.7909517139 1356781.2546386719
136093825.8961514533 1541184.0620117188
130881728.0971530527 1233910.2720947266
140759831.3854431510 1631872.9687500000
140257095.1699545979 1627738.4218750000
129296073.5881278813 1022734.5736389160
129493155.9395246506 1056157.3617248535
129879461.9190783501 1107297.0745239258
144087108.8605777323 1643979.2314453125
131666278.4451880455 1310786.2475585938
153753979.4967279732 1727489.2783203125
132134548.0684700906 1347970.1560058594
133870583.6483982652 1458990.8422851562
137340157.3048585653 1563114.3676757812
129714988.0079162419 1085766.3153991699
128459513.1224182993 834003.7048797607
137499174.7224688232 1566269.6713867188
138033722.4794351757 1584464.9497070312
128566792.5239900649 889994.0648880005
138459641.3980142772 1588983.1162109375
129216070.8396244943 1004283.8981781006
135791489.0018706322 1529992.2133789062
131561383.6994258314 1300347.6103515625
131657026.4563790709 1310306.0942382812
158574434.8281131983 1757286.4023437500
136025091.3665630221 1537743.1166992188
131634578.9785726517 1304227.1102294922
136072085.8435214758 1539871.4086914062
143262848.6441068053 1642699.7724609375
130849011.6769848019 1230497.0753173828
130366263.1372904032 1166520.9644165039
132427929.8016740829 1375452.2089843750
129210494.2790472358 1004242.0690765381
133104731.7330589741 1417345.6125488281
130816850.2044507563 1226840.0411376953
130337011.0629767925 1162847.5679321289
133437000.3069450408 1436167.1650390625
133424929.1047894955 1433533.5581054688
155550044.9065987170 1737937.9228515625
132253570.6810108721 1360029.4992675781
132209829.3656523526 1359610.4567871094
130947900.0067226887 1240949.8646240234
130645733.1702442914 1201728.8306884766
133008820.1408647895 1412951.9885253906
133049009.9918559790 1413430.0578613281
132635584.6643746495 1388994.0871582031
132348764.7355230302 1369390.9960937500
132266230.3887841105 1361658.2412109375
137592676.2926679254 1569672.4028320312
158498715.8823305964 1757016.8750000000
130210381.4248598963 1147873.9801635742
137557610.1050752997 1568574.1479492188
129452327.3871817291 1046694.3696594238
135126459.2315452397 1509177.5175781250
133462907.7947235256 1436239.4443359375
129788559.9283933192 1091393.4067382812
130944654.4339380711 1240258.0123291016
158827059.4666295946 1758712.6015625000
135782894.4547889233 1529911.3452148438
131268767.0887038857 1269183.4113769531
130344050.0444101244 1164379.1691894531
129736972.3099288791 1087468.5515441895
140705590.3458057642 1629987.4580078125
132279377.5023269653 1365718.4633789062
134923326.6202414930 1501689.2001953125
147222741.4615982473 1679337.3105468750
146265445.0817404389 1665456.9052734375
130318594.1947760731 1159935.4253540039
133223798.6801547259 1425360.6040039062
129633790.8725551963 1071170.5033264160
131001704.2078192383 1247059.9410400391
129567065.5720741600 1066173.0768432617
141128500.7471487820 1641274.9267578125
132018886.0327139199 1343096.1813964844
132141950.2368495762 1351286.8825683594
129807186.2579629123 1097581.4926147461
132996124.6953289658 1412948.2150878906
128470999.2846346647 841268.0143356323
134091164.7503041327 1471050.5014648438
132399433.9366990328 1371993.5588378906
130332505.9736554474 1161635.4487915039
152433268.1037920713 1707198.1210937500
158320359.8239851594 1746229.0351562500
131973515.2692351043 1336716.7292480469
133151056.3221790344 1420283.2736816406
131677831.2793027461 1311963.9038085938
130659644.9491236508 1203428.8541259766
140595132.9415919483 1628133.3105468750
132477133.9216159880 1377959.3745117188
133080219.2674464732 1416489.2580566406
135518088.6336320937 1518760.4155273438
132797937.6940605342 1399543.6650390625
133105929.8596044481 1417709.9492187500
129833875.5647192746 1098989.5327758789
130750273.9547298253 1218353.6583251953
131255986.3043495417 1269033.8656005859
132419231.2318693250 1372957.1848144531
131254469.4564603567 1269024.5856933594
132659504.8661873043 1390588.4694824219
148954898.2673091888 1689350.2138671875
149432602.2378061712 1692683.1044921875
135462170.8989636600 1514134.3105468750
131276637.4427791387 1271811.9654541016
131312387.6218111217 1272991.8405761719
134954441.8666366935 1504489.4975585938
129773219.6329590678 1089417.6191406250
141400899.1481758952 1642155.9960937500
130208480.2826530784 1147064.3629760742
130489805.0096637011 1182905.8757934570
153992614.3678545654 1728481.0537109375
133136719.1498111933 1419532.9853515625
134995298.6435149908 1506771.9536132812
132490446.3089444041 1384327.8740234375
130528692.9412830770 1189604.9999389648
130564328.9196022749 1192399.1693725586
140686872.6169006526 1629520.1865234375
148159848.5962149799 1684833.2128906250
130915026.0561380535 1234256.4444580078
130576585.5926664174 1192668.1419067383
131353337.3831715286 1278674.1387939453
131458476.6858097762 1289296.4888916016
132909999.3435696810 1406316.4240722656
152778374.1296331882 1707503.7480468750
130466274.1889910251 1179892.6879272461
145480535.1146962345 1653750.2177734375
145770307.9736218750 1657385.4384765625
133215868.9767389148 1423221.0083007812
130702922.6235398799 1212211.0595703125
130428294.8211422265 1173652.9467163086
130600190.0718485713 1194918.7775878906
131394126.6698195487 1282132.9201660156
130559313.4218077809 1190872.7210083008
132983809.7044011801 1409173.6284179688
133473592.2190160304 1438764.5380859375
135560611.4721024036 1522190.9125976562
134130328.7888227701 1473248.1528320312
145949513.5468820035 1661027.4335937500
128474590.7426596731 853017.7908935547
130376830.0801800787 1167747.9949340820
130325109.5131646693 1160705.0964965820
134936537.9358911216 1504460.1127929688
131253314.8072379678 1268860.8010253906
131161560.2932736874 1258969.2886962891
133413378.7766961306 1433288.8105468750
131342272.4043463022 1277076.5800781250
137737762.6040415168 1575737.3403320312
131388086.5544345230 1282011.1022949219
130390486.8361180127 1170417.6936645508
135025817.6662437320 1508563.7392578125
133534113.2060674429 1441050.3432617188
145377487.9070001245 1653325.5507812500
139443802.2414759099 1601864.7109375000
139110966.4648431540 1598890.3432617188
130433467.5740308762 1175671.4536743164
147093874.6675909758 1671337.9462890625
137983838.1238062680 1583943.1196289062
134218821.8139522672 1479255.1176757812
130423688.6303970218 1173395.0911254883
144887815.6349760294 1652146.6835937500
144387823.9876780808 1647708.1484375000
130354860.7392965406 1165166.7695922852
133705164.5149846375 1451760.4638671875
130463465.7326120436 1179088.3032836914
157689018.2912195027 1741109.6875000000
158131607.4418481588 1743658.5449218750
138184237.8078498542 1585995.8154296875
133984960.0904791802 1466354.8398437500
131121928.4897277653 1255263.2315673828
148680003.2147720158 1685296.3242187500
144595755.7054580450 1651112.6865234375
134422729.1363332272 1483497.4536132812
139669308.0135144889 1613913.4111328125
135673050.8103992641 1526962.8159179688
137957867.1721329987 1580780.9838867188
140012251.2741720676 1616522.7275390625
135218587.8584196866 1510308.0361328125
137460389.5464824140 1563962.9848632812
135223732.8318861723 1511777.7714843750
134357257.8159265220 1481166.2480468750
134832223.7537116706 1495029.2973632812
135297346.6038703322 1513774.2470703125
134473966.0121015012 1485087.5078125000
134697035.6591446400 1494393.6372070312
134389098.3350252211 1481799.9458007812
134458159.3494604528 1484676.8525390625
133700826.5099146962 1448104.8247070312
133836790.6880796254 1455757.1538085938
157495739.0166934431 1741084.4765625000
158117213.2573687434 1741682.9667968750
136445051.2900207639 1544819.1831054688
136720272.6937231123 1557996.6723632812
136718270.0550094545 1548157.5043945312
136405609.7631005049 1544130.7973632812
136640745.2123795748 1546475.9506835938
136631299.9228809476 1545862.0903320312
152935358.4053649902 1716338.7919921875
138692147.9381854236 1595758.1406250000
