29523512.5499532484 167306.9615994301
29524532.3118166737 171122.0598365776
29652023.5192528181 178827.0700683594
29576907.8452686481 175154.2359466553
29772565.8770117238 182662.4936523438
30815761.3755741119 198272.6386718750
30431474.9293646179 194536.6716308594
30559362.2928730622 197956.4638671875
29517676.0894473381 167306.9410419464
29501840.5728191212 163543.6180496216
29491626.5064935200 163459.5351562500
29480256.8304803893 159599.5512695312
30306091.6299370378 194150.3276367188
30073468.1344667487 187588.6779785156
30043171.1594861746 187149.3304443359
29871752.0750434808 183971.5041503906
29553643.7235089578 174971.1767578125
38754851.0100366473 200824.8395996094
29886925.7876386233 186498.3041992188
30086950.5971517935 190433.2814941406
37019864.5503475815 200011.5270996094
34062256.3624483794 199144.1728515625
33822367.4544363841 198883.8913574219
29713268.0387439802 178840.7597656250
30149587.6603920609 190824.8247680664
29817544.6951228529 182729.0893554688
30079729.7700060904 190321.4418945312
29640148.1124067120 178798.3969726562
29991634.0661655068 187016.6235961914
35904520.2477936521 199804.3937988281
30259781.9800202772 191404.3811035156
37539359.5487891436 200271.8085937500
29751498.3851363435 182647.5183105469
29804957.0770026147 182671.3555775881
29716205.9305574857 178925.9597625732
38875000.7861157954 200829.2639160156
29744392.3582837805 179911.0870229006
29485903.8050977625 159610.6973037720
38633584.9117307812 200758.6984863281
29864587.9615449049 183764.5320912600
29788623.5961399488 182671.0781250000
29823439.1729918793 183178.7649536133
29502835.5836448595 167290.7656250000
29909690.6615372114 186504.6562500000
29478296.8539071195 151805.1090064049
29724244.4946657121 179399.4611206055
29499378.1089010760 163477.2966518402
30066010.9442503452 187466.5310058594
38348879.2971835732 200522.4892578125
38436710.9368679672 200556.3984375000
29848254.4806822427 183764.2546386719
38251476.6422626898 200512.2221679688
29721028.7836910523 179312.4314575195
29921736.2353106141 187000.3335571289
29728058.8774211220 179910.8095703125
38622694.1699571460 200721.5292968750
29822950.8020425700 182742.9555664062
34639182.3965147808 199441.2602539062
30004913.3265700936 187037.1385707855
30090464.7515679635 190581.1128234863
29639841.6265698597 175558.8662719727
29478392.4104534462 155739.5100097656
29710610.6016585827 178833.6589355469
36163265.1292943805 199983.7053222656
38518251.6470503658 200646.8720703125
