121922.9366332138 121940.2562763029
121922.9366332138 121777.2142973720
121922.9366332138 121817.9747921047
122004.4978017374 122307.1007288972
121922.9366332138 121981.0167710356

121922.9366332138 121817.9747921047
121922.9366332138 121777.2142973720
120658.7385210984 115581.6190980003
122616.2065656643 120758.2019290543
121922.9366332138 121940.2562763029

121922.9366332138 121817.9747921047
121922.9366332138 121777.2142973720
120658.7385210984 115581.6190980003
124328.9911046594 118557.1352134880
121922.9366332138 121940.2562763029

122208.4007230464 121817.9747921047
122983.2318240204 120758.2019290543
120658.7385210984 115581.6190980003
118742.0510607943 115296.2956348714
118742.0510607943 115255.5351401387

121922.9366332138 121940.2562763029
121922.9366332138 121777.2142973720
120658.7385210984 115581.6190980003
123350.2570823765 121451.1303395104
121922.9366332138 121817.9747921047

121922.9366332138 121981.0167710356
121922.9366332138 121940.2562763029
121922.9366332138 121817.9747921047
119027.5151506268 115296.2956348714
120577.1773525748 115581.6190980003

121922.9366332138 121981.0167710356
121922.9366332138 121940.2562763029
121922.9366332138 121817.9747921047
121922.9366332138 121777.2142973720
124328.9911046594 118557.1352134880

121922.9366332138 121817.9747921047
118742.0510607943 115255.5351401387
118742.0510607943 115296.2956348714
120658.7385210984 115581.6190980003
118171.1228811293 116356.0684979218

121922.9366332138 121981.0167710356
121922.9366332138 121940.2562763029
121922.9366332138 121817.9747921047
121922.9366332138 121777.2142973720
123350.2570823765 121451.1303395104

122208.4007230464 121817.9747921047
118742.0510607943 115255.5351401387
118742.0510607943 115296.2956348714
120658.7385210984 115581.6190980003
122697.7677341878 120758.2019290543

122208.4007230464 121817.9747921047
118742.0510607943 115255.5351401387
118742.0510607943 115296.2956348714
120658.7385210984 115581.6190980003
118171.1228811293 116356.0684979218

121719.0337119049 122877.7476551552
120658.7385210984 115581.6190980003
121922.9366332138 121777.2142973720
121922.9366332138 121817.9747921047
121922.9366332138 121940.2562763029

121922.9366332138 121940.2562763029
118742.0510607943 115255.5351401387
118742.0510607943 115296.2956348714
120658.7385210984 115581.6190980003
121922.9366332138 121899.4957815702

121922.9366332138 121817.9747921047
121922.9366332138 121777.2142973720
119027.5151506268 115296.2956348714
120577.1773525748 115581.6190980003
121922.9366332138 121899.4957815702

121922.9366332138 121940.2562763029
121922.9366332138 121899.4957815702
122004.4978017374 121899.4957815702
122045.2783859992 121899.4957815702
121922.9366332138 121817.9747921047

124410.5522731830 118516.3747187553
119027.5151506268 115296.2956348714
120577.1773525748 115581.6190980003
121922.9366332138 121777.2142973720
121922.9366332138 121817.9747921047

121922.9366332138 121817.9747921047
121922.9366332138 121777.2142973720
121922.9366332138 121940.2562763029
121922.9366332138 121981.0167710356
122004.4978017374 122510.9032025608

121922.9366332138 121940.2562763029
121922.9366332138 121817.9747921047
121922.9366332138 121777.2142973720
122167.6201387846 120839.7229185197
121922.9366332138 121899.4957815702

121922.9366332138 121817.9747921047
121922.9366332138 121777.2142973720
124043.5270148269 118516.3747187553
121922.9366332138 121899.4957815702
121922.9366332138 121940.2562763029

121922.9366332138 121940.2562763029
118742.0510607943 115255.5351401387
118742.0510607943 115296.2956348714
120658.7385210984 115581.6190980003
118171.1228811293 116356.0684979218

121922.9366332138 121940.2562763029
121922.9366332138 121899.4957815702
122045.2783859992 121899.4957815702
121922.9366332138 121817.9747921047
121922.9366332138 121777.2142973720

121922.9366332138 121817.9747921047
121922.9366332138 121777.2142973720
121922.9366332138 121899.4957815702
121922.9366332138 121940.2562763029
121922.9366332138 121981.0167710356

122045.2783859992 122510.9032025608
121922.9366332138 121940.2562763029
121922.9366332138 121817.9747921047
121922.9366332138 121777.2142973720
121922.9366332138 121981.0167710356

121922.9366332138 121940.2562763029
121922.9366332138 121899.4957815702
121841.3754646903 121858.7352868375
122004.4978017374 121899.4957815702
121882.1560489520 121940.2562763029

121922.9366332138 121940.2562763029
121922.9366332138 121899.4957815702
120658.7385210984 115581.6190980003
121922.9366332138 121777.2142973720
121922.9366332138 121817.9747921047

121922.9366332138 121940.2562763029
121922.9366332138 121817.9747921047
121922.9366332138 121777.2142973720
120658.7385210984 115581.6190980003
122045.2783859992 122510.9032025608

121922.9366332138 121817.9747921047
121922.9366332138 121777.2142973720
124165.8687676122 118516.3747187553
121922.9366332138 121940.2562763029
121922.9366332138 121981.0167710356

121963.7172174756 122266.3402341645
121922.9366332138 121777.2142973720
121922.9366332138 121817.9747921047
121922.9366332138 121940.2562763029
121922.9366332138 121981.0167710356

121922.9366332138 121817.9747921047
121922.9366332138 121777.2142973720
119027.5151506268 115296.2956348714
120577.1773525748 115581.6190980003
122412.3036443553 122877.7476551552

121922.9366332138 121940.2562763029
121922.9366332138 121817.9747921047
121922.9366332138 121777.2142973720
120577.1773525748 115581.6190980003
124206.6493518740 118597.8957082207

121922.9366332138 121817.9747921047
121922.9366332138 121777.2142973720
124043.5270148269 118516.3747187553
121922.9366332138 121940.2562763029
121922.9366332138 121981.0167710356

121922.9366332138 121940.2562763029
121922.9366332138 121817.9747921047
121922.9366332138 121777.2142973720
121963.7172174756 122266.3402341645
120658.7385210984 115581.6190980003

121719.0337119049 122877.7476551552
118742.0510607943 115255.5351401387
118742.0510607943 115296.2956348714
120658.7385210984 115581.6190980003
121922.9366332138 121777.2142973720

121922.9366332138 121817.9747921047
121922.9366332138 121777.2142973720
124165.8687676122 118516.3747187553
120658.7385210984 115581.6190980003
121922.9366332138 121940.2562763029

124165.8687676122 118516.3747187553
121922.9366332138 121817.9747921047
121922.9366332138 121777.2142973720
120577.1773525748 115581.6190980003
119027.5151506268 115296.2956348714

121922.9366332138 121981.0167710356
121922.9366332138 121940.2562763029
121922.9366332138 121817.9747921047
121922.9366332138 121777.2142973720
121759.8142961667 122225.5797394318

121922.9366332138 121981.0167710356
121922.9366332138 121940.2562763029
121922.9366332138 121817.9747921047
121922.9366332138 121777.2142973720
124206.6493518740 118597.8957082207

121922.9366332138 121940.2562763029
121922.9366332138 121817.9747921047
121922.9366332138 121777.2142973720
122167.6201387846 120839.7229185197
120658.7385210984 115581.6190980003

121922.9366332138 121817.9747921047
121922.9366332138 121777.2142973720
119027.5151506268 115296.2956348714
120577.1773525748 115581.6190980003
122167.6201387846 122877.7476551552

121922.9366332138 121940.2562763029
121922.9366332138 121817.9747921047
121922.9366332138 121777.2142973720
124043.5270148269 118516.3747187553
120658.7385210984 115581.6190980003

122167.6201387846 122877.7476551552
121922.9366332138 121940.2562763029
121922.9366332138 121817.9747921047
121922.9366332138 121777.2142973720
120658.7385210984 115581.6190980003

122167.6201387846 122877.7476551552
118171.1228811293 116356.0684979218
118742.0510607943 115255.5351401387
118742.0510607943 115296.2956348714
120658.7385210984 115581.6190980003

121922.9366332138 121981.0167710356
121922.9366332138 121940.2562763029
121922.9366332138 121817.9747921047
121922.9366332138 121777.2142973720
120658.7385210984 115581.6190980003

121311.2278692870 122877.7476551552
121922.9366332138 121940.2562763029
121922.9366332138 121817.9747921047
121922.9366332138 121777.2142973720
120658.7385210984 115581.6190980003

121922.9366332138 121940.2562763029
121922.9366332138 121817.9747921047
118742.0510607943 115255.5351401387
118742.0510607943 115296.2956348714
120658.7385210984 115581.6190980003

121922.9366332138 121817.9747921047
121922.9366332138 121777.2142973720
119027.5151506268 115296.2956348714
120577.1773525748 115581.6190980003
124369.7716889212 118557.1352134880

121922.9366332138 121817.9747921047
121922.9366332138 121777.2142973720
120658.7385210984 115581.6190980003
123227.9153295911 121491.8908342431
121922.9366332138 121940.2562763029

122412.3036443553 122877.7476551552
118742.0510607943 115255.5351401387
118742.0510607943 115296.2956348714
120658.7385210984 115581.6190980003
122412.3036443553 121817.9747921047

122534.6453971407 117578.8833399031
118742.0510607943 115255.5351401387
118742.0510607943 115296.2956348714
120658.7385210984 115581.6190980003
118171.1228811293 116356.0684979218

122412.3036443553 121817.9747921047
122983.2318240204 120758.2019290543
120658.7385210984 115581.6190980003
118742.0510607943 115296.2956348714
118742.0510607943 115255.5351401387

122983.2318240204 121817.9747921047
118171.1228811293 116356.0684979218
118742.0510607943 115255.5351401387
118742.0510607943 115296.2956348714
120658.7385210984 115581.6190980003

121922.9366332138 121817.9747921047
121922.9366332138 121777.2142973720
119027.5151506268 115296.2956348714
120577.1773525748 115581.6190980003
122860.8900712350 120758.2019290543

121311.2278692870 122877.7476551552
121922.9366332138 121817.9747921047
121922.9366332138 121777.2142973720
120577.1773525748 115581.6190980003
119027.5151506268 115296.2956348714

121922.9366332138 121817.9747921047
121922.9366332138 121777.2142973720
118742.0510607943 115255.5351401387
118742.0510607943 115296.2956348714
120658.7385210984 115581.6190980003

122412.3036443553 121817.9747921047
118742.0510607943 115255.5351401387
118742.0510607943 115296.2956348714
120658.7385210984 115581.6190980003
118171.1228811293 116356.0684979218

122412.3036443553 121817.9747921047
122697.7677341878 120758.2019290543
118742.0510607943 115255.5351401387
118742.0510607943 115296.2956348714
120658.7385210984 115581.6190980003

121922.9366332138 121940.2562763029
121922.9366332138 121817.9747921047
121922.9366332138 121777.2142973720
120617.9579368366 115581.6190980003
122860.8900712350 120758.2019290543

122412.3036443553 122877.7476551552
118742.0510607943 115255.5351401387
118742.0510607943 115296.2956348714
120658.7385210984 115581.6190980003
118171.1228811293 116356.0684979218

121922.9366332138 121817.9747921047
121922.9366332138 121777.2142973720
119027.5151506268 115296.2956348714
120577.1773525748 115581.6190980003
121922.9366332138 121940.2562763029

121719.0337119049 122877.7476551552
118742.0510607943 115255.5351401387
118742.0510607943 115296.2956348714
120658.7385210984 115581.6190980003
122412.3036443553 121817.9747921047

121922.9366332138 121981.0167710356
121922.9366332138 121940.2562763029
121922.9366332138 121817.9747921047
121922.9366332138 121777.2142973720
122167.6201387846 120839.7229185197

122086.0589702610 121777.2142973720
118171.1228811293 116356.0684979218
120658.7385210984 115581.6190980003
118742.0510607943 115296.2956348714
118742.0510607943 115255.5351401387

121922.9366332138 121981.0167710356
121922.9366332138 121940.2562763029
121922.9366332138 121817.9747921047
121922.9366332138 121777.2142973720
123227.9153295911 121491.8908342431

121311.2278692870 122877.7476551552
122412.3036443553 121817.9747921047
120658.7385210984 115581.6190980003
118742.0510607943 115296.2956348714
118742.0510607943 115255.5351401387

122167.6201387846 122877.7476551552
118742.0510607943 115255.5351401387
118742.0510607943 115296.2956348714
120658.7385210984 115581.6190980003
122412.3036443553 121817.9747921047

121922.9366332138 121981.0167710356
121922.9366332138 121940.2562763029
121922.9366332138 121817.9747921047
121922.9366332138 121777.2142973720
122616.2065656643 120758.2019290543

121922.9366332138 121981.0167710356
121922.9366332138 121940.2562763029
121922.9366332138 121817.9747921047
122045.2783859992 121899.4957815702
122004.4978017374 121899.4957815702

122004.4978017374 122877.7476551552
122412.3036443553 121817.9747921047
120495.6161840512 115581.6190980003
118742.0510607943 115296.2956348714
118742.0510607943 115255.5351401387

121759.8142961667 122877.7476551552
118742.0510607943 115255.5351401387
118742.0510607943 115296.2956348714
120495.6161840512 115581.6190980003
122167.6201387846 121817.9747921047

122249.1813073082 122877.7476551552
118089.5617126057 116356.0684979218
120495.6161840512 115581.6190980003
118742.0510607943 115296.2956348714
118742.0510607943 115255.5351401387

121678.2531276431 122877.7476551552
118742.0510607943 115255.5351401387
118742.0510607943 115296.2956348714
120495.6161840512 115581.6190980003
122086.0589702610 121777.2142973720

122208.4007230464 122877.7476551552
118089.5617126057 116356.0684979218
120495.6161840512 115581.6190980003
118742.0510607943 115296.2956348714
118742.0510607943 115255.5351401387

122167.6201387846 122877.7476551552
122167.6201387846 121817.9747921047
120495.6161840512 115581.6190980003
118742.0510607943 115296.2956348714
118742.0510607943 115255.5351401387

121719.0337119049 122877.7476551552
118742.0510607943 115255.5351401387
118742.0510607943 115296.2956348714
120495.6161840512 115581.6190980003
122167.6201387846 121817.9747921047

122167.6201387846 121817.9747921047
121678.2531276431 122877.7476551552
120495.6161840512 115581.6190980003
118742.0510607943 115296.2956348714
118742.0510607943 115255.5351401387

122167.6201387846 122877.7476551552
118742.0510607943 115255.5351401387
118742.0510607943 115296.2956348714
120495.6161840512 115581.6190980003
122086.0589702610 121777.2142973720

