275990889.3662586212 4907039.2890625000
277698946.4305793643 5059107.3203125000
274073552.5309245586 4649385.3964843750
275256867.6450318098 4824496.0175781250
275834592.2633872032 4890403.2480468750
280188992.6656106114 5252698.5917968750
275313027.8723714948 4827792.9472656250
275142320.9377021194 4812053.1601562500
275412809.0013086796 4849133.0683593750
275500718.5512821674 4857406.5839843750
276360898.5851141214 4936362.4863281250
286129646.5972623229 5473111.4746093750
296979767.7756332159 5680167.8007812500
296532068.5520681143 5674783.5664062500
275739639.5950126648 4871431.5703125000
275174564.5307278633 4815808.0488281250
275786489.2185674906 4879745.7675781250
277720070.7202706337 5059227.4824218750
273684936.0641313791 4571206.0214843750
273702847.5425228477 4577604.6621093750
273769371.2927253842 4602527.6464843750
275224624.0520060658 4820741.1289062500
275851851.0564727187 4900168.5312500000
275802348.6703613400 4886648.5917968750
276655880.2937282324 4965039.4628906250
280174399.7168497443 5251217.8242187500
313100216.8599702716 5751818.4511718750
273796156.1590418220 4609782.0000000000
273834909.6590322852 4613228.1230468750
273958657.0570693016 4632946.8242187500
274340800.6740646362 4706041.5410156250
274555553.3009882569 4726920.3046875000
275086160.7103623748 4808756.2304687500
275385230.8850443959 4843875.1621093750
276367952.1720646620 4939677.4785156250
278469850.3344537020 5121037.9433593750
283233108.1698607802 5387724.1894531250
290934202.6703255773 5584576.0800781250
290138316.8171541691 5573490.0800781250
286796320.8286053538 5501165.9062500000
280970469.5508092642 5308175.4042968750
273916632.8374308944 4627675.1210937500
274555061.0951822996 4726762.2578125000
274855609.3385061026 4776378.0527343750
274713099.9929631948 4755434.0019531250
278825523.0995980501 5151135.8066406250
283274383.3288652897 5403593.9804687500
276041076.0349556208 4915329.2089843750
279577965.7467022538 5207969.4101562500
337321934.0042135715 5906627.2128906250
275968786.1699219346 4904565.6855468750
275762302.3983534575 4879615.4746093750
276512762.5339862108 4955378.7949218750
277141379.2522509694 5005986.2929687500
275587691.6971901655 4862366.2695312500
276149984.2334809899 4920513.1914062500
287109642.7366645336 5501535.2109375000
274365337.3171026111 4708805.7402343750
275662464.4236990809 4867131.7773437500
276435462.6109327078 4946669.6660156250
276604226.2141743898 4961339.5449218750
277174143.0027055740 5010564.6230468750
294632811.7631350756 5634059.3457031250
273861694.5253486037 4620480.1386718750
275468474.9582564235 4853653.6796875000
275586384.3726546168 4859806.5019531250
276483961.9047706723 4948796.4042968750
287344928.2479448318 5503915.2011718750
286091766.3930650949 5471536.5917968750
276526515.8383638859 4955763.9160156250
273758724.7296921015 4596156.2675781250
276280437.7290133238 4930236.9121093750
275750455.4395309687 4879453.6093750000
281980281.4658227563 5340709.4062500000
282172128.8958014846 5363313.3183593750
273659616.2619872689 4563774.5917968750
280611773.6275226474 5296209.9335937500
275345840.8644254804 4836682.2851562500
275826535.4905753732 4886778.8847656250
279682952.4599284530 5219330.5214843750
278631440.8449985981 5133173.0039062500
274448474.0175520778 4721175.8554687500
337040577.8588736057 5905673.7519531250
277794366.9614698291 5071499.6640625000
277654197.0240952969 5056638.4726562500
273687467.4863875508 4574299.5000000000
276188974.0488250256 4924276.1621093750
277784933.7317902446 5065820.5312500000
283763852.1998981833 5424704.9531250000
294940562.0625777841 5647941.7734375000
274135362.0055387020 4663288.0468750000
282384019.6514540911 5363427.1816406250
284780077.7977792621 5456387.0527343750
279393918.6241437793 5197344.1152343750
279671381.5054278970 5210850.0742187500
277722216.4654319882 5060455.3906250000
285236785.2911395431 5467243.8574218750
284881528.7466281652 5460324.3300781250
277236895.8903299570 5020673.5175781250
273711324.4451305270 4587002.7773437500
284727885.2872481942 5453028.9628906250
281306259.6493143439 5320377.9863281250
296436718.0162906051 5666861.8984375000
285040935.5552852154 5465916.1738281250
273721420.9276226163 4590918.0957031250
274149306.0577281117 4663675.5878906250
274166156.4661604166 4671928.4238281250
296384525.5057594776 5663534.5351562500
317951062.0368158221 5801576.1210937500
287674831.2976797223 5504285.3125000000
274068876.8633450866 4647468.7402343750
274233202.8858790398 4690716.2753906250
274188110.2432174087 4684498.3828125000
327954815.4156028032 5862423.0488281250
273704437.9909173250 4579248.3281250000
275644576.3930585384 4863400.0332031250
277773210.9935547113 5064575.2675781250
295696351.5549340248 5653156.1250000000
295647626.7779943943 5650158.1171875000
280317606.8563141823 5269207.3652343750
297355413.2679271698 5680212.0175781250
281002483.8800957203 5310619.1582031250
274076177.4768915772 4659655.8085937500
293773804.7527326941 5627091.8105468750
276733773.2502350211 4972395.9531250000
275002658.3178960681 4796893.0253906250
274893178.7057797909 4781032.5097656250
276609382.4905489087 4962742.3867187500
274280597.9951069355 4695713.8242187500
274965954.7077488303 4791538.4882812500
274638386.3844202161 4742649.0234375000
279677428.0675729513 5212116.5351562500
284650255.5451157093 5439730.6640625000
273995634.5411662459 4639792.1894531250
274260694.4115129113 4691336.8632812500
279524135.3162717223 5203359.9882812500
280777374.0494662523 5296414.9335937500
274041385.3377111554 4646848.1523437500
274945931.1151486039 4785407.4980468750
277903503.3683977127 5087047.9550781250
278326974.9472244382 5109185.1464843750
290093373.4572612643 5555902.6718750000
279712733.1832722425 5221343.3613281250
280545167.1838850379 5280038.4589843750
313612695.9671936035 5752111.2871093750
291994861.1221259832 5587656.9960937500
274121814.5320941210 4663055.0000000000
278422509.2778941393 5119650.5156250000
286456003.3421470523 5475189.0937500000
286424614.9780766368 5475049.7089843750
274024938.9234920740 4640272.4355468750
274471050.7589871883 4726725.8515625000
283333986.6179001331 5404977.8300781250
274745606.1710708141 4756846.4863281250
278084626.4571021199 5098951.0839843750
281575785.2635616660 5332432.3574218750
278174007.4500823021 5103521.6777343750
279430323.5270041823 5203256.3847656250
283261281.5440970659 5396939.1289062500
279819966.9214137197 5224899.4921875000
296426955.1335911751 5665942.2597656250
278753372.6035600901 5143596.8867187500
278257234.1749559045 5104717.8789062500
274943543.4632757306 4784694.7558593750
279302934.0339083672 5185884.7187500000
274854486.4569984674 4775669.8964843750
277986553.6803243756 5087675.7773437500
277875901.4270543456 5078257.8437500000
327523577.9785042405 5861653.4375000000
327089613.6299073100 5856239.4335937500
286489281.1993425488 5477638.3417968750
274603246.6556792259 4736212.8769531250
274694177.7259985209 4753621.8261718750
278006850.7258359194 5087869.4160156250
278927139.0961244106 5159427.3027343750
280818620.1560434103 5299828.7011718750
277731731.3998783827 5063728.7968750000
296158033.8919965029 5656337.8808593750
274565127.1729975939 4732856.8320312500
314020604.5468086600 5756313.4746093750
274685228.5816259980 4747729.1132812500
281493921.8529212475 5330823.6582031250
309186427.0933783054 5735950.6796875000
280549321.5448248386 5285648.9902343750
280253517.2283034325 5266117.1210937500
281417080.9033238292 5324704.9589843750
281358452.1598453522 5323736.0761718750
314204483.0156710744 5759357.1738281250
284787569.4380026460 5458210.2246093750
280533730.9873278737 5278545.4453125000
274683239.9429917932 4747721.0312500000
275716083.6983172894 4871053.1132812500
276917668.8961098194 4990942.1875000000
313792196.8335739374 5755235.2265625000
281624903.5110101104 5339710.0839843750
334656294.2268391252 5904311.4316406250
283696202.2472146749 5419102.1210937500
317469811.4007523060 5797002.7890625000
274590676.4633794427 4734984.7500000000
333885142.0434227586 5893481.0996093750
333943742.4703717828 5894090.2949218750
278553711.4264976978 5125149.0253906250
314283539.1649050713 5761219.4375000000
316773376.4468360543 5792829.6972656250
277001626.9427682161 5001986.8281250000
276854517.7197046280 4983289.4843750000
282408668.7357934117 5367368.6269531250
277453423.0409743190 5038658.8710937500
310975238.1487193704 5742551.2714843750
293636659.3455641270 5610699.4667968750
277514456.2905929685 5042359.0664062500
277608140.9654210806 5052814.4179687500
277416790.8005983233 5037202.6210937500
277525573.5370121002 5046197.7910156250
294804275.0926435590 5647137.2617187500
294762884.7768127322 5644721.5234375000
282482160.3673344254 5370779.7519531250
283381564.4012612700 5413356.2402343750
283646945.5778504610 5416743.2929687500
286737026.3542467952 5485958.4023437500
319205359.4386935830 5808390.2890625000
276874916.4448909163 4987478.0234375000
313680721.2309747338 5752763.2441406250
277584286.6568555832 5051673.9277343750
278802251.3978232145 5144572.4960937500
281998872.6567612290 5345571.1992187500
278670428.9933273792 5134718.1542968750
277311319.4111885428 5027577.7773437500
312003656.5941648483 5751144.3652343750
292411638.5479590893 5604353.5996093750
277407043.8683776855 5032090.7011718750
286212692.4895402789 5473428.4296875000
304919031.9783134460 5684383.3300781250
276961679.0558125377 4994650.5839843750
316403649.2320013642 5791072.2656250000
288470804.3245812654 5528519.8203125000
314445168.0739850998 5761417.1191406250
323492223.4076610804 5842063.9472656250
284824088.8640395403 5458374.5742187500
280484064.9874257445 5276806.1308593750
277179680.9207890034 5013077.7343750000
282454473.5875824690 5368802.0820312500
277191769.9742107391 5014918.1796875000
277378297.9674242139 5028692.8886718750
280037310.7915536761 5248293.8652343750
289528331.0456454754 5537140.2441406250
278909361.8608401418 5155413.3515625000
317886400.6488996744 5797946.3867187500
290009200.1228079200 5551434.4570312500
282539053.4797194004 5372288.7792968750
282010970.2290014625 5351450.5878906250
280013469.1827559471 5244958.3789062500
284599598.9160393476 5439033.7832031250
284689984.2508296371 5447789.3300781250
326738191.4086098075 5850735.1699218750
280223197.4155673385 5260215.2656250000
313696431.0257718563 5753332.2402343750
314661097.5898962617 5779542.1250000000
288151511.7053680420 5513450.5644531250
324472095.9732961059 5843012.8964843750
324507242.5374041200 5845535.9707031250
307346716.2973943949 5720081.6933593750
315876240.0380660295 5787860.4804687500
279228928.0324606895 5183813.2402343750
282741759.2185873985 5375659.6796875000
279027311.1885374188 5166073.0625000000
319034279.2696071863 5802993.6875000000
330938406.7604399920 5864482.7246093750
321898104.4912347794 5835098.0000000000
279379338.9270601869 5194090.3085937500
279126603.4159404039 5177255.2851562500
288189154.0310858488 5519974.4140625000
279534693.4901461601 5206803.0371093750
279594305.2606542110 5208039.6738281250
279890464.5929502249 5226841.9414062500
288739235.3795555830 5531266.3046875000
279920072.3435863853 5236358.8027343750
279913748.0898373723 5231787.1679687500
321029481.5912892222 5818038.1777343750
279205536.0294927359 5181922.7402343750
316796040.6158249974 5794022.0390625000
317124980.6050776243 5796320.5507812500
281243843.5701555610 5312225.1601562500
284381022.8918642402 5431641.3769531250
333859529.3053400517 5877585.7871093750
288206582.7965478897 5520332.0703125000
284349944.9691466093 5431168.7070312500
284215065.4520925283 5426676.9042968750
307660528.2381330132 5724469.2910156250
289552835.4434771538 5544693.9667968750
279066744.2895655632 5172195.6347656250
315406337.7262635827 5783607.1093750000
278740536.2840004563 5142146.7109375000
306769810.2897086740 5712780.0625000000
288386688.2123954892 5525398.8085937500
288961478.3012371659 5535934.2324218750
289253909.5101655722 5536046.2949218750
286702364.0746248364 5480217.6171875000
289723611.2427279949 5548960.1425781250
287717367.8719789386 5507738.6171875000
