163159930.7330447435 290429.2873652279
163789577.3150407970 297094.6544153988
155215061.9136662185 139698.9044533372
155499762.5523884892 159794.4711219072
155859864.4566037655 172570.2654202878
157480237.2548061311 218302.4949913025
190230166.9241387546 379773.2888183594
163909900.5977340341 297383.9299323857
160641903.2594068348 260031.9859390408
155260143.0695569813 143426.3629211336
155317267.9462215900 147721.8800421953
155546731.7493223548 160513.5422681272
156372098.6362401545 189514.7316451669
163938141.1642312706 297532.7308053970
156633668.0669413507 196666.3945384026
155064770.6718924344 122809.0395811945
155236499.0031685829 140006.6033996493
156095920.0251479745 180923.3614974618
190307227.5702036023 380110.9047851562
163035436.6459558904 285954.1236605644
162634261.2766542435 282349.1484503746
158427188.6726653278 234982.9048967957
155052752.1341692805 119634.8812728077
155319213.9599796534 148055.5718749249
157911654.2469610274 225350.9390921257
155270697.4222672582 143933.5603075027
157479846.3089987040 218075.7629866600
155295569.8935912251 144635.8123534406
155328168.4986364543 148119.9257567609
158903220.8002893925 239688.8225129992
155219018.3948738277 139811.2492723465
155191417.8472778201 136279.1449318528
155468860.0716540515 158897.0904165506
156759684.5422452688 198506.0903282762
158223708.8301787078 230986.8451877236
157730440.7054279745 222780.6252403259
155195089.7055400312 136372.7998390794
155287764.7111460567 144346.1207707012
182431829.6738767326 353321.7403869629
155105846.2171680033 127590.4853303507
158531507.1634003520 236268.1458749324
162548202.5293883383 278809.3898749352
156229281.4837568998 185829.5108127017
162531773.7192454934 278453.5706610680
155575767.1045030355 163394.5817144662
155946178.6054733694 176213.4303423092
155375676.8100315332 152127.2427199567
163742085.5279772878 296817.2173731625
155243643.9391671717 140299.8949928880
156522711.1544285715 193440.6973457336
155656556.1305493414 164878.9749325216
156120237.6553763151 181871.3444323540
155115818.7832413018 128097.8209626749
155197027.7247159481 139292.5646199584
155410572.7847558856 152650.4462798322
163504242.6537910402 293834.4679835141
155245520.3925268352 143313.8798561692
155304524.4322480559 144700.1662352765
155046468.7143106461 119183.8850342780
158692267.1048448384 239680.5389662385
159456280.8360111415 244674.6468087286
155583710.5249782205 163786.9232748300
155605599.4210272133 163933.3017896116
159489439.8778499365 244769.7301605493
155764362.7768701613 168913.0855114236
155069598.5776829422 123270.8960417360
155799743.6407202482 171443.7816059366
166708879.0255400538 301018.0520289242
178532354.5425202847 339482.5470364392
156444167.2176302969 192182.9710817933
155154378.6448519826 135291.6603287458
155352032.7436431646 148707.4831984723
156393967.1815222204 189802.8520675302
158845201.1766070127 239687.9053964168
160551324.3575959206 257374.4510879666
158492071.4756797552 235574.8616512827
177040172.6482508481 329750.2301697419
156337738.0896676481 188861.9198547006
155063664.1428679526 122773.7395534962
155879263.9377213418 175592.0012218729
162763262.9563293755 282542.8068672046
155221876.3261384368 139894.1203346848
155998941.0583700538 177664.2053084970
155539046.1181103885 160257.0574014932
155688478.5246628523 167942.9152401388
155206085.9740006626 139323.1715517044
160342751.1323592365 255318.8510284573
155955206.6202071011 176373.4354377389
158541250.9504675865 238273.7154550105
158437126.8421532810 235209.7751473933
155153705.3517631292 131882.0967940092
155157593.3061897755 135301.8563154936
156052066.7435849309 180728.1456161141
163620816.5667408705 294165.6816065609
155129213.6699470580 131649.0713351518
155335630.6469452679 148417.7916157329
156169939.5447530746 184343.1210189462
159548244.3890191019 250114.4834411889
163967348.4824250042 298155.1680567563
159385762.6101197004 243536.4338959008
156196026.0770865083 185246.9444518685
160789548.0192634463 263451.7454605252
159714093.5329714119 251570.1783493310
160612106.9146436155 258053.4101333767
155476803.4921292365 159289.4319769144
159402191.4202624857 243892.2531097680
159440868.0370195508 244475.6487851888
156277190.0673176944 186305.3151794076
162471206.4977414906 276355.5095866024
157256907.1754122078 212941.4319301248
155826427.0526348948 172424.5684280992
158677824.9638718367 239116.2158822566
155911609.0823666453 176099.3368541971
155135997.3088853359 131713.4252169877
164347703.5891796350 298304.4410948753
155051645.6051447690 119599.5812451094
156128048.2006115317 183746.3394178152
155112604.8405434787 127743.9178313017
155726046.8426463902 168447.6360722184
159636832.4545709491 250630.4007995874
156579901.5949966013 194219.5938988328
156049107.6730446815 179714.3122570291
163379173.5302926898 290859.3049280941
156379459.1138202548 189595.9874916673
155184535.3528297246 135865.6024527103
156167710.2336726189 184075.9172621369
156660613.3445325792 197022.2137522697
160518369.9709172249 257016.7469940335
163731448.0881408453 294970.7904212773
156114068.7205763757 181270.4259429574
155983290.0907346904 177308.3860946298
179877690.4631670713 339694.8649520874
159108551.2375358343 242871.3383798152
161005174.3652828932 267297.5998077542
155402767.6023106873 152360.7546970928
180237403.9841752350 343932.4950256348
157920958.9740177691 225706.7583059928
157961225.7710736990 226847.3673091531
155045362.1852861345 119148.5850065798
155139761.2242483199 131844.8897017241
155657270.1897961497 165027.8765507340
157379917.8020173013 216576.5549541116
155772013.9453639090 169004.8089066148
157981151.2828429937 226911.7211909890
155461423.1590881050 156167.7959463084
155082361.6917253435 123583.1683671549
158952796.0611242354 239697.1575402766
158441715.7436739504 235565.5943612605
155095756.5784311593 127134.4187396318
157471865.3227156699 218071.3051643372
155403286.1471407712 152425.1085789287
156693167.8154309690 197416.2034774423
157948947.0251527429 226324.7121501565
156107134.5596220195 181239.6274886727
155534779.8165688515 160203.3323148191
157593139.2275694013 218988.2387380600
157171847.2147499621 210115.2003799081
155512621.9199485183 160169.6513846666
155818483.6321596801 172032.2268677354
161181141.2454933226 271012.7633285671
155454484.9080012143 156107.7450067401
157198426.2243692875 210754.6199417114
155096767.8074384928 127266.0214703232
157233694.8209215701 211754.7689738870
155781669.3703861535 169360.6281204820
156865792.4476657212 202121.0657311082
157312494.8025448620 213907.1385837197
155569038.7153769135 160905.8838284910
155106905.9511559308 127722.7169125229
155285818.6973879635 144012.4289379716
160291551.7586920261 255106.9168801457
158566649.1939436197 238638.8488013297
155120252.3328811526 131273.3384335190
158263900.1147037446 234159.4859704524
160379877.1780343354 256582.7959904820
158280328.9248465598 234515.3051843196
157245877.1209098995 212569.2379909158
157323550.9882965386 214041.5190005302
156044316.3008109629 177787.2017930125
155373909.8148259521 151555.8526735306
155411525.8001234233 155279.8185263872
155279651.9609241188 143997.9141893387
157951346.4740437567 226425.3310746700
171989320.8466262221 309665.5598914921
158132495.1945076585 230547.6421098262
158051924.8020575941 230292.3752246499
157768325.9312808216 222781.3286052346
156332872.9283322692 188267.1562996507
156294337.2426918447 187553.4169562899
157621003.6755414009 222078.6221275330
156042904.6511330307 177787.2017684579
158035495.9919147491 229936.5560107827
158098085.3779785335 230332.0291133523
155759110.0613223314 168579.8011475205
157367907.1899074316 215043.3388023376
157312711.7438646257 213948.9941291809
155084549.3832176924 123732.5639047772
156946751.9627399743 204435.5879844271
156789932.9756260812 200763.7253945768
157115593.8730250895 209291.0250816941
162859477.5507715344 283890.4488227665
155490087.2122167051 159401.1771122143
157802938.1539162695 223288.6642375588
157614683.1911327839 219693.9784317017
156717747.6399099231 197757.9295540452
161019052.5585459173 267624.5239353329
162270063.5358773172 273853.8636787236
157244648.3994222879 212564.1598473191
157844988.8923445642 223296.7457881570
160568182.3464140594 257858.1942520291
156761321.8654948771 199635.0215981901
156781989.2772714198 199962.7335120738
155431079.5166400075 155577.6843853593
156593305.6856334507 196251.4253114164
160997717.9454737008 266991.2893247604
157014930.8713221848 205667.9334068894
157287132.6579097509 213551.3193698525
156802792.8822891712 200891.2145090699
167392762.0292753279 302271.7646632195
157023810.3420394361 205736.0411339402
160983271.1282348931 266709.9029922634
156490370.7939332426 193106.3328209519
156366747.8440734446 189203.6459313035
157060166.7353445888 206465.1723936200
160343180.3110345006 255446.7749786526
189672370.8628423214 379346.0974121094
160260103.5467621684 252214.0372417122
157406292.6185263097 216783.0742071271
156841028.4156652391 200950.7775002122
190249344.2976627350 379800.8222656250
157936365.2931406498 225968.8929362893
157114048.2221559882 208536.5598548495
160830078.8098318577 266179.1949844509
155628356.6389110684 164846.5025709271
157073635.8922395408 206618.6131935716
157029309.0218249261 206207.8808858991
157220009.4266534150 211749.6908302903
157713257.0267095566 222127.6535146236
181943644.1984063685 348461.2400207520
182325568.0753352344 351246.0333557129
166443564.3044951260 299642.2187049687
157265041.5155108869 213016.5823858380
161072817.8903090060 268481.3117799908
157082737.2181350291 206675.5330909335
157240277.4835104048 211803.7160151601
157252459.7834987640 212660.7631719708
156481753.3678668737 192847.1169317365
161200134.5019247234 271340.3429184109
160878435.3126916289 266667.9080581814
178171473.6139123142 339087.7237942517
156309958.4176717997 187732.9626091123
160560686.3398380280 257652.6804733425
160806406.0080815554 263935.4886245877
160692663.5226155221 260520.5243301541
161028915.5950195193 268127.0090942532
162307286.8714042306 275398.8311775029
171455839.7212269902 308732.5221014023
170959031.1721240282 304720.2365908623
180090729.9573313594 341848.1531372070
190087063.2902116477 379534.3447265625
183080170.7094382942 355090.6594848633
188260496.6579863131 378088.5148925781
177442955.9645742178 338842.4047727585
182082426.3824535906 348711.2911987305
187390483.4016644955 373699.4226074219
188226323.2141715586 377159.0820312500
173459660.9402280748 316407.6776283085
173575309.0482219458 319732.7423866093
187008343.5742663145 370963.0731811523
183643559.3260380626 355307.3871078491
189288595.0076374114 379144.9677734375
160744138.2166441083 260887.1611957550
188869204.9283844531 378662.3991699219
189211534.3615725040 378812.5778808594
171229190.3606399894 305694.2006995976
166157550.1855803132 299099.0116737187
187301017.7893629670 371242.3406982422
189083495.9487970173 378751.2875976562
187895971.0536790788 374522.1573333740
177137749.5974209905 337720.3269436657
188537347.1468298137 378112.6008300781
161380899.4021719396 272161.3046310712
186791638.8733820319 369384.3875122070
185356602.7356511354 363791.2604293823
185923931.5892570019 366601.8506469727
186102798.1559765339 368371.5245971680
187987655.9222849309 376815.3395996094
188649785.6857023537 378247.2695312500
174218109.7622653544 323716.2357504666
182478375.2941904068 354014.6468505859
188708737.4608412385 378446.1850585938
183703225.8355088830 361464.0021362305
183391949.4918120503 355213.1715087891
168320128.7443433404 302555.9922035038
170274683.8127638400 304370.3152015507
172800178.0676662922 311695.7132728398
181021542.8751486540 344939.3005981445
183694182.0824965835 356919.0950469971
