161123611.6135548055 264879.1797073651
155353532.3602783382 132368.7646236420
188674505.5701950490 377601.2641601562
158462282.2724111974 229536.9560985267
155746642.0990000367 158321.3920916766
155626797.5941095054 150082.9707999676
155312712.9147791564 128949.0051021576
158879771.2559249997 232715.6846141517
158400273.3116157055 225986.3345775306
163927334.0885123610 289321.9896400273
156602134.9621242881 188236.6589766641
160928679.3263108730 254385.3773697186
155888271.7684823871 165324.9705445021
156072228.1201702654 172685.7519896477
161289687.3863947988 268864.3531540204
159896797.2502424121 242698.8131952670
156113662.6736927032 173142.4474318475
188708737.4608412385 378446.1850585938
162370140.8776896000 271280.9781501591
156045416.5833596289 169722.6879103631
156900151.2778939903 196515.3737753008
157642708.5020161867 210078.2118037004
155372349.6382831633 135981.2648956925
155549081.1669296324 145928.7660628408
188534944.1686512232 375545.2066650391
158146645.0643401146 220984.8036848862
155522765.9895368814 144895.2641418800
156487467.1348018348 185186.4532520548
159018566.5888264179 233287.4278239906
156370563.0728226602 181766.6937305704
156462790.3687746227 184033.4782929991
162801140.5719335973 276267.3926482201
162653551.0244613588 272502.6161589622
155800001.7955553234 162328.7090548724
156362481.1066780388 181087.3984730020
155537331.7671943605 145771.8696627170
156662626.5116519928 192393.0627401446
155616374.6712261736 149831.7077958733
157575109.4741337895 208211.3699455857
182332222.8640611172 350288.4670410156
182355949.3798477650 350913.8684082031
155802486.0236049294 162420.4468707293
155827983.5711265504 162459.6860594004
156111477.0439291000 172717.2762110680
156296924.8286679089 177540.5307972208
157568276.8599529266 208209.4828585833
183703225.8355088830 361464.0021362305
158376604.3357346356 223037.5464222249
155496883.3973885179 141743.1432595700
155604444.9940349162 149054.5130609870
156518211.5551530719 185209.7095081583
155898194.3275382221 165879.4455808848
156840823.4069414437 192540.2569324747
156560159.0112339556 185517.0647946075
155446695.7538176775 141099.9483367205
156352768.7532727420 181064.1422168985
156994950.6763994992 197352.2401439671
158456936.4037173092 226610.9185809825
157045588.3238348961 197831.0673254107
156345428.1875714958 180972.4044010416
155471590.3990549743 141314.9857582971
157150608.7554749548 203845.9211996172
156887526.2045332789 196400.3797033404
157331483.5010823607 204839.9430150762
155735648.4208543301 157618.8405780047
155690340.4463450611 153643.8088777214
156257528.9896237850 177122.7030384317
158010260.0148531497 218323.1537062485
187356038.4827368855 369476.2056579590
155360389.1820804477 132970.3203383684
159920812.1187258065 242763.9087305453
155423211.2283750176 137092.6313735247
156596794.4803788066 188196.1122521435
159551688.2422679365 237726.6978693393
155841779.6026437581 162502.1772197261
157758446.8240841031 212331.7938937396
188428238.6072391868 375249.6918945312
156133369.5962665975 173545.3279163614
155403745.8457241356 136491.0756587982
155380732.7754866779 136390.0798598528
156568059.4178029001 187767.2264392513
156184737.0726610720 176896.5149496570
155523263.7956539690 145336.2146140337
155566595.2078857124 148778.9360640123
155696112.3881401420 154026.9467723444
156213489.3338235915 176965.0874378458
159805780.4419064522 242257.5006800082
157079630.9829954803 199201.2048986529
158206087.0221488476 222372.5951887924
161053656.1510244012 258339.2599075604
162593663.2735517919 272299.8413627446
155719845.8936506808 157082.5456532985
159511073.9919482172 236176.1467005930
172131751.5013720691 308530.6750648320
155609298.6818518043 149346.7631963268
160015597.6293381155 249059.2291345980
155455108.2392405868 141202.9572482705
155523788.1685960889 145749.9255612940
156003982.0298371017 169265.9924681634
156901003.0832218826 196616.5802267168
156653851.0369300842 189260.6531161517
155682307.6777346432 153454.2205917984
155677907.5763365328 153438.9634406045
182140892.7406244874 346045.7616424561
159736111.8996199965 241777.1042108920
163248373.8434046209 278652.2856445312
157108045.7180560529 200706.7492388934
157792158.2261171639 215342.7384756182
157442833.0026256740 207968.2322347735
155655512.9158632457 153220.7012673318
156128983.3313179612 173253.0697461814
155443523.7008334100 137735.8262963742
159258589.6729726791 236049.5783395767
160939913.6655583680 254924.2956131268
157109169.8184755743 200713.5115756243
155640115.2303619981 150224.0493562371
164054413.6514034271 291497.9915931523
156978974.2666022778 196662.5679676309
180083911.9186591506 337756.1769409180
166028048.9725251198 296389.6234290898
161087061.1409043968 260337.3199051190
155966186.0560415089 168837.9354345202
156098325.1072531641 172709.0082457513
155626309.6213116348 150066.1382701471
159979990.0121470094 245477.7645281267
160712723.4527078569 250621.9569524098
180257507.4079238772 341212.3377685547
187130900.0808626413 365999.5906982422
156048863.5937609076 169833.3102246970
156851599.2907719612 192863.5129062906
155887111.1080137193 165025.8343526721
178188779.3638985157 335615.5113056004
155507143.6387600899 141844.2173776105
155957321.8644253910 168445.5938741565
155647023.9954197109 152590.5225225613
157602573.9110077322 208260.3810425773
159955662.4820742011 242999.2655800295
163717900.8871591985 285465.5995109379
157650057.6781464815 211170.3298255105
164182435.5341372788 293287.0617289543
183337150.4117636085 352866.8407135010
183391949.4918120503 355213.1715087891
168320128.7443433404 302555.9922035038
159766589.3053942621 241862.7891252947
162054047.6733167470 270697.0773856938
157489211.4462560415 208088.0178164691
177706852.2689242959 327047.5549252555
177530448.4549501836 324097.3973324820
174844702.0411373079 316736.3771369010
156324892.7132100165 177590.4663391560
160503040.8732125163 250166.9957693145
157087352.3045325875 200562.6610767618
156531163.5403343439 185310.7053071037
156258413.0737943947 177453.4508209676
160869232.4936723411 254288.8535660077
167084511.0647939146 299604.4784705937
156338044.6498860717 177598.7343044728
159586869.0162329972 237727.8629893467
156341175.9292183220 177619.8210582137
157028845.2872746587 197366.4163563028
170274683.8127638400 304370.3152015507
163748340.8256470859 288964.5816200078
159625124.9715106189 238312.1676042986
156886623.8697882295 193244.1053211465
188262235.5366149545 374567.3984375000
165662963.1759394407 295878.9705970585
166009836.3242098391 296207.5374915898
159594567.1940952241 237812.3827837419
162100577.7265004218 271247.0345466435
172800178.0676662922 311695.7132728398
157641694.8030305505 208946.6479800269
188232590.1193271875 373333.3066406250
161029348.7603029907 255471.9766953290
164088620.8331822157 292547.2721717656
188120858.1309476197 373007.2170410156
160758396.3044832945 253596.7936032116
164009518.6098865271 290701.7857826054
163321435.2594895661 282333.4646480381
182214936.3715022206 346604.8602905273
181021542.8751486540 344939.3005981445
163529268.5542255342 284674.1470802128
164024102.2722748220 290812.9987037480
163023338.1054954529 277158.5989959836
183694182.0824965835 356919.0950469971
160714434.5102519393 250942.4261960387
160687601.1703721285 250462.2780295208
157627627.9495696723 208521.5793333054
163248821.4778642058 280331.1799113750
177127766.7512726784 322768.6615337133
176428194.0455345511 318798.6079152822
163369290.5322642028 283112.4014079571
163204920.0054449737 278395.0420329571
