82328136.3007156104 264309.9760413170
81537505.2178765684 211665.1842544675
81448834.4376503229 204655.8671339750
83775098.2564208806 334472.9145965576
82763508.3835313171 287362.6766464114
81671482.5242518634 220381.7399451733
83718142.2121507972 332316.4521942139
84142048.7630897462 346451.1852416992
83261788.8074621856 312007.5487213135
81483215.4400447458 205614.8720434308
81334345.9149171412 192352.3334025741
83571407.3711529374 326308.8176116943
83444118.8387132138 320554.9710540771
83755876.9239294827 332740.5042572021
82901032.6448583901 293622.3647834659
81514503.3693313599 207615.1728246808
82932320.5741450042 296277.5991584659
81423480.5386682153 200108.4558904767
83240734.1546735615 310829.1319465637
83382978.3665050417 317761.3952789307
83205993.3690101504 309081.5795478821
81962892.9696093351 242364.6637107134
83053510.1331878752 302031.4457160830
83075495.0905003846 303764.1534652710
81996301.1785399318 243652.9164115191
82957386.6549458951 297297.8100211620
83040867.7198246270 301108.9190902710
83300055.7473227233 313817.8928115368
84539322.2882975191 357029.7973632812
84175289.7358087003 348229.6266479492
83620530.3673439771 326715.9229011536
81397279.4575713873 198900.0454273224
82856676.0162087083 291373.7354907990
82801642.3495378047 289575.1777145267
81798210.2030567974 228234.2516555786
83773164.8495439738 332841.6076660156
82044511.9996308237 246167.7245154381
82184116.7496407777 256362.2983679771
81616630.1268762499 215372.7236059308
84765685.0775820911 359762.8217773438
83429049.7443337739 320284.2362556458
84159453.5994215459 346865.3995971680
81517466.9654421359 209009.9498794675
82354309.1285430789 266092.0655188560
82425152.8124933839 269194.0811438560
81830757.1954561472 231951.8785544634
84082953.8269670457 343798.2407836914
81827507.6670800447 230139.5915076733
82152828.8203541487 253707.0639929771
84072742.5555547625 343088.9473266602
84215891.7619383186 348728.3986206055
82672648.3525267243 283108.8342704177
84736648.4616993368 358865.1674804688
83130197.9212970734 305270.4704787731
84272847.8062084019 350229.9274291992
81714954.9900979847 223197.7114288211
81948375.8626331687 238435.2911887169
83684801.5779398084 329673.3454437256
84185884.7838608623 348597.8099365234
81861911.7125122547 234140.5189421177
82201803.6465813667 257661.5539695024
81773609.2817967683 228139.2907264233
82910884.7968492210 294883.8868324161
83361423.2953859419 317045.5230407715
82889617.0077919662 293421.1600554585
82787001.8004870862 288252.9583853483
81854854.1840719730 232064.3909195065
81765616.6369211525 227597.7958089709
81466466.3384689391 204657.2954273224
81438862.6626951396 201253.8273915648
82062198.8965714276 247466.9801169634
82621553.2466554940 280519.8472091556
81713562.2462996840 222171.2694777250
81858156.4558866024 232064.4999435544
83825574.6994410008 335618.4238891602
81624233.4900118113 216767.5006607175
82215813.3356149197 257772.6994811893
83683386.0528162122 329112.0173339844
82310672.5093862414 264091.7647376060
83540654.7695056498 323769.0298614502
81128833.2886248082 157204.5580511093
82279384.5800996274 261436.5303626060
81555600.9622199982 212413.4179152250
82585499.5995797217 275821.1729137301
81500235.5422997028 206907.0017622709
84407193.6630363911 355528.2685546875
81302556.0225513130 185411.3540720344
82348421.5044033527 265485.4497612119
81744565.5801340789 224525.0514419675
81261685.2389059961 183160.2194437385
81591258.3729628772 214413.7186964750
81235676.9585266709 178022.0246652961
83628363.4154230058 328465.2800140381
81799024.8458517641 228886.0485097766
82170515.7172947526 255006.3195945024
81673523.1026571393 221423.0358169675
82741631.2009419799 286919.9433395267
81633225.9248894602 219422.7350357175
84217299.6837950945 349096.5819091797
82456440.7417799979 271849.3155188560
82586925.8759797364 277864.6128341556
82768427.4487490952 288250.7923377156
81582500.2719939649 213916.3188827634
81571297.7307586670 212622.8651016355
81863510.9983358085 234719.6252945065
82639240.1435961425 281819.1028106809
83604115.5832049102 326545.5339202881
81319504.4820078313 191393.3284931183
81301982.4166736752 185160.5202249885
82360661.6455576420 266707.3574515581
81210959.5860105157 177653.8032907844
83109712.2190085202 304397.4453010559
82469484.0317919105 272763.4161246419
82530575.8527469039 274078.6212195754
84040326.6760225147 342711.7572021484
82086603.3015539497 250233.2509796023
82596781.6500517428 277891.2090476155
82795302.1461234093 288573.2502433658
81769578.8720059842 227710.3081740141
81755594.5840874612 227180.2858169675
82336045.0234925747 265417.6288733482
83412727.5660645217 318615.2947082520
84319999.4519916028 352873.0341796875
82103183.4686017931 251193.7317664623
81578093.9636012912 213157.8450186849
82559575.0433918387 275604.4374874234
81663805.8843502104 219857.3872960806
81129917.2454974502 162168.5420603156
81370230.1349033266 196899.7446460724
82304757.0942059457 262762.3944983482
82235211.8555119634 258949.8066703081
84853093.4840214700 360261.5937500000
84635512.1371805668 358557.5209960938
81411100.9185486436 199150.8792743683
83178421.1575710624 307269.7009983063
81499661.9364220500 206656.1679152250
81732438.4121420383 224211.4700415730
83217852.7173195779 309788.7348213196
83971598.8505407721 340187.1115112305
81714213.4520856887 222203.8920210600
81185814.7096964419 170187.4217982143
84553542.8702486008 357822.0327148438
82288134.3844717890 261489.7322287560
81313992.8886913061 189907.9373568296
83928439.7122972757 339641.4776000977
82319422.3137584180 264144.9666037560
82755278.3631327301 287212.6598121524
81908248.7276827991 236936.6615020633
84518699.1457805932 356557.2202148438
83682853.4037439227 329056.4542236328
81802794.3806373924 229927.3443815708
81860338.0886620283 233663.6984512210
82245440.2657382041 259661.8547507524
81408639.1057588756 199149.4509810209
81201723.0721393675 176362.4117463231
81876960.7983961552 234936.3607208133
83869782.4838526547 336148.6035766602
82922092.4507058114 294982.8678504825
82060180.7863792628 247248.7688132524
82631409.0207275003 280546.4434226155
81749242.9163796604 225881.0302154422
82804437.7096276432 289845.9125129580
81929538.6037494242 237677.6069229245
81498297.7967108339 206158.7681015134
82436058.7710352391 269891.5475307107
82522159.2678102851 274076.5923709869
82496318.0999262333 273819.4441753030
81162594.3677386045 163443.6546017528
81132400.5533329397 162176.4061173797
83103348.0174678117 304290.8222579956
81879275.8153923750 236719.9260757565
81157117.9258491099 162544.6274918914
84376955.4962616712 355029.4965820312
82026310.4860966802 245433.6818267703
81666645.9261353314 219952.7573927641
81918115.2705886364 237468.1597365141
81606911.0247587562 214446.3412398100
83625897.3594738543 327554.9254150391
83096663.1582767069 304034.8882637024
84262636.5347961187 349520.6339721680
83882671.3122716397 336410.6592407227
81696569.7157107294 221455.6583603024
82971046.3470392078 297603.2016181946
81263267.2357958108 184401.5212038755
82456020.9221585691 271164.2098003030
83983370.6317524314 340555.2947998047
81697933.8554219455 221953.0581740141
82530774.9547920078 274957.3781561852
81294455.2589476258 184478.6819437146
81827092.4399254620 229961.4428023100
83252987.5821089745 311468.0500335693
82660408.2113724500 282089.8376091123
82547198.5624810606 275351.2834891677
81171938.6066410691 168963.5803812146
82379681.6426493973 267417.9296545982
83895099.0780863166 337119.9526977539
82416074.0272327811 267595.2085853219
83214317.8993548453 309171.8436012268
82498759.8324946314 274063.0307883620
84443567.1807954013 355821.7319335938
82832308.0052777827 290063.8621406555
84118333.6915386170 346073.1642456055
84037070.7311854511 342589.7703247070
84173264.6109937727 346986.9814453125
84130105.4727502465 346441.3475341797
84028554.8948108554 342343.5739135742
83048131.7179332823 301379.6538887024
83112429.6710991263 304668.1800994873
83471140.3784738183 321048.5188598633
83567567.5535208136 324819.3677978516
82648031.7304616570 281819.1056922078
84071461.6133537740 342958.3586425781
84240226.7574681193 349390.0452880859
82599500.2901182175 279163.8713172078
83944968.0130488127 340009.6608886719
84001924.0573188663 342166.1232910156
82693816.4203030169 283360.5123912692
84485544.4079840630 356320.5039062500
82144915.1770309359 253192.5566703081
83247998.1527821869 311099.8667449951
84604390.5688974410 358320.8046875000
83403273.0155354589 317899.7366790771
83985395.7565673590 341797.9400024414
81959134.2974376380 239821.9417007565
82983674.2480601817 298314.6609305739
82278848.4746688008 260950.1074515581
83666257.4877893478 328571.9451179504
83314569.3794633448 314867.4465835094
83712976.3424992561 329732.3711547852
82144393.7767965645 252235.0276382565
81944809.4024089128 237929.7648322582
83296529.5931255966 313755.1011199951
83132636.4677297026 305728.2942992449
83275439.1252576560 312528.1642333269
82615417.0838650018 279624.0085684657
83838660.9155695140 335911.8872680664
81939512.9343706816 237684.8951628208
82100757.1576397568 250234.7268570065
82216851.1718322039 257990.8017608523
84038933.2835038304 342590.1753540039
83981977.2392337620 340433.7129516602
82260487.7909890264 259991.1025421023
83340197.6498750895 315792.1628921032
83817951.0238504708 335230.5167846680
83414184.3342037499 318892.0564575195
82727581.6255713403 285595.5579627156
81987886.5368292779 242693.9115020633
81817746.3135869503 229928.8202589750
83619918.0165083110 326676.6866912842
82420723.3675368577 268279.8630637527
82019174.4661158770 244694.2122833133
82890923.4517284781 293608.7810622454
82419034.9241036177 267653.0215506554
83226907.6849142313 309872.9298583269
83308301.5715143383 313872.8235092163
82953083.0917212218 296641.3732787371
82069469.2283531427 247579.4924820065
83181171.0348554701 307468.6341094971
83001614.5320646614 299296.6076537371
81917143.1009545475 236938.1373794675
83679142.9995002896 328749.3328857422
82126554.4933511466 252233.5517608523
82866479.1245077252 291570.9632941484
82833382.5446704477 290126.0886604190
83579590.2605178207 326368.4850966930
83568356.6706493348 324899.6910400391
83569459.1969570518 325691.9263916016
82257231.3308155984 259677.5211417079
83132502.4420766532 305278.3302581310
83626415.2412271202 327848.3887939453
81979172.5498720855 242477.1760757565
83895790.1027929187 337665.5293579102
82871520.5557623506 291695.3015502095
83495472.5126283914 322592.0328261852
82882675.3751003295 291942.1230323315
83033588.2103338242 300310.0258681774
82468598.2745161504 271866.4577872157
82010460.4791586846 244477.4768570065
83194662.0820694119 308310.9224746227
82714292.1775099337 283364.5065886974
82848090.3507000208 290833.4205130935
83313142.4813773930 314044.6104934216
82884238.5925373882 293352.8470679522
82992962.3639679551 298415.4793654680
82396550.5820758045 267530.5510436893
84750849.9686576724 358970.5864257812
84112473.7018763572 344465.3992919922
82347528.0092966408 265434.7711417079
83480958.8804877847 321542.4790542126
83128993.9301780015 305022.3962638378
84024861.1139056981 342296.7119750977
82391164.6284534633 267435.0719229579
82852500.5586706102 290984.7293471694
82718095.3413851410 284184.8594130874
83332918.1935793608 315110.7924087048
82875992.4713328034 291712.4438185692
