29723707.3533754349 1492724.3916015625
29750582.2590994313 1500536.6337890625
29515871.6255198121 1399393.8427734375
29792137.2429698706 1502397.3974609375
29548663.9080716074 1427932.6201171875
29519102.6998731270 1409255.3583984375
29615289.8865733333 1460984.1240234375
29494246.0686390176 1374001.4853515625
29508263.7896227092 1392554.8037109375
29524879.6300379336 1411242.4248046875
29505548.6350086927 1386852.9619140625
30547021.7176754773 1566254.6220703125
29588069.0921799801 1452425.6181640625
29550830.6875173897 1430104.1220703125
29679966.3512894250 1483760.5654296875
29627773.0172698386 1467255.8271484375
29811455.6421361752 1508224.9521484375
29733496.3519865200 1496288.5283203125
30765273.3789957389 1575532.4892578125
29583307.5652723461 1447940.7880859375
29550584.5455592498 1428203.7314453125
29542700.2675949112 1423267.4443359375
29735910.1103349440 1497290.0537109375
29971654.9023684338 1529701.4033203125
29642490.2849295214 1472308.0634765625
29808087.5755252503 1507973.6279296875
29572285.9231646582 1444630.1025390625
29561375.8021303639 1439860.8876953125
29674518.8319643326 1483090.2470703125
29581508.9132913277 1446556.7060546875
29686398.8717104420 1485529.7001953125
29504972.1116301306 1386642.6474609375
29547260.3203502372 1425496.8076171875
29533632.3582027704 1421127.3935546875
29837677.9926063418 1514708.3212890625
29648170.2398615815 1475650.9619140625
29591037.4116499797 1453769.7373046875
30194290.6310624778 1543475.6396484375
30272947.8552196249 1549421.8408203125
30062778.8771944046 1537434.7431640625
29796200.1094762720 1504403.7939453125
29571788.8927589245 1443722.2626953125
29710563.1383398734 1492653.5244140625
30371495.4664465860 1557239.7392578125
29679001.2223658413 1483353.1259765625
29730240.9763030671 1495845.2236328125
29753227.4776557311 1501735.2041015625
29650944.2196384259 1476600.6416015625
29657180.8451156951 1478786.1669921875
29828937.5510995388 1511102.6962890625
30056120.8950017914 1534902.5283203125
30356908.5940417834 1551303.3603515625
29557803.5933500975 1430632.0537109375
29788008.2360917516 1502016.6259765625
29518494.7000875659 1405265.7763671875
29619478.4312581569 1465895.1962890625
30551765.1121279784 1566517.6064453125
29565151.8959696963 1440689.9775390625
29692413.5108388960 1485947.2099609375
29497777.2048623785 1375630.6748046875
29649945.8454469107 1476194.6044921875
29599539.5567975864 1458102.1298828125
29708215.0724820904 1487349.7880859375
29904399.1489171609 1520750.2373046875
29558558.1785835996 1434328.4658203125
30539249.2451129556 1559891.2626953125
29502540.7868473120 1383926.0029296875
29638155.2663125545 1470837.7490234375
30369383.0515433773 1556746.5830078125
29659874.1289504543 1478989.5380859375
30079294.2176629230 1538556.7822265625
29548204.9853949808 1427654.4189453125
29569014.3025567196 1442184.5068359375
30609316.1205913350 1567714.5908203125
30041880.5186290406 1534093.1982421875
30067022.2311327308 1537795.4267578125
30563217.4000197910 1567073.4267578125
29517603.0408790112 1399819.9013671875
29810762.9710045755 1508097.1044921875
29586262.5048133694 1450214.4580078125
29943465.1042160206 1525917.6669921875
29963030.6246276610 1528182.0947265625
29611849.6643370725 1458528.1376953125
29892626.8183812872 1520200.6708984375
29602794.9324810356 1458399.0029296875
29669908.8913171254 1479801.7607421875
29819380.4906950817 1510229.4521484375
29539409.2883675806 1423114.4599609375
29670319.5678422116 1483023.3623046875
29691892.9164736420 1485554.8564453125
29704536.7643900886 1486961.0791015625
29664356.5193519630 1479252.4169921875
29562854.0745568126 1439965.2587890625
29861760.5689187720 1515074.6279296875
29499166.2073595822 1380330.3564453125
29570479.3357980512 1442689.3427734375
29636965.7956833430 1467913.8193359375
29861272.1602941267 1515040.6923828125
29634893.1878773607 1467763.2900390625
29535040.9660569839 1421564.8134765625
29539222.7566563748 1422292.1201171875
30442526.4309482500 1558699.7080078125
29568831.1061439887 1442060.0751953125
29885311.9791738614 1516322.5517578125
29494077.1518663764 1368508.6005859375
30722452.9172851108 1572611.8486328125
29832099.3774382509 1511362.3212890625
29492341.6020092852 1362875.1416015625
30137297.3797864616 1540277.6767578125
29518464.2110683434 1400647.4716796875
30040289.9563394636 1533967.6005859375
30227968.8658527881 1547864.1728515625
29491348.9892561808 1361125.8583984375
29804342.9496719241 1504860.9697265625
29513442.1376072951 1396901.8271484375
30180555.8172591403 1542982.4833984375
29514057.7955067344 1397047.6513671875
30071025.1178758815 1538356.1337890625
29921088.4247513823 1524592.0341796875
29499781.8652590252 1380460.2451171875
29854022.2539404333 1514984.5869140625
29959073.6458432861 1527383.8681640625
29970003.2894667648 1528220.6845703125
29802211.6206242777 1504468.9677734375
29569290.0288206078 1442358.8271484375
29912013.4116324745 1521533.2158203125
29938745.6864257418 1525296.1611328125
29917974.2248331606 1524467.4365234375
30092399.0536489226 1539050.7666015625
30018751.4995652251 1530700.6455078125
29836160.4394638464 1511406.9541015625
29946991.9271072187 1525998.5400390625
29929612.1195226349 1525112.8310546875
30085207.9353624955 1538730.4384765625
29502502.8001862802 1382683.6337890625
29930518.0066702701 1525293.6728515625
29837463.4819957614 1511644.2978515625
29923170.0046017729 1525012.9189453125
29647708.7506727204 1472729.9111328125
29993319.6614678428 1530538.2353515625
30361655.7966106497 1551634.6650390625
30055361.4606510028 1534388.4853515625
30109978.6494893655 1540046.2744140625
29746807.4563230798 1498354.8505859375
29743477.1432515979 1497719.3369140625
30260649.0089033581 1547884.5048828125
30664416.0975769497 1568399.1259765625
30441770.4817546941 1558592.3251953125
30059006.4110124744 1535168.0087890625
30213458.8115642220 1547731.7001953125
