9843746.4935468379 1366829.2871093750
9827393.6980243921 1346601.6035156250
9871890.7116245329 1375069.9960937500
9833818.4249603711 1358589.5644531250
9823856.2558550909 1341782.7070312500
9849101.0515195411 1366987.3769531250
9827099.3018052168 1344601.3320312500
9824987.2807324789 1341909.1816406250
9828173.0134651661 1353702.5136718750
9830579.4307570774 1358181.7656250000
9825261.6330515854 1342652.4355468750
9842627.7010942977 1366649.2910156250
9832706.3170488421 1358566.6718750000
9858448.5942711812 1367695.7070312500
9837175.9755046107 1358653.9648437500
9837843.5918356683 1358941.4765625000
9838202.2144053951 1359121.4726562500
9821826.6415717565 1327409.6572265625
9820864.5618812777 1326227.7910156250
9827814.3908954412 1353546.5664062500
9853879.0975711010 1367362.1816406250
