29973723.8415412307 560463.8720703125
30363599.2761396989 598728.6748046875
30708113.7554929219 620567.0966796875
30574034.7224050201 613326.6386718750
30506299.4933158495 606904.0688476562
30097459.1110489331 579690.1264648438
30284069.9831528515 596975.8505859375
30176743.7486084662 588800.4565429688
30120788.9177101180 580625.0625000000
30018511.3366775811 570076.9992675781
30625296.1506450251 614144.5268554688
30055486.2836652808 571011.9353027344
30550704.9157438315 612391.7026367188
30550497.0152640902 609305.5415039062
30252627.9786221944 590670.3286132812
30396348.2278312854 604216.3085937500
30419678.0344924703 605151.2446289062
30260187.2758536153 594603.1813964844
30153413.9419472814 587865.5205078125
29999998.8812565058 568639.2661132812
30260740.1764916666 596040.9145507812
30455038.0650758371 606086.1806640625
30381541.4626291580 598845.7226562500
30205011.6133553013 589735.3925781250
30089537.1430535354 579187.3293457031
30056321.0797907710 578252.3933105469
30312337.8478996903 597910.7866210938
30138365.9576831833 586427.7873535156
