30546551.0107636005 604259.1740722656
30265959.1944083497 578084.9257812500
30243687.5023513250 578074.2322998047
30381805.5751046687 591369.0948486328
30114886.5904383548 569146.7420349121
31458711.4345727339 651452.6064453125
30418310.7366311289 593320.0090332031
31279523.6197589375 644583.4575195312
30756176.5829176717 618052.9047851562
30637965.1237660982 609085.6127929688
30468842.1985252835 596410.6271972656
30958998.1580857523 630229.5310058594
30467214.4796073064 594482.6429443359
30320337.3575585224 586476.5709228516
31148143.4832327515 638576.7856445312
31279072.3618812114 644554.5551757812
30848045.2174642831 624643.3859863281
30182219.2848051824 574005.6990356445
30842497.2359732166 624276.2153320312
30912066.3314396702 627190.0180664062
30153834.7202565148 570796.6986389160
31012908.0021157265 633738.4782714844
31029042.8845110610 634654.0859375000
32159384.8605016619 658748.0156250000
30808096.4783598334 620195.3369140625
30539543.5715840608 601204.9226074219
31413052.0907409377 651441.4770507812
30291818.4846493714 582741.4826660156
32986442.1051456481 659010.6328125000
31229315.1290811189 643963.1757812500
31050208.6749490611 636588.9824218750
31292211.8282407261 645337.4140625000
30901281.3458370864 626741.9743652344
31475861.6298880354 653584.1972656250
30619201.1693711840 606689.4494628906
30457034.7579120621 594478.1820068359
30177929.8273192532 573444.2810058594
30286869.0735994726 579979.2939453125
30880536.7206558511 626510.9689941406
34317547.7481561080 659233.2363281250
30092338.8805887736 565569.6238403320
31294251.5702322163 646683.8432617188
31005251.1989169270 633736.1130371094
30364067.3995640390 589113.1636962891
36886763.5733325034 659426.4384765625
30645050.6376317963 609109.7402343750
35988718.0231803879 659344.2875976562
35901857.6222978383 659330.8076171875
32794034.5492080972 658913.3193359375
30289334.5723820180 580486.4440917969
36313995.4442861378 659353.3208007812
29978122.6765613407 559177.7613983154
31172583.3668632805 640709.2373046875
32855363.0588609539 658941.6425781250
30991424.5650851876 631556.0493164062
31059839.8287618086 636778.3125000000
30157425.7846672982 571169.6826477051
31280041.6721636429 644639.7226562500
32019021.9279618040 658560.4404296875
30993398.9156991355 631743.0141601562
30068884.1605259627 563000.6624755859
31554874.3080584332 653661.8671875000
30084453.4769503959 565421.4175109863
30319112.8714202307 582963.9716796875
30947016.9636784941 629213.9965820312
31782218.5001157299 658458.5517578125
30437507.3566636369 593693.6024169922
31110828.2946937755 638357.9741210938
30635374.1866464913 608676.2856445312
31050726.7273537740 636645.2475585938
31184209.1239722185 641284.2683105469
30872879.9174570553 626508.6037597656
33805642.6485792845 659159.3427734375
30031100.6900228076 562261.5305480957
30621720.8045459092 607611.4205322266
30080809.6153282970 563779.5785522461
30220575.0138082057 574840.6843261719
30020557.3731419668 561786.6206359863
30990973.3072074652 631527.1469726562
31375916.3830031417 646896.3242187500
31093063.9984864481 637201.3156738281
33120844.7322963066 659014.2182617188
34913287.6752486676 659243.7475585938
33427227.9703410044 659043.1489257812
30715673.9360044077 615705.2277832031
31001055.7188979313 631745.3793945312
31049757.4170713425 636560.0800781250
30559631.5587008074 605119.9315185547
30779695.0499797948 619961.9252929688
31113253.9031854421 638573.8413085938
32801232.6656648852 658915.6845703125
35751386.2770258263 659315.7280273438
31103146.4101769142 637419.5480957031
30356907.0461964980 588372.8924560547
32510056.5086972713 658838.4589843750
30991942.6174898967 631612.3144531250
36796618.8709353954 659394.3862304688
30211287.7804873213 574157.3477783203
30828306.3134470284 621170.2348632812
31186248.8659637049 643748.6123046875
31585710.6168144792 658186.4765625000
30836192.9342464879 622649.3071289062
30582772.0783130005 605354.1970214844
30610682.7229709364 606234.7261962891
31970122.0488733277 658502.5751953125
31380216.8088070415 651431.2016601562
30477997.2793517523 598056.6695556641
30924630.2434248962 627873.4272460938
30745327.1353189349 616859.7061767578
33456326.3078571334 659073.3823242188
30589857.5921787024 605377.9099121094
30495735.4548923783 600962.8284912109
30015399.9079026952 560407.0418090820
32285580.9603384547 658795.5351562500
30485082.7932174578 598080.3824462891
30434474.2838644199 593535.5980224609
31052183.0255630091 636775.9472656250
33511890.0721808523 659074.6220703125
32043188.6431032456 658562.8369140625
32050845.4463020414 658565.2021484375
34941665.2716093659 659247.8237304688
31459229.4869774356 651508.8715820312
37446060.3558829948 659467.0424804688
31030012.1947934926 634739.2534179688
31094033.3087688759 637286.4831542969
30839783.9986572750 623472.8569335938
30758980.5174195133 618055.7343750000
31039125.2962015271 634872.3183593750
33702397.9964609668 659086.7875976562
31945412.2285394296 658499.6982421875
31095489.6069781184 637417.1828613281
30938283.6255254745 628323.4729003906
30660480.8905513138 613205.1091308594
36464976.2898865268 659377.0908203125
30835494.5411713421 622513.4050292969
36862191.1229212061 659399.7270507812
31031468.4930027314 634869.9531250000
31187218.1762461364 643833.7797851562
32695534.9223398976 658909.7338867188
30827826.0322778411 620792.7690429688
31111797.6049762033 638443.1416015625
31462050.8121409230 651509.2910156250
35147747.9548350126 659260.8281250000
37157359.4723121449 659437.4838867188
32703191.7255386896 658912.0991210938
30502820.9687580839 600987.0775146484
32110484.9814131856 658690.1503906250
33978012.3397625089 659192.3930664062
35268880.3529641479 659270.4179687500
31294451.1412673481 646774.2167968750
31120910.7063842341 638576.2065429688
32281348.2595039681 658755.5170898438
35313045.5251081735 659305.9394531250
31776700.0907592326 658451.9887695312
33967784.5274130106 659192.0859375000
35217937.7742326483 659262.2700195312
36315991.7253946587 659372.6850585938
31552969.3665840663 653650.6572265625
32061406.7685754299 658681.6342773438
31710862.6251441315 658383.2470703125
30956047.9217327945 629480.5058593750
36349875.5541339517 659375.5507812500
32329809.7631384730 658796.8007812500
31654731.5718425363 658317.7431640625
32660740.8335123658 658895.3344726562
31753863.1781313792 658387.7753906250
36869723.6731203496 659410.9458007812
31769043.2875604331 658450.0356445312
32630857.5460802317 658849.5747070312
36336716.1335967332 659373.6752929688
35964988.5074326023 659343.8442382812
31703205.8219453320 658380.8818359375
