30286590.9401699081 1053828.4794921875
30631980.4388562366 1070116.2558593750
30840261.7868794724 1073707.1640625000
30422751.8921475708 1062346.6367187500
29973723.8415412232 1024914.8222656250
30851508.8412077688 1075943.6367187500
30399470.1259434409 1058461.4941406250
30046779.2014244273 1034404.0986328125
30222786.7593810782 1050691.8750000000
30287388.6657777242 1055548.1367187500
30457530.2690654136 1063317.7558593750
30783087.8706486896 1073474.7070312500
30154597.4613117650 1048749.6367187500
30147592.0513738841 1047029.9794921875
30195384.9515792280 1049720.7558593750
30056321.0797907598 1040231.4794921875
30097459.1110489331 1041951.1367187500
30603565.2716434784 1069145.1367187500
30125726.9757957757 1042922.2558593750
30248104.4396514483 1051662.9941406250
29995050.6827405728 1031713.3222656250
30512394.7773767598 1064288.8750000000
30310718.4724389166 1056519.2558593750
30018511.3366775773 1033432.9794921875
30350434.9074424021 1057490.3750000000
