30723183.3358271457 220209.7221679688
30106910.1841509081 206213.3883666992
30690680.8097418845 217827.3751831055
30851227.2651008591 221126.5079345703
29827492.2314627171 197293.0415361673
29870281.8570900522 197594.4302490056
29712740.8134203032 193169.5418014526
30243620.4546355270 209918.1244201660
29570166.1075161248 183125.4635269195
30716031.4079161100 218651.8353271484
30897109.7036102712 221914.0224609375
29552240.4093679190 180088.7254109522
30273147.8902696148 210398.2183227539
29543349.7032702789 171710.5561399460
29784431.9637534469 195907.8107837228
30183359.8606130816 208421.0949523449
30000773.8422897570 202087.9558105469
30395780.8328560553 213284.4028320312
30733367.9607385807 220250.4341430664
30391278.3293288574 212929.3060150146
30359563.9303994849 212214.7363281250
29768859.2865078598 195102.3209419250
30721818.6134367846 219095.2977294922
30284251.2444963008 210664.5559082031
30422918.7479536198 213983.9028320312
29518604.1685904264 170788.5550117362
29534064.7136265635 170919.5550315473
30898532.7507265583 222011.6325683594
30031055.6525405645 205078.4413418770
30384507.4757299274 212822.3689107895
30182237.2275900766 208074.7151426673
30017643.7152667306 202317.4195251465
30272921.0657142922 210329.1663818359
30030859.9923350364 203935.9745019674
29963051.9087589122 201307.8829063475
30275417.1072268859 210529.5720214844
30261201.0659062974 210310.7388916016
30150608.4352234118 206598.7774963379
30399868.5693636127 213630.0858154297
29751359.2525250316 193297.3829351664
30321904.8879729919 210819.6591186523
29678029.9823325016 191785.4997485665
29786953.3761011288 196440.3506167916
30703062.9503930919 218230.2253417969
30072068.9934444837 205502.9457092285
30383894.9327856563 212617.3181533813
30924954.1320322789 222441.2641601562
30198071.6173373982 208959.8359393642
29655290.5141836107 188401.5927996635
29698984.1133912988 192202.1580505371
30009068.4384385310 202112.5707855225
30382371.2308262847 212582.5008544922
29653645.3111781366 188295.7676166085
30115406.3430904709 206285.5479125977
29824789.1896900050 197257.7221594900
29603688.7112320736 187267.5626699775
30810118.0981103852 220876.4256591797
30294065.8578702733 210676.6143188477
29913098.2570989765 200912.8080005646
30736151.7933501638 220332.3602294922
30105746.5705600977 206029.3809204102
30342868.1984671094 210886.8529052734
29708963.2894761562 192445.3645439148
29782915.4746656120 195792.7630785853
29786932.8287521303 196266.7234234810
29968264.5737148747 201704.9087226689
30584813.9062775411 217302.5452880859
30645092.9240619466 217723.7871704102
29910607.7400111482 200490.5021060494
29872769.8999732584 199964.1946716309
30707637.4448594376 218622.4694824219
30455157.5043057576 214020.2939453125
30505654.2981484346 214340.4792480469
30185686.6681912690 208479.8122496009
29771101.3679135516 195443.5451397896
29910804.2789559066 200513.7661445439
30826580.1381931454 220925.7098388672
30177842.2588088624 208074.6596795917
30149121.6642123088 206366.7708129883
29946704.6229707822 201266.5424223389
30254806.4162426516 210011.0939636230
30303442.2126810402 210737.4835815430
29801659.6476798579 197214.6333930790
30512739.4424993806 214349.0593261719
30324256.7123106979 210839.1688232422
29624116.3680472411 187590.4909458160
30425270.5722913258 214003.4125366211
29972347.6585218608 201716.7412841618
29701631.8265240118 192318.0395816354
30750367.8346707523 220551.1933593750
30203903.2957914099 208959.9608033746
30052465.5928537361 205090.0697631836
29940774.6768822297 201256.0446293796
30149947.2994732633 206488.0547485352
29978738.3599513397 201849.1646118164
30355219.8633079976 212198.1536999941
30951715.7639912479 223858.3254394531
29853939.6375097334 197450.1465301514
30105427.8115646876 205982.6371612549
30103075.9872269817 205971.4756469727
30364984.9615093544 212402.4585304260
30411439.6141792238 213717.1409301758
30809412.2493549846 220795.9031982422
30097250.4116205350 205957.2213745117
29903251.8878287226 200362.0907832111
30182818.1438463926 208108.1719899327
30414084.6106842011 213848.9189453125
30350611.7165619545 212196.7704281956
30093856.0187891275 205916.6175537109
30228073.9898895249 209600.4494628906
30520395.9556293376 214731.6732788086
30534938.7252242789 216318.9259643555
30749848.8286507912 220455.1837768555
30923114.3482265025 222340.7346191406
30219577.8309499621 209528.2899169922
30748518.4052253738 220403.3347778320
30062341.0719352774 205346.1845703125
29857744.2948814146 197582.5976875126
30573627.9446704164 217148.0516967773
30245972.2789732367 209930.7155303955
30211948.3579160906 209093.4018402100
30393114.9012235068 212934.4103355408
30029745.3609231450 202402.7792663574
30070837.2308748439 205418.3441162109
30171723.5689946786 207919.1396064758
29960702.8551373668 201292.0415616035
30229404.4133149423 209652.2984619141
30485734.6444012672 214225.4828491211
29927426.0944925509 200984.9675464630
30469244.1752677411 214106.5334472656
29646079.2177546211 187905.9426574707
30176064.4757062867 208074.4593930393
30352448.2884566039 212197.0261778235
30612742.1875431724 217473.2839965820
30570438.3553173430 216816.4552001953
