29771101.3679135516 195443.5451397896
30730377.0397591107 218795.9392089844
29792003.3337233774 195737.9101718453
29910804.2789559066 200513.7661445439
30826580.1381931454 220925.7098388672
29685800.3656854331 191494.8612979440
30035985.7252599262 204549.7118132114
29763669.9070827179 193172.9009707955
29612060.2789929435 183587.4022369385
30177842.2588088624 208074.6596795917
29917777.7451594062 200755.3401952479
30589821.3793117739 217252.0606079102
30190378.9318616241 208280.8211776689
30289715.7559279054 210636.6619873047
30149121.6642123088 206366.7708129883
30813090.9010015763 220876.4256591797
29946704.6229707822 201266.5424223389
29874994.7725731917 197918.2411499023
30254806.4162426516 210011.0939636230
30303442.2126810402 210737.4835815430
29801659.6476798579 197214.6333930790
30512739.4424993806 214349.0593261719
30324256.7123106979 210839.1688232422
29575684.1895458400 176091.3421085104
30392193.8748406693 212436.3493356705
29624116.3680472411 187590.4909458160
30425270.5722913258 214003.4125366211
30704896.8510624692 217827.3751831055
29972347.6585218608 201716.7412841618
29557096.8466387987 171714.1283977255
30397961.6265348494 213082.3248672485
29701631.8265240118 192318.0395816354
30865443.3064214475 221126.5079345703
29585553.1813833341 180029.0376205444
30750367.8346707523 220551.1933593750
30203903.2957914099 208959.9608033746
30392645.0087659955 212734.6721086502
30052465.5928537361 205090.0697631836
29940774.6768822297 201256.0446293796
30149947.2994732633 206488.0547485352
30197191.3887937926 208311.7231464386
29918929.9355529882 200912.8080005646
29978738.3599513397 201849.1646118164
30355219.8633079976 212198.1536999941
30951715.7639912479 223858.3254394531
30188601.1487590373 208276.3897575289
29853939.6375097334 197450.1465301514
30134807.4400465190 206151.2883911133
30105427.8115646876 205982.6371612549
30103075.9872269817 205971.4756469727
30364984.9615093544 212402.4585304260
30411439.6141792238 213717.1409301758
30278529.7943207808 210482.1683959961
30117846.0853323862 205997.7702026367
30809412.2493549846 220795.9031982422
30941455.0495788455 222376.1320800781
30921405.9196076728 222011.6325683594
29885025.1114222333 199729.5118800128
29698715.7822848782 191712.8019809723
30947827.3009133935 222441.2641601562
30017805.5680945367 202130.0667426884
30097250.4116205350 205957.2213745117
29903251.8878287226 200362.0907832111
29607648.7627370283 183233.3451204300
30182818.1438463926 208108.1719899327
30414084.6106842011 213848.9189453125
29562830.0626910590 175740.5050918246
30350611.7165619545 212196.7704281956
30274009.7815422900 210098.7229003906
30093856.0187891275 205916.6175537109
30047709.5497429073 204612.8834455982
30228073.9898895249 209600.4494628906
30520395.9556293376 214731.6732788086
30534938.7252242789 216318.9259643555
29794596.7665792517 196194.2015020046
30749848.8286507912 220455.1837768555
30923114.3482265025 222340.7346191406
30219577.8309499621 209528.2899169922
30748518.4052253738 220403.3347778320
30062341.0719352774 205346.1845703125
30409564.5979057103 213465.4734497070
30722170.8659196384 218552.3528442383
29783032.4534467123 195657.8450698853
30737518.4727873020 220141.1115112305
29892469.7974265590 199739.4833682565
29623162.0978986025 184260.0372400880
29857744.2948814146 197582.5976875126
30266844.0460281447 210078.4123535156
30573627.9446704164 217148.0516967773
30245972.2789732367 209930.7155303955
29725204.3634677902 192557.5819705514
30211948.3579160906 209093.4018402100
30004079.1113414019 202029.2451484501
30393114.9012235068 212934.4103355408
30723501.2893450521 218610.8182983398
30029745.3609231450 202402.7792663574
30070837.2308748439 205418.3441162109
30171723.5689946786 207919.1396064758
29600587.3255004808 180509.1726656556
29960702.8551373668 201292.0415616035
30229404.4133149423 209652.2984619141
29716942.5586913675 192551.0135593414
30277692.0293054134 210170.1452941895
30398564.6654676385 213203.2501831055
30243620.4546355307 209918.1244201660
29596520.6763843074 180488.0893183351
30485734.6444012672 214225.4828491211
29927426.0944925509 200984.9675464630
30033366.3764035963 204248.4327137619
29569584.1443694457 175836.4394328818
30711170.9334815629 218345.0380249023
30049667.7470935285 204999.4997260869
30048004.5216388851 204860.5413672924
30469244.1752677411 214106.5334472656
30135668.2704761140 206171.5568237305
30275340.2049677074 210150.5718994141
30589302.3732918128 217156.0510253906
29570240.7897662781 176005.6962473989
29646079.2177546211 187905.9426574707
30030859.9923350401 203935.9745019674
30720932.3132984526 218352.0950469971
29618405.7208464891 184046.9639063478
30176064.4757062867 208074.4593930393
30352448.2884566039 212197.0261778235
29750513.3010855280 192655.5188598633
30400916.4898053445 213222.8235778809
30612742.1875431724 217473.2839965820
30570438.3553173430 216816.4552001953
29666658.6068762057 188169.2749415040
30668701.7475200146 217723.7871704102
30410895.0213311277 213517.3224487305
30506315.0887977928 214269.3701782227
