9818695.8479387704 41.8731574813
9817720.3557404615 41.8219519843
9817422.2292512842 41.7835856693
9817439.3068136312 41.7893293278
9818544.6045903023 41.8549620128
9820751.8471678346 42.1901197508
9821008.5235019475 44.6320525073
9819413.4220636226 41.8938208809
9819054.4705084935 41.8743032899
9819305.9583110400 41.8821256249
9823487.8077456485 44.8886215701
9822236.8793674018 44.6370618993
9818520.5427708812 41.8329561170
9818078.9783101864 41.8224550923
9819982.0643274598 42.1437314402
9819935.7343899384 41.9086836216
9822471.2896075994 44.8516754804
9821726.2513244040 44.6336109526
9823801.1240378022 44.9201723712
9822428.8918923512 44.6396980796
9822485.6390802078 44.8612532004
9822798.9758488443 44.8834137259
9825634.4289218988 44.9504666347
9831841.3061108049 44.9509775509
9840014.0101982001 45.5797896981
9835098.9408656806 44.9787764996
9837347.6461314596 45.2737039030
9837786.8931267001 45.4012541547
9832582.5207583178 44.9747479707
9842260.5784137212 45.6713127494
9837036.0343074556 45.2413535416
9836547.0997519307 45.0138739236
9844891.8615327328 48.0857323110
9879960.5572115965 48.3743294775
9901397.8198047727 48.6987555921
9938772.8298486043 50.9802998602
9980067.9947793037 51.4220679998
9928015.3509638347 50.8112286627
10047260.6385003906 53.7650463581
