128382641.0882019699 22145.1865772818
126284297.8166702688 17374.5402079523
125901013.1594418287 14631.8403014066
125517535.8247665763 11770.5225542383
125487403.4213308692 11503.1920686066
125460540.1803792864 10862.5530629903
126518108.2294708639 18286.4697733819
126100645.6456488669 15682.4751139581
127536275.1901167333 20298.2344146147
125547773.3169152439 12483.1444466980
126815921.4472289085 18516.7488537505
129344870.7618363053 23844.0670429085
126422231.8910971880 17983.4572588280
126023533.1158778220 15412.0548158939
125452440.6005529612 10858.5929888086
125458376.1211294681 10860.7661989527
127089923.4096109271 19296.8843823150
125943258.2149212360 15411.9758299710
126037130.5189562291 15548.8942130553
126159919.1868096441 16462.6106425226
125797679.1488465518 14500.0462645413
125897685.3771128953 14630.3291247012
128870648.2801185101 23072.9989246939
125573474.9268468916 12586.5641458156
126441369.7946080267 18013.1685485467
125441320.3642306924 10752.2775591211
125782628.9924272597 13702.6497957828
125877419.4522320777 14610.6328717545
125702857.8544328362 13537.8216539472
125794351.3665176034 14498.5350878360
125507983.6136480123 11691.6385858851
125623616.6160110831 13395.0740121277
125648381.3023150414 13498.4937112452
125637508.3329506963 13407.0200061426
125630486.6231271774 13396.8608761653
128900186.9764959663 23837.1505970572
128441914.6293627471 22925.3221058463
125599623.9655952007 12603.0886550518
156497218.9326297939 56819.3475341797
128534264.2383657843 22925.3236927603
125735803.4413382858 13608.9553794935
129382227.8287523687 23976.8312953548
128755545.9209357649 23071.9274319248
125608727.7807060182 12642.5399987819
125497957.7027281821 11663.2280278951
155673745.3787027299 56037.1208801270
156348257.4381214380 56424.0734863281
155625139.7921044528 55909.2793273926
157139845.6740817726 56898.5122070312
127202430.5317891091 19370.9574263301
125766123.5001689494 13697.1921296194
157340970.2351456881 56954.7299804688
125740362.1320236623 13631.5272425041
126901934.1293365806 18820.3627984681
127899081.6602114141 21387.5041737174
154914842.2050587237 55768.4810485840
128337024.8137808442 22117.9403500174
152462685.8228554130 52968.5639953613
152945770.7675930858 53724.0809783936
126908689.7047305107 19115.3371285691
127444286.2431180477 20175.2934050177
127056735.8779749870 19263.3638395880
129046187.3106638193 23837.2532581900
147089011.0891560912 49029.6718851328
156178013.6010761857 56217.9791259766
151235514.6541372836 51326.5047912598
127578448.7447385639 20997.7970588282
151953037.5810521543 51661.0232810974
127583027.4897949398 21002.0207524970
155102898.3360039890 55828.7885742188
129452145.1515572667 24047.5868666025
146884221.7368986607 48070.0197437811
156048901.5016651750 56178.3009033203
127345010.7904944122 20085.8674933985
150501916.8531938791 50843.3430530652
154355769.4584895372 54817.4639892578
154807889.9239648581 55289.2486572266
127163748.9576182514 19331.6207420304
150301502.9037038684 49771.6363945007
127930935.1008233726 21778.2648602277
127339834.5487802476 19402.0450233109
154311000.7706185281 54498.9765625000
154347515.5585186481 54563.7413330078
149382442.7489058673 49747.8763897046
153502512.3772325516 54393.0526123047
129762020.0659286678 25172.6304681482
153280756.7707283497 53725.9143066406
129535279.5074777603 24150.3882766150
129707332.3209440112 25062.3797678546
130267540.3994626552 25260.1396128680
130614684.2523189187 27466.2650203556
131488591.2313886732 29567.5266647488
130354262.1166773438 25938.3888662932
130895134.0928475708 27741.4366746098
131070746.0656694621 28109.4496026188
130490771.8329721242 26724.9996180683
131098247.9640780538 28601.8873162419
130428728.7876842767 26094.1911421120
130761952.8411809355 27689.9577508122
135077639.7701168954 33132.9738115544
133665789.6633831561 29611.1773489118
133884823.8476355076 30970.6933745618
134619360.2580003738 32220.9758180852
133675196.0199635029 30303.4489871735
133843401.9734166563 30552.5930613751
134172134.1940407455 31168.1465858693
134290261.4364606738 31621.9548703904
134218464.7997946441 31428.7113374943
135108125.0592950284 33548.3088431358
134493686.7753812373 31842.1511024708
134290773.4370568991 31773.0643613748
135042675.9913694263 32572.7884726524
134772464.3111111820 32256.0815062523
136476323.9606666565 34500.0310755968
135825993.3989388645 34031.9818577766
136428579.6779978871 34121.7646151781
136309175.7151406407 34095.5016694069
137334163.4309355319 36190.3529444933
136807966.5793068707 34738.1288043261
136823379.9359631240 35330.3755416870
136733035.5977205932 34549.5300036669
136699871.9702423811 34523.6650134325
137448601.8218680620 37075.5034282089
138789387.3791021407 38629.9450541064
137366359.8988775611 36419.7529094100
137892972.9858183861 38111.0938425586
138225951.8446815312 38395.6726542041
137623885.1687532961 37312.7043998123
139149497.5636470020 38711.4018526599
139352185.4791154265 38728.5830965564
140254799.7429305613 38763.4546546936
140700246.5824999809 41765.0029773712
140630959.8660936952 40225.0400829315
140563937.0106514692 39800.5692958832
140976608.8333115578 42269.3063831329
141167709.3333060145 43319.5158252716
141088923.4957539141 42481.4912433624
141584788.2818846405 43401.4003334045
145008087.9065729678 45750.9794769287
144786914.3905845582 45064.1504364014
143370267.0393415987 44239.0713157654
143079016.7585629821 43494.8021354675
143578056.2817646861 44695.8403167725
143302627.5617260635 43619.0307693481
